0.000000 -0.000000 0.000000 0.000000 -0.000000
0.000000 0.000000 0.000000 0.000000 -0.000000
0.000000 0.000000 0.000000 0.000000 -0.000000
0.000000 0.000000 0.000000 0.000000 -0.000000
0.000000 0.000000 0.000000 0.000000 0.000000
0.000000 0.000000 0.000000 0.000000 0.000000
0.000000 0.000000 0.000000 0.000000 0.000000
0.000000 0.000000 0.000000 0.000000 0.000000
0.000000 0.000000 0.000000 0.000000 0.000000
0.000000 0.000000 0.000000 0.000000 0.000000
0.000000 0.000000 0.000000 0.000000 0.000000
0.000000 0.000000 0.000000 0.000000 0.000000
0.000000 0.000000 0.000000 0.000000 0.000000
0.000000 0.000000 0.000000 0.000000 0.000000
0.000000 0.000000 0.000000 0.000000 0.000000
0.000000 0.000000 0.000000 0.000000 0.000000
0.000000 0.000000 0.000000 0.000000 0.000000
0.000000 0.000000 0.000000 0.000000 0.000000
0.000000 0.000000 0.000000 0.000000 0.000000
0.000000 0.000000 0.000000 0.000000 0.000000
0.000000 0.000000 0.000000 0.000000 0.000000
0.000000 0.000000 0.000000 0.000000 0.000000
0.000000 0.000000 0.000000 0.000000 0.000000
0.000000 0.000000 0.000000 0.000000 0.000000
0.000000 0.000000 0.000000 0.000000 0.000000
0.000000 0.000000 0.000000 0.000000 0.000000
0.000000 0.000000 0.000000 0.000000 0.000000
0.000000 0.000000 0.000000 0.000000 0.000000
0.000000 0.000000 0.000000 0.000000 0.000000
0.000000 0.000000 0.000000 0.000000 0.000000
0.000000 0.000000 0.000000 0.000000 0.000000
0.000000 0.000000 0.000000 0.000000 0.000000
0.000000 0.000000 0.000000 0.000000 0.000000
0.000000 0.000000 0.000000 0.000000 0.000000
0.000000 0.000000 0.000000 0.000000 0.000000
0.000000 0.000000 0.000000 0.000000 0.000000
0.000000 0.000000 0.000000 0.000000 0.000000
0.000000 0.000000 0.000000 0.000000 0.000000
0.000000 0.000000 0.000000 0.000000 0.000000
0.000000 0.000000 0.000000 0.000000 0.000000
0.000000 0.000000 0.000000 0.000000 0.000000
0.000000 0.000000 0.000000 0.000000 0.000000
0.000000 0.000000 0.000000 0.000000 0.000000
0.000000 0.000000 0.000000 0.000000 0.000000
0.000000 0.000000 0.000000 0.000000 0.000000
0.000000 0.000000 0.000000 0.000000 0.000000
0.000000 0.000000 0.000000 0.000000 0.000000
0.000000 0.000000 0.000000 0.000000 0.000000
0.000000 0.000000 0.000000 0.000000 0.000000
0.000000 0.000000 0.000000 0.000000 0.000000
0.000000 0.000000 0.000000 0.000000 0.000000
0.000000 0.000000 0.000000 0.000000 0.000000
0.000000 0.000000 0.000000 0.000000 0.000000
0.000000 0.000000 0.000000 0.000000 0.000000
0.000000 0.000000 0.000000 0.000000 0.000000
0.000000 0.000000 0.000000 0.000000 0.000000
0.000000 0.000000 0.000000 0.000000 0.000000
0.000000 0.000000 0.000000 0.000000 0.000000
0.000000 0.000000 0.000000 0.000000 0.000000
0.000000 0.000000 0.000000 0.000000 0.000000
0.000000 0.000000 0.000000 0.000000 0.000000
0.000000 0.000000 0.000000 0.000000 0.000000
0.000000 0.000000 0.000000 0.000000 0.000000
0.000000 0.000000 0.000000 0.000000 0.000000
0.000000 0.000000 0.000000 0.000000 0.000000
0.000000 0.000000 0.000000 0.000000 0.000000
0.000000 0.000000 0.000000 0.000000 0.000000
0.000000 0.000000 0.000000 0.000000 0.000000
0.000000 0.000000 0.000000 0.000000 0.000000
0.000000 0.000000 0.000000 0.000000 0.000000
0.000000 0.000000 0.000000 0.000000 0.000000
0.000000 0.000000 0.000000 0.000000 0.000000
0.000000 0.000000 0.000000 0.000000 0.000000
0.000000 0.000000 0.000000 0.000000 0.000000
0.000000 0.000000 0.000000 0.000000 0.000000
0.000000 0.000000 0.000000 0.000000 0.000000
0.000000 0.000000 0.000000 0.000000 0.000000
0.000000 0.000000 0.000000 0.000000 0.000000
0.000000 0.000000 0.000000 0.000000 0.000000
0.000000 0.000000 0.000000 0.000000 0.000000
0.000000 0.000000 0.000000 0.000000 0.000000
0.000000 0.000000 0.000000 0.000000 0.000000
0.000000 0.000000 0.000000 0.000000 0.000000
0.000000 0.000000 0.000000 0.000000 0.000000
0.000000 0.000000 0.000000 0.000000 0.000000
0.000000 0.000000 0.000000 0.000000 0.000000
0.000000 0.000000 0.000000 0.000000 0.000000
0.000000 0.000000 0.000000 0.000000 0.000000
0.000000 0.000000 0.000000 0.000000 0.000000
0.000000 0.000000 0.000000 0.000000 0.000000
0.000000 0.000000 0.000000 0.000000 0.000000
0.000000 0.000000 0.000000 0.000000 0.000000
0.000000 0.000000 0.000000 0.000000 0.000000
0.000000 0.000000 0.000000 0.000000 0.000000
0.000000 0.000000 0.000000 0.000000 0.000000
0.000539 0.001027 0.000000 0.000402 0.000000
0.002378 0.004530 0.000000 0.001772 0.000000
0.001165 0.002219 0.000000 0.000868 0.000000
0.000000 0.003517 0.000000 0.000745 0.000000
0.000000 0.014800 0.000000 0.002807 0.000000
0.000223 0.014517 0.000000 0.002095 0.000000
0.000304 0.010059 0.000000 0.001199 0.000000
0.001095 0.000322 0.008952 0.000000 0.000000
0.000712 0.000000 0.011630 0.000000 0.000000
0.000000 0.000000 0.006179 0.000524 0.000000
0.000000 0.000000 0.001512 0.000146 0.000000
0.000000 0.000000 0.000000 0.000000 0.000000
0.000000 0.000000 0.000000 0.000000 0.000000
0.000000 0.000000 0.000000 0.000000 0.000000
0.000000 0.000000 0.000000 0.000000 0.000000
0.000000 0.000000 0.000000 0.000000 0.000000
0.000000 0.000000 0.000000 0.000000 0.000000
0.000000 0.000000 0.000000 0.000000 0.000000
0.000000 0.000000 0.000000 0.000000 0.000000
0.000000 0.000000 0.000000 0.000000 0.000000
0.000000 0.000000 0.000000 0.000000 0.000000
0.000000 0.000000 0.000000 0.000000 0.000000
0.000000 0.000000 0.000000 0.000000 0.000000
0.000000 0.000000 0.000000 0.000000 0.000000
0.000000 0.000000 0.000000 0.000000 0.000000
0.001059 0.000192 0.000043 0.000000 0.000000
0.008948 0.001209 0.000221 0.000000 0.000000
0.019075 0.000850 0.001215 0.000000 0.000000
0.039754 0.001209 0.000619 0.000000 0.001815
0.057640 0.009510 0.000000 0.002989 0.005612
0.062504 0.020858 0.000000 0.004167 0.009868
0.062961 0.059742 0.000000 0.013168 0.000000
0.037303 0.075238 0.000000 0.025921 0.000000
0.015974 0.075611 0.000000 0.039907 0.000000
0.007706 0.068338 0.000000 0.051285 0.000000
0.005519 0.027209 0.022348 0.043505 0.000000
0.000000 0.000000 0.072164 0.025906 0.000000
0.000000 0.000000 0.087907 0.013721 0.000000
0.000000 0.000000 0.056835 0.010591 0.000000
0.000000 0.000000 0.028040 0.009029 0.000000
0.000000 0.000000 0.011340 0.004807 0.000000
0.000000 0.000000 0.000607 0.000401 0.000000
0.000000 0.000000 0.000000 0.000000 0.000000
0.000000 0.000000 0.000000 0.000000 0.000000
0.000000 0.000000 0.000000 0.000000 0.000000
0.000000 0.000000 0.000000 0.000000 0.000000
0.000000 0.000000 0.000000 0.000000 0.000000
0.000000 0.000000 0.000000 0.000000 0.000000
0.000000 0.000000 0.000000 0.000000 0.000000
0.000000 0.000000 0.000000 0.000000 0.000000
0.000000 0.000000 0.000000 0.000000 0.000000
0.000000 0.000000 0.000000 0.000000 0.000000
0.005010 0.000909 0.000204 0.000000 0.000000
0.015009 0.001546 0.000701 0.000000 0.000000
0.032865 0.004706 0.000167 0.000000 0.000000
0.061299 0.002230 0.000064 0.000000 0.006533
0.090281 0.001927 0.000000 0.000000 0.021715
0.093087 0.025626 0.000000 0.000000 0.040460
0.087643 0.062648 0.000000 0.000000 0.050633
0.071700 0.097569 0.000000 0.015375 0.056530
0.051709 0.106012 0.000000 0.041804 0.060533
0.023944 0.095177 0.000000 0.075600 0.050018
0.013048 0.086974 0.027843 0.082583 0.016876
0.008038 0.064153 0.067344 0.074283 0.000000
0.007035 0.018979 0.091439 0.065160 0.000000
0.000000 0.000000 0.099637 0.049978 0.000000
0.000000 0.000000 0.090060 0.026811 0.000000
0.000000 0.000000 0.047381 0.011980 0.000000
0.000236 0.000000 0.028904 0.010072 0.000000
0.000025 0.000000 0.002634 0.001892 0.000000
0.000000 0.000000 0.000000 0.000000 0.000000
0.000000 0.000000 0.000000 0.000000 0.000000
0.000000 0.000000 0.000000 0.000000 0.000000
0.000000 0.000000 0.000000 0.000000 0.000000
0.000000 0.000000 0.000000 0.000000 0.000000
0.000000 0.000000 0.000000 0.000000 0.000000
0.000000 0.000000 0.000000 0.000000 0.000000
0.000000 0.000000 0.000000 0.000000 0.000000
0.000000 0.000000 0.000000 0.000000 0.000000
0.003340 0.000606 0.000136 0.000000 0.000000
0.015928 0.002867 0.000411 0.000000 0.000000
0.033251 0.001160 0.001464 0.000000 0.000000
0.069873 0.003561 0.000218 0.000000 0.006045
0.106804 0.001308 0.000000 0.000000 0.020356
0.107881 0.018588 0.000000 0.000000 0.038419
0.099036 0.050201 0.000000 0.000000 0.065414
0.078557 0.075016 0.000000 0.012510 0.085655
0.052454 0.077897 0.000000 0.049922 0.096134
0.049710 0.084128 0.007088 0.079285 0.083476
0.051394 0.088463 0.045181 0.082923 0.059441
0.051554 0.080137 0.073289 0.080241 0.028127
0.036023 0.083737 0.072514 0.086007 0.006664
0.021544 0.052439 0.088384 0.083509 0.000000
0.010235 0.012435 0.088650 0.074801 0.000000
0.000000 0.000000 0.079100 0.056588 0.000000
0.000000 0.000000 0.040417 0.034242 0.000000
0.004425 0.000000 0.024525 0.014137 0.000000
0.003881 0.000000 0.001866 0.002815 0.000000
0.000000 0.000000 0.000000 0.000000 0.000000
0.000000 0.000000 0.000000 0.000000 0.000000
0.000000 0.000000 0.000000 0.000000 0.000000
0.000000 0.000000 0.000000 0.000000 0.000000
0.000000 0.000000 0.000000 0.000000 0.000000
0.000000 0.000000 0.000000 0.000000 0.000000
0.000000 0.000000 0.000000 0.000000 0.000000
0.000000 0.000000 0.000000 0.000000 0.000000
0.000000 0.000000 0.000000 0.000000 0.000000
0.009462 0.001916 0.000262 0.000000 0.000000
0.034103 0.005872 0.000979 0.000000 0.000000
0.067066 0.004363 0.001068 0.000000 0.000000
0.106208 0.008603 0.000000 0.000000 0.004867
0.109012 0.004767 0.000000 0.000000 0.039385
0.082306 0.036667 0.000000 0.000000 0.078839
0.058289 0.064269 0.000000 0.021157 0.091600
0.041097 0.076273 0.000000 0.066817 0.090671
0.034619 0.071365 0.019608 0.084190 0.083999
0.045305 0.061353 0.073360 0.072442 0.080511
0.054714 0.057046 0.089840 0.071907 0.070624
0.060094 0.062052 0.082629 0.069914 0.066998
0.064014 0.081649 0.064902 0.072087 0.027223
0.052445 0.079616 0.058548 0.082376 0.005476
0.034363 0.036581 0.062435 0.090603 0.000000
0.007611 0.000000 0.072740 0.081361 0.000000
0.000000 0.000000 0.036059 0.055586 0.000000
0.003121 0.000000 0.015152 0.027521 0.000000
0.006924 0.000000 0.000410 0.005107 0.000000
0.000000 0.000000 0.000000 0.000000 0.000000
0.000000 0.000000 0.000000 0.000000 0.000000
0.000000 0.000000 0.000000 0.000000 0.000000
0.000000 0.000000 0.000000 0.000000 0.000000
0.000000 0.000000 0.000000 0.000000 0.000000
0.000000 0.000000 0.000000 0.000000 0.000000
0.000000 0.000000 0.000000 0.000000 0.000000
0.000000 0.000000 0.000000 0.000000 0.000000
0.004085 0.000853 0.000114 0.000000 0.000000
0.028218 0.005841 0.000502 0.000000 0.000000
0.055278 0.009008 0.000903 0.000000 0.000000
0.103447 0.001001 0.000000 0.000000 0.001342
0.107219 0.002484 0.000000 0.000525 0.031456
0.086868 0.024115 0.000000 0.007376 0.074232
0.041869 0.064284 0.000000 0.027976 0.098064
0.016417 0.061779 0.000000 0.075668 0.087340
0.008331 0.067750 0.019865 0.093459 0.069126
0.000000 0.042116 0.082292 0.075903 0.076706
0.004101 0.027559 0.111616 0.059696 0.072999
0.021011 0.018810 0.121724 0.032916 0.083870
0.046306 0.023789 0.078379 0.032574 0.097923
0.057735 0.062206 0.036383 0.035560 0.079586
0.077035 0.079734 0.046016 0.050110 0.040458
0.056270 0.055030 0.059089 0.074514 0.008861
0.037225 0.002370 0.073015 0.093027 0.000000
0.018879 0.000000 0.044264 0.071671 0.000000
0.006135 0.000000 0.016035 0.039996 0.000000
0.007949 0.001042 0.000000 0.011317 0.000000
0.000000 0.000000 0.000000 0.000000 0.000000
0.000000 0.000000 0.000000 0.000000 0.000000
0.000000 0.000000 0.000000 0.000000 0.000000
0.000000 0.000000 0.000000 0.000000 0.000000
0.000000 0.000000 0.000000 0.000000 0.000000
0.000000 0.000000 0.000000 0.000000 0.000000
0.000000 0.000000 0.000000 0.000000 0.000000
0.000000 0.000000 0.000000 0.000000 0.000000
0.011651 0.003115 0.000000 0.000000 0.000000
0.045725 0.009226 0.000000 0.000000 0.000000
0.078703 0.005462 0.000000 0.000000 0.000000
0.109708 0.000000 0.000000 0.000115 0.022345
0.098700 0.001040 0.000000 0.012628 0.051285
0.056710 0.032965 0.000000 0.038216 0.082918
0.010446 0.069564 0.000000 0.084667 0.084665
0.000000 0.069135 0.020964 0.090995 0.066526
0.000000 0.039871 0.094839 0.073254 0.065278
0.000000 0.026530 0.120906 0.051762 0.049975
0.000000 0.008051 0.128426 0.021185 0.051946
0.000000 0.005022 0.081792 0.009876 0.078223
0.015619 0.013843 0.044205 0.004538 0.100585
0.027451 0.057631 0.036276 0.000000 0.101244
0.048301 0.076867 0.048594 0.022461 0.088582
0.065509 0.048925 0.076370 0.053768 0.048746
0.057453 0.005150 0.077115 0.085890 0.000000
0.048377 0.000000 0.043023 0.080813 0.000000
0.012691 0.000000 0.011023 0.051873 0.000000
0.009552 0.002334 0.000000 0.015561 0.000000
0.000000 0.000000 0.000000 0.000000 0.000000
0.000000 0.000000 0.000000 0.000000 0.000000
0.000000 0.000000 0.000000 0.000000 0.000000
0.000000 0.000000 0.000000 0.000000 0.000000
0.000000 0.000000 0.000000 0.000000 0.000000
0.000000 0.000000 0.000000 0.000000 0.000000
0.000000 0.000000 0.000000 0.000000 0.000000
0.000000 0.000000 0.000000 0.000000 0.000000
0.017695 0.003979 0.000158 0.000000 0.000000
0.057947 0.007817 0.000000 0.000975 0.000000
0.101070 0.000000 0.000000 0.004064 0.000000
0.111889 0.000000 0.000000 0.011454 0.033123
0.077994 0.015855 0.000000 0.035550 0.068024
0.006443 0.053798 0.000000 0.084951 0.084832
0.000000 0.081150 0.011759 0.097926 0.060088
0.000000 0.058215 0.087130 0.076187 0.053036
0.000000 0.042818 0.120708 0.051285 0.038663
0.000000 0.025357 0.122577 0.023158 0.017884
0.000000 0.005082 0.066918 0.006760 0.030505
0.000000 0.004103 0.023878 0.005430 0.045347
0.000000 0.017324 0.020354 0.000000 0.070113
0.006839 0.057438 0.041789 0.000000 0.091063
0.025741 0.084115 0.056145 0.000000 0.103933
0.053950 0.043750 0.089704 0.031975 0.091804
0.067888 0.007441 0.079641 0.075621 0.027735
0.064602 0.000111 0.031591 0.090174 0.000000
0.036386 0.003163 0.000000 0.056890 0.000000
0.010148 0.002536 0.000000 0.022813 0.000000
0.000000 0.000000 0.000000 0.000000 0.000000
0.000000 0.000000 0.000000 0.000000 0.000000
0.000000 0.000000 0.000000 0.000000 0.000000
0.000000 0.000000 0.000000 0.000000 0.000000
0.000000 0.000000 0.000000 0.000000 0.000000
0.000000 0.000000 0.000000 0.000000 0.000000
0.000000 0.000000 0.000000 0.000000 0.000000
0.000000 0.000000 0.000000 0.000000 0.000000
0.034195 0.005813 0.000000 0.001251 0.000000
0.089098 0.006625 0.000000 0.003680 0.000000
0.112113 0.000000 0.000000 0.009665 0.017838
0.105636 0.000000 0.000000 0.027880 0.039315
0.035111 0.025435 0.000000 0.080334 0.075980
0.000000 0.061473 0.004831 0.099777 0.081069
0.000000 0.080222 0.076150 0.077266 0.049007
0.000000 0.052496 0.114751 0.052014 0.040203
0.000000 0.046152 0.120233 0.014762 0.016968
0.000000 0.025115 0.068025 0.000000 0.012351
0.000000 0.001066 0.022814 0.000000 0.019072
0.000000 0.000239 0.005279 0.005651 0.020676
0.000000 0.021956 0.004852 0.000000 0.034941
0.000000 0.067887 0.030243 0.000000 0.049156
0.006672 0.092299 0.067826 0.000000 0.084578
0.039622 0.038833 0.098606 0.020392 0.095798
0.062333 0.000000 0.079051 0.072552 0.058847
0.087440 0.000000 0.023039 0.090078 0.000000
0.063806 0.005980 0.000000 0.066775 0.000000
0.018411 0.003018 0.000000 0.026346 0.000000
0.000000 0.002459 0.000000 0.000088 0.000187
0.000000 0.005676 0.000000 0.000203 0.000433
0.000000 0.000000 0.000000 0.000000 0.000000
0.000000 0.000000 0.000000 0.000000 0.000000
0.000000 0.000000 0.000000 0.000000 0.000000
0.000000 0.000000 0.000000 0.000000 0.000000
0.000000 0.000000 0.000000 0.000000 0.000000
0.000376 0.000000 0.000000 0.000212 0.000000
0.051675 0.006765 0.000000 0.004740 0.000000
0.111121 0.002519 0.000000 0.010029 0.000000
0.113310 0.000000 0.000000 0.024177 0.024391
0.071557 0.009363 0.000000 0.073866 0.046407
0.000000 0.039738 0.007178 0.093923 0.103260
0.000000 0.080296 0.052028 0.084256 0.071204
0.000000 0.075948 0.102942 0.056467 0.029678
0.000000 0.061418 0.113317 0.011050 0.012034
0.000000 0.042497 0.074031 0.000000 0.005988
0.000000 0.011188 0.024385 0.000000 0.010326
0.000000 0.000000 0.006194 0.002349 0.011710
0.000000 0.000000 0.000027 0.003126 0.012346
0.000000 0.029575 0.001966 0.000000 0.019262
0.000000 0.083021 0.032001 0.000000 0.025659
0.000000 0.104230 0.073364 0.000000 0.053412
0.022923 0.053743 0.101752 0.018930 0.089341
0.061106 0.000000 0.066654 0.072584 0.064816
0.089912 0.000000 0.010992 0.090009 0.012242
0.084592 0.002741 0.000000 0.061621 0.000000
0.030474 0.004225 0.000000 0.021931 0.000000
0.000000 0.002851 0.000000 0.000102 0.000217
0.000000 0.004525 0.000000 0.000162 0.000345
0.000000 0.000000 0.000000 0.000000 0.000000
0.000000 0.000000 0.000000 0.000000 0.000000
0.000000 0.000000 0.000000 0.000000 0.000000
0.000249 0.000000 0.001607 0.000000 0.000000
0.000000 0.000000 0.000000 0.000000 0.000000
0.003122 0.000000 0.000233 0.003351 0.000000
0.066031 0.008236 0.000000 0.005558 0.000000
0.118194 0.000000 0.000000 0.020539 0.000000
0.104718 0.000000 0.000000 0.057861 0.023745
0.037213 0.015608 0.003202 0.097045 0.067402
0.000000 0.051472 0.052835 0.084661 0.099428
0.000000 0.089875 0.089997 0.057796 0.049745
0.000000 0.069796 0.109285 0.021655 0.019415
0.001672 0.063869 0.077889 0.000000 0.000000
0.005414 0.028475 0.022617 0.000000 0.000000
0.000000 0.000000 0.003990 0.000202 0.008210
0.000000 0.000000 0.002477 0.001007 0.009966
0.000000 0.000000 0.000961 0.000394 0.005436
0.000000 0.032066 0.009143 0.000000 0.000000
0.000000 0.086209 0.060307 0.000000 0.019764
0.000000 0.103338 0.099222 0.000000 0.039477
0.000000 0.070198 0.090393 0.031898 0.082341
0.051573 0.005047 0.043473 0.080718 0.077818
0.092684 0.000000 0.000000 0.092398 0.019250
0.098971 0.000000 0.000000 0.046959 0.000000
0.040807 0.003728 0.000000 0.012322 0.000000
0.000000 0.000811 0.000000 0.000029 0.000062
0.000000 0.000523 0.000000 0.000019 0.000040
0.000000 0.000000 0.000000 0.000000 0.000000
0.000000 0.000000 0.000000 0.000000 0.000000
0.000000 0.000000 0.000000 0.000000 0.000000
0.000000 0.000000 0.000000 0.000000 0.000000
0.000000 0.000000 0.000000 0.000000 0.000000
0.005563 0.000013 0.000000 0.003737 0.000000
0.077104 0.008600 0.000000 0.015954 0.000000
0.118987 0.000000 0.000000 0.045653 0.000000
0.080663 0.000000 0.004394 0.090422 0.034646
0.022389 0.020620 0.038531 0.091293 0.091228
0.000000 0.076524 0.076349 0.063267 0.088049
0.000000 0.099264 0.095761 0.028262 0.028620
0.000000 0.077275 0.078520 0.000000 0.005032
0.005528 0.046903 0.025215 0.000000 0.000000
0.005412 0.013221 0.008596 0.000000 0.000000
0.000000 0.000000 0.000813 0.000091 0.002550
0.000000 0.000000 0.000715 0.000179 0.002764
0.000655 0.000000 0.007788 0.000000 0.000200
0.001205 0.030414 0.039233 0.000000 0.000000
0.000000 0.077823 0.089607 0.000000 0.004755
0.000000 0.105850 0.101895 0.000927 0.028548
0.000000 0.075242 0.064688 0.062516 0.066406
0.036033 0.006628 0.008663 0.099913 0.072385
0.090621 0.000000 0.000000 0.086220 0.020035
0.112300 0.000000 0.000000 0.031828 0.000000
0.056336 0.003843 0.000000 0.004531 0.000000
0.000000 0.000000 0.000000 0.000000 0.000000
0.000000 0.000000 0.000000 0.000000 0.000000
0.000000 0.000000 0.000000 0.000000 0.000000
0.000000 0.000000 0.000000 0.000000 0.000000
0.000000 0.000000 0.000000 0.000000 0.000000
0.000000 0.000000 0.000000 0.000000 0.000000
0.000000 0.000000 0.000000 0.000000 0.000000
0.005984 0.000155 0.000000 0.003940 0.000000
0.077872 0.003118 0.000000 0.041335 0.000000
0.106067 0.000000 0.003984 0.078237 0.000000
0.071018 0.000000 0.031265 0.096942 0.039827
0.014372 0.036598 0.073649 0.075004 0.101710
0.000000 0.093786 0.089018 0.033543 0.081050
0.000000 0.099471 0.081368 0.001311 0.026551
0.000000 0.063729 0.034091 0.000000 0.000000
0.001717 0.025786 0.008418 0.000000 0.000000
0.000616 0.002905 0.006420 0.000000 0.000000
0.000000 0.000000 0.000000 0.000000 0.000000
0.000065 0.000000 0.000877 0.000000 0.000060
0.002527 0.000000 0.028136 0.000000 0.000000
0.003431 0.029368 0.074076 0.000000 0.000000
0.000000 0.088698 0.099957 0.000000 0.000000
0.000000 0.115559 0.080430 0.034461 0.011389
0.000000 0.072603 0.029406 0.092135 0.066333
0.037027 0.000000 0.000000 0.107706 0.062348
0.086610 0.000000 0.000000 0.064253 0.024744
0.114391 0.000000 0.000000 0.013810 0.000000
0.065611 0.001835 0.002570 0.000000 0.000000
0.000000 0.000000 0.000000 0.000000 0.000000
0.000000 0.000000 0.000000 0.000000 0.000000
0.000000 0.000000 0.000000 0.000000 0.000000
0.000000 0.000000 0.000000 0.000000 0.000000
0.000000 0.000000 0.000000 0.000000 0.000000
0.000000 0.000000 0.000000 0.000000 0.000000
0.000000 0.000000 0.000000 0.000000 0.000000
0.005578 0.000262 0.000000 0.010249 0.000000
0.069967 0.000000 0.000000 0.066874 0.000000
0.096568 0.000000 0.033618 0.090363 0.000000
0.068147 0.008110 0.069717 0.088328 0.045707
0.021003 0.057734 0.089704 0.049856 0.093841
0.000000 0.107016 0.080175 0.005689 0.072736
0.000000 0.102366 0.031366 0.000000 0.022837
0.000000 0.049606 0.005842 0.000000 0.000993
0.000944 0.015289 0.004481 0.000000 0.000000
0.000051 0.000085 0.000335 0.000000 0.000000
0.000092 0.000000 0.002057 0.000000 0.000208
0.001730 0.000000 0.022196 0.000000 0.000654
0.006165 0.003900 0.067977 0.000000 0.000000
0.007897 0.049141 0.100636 0.000000 0.000000
0.000000 0.113226 0.081465 0.022145 0.000000
0.000000 0.116692 0.042689 0.076028 0.009054
0.000000 0.055522 0.000000 0.110020 0.073444
0.042040 0.000000 0.000000 0.096715 0.065601
0.086283 0.000000 0.000000 0.036225 0.032734
0.108596 0.000000 0.003012 0.000000 0.000000
0.065886 0.001155 0.005092 0.000000 0.000000
0.000000 0.000000 0.000000 0.000000 0.000000
0.000000 0.000000 0.000000 0.000000 0.000000
0.000000 0.000000 0.000000 0.000000 0.000000
0.000000 0.000000 0.000000 0.000000 0.000000
0.000000 0.000000 0.000000 0.000000 0.000000
0.000000 0.000000 0.000000 0.000000 0.000000
0.000000 0.000000 0.000000 0.000000 0.000000
0.000939 0.000000 0.001027 0.027257 0.000000
0.054930 0.000000 0.010118 0.083769 0.000000
0.087473 0.000000 0.059087 0.095288 0.000000
0.080832 0.014013 0.089883 0.073426 0.041434
0.035800 0.069282 0.091877 0.027581 0.090046
0.015670 0.114190 0.042282 0.000000 0.069052
0.000000 0.091318 0.003931 0.000000 0.028618
0.000000 0.038162 0.006616 0.000000 0.007381
0.000000 0.009555 0.003327 0.000000 0.000731
0.000263 0.000000 0.005428 0.000000 0.000525
0.002577 0.000000 0.032697 0.000000 0.000685
0.005072 0.000000 0.068297 0.000000 0.000000
0.008112 0.034763 0.101667 0.000000 0.000000
0.003219 0.078667 0.090868 0.020320 0.000000
0.000000 0.130595 0.040036 0.079010 0.000000
0.000000 0.099449 0.002481 0.108211 0.032004
0.000000 0.022209 0.000000 0.105781 0.086616
0.041116 0.000000 0.000000 0.060442 0.071366
0.090255 0.000000 0.000000 0.010242 0.029826
0.101896 0.000000 0.003369 0.000000 0.000000
0.060198 0.000609 0.005539 0.000000 0.000000
0.000000 0.000000 0.000000 0.000000 0.000000
0.000000 0.000000 0.000000 0.000000 0.000000
0.000000 0.000000 0.000000 0.000000 0.000000
0.000000 0.000000 0.000000 0.000000 0.000000
0.000000 0.000000 0.000000 0.000000 0.000000
0.000000 0.000000 0.000000 0.000000 0.000000
0.000000 0.000000 0.000000 0.000000 0.000000
0.000000 0.000000 0.010826 0.037023 0.000000
0.026269 0.000000 0.037261 0.084244 0.000000
0.071994 0.000000 0.082260 0.092714 0.002311
0.085335 0.022133 0.098916 0.062793 0.039275
0.062122 0.079017 0.065241 0.016627 0.075299
0.047095 0.117355 0.000000 0.000000 0.054707
0.025084 0.093692 0.000000 0.000000 0.020978
0.010967 0.041124 0.004603 0.000000 0.003590
0.000991 0.007928 0.021310 0.000000 0.000895
0.002870 0.000000 0.047546 0.000000 0.000000
0.006371 0.000856 0.075814 0.000000 0.000000
0.008023 0.031131 0.098594 0.000000 0.000000
0.006366 0.078823 0.085266 0.030757 0.000000
0.000000 0.122916 0.045252 0.077940 0.000000
0.000000 0.120808 0.002511 0.111514 0.000000
0.000000 0.066853 0.000000 0.107541 0.064494
0.015707 0.000000 0.000000 0.068753 0.092979
0.067646 0.000000 0.000000 0.019605 0.059974
0.099608 0.000000 0.001091 0.000000 0.012451
0.084261 0.000000 0.007130 0.000000 0.000000
0.043914 0.002742 0.003902 0.000000 0.000000
0.002120 0.000000 0.000314 0.000000 0.000434
0.000000 0.000000 0.000000 0.000000 0.000000
0.000000 0.000000 0.000000 0.000000 0.000000
0.000000 0.000000 0.000000 0.000000 0.000000
0.000000 0.000000 0.000000 0.000000 0.000000
0.000000 0.000000 0.000000 0.000000 0.000000
0.000000 0.000000 0.000000 0.000000 0.000000
0.000000 0.000000 0.017476 0.038506 0.000000
0.007575 0.000000 0.059382 0.076613 0.000000
0.055763 0.000000 0.096578 0.087521 0.006141
0.080442 0.018604 0.087892 0.067385 0.028273
0.082977 0.076497 0.023699 0.032648 0.060049
0.075547 0.116706 0.000000 0.004840 0.047546
0.065880 0.110016 0.004577 0.000000 0.012173
0.051423 0.066123 0.034872 0.000000 0.000000
0.034866 0.028403 0.062937 0.000000 0.000000
0.019987 0.018979 0.083995 0.004155 0.000000
0.012998 0.042496 0.099877 0.017799 0.000000
0.009670 0.093129 0.071113 0.041663 0.000000
0.000000 0.114526 0.031638 0.092311 0.000000
0.000000 0.122614 0.000000 0.112656 0.000000
0.000000 0.089899 0.000000 0.105662 0.041453
0.008741 0.015399 0.000000 0.071942 0.103876
0.048810 0.000000 0.000000 0.023342 0.091445
0.092382 0.000000 0.000000 0.003119 0.038080
0.091703 0.000000 0.005389 0.000000 0.003100
0.069194 0.000000 0.008951 0.000000 0.000000
0.021335 0.000102 0.002622 0.000000 0.000000
0.001249 0.000000 0.000185 0.000000 0.000256
0.000000 0.000000 0.000000 0.000000 0.000000
0.000000 0.000000 0.000000 0.000000 0.000000
0.000000 0.000000 0.000000 0.000000 0.000000
0.000000 0.000000 0.000000 0.000000 0.000000
0.000000 0.000000 0.000000 0.000000 0.000000
0.000000 0.000000 0.000000 0.000000 0.000000
0.000000 0.000000 0.029112 0.034408 0.000000
0.000000 0.000000 0.072878 0.059570 0.001349
0.021464 0.000000 0.108260 0.082884 0.004758
0.054247 0.007454 0.071064 0.083372 0.021398
0.079379 0.056900 0.024430 0.060117 0.047902
0.091163 0.099893 0.015675 0.030074 0.041706
0.089544 0.112101 0.032340 0.024695 0.008570
0.081490 0.107459 0.055434 0.024316 0.000000
0.077413 0.092841 0.071168 0.039680 0.000000
0.071861 0.099248 0.073055 0.055098 0.000000
0.055158 0.114449 0.052199 0.075257 0.000000
0.040076 0.125637 0.025523 0.094142 0.000000
0.015526 0.117529 0.000000 0.109605 0.000000
0.016776 0.098370 0.000000 0.098090 0.040629
0.034733 0.035258 0.000000 0.060936 0.086751
0.059361 0.000000 0.000000 0.013143 0.095816
0.092416 0.000000 0.000823 0.000000 0.064038
0.094486 0.000000 0.004874 0.000000 0.013890
0.080613 0.000000 0.008136 0.000000 0.000000
0.038624 0.000168 0.004840 0.000000 0.000580
0.004442 0.000000 0.000809 0.000000 0.001163
0.000000 0.001648 0.000000 0.000059 0.000126
0.000000 0.003767 0.000000 0.000135 0.000287
0.000000 0.000000 0.000000 0.000000 0.000000
0.000000 0.000000 0.000000 0.000000 0.000000
0.000000 0.000000 0.000000 0.000000 0.000000
0.000000 0.000000 0.000000 0.000000 0.000000
0.000000 0.000000 0.000000 0.000000 0.000000
0.000000 0.000000 0.023910 0.024330 0.000000
0.000000 0.000000 0.088924 0.038218 0.001429
0.000000 0.000000 0.113900 0.064223 0.003813
0.016772 0.000000 0.095608 0.090891 0.020102
0.041186 0.013632 0.071780 0.093806 0.048276
0.058703 0.063144 0.069862 0.081344 0.053848
0.082683 0.099752 0.067104 0.071312 0.031426
0.089508 0.116944 0.062347 0.076005 0.000000
0.083460 0.119335 0.053860 0.082890 0.000000
0.079050 0.127574 0.032370 0.090738 0.000000
0.066478 0.124163 0.009105 0.100471 0.000000
0.055269 0.118536 0.000000 0.101617 0.010080
0.055968 0.101549 0.000000 0.075837 0.051401
0.063745 0.055108 0.000000 0.037346 0.090017
0.075458 0.003770 0.000000 0.002450 0.101600
0.093100 0.000000 0.005112 0.000000 0.069601
0.094854 0.000000 0.009230 0.000000 0.031064
0.078844 0.000000 0.009649 0.000000 0.003385
0.044205 0.000000 0.005582 0.000000 0.002059
0.010523 0.000000 0.001784 0.000000 0.002452
0.003224 0.000000 0.000477 0.000000 0.000661
0.000000 0.002851 0.000000 0.000102 0.000217
0.000000 0.006566 0.000000 0.000235 0.000500
0.000000 0.000000 0.000000 0.000000 0.000000
0.000000 0.000000 0.000000 0.000000 0.000000
0.000000 0.000000 0.000000 0.000000 0.000000
0.000000 0.000000 0.000000 0.000000 0.000000
0.000000 0.000000 0.000000 0.000000 0.000000
0.000000 0.000000 0.020845 0.011281 0.000000
0.000000 0.000000 0.073790 0.020944 0.000161
0.000000 0.000000 0.110552 0.035689 0.001527
0.000000 0.000000 0.102305 0.063617 0.019047
0.000000 0.000000 0.087622 0.085956 0.044291
0.021098 0.013638 0.081606 0.090548 0.064101
0.037595 0.056527 0.063652 0.089504 0.075190
0.052891 0.085477 0.045903 0.085524 0.070263
0.065808 0.104279 0.027337 0.086097 0.046135
0.072586 0.103687 0.002488 0.081442 0.047545
0.073164 0.093431 0.000000 0.063539 0.069274
0.075510 0.078631 0.000000 0.043099 0.086897
0.079996 0.038262 0.000000 0.008921 0.106338
0.087663 0.003870 0.000000 0.000000 0.093660
0.088835 0.000000 0.008579 0.000000 0.062701
0.084016 0.000000 0.011063 0.000000 0.040048
0.064217 0.000000 0.009849 0.000000 0.013846
0.036508 0.000310 0.004271 0.000000 0.001528
0.012268 0.001399 0.000899 0.000000 0.000000
0.000436 0.000000 0.000065 0.000000 0.000089
0.000319 0.000000 0.000047 0.000000 0.000065
0.000000 0.001622 0.000000 0.000058 0.000124
0.000000 0.003714 0.000000 0.000133 0.000283
0.000000 0.000000 0.000000 0.000000 0.000000
0.000000 0.000000 0.000000 0.000000 0.000000
0.000000 0.000000 0.000000 0.000000 0.000000
0.000000 0.000000 0.000000 0.000000 0.000000
0.000000 0.000000 0.000000 0.000000 0.000000
0.000357 0.000020 0.006422 0.000000 0.000000
0.000000 0.000000 0.035463 0.000037 0.000000
0.000000 0.000000 0.061589 0.005023 0.006546
0.000000 0.000000 0.081611 0.018665 0.014317
0.000000 0.000000 0.078185 0.044169 0.032213
0.000000 0.000000 0.068238 0.056770 0.058276
0.000000 0.012714 0.051653 0.060571 0.078303
0.000000 0.032780 0.031305 0.055525 0.106572
0.009884 0.043154 0.008076 0.040019 0.125785
0.035998 0.038759 0.000000 0.015314 0.133091
0.047098 0.027152 0.000000 0.000000 0.133352
0.055782 0.002595 0.002992 0.000000 0.120492
0.049402 0.000000 0.009526 0.000000 0.092377
0.045985 0.000000 0.011862 0.000000 0.066348
0.039859 0.000000 0.009802 0.000000 0.044453
0.030436 0.000000 0.007166 0.000000 0.020251
0.019284 0.000000 0.002824 0.000000 0.002050
0.005628 0.000780 0.000290 0.000000 0.000000
0.002351 0.000099 0.000275 0.000000 0.000272
0.000000 0.000000 0.000000 0.000000 0.000000
0.000000 0.000000 0.000000 0.000000 0.000000
0.000000 0.000000 0.000000 0.000000 0.000000
0.000000 0.000000 0.000000 0.000000 0.000000
0.000000 0.000000 0.000000 0.000000 0.000000
0.000000 0.000000 0.000000 0.000000 0.000000
0.000000 0.000000 0.000000 0.000000 0.000000
0.000000 0.000000 0.000000 0.000000 0.000000
0.000000 0.000000 0.000000 0.000000 0.000000
0.000000 0.000000 0.000000 0.000000 0.000000
0.000000 0.000000 0.000000 0.000000 0.000000
0.000000 0.000000 0.000627 0.000315 0.003098
0.000000 0.000000 0.004053 0.001942 0.019679
0.000000 0.000000 0.004232 0.001944 0.020519
0.000000 0.000000 0.005753 0.001793 0.028679
0.000000 0.000000 0.008013 0.000356 0.040670
0.000000 0.000000 0.009613 0.000000 0.060389
0.000000 0.000000 0.007528 0.000000 0.073987
0.000000 0.000000 0.006596 0.000000 0.078345
0.000000 0.000000 0.006457 0.000000 0.078625
0.000000 0.000000 0.005335 0.000000 0.056651
0.001997 0.000000 0.004590 0.000000 0.035657
0.004490 0.000000 0.003892 0.000000 0.021430
0.003258 0.000000 0.002424 0.000000 0.009089
0.001074 0.000000 0.000909 0.000000 0.003175
0.000000 0.000000 0.000000 0.000000 0.000000
0.000000 0.000000 0.000000 0.000000 0.000000
0.000000 0.000000 0.000000 0.000000 0.000000
0.000000 0.000000 0.000000 0.000000 0.000000
0.000000 0.000000 0.000000 0.000000 0.000000
0.000000 0.000000 0.000000 0.000000 0.000000
0.000000 0.000000 0.000000 0.000000 0.000000
0.000000 0.000000 0.000000 0.000000 0.000000
0.000000 0.000000 0.000000 0.000000 0.000000
0.000000 0.000000 0.000000 0.000000 0.000000
0.000000 0.000000 0.000000 0.000000 0.000000
0.000000 0.000000 0.000000 0.000000 0.000000
0.000000 0.000000 0.000000 0.000000 0.000000
0.000000 0.000000 0.000000 0.000000 0.000000
0.000000 0.000000 0.000000 0.000000 0.000000
0.000000 0.000000 0.000000 0.000000 0.000000
0.000000 0.000000 0.000000 0.000000 0.000000
0.000000 0.000000 0.000000 0.000000 0.000000
0.000000 0.000000 0.000000 0.000000 0.000000
0.000000 0.000000 0.000000 0.000000 0.000000
0.000000 0.000000 0.000000 0.000000 0.000000
0.000000 0.000000 0.000000 0.000000 0.000000
0.000000 0.000000 0.000000 0.000000 0.000000
0.000000 0.000000 0.000000 0.000000 0.000000
0.000000 0.000000 0.000000 0.000000 0.000000
0.000000 0.000000 0.000000 0.000000 0.000000
0.000000 0.000000 0.000000 0.000000 0.000000
0.000000 0.000000 0.000000 0.000000 0.000000
0.000000 0.000000 0.000000 0.000000 0.000000
0.000000 0.000000 0.000000 0.000000 0.000000
0.000000 0.000000 0.000000 0.000000 0.000000
0.000000 0.000000 0.000000 0.000000 0.000000
0.000000 0.000000 0.000000 0.000000 0.000000
0.000000 0.000000 0.000000 0.000000 0.000000
0.000000 0.000000 0.000000 0.000000 0.000000
0.000000 0.000000 0.000000 0.000000 0.000000
0.000000 0.000000 0.000000 0.000000 0.000000
0.000000 0.000000 0.000000 0.000000 0.000000
0.000000 0.000000 0.000000 0.000000 0.000000
0.000000 0.000000 0.000000 0.000000 0.000000
0.000000 0.000000 0.000000 0.000000 0.000000
0.000000 0.000000 0.000000 0.000000 0.000000
0.000000 0.000000 0.000000 0.000000 0.000000
0.000000 0.000000 0.000000 0.000000 0.000000
0.000000 0.000000 0.000000 0.000000 0.000000
0.000000 0.000000 0.000000 0.000000 0.000000
0.000000 0.000000 0.000000 0.000000 0.000000
0.000000 0.000000 0.000000 0.000000 0.000000
0.000000 0.000000 0.000000 0.000000 0.000000
0.000000 0.000000 0.000000 0.000000 0.000000
0.000000 0.000000 0.000000 0.000000 0.000000
0.000000 0.000000 0.000000 0.000000 0.000000
0.000000 0.000000 0.000000 0.000000 0.000000
0.000000 0.000000 0.000000 0.000000 0.000000
0.000000 0.000000 0.000000 0.000000 0.000000
0.000000 0.000000 0.000000 0.000000 0.000000
0.000000 0.000000 0.000000 0.000000 0.000000
0.000000 0.000000 0.000000 0.000000 0.000000
0.000000 0.000000 0.000000 0.000000 0.000000
0.000000 0.000000 0.000000 0.000000 0.000000
0.000000 0.000000 0.000000 0.000000 0.000000
0.000000 0.000000 0.000000 0.000000 0.000000
0.000000 0.000000 0.000000 0.000000 0.000000
0.000000 0.000000 0.000000 0.000000 0.000000
0.000000 0.000000 0.000000 0.000000 0.000000
0.000000 0.000000 0.000000 0.000000 0.000000
0.000000 0.000000 0.000000 0.000000 0.000000
0.000000 0.000000 0.000000 0.000000 0.000000
0.000000 0.000000 0.000000 0.000000 0.000000
0.000000 0.000000 0.000000 0.000000 0.000000
0.000000 0.000000 0.000000 0.000000 0.000000
0.000000 0.000000 0.000000 0.000000 0.000000
0.000000 0.000000 0.000000 0.000000 0.000000
0.000000 0.000000 0.000000 0.000000 0.000000
0.000000 0.000000 0.000000 0.000000 0.000000
0.000000 0.000000 0.000000 0.000000 0.000000
0.000000 0.000000 0.000000 0.000000 0.000000
0.000000 0.000000 0.000000 0.000000 0.000000
0.000000 0.000000 0.000000 0.000000 0.000000
0.000000 0.000000 0.000000 0.000000 0.000000
0.000000 0.000000 0.000000 0.000000 0.000000
0.000000 0.000000 0.000000 0.000000 0.000000
0.000000 0.000000 0.000000 0.000000 0.000000
0.000000 0.000000 0.000000 0.000000 0.000000
0.000000 0.000000 0.000000 0.000000 0.000000
0.000000 0.000000 0.000000 0.000000 0.000000
0.000000 0.000000 0.000000 0.000000 0.000000
0.000000 0.000000 0.000000 0.000000 0.000000
0.000000 0.000000 0.000000 0.000000 0.000000
0.000000 0.000000 0.000000 0.000000 0.000000
0.000000 0.000000 0.000000 0.000000 0.000000
0.000000 0.000000 0.000000 0.000000 0.000000
