0.000000 -0.000000 -0.000000 0.000000 0.000000 -0.000000 0.000000 0.000000 0.000000 -0.000000
0.000000 0.000000 -0.000000 0.000000 0.000000 -0.000000 0.000000 0.000000 0.000000 -0.000000
0.000000 0.000000 -0.000000 0.000000 0.000000 -0.000000 0.000000 0.000000 0.000000 -0.000000
0.000000 0.000000 -0.000000 -0.000000 0.000000 -0.000000 0.000000 0.000000 0.000000 -0.000000
0.000000 0.000000 -0.000000 -0.000000 -0.000000 -0.000000 0.000000 0.000000 0.000000 -0.000000
0.000000 0.000000 -0.000000 -0.000000 -0.000000 0.000000 0.000000 0.000000 0.000000 -0.000000
0.000000 0.000000 -0.000000 -0.000000 -0.000000 0.000000 0.000000 0.000000 0.000000 -0.000000
0.000000 0.000000 -0.000000 -0.000000 -0.000000 0.000000 0.000000 -0.000000 0.000000 -0.000000
0.000000 0.000000 -0.000000 -0.000000 -0.000000 0.000000 0.000000 -0.000000 0.000000 -0.000000
0.000000 0.000000 -0.000000 -0.000000 -0.000000 0.000000 0.000000 -0.000000 0.000000 -0.000000
0.000000 0.000000 -0.000000 -0.000000 -0.000000 0.000000 0.000000 -0.000000 0.000000 -0.000000
0.000000 0.000000 -0.000000 -0.000000 -0.000000 0.000000 0.000000 -0.000000 0.000000 -0.000000
0.000000 0.000000 -0.000000 -0.000000 -0.000000 0.000000 0.000000 -0.000000 0.000000 -0.000000
0.000000 0.000000 -0.000000 -0.000000 -0.000000 0.000000 0.000000 -0.000000 0.000000 -0.000000
0.000000 0.000000 -0.000000 -0.000000 -0.000000 0.000000 0.000000 -0.000000 0.000000 -0.000000
0.000000 0.000000 -0.000000 -0.000000 -0.000000 0.000000 0.000000 -0.000000 0.000000 -0.000000
0.000000 0.000000 -0.000000 -0.000000 -0.000000 0.000000 0.000000 -0.000000 0.000000 -0.000000
0.000000 0.000000 -0.000000 -0.000000 -0.000000 0.000000 0.000000 -0.000000 0.000000 -0.000000
0.000000 0.000000 -0.000000 -0.000000 -0.000000 0.000000 0.000000 -0.000000 0.000000 -0.000000
0.000000 0.000000 -0.000000 -0.000000 -0.000000 0.000000 0.000000 -0.000000 0.000000 -0.000000
0.000000 0.000000 -0.000000 -0.000000 -0.000000 0.000000 0.000000 -0.000000 0.000000 -0.000000
0.000000 0.000000 -0.000000 -0.000000 -0.000000 0.000000 0.000000 -0.000000 0.000000 -0.000000
0.000000 0.000000 -0.000000 -0.000000 -0.000000 0.000000 0.000000 -0.000000 0.000000 -0.000000
0.000000 0.000000 -0.000000 -0.000000 -0.000000 0.000000 0.000000 -0.000000 0.000000 -0.000000
0.000000 0.000000 -0.000000 -0.000000 -0.000000 0.000000 0.000000 -0.000000 0.000000 -0.000000
0.000000 0.000000 -0.000000 -0.000000 -0.000000 0.000000 0.000000 -0.000000 0.000000 -0.000000
0.000000 0.000000 -0.000000 -0.000000 -0.000000 0.000000 0.000000 -0.000000 0.000000 -0.000000
0.000000 0.000000 -0.000000 -0.000000 -0.000000 0.000000 0.000000 -0.000000 0.000000 -0.000000
0.000000 0.000000 -0.000000 -0.000000 -0.000000 0.000000 0.000000 -0.000000 0.000000 -0.000000
0.000000 0.000000 -0.000000 -0.000000 -0.000000 0.000000 0.000000 -0.000000 0.000000 -0.000000
0.000000 0.000000 -0.000000 -0.000000 -0.000000 0.000000 0.000000 -0.000000 0.000000 -0.000000
0.000000 0.000000 -0.000000 -0.000000 -0.000000 0.000000 0.000000 -0.000000 0.000000 -0.000000
0.000000 0.000000 -0.000000 -0.000000 -0.000000 0.000000 0.000000 -0.000000 0.000000 -0.000000
0.000000 0.000000 -0.000000 -0.000000 -0.000000 0.000000 0.000000 -0.000000 0.000000 -0.000000
0.000000 0.000000 -0.000000 -0.000000 -0.000000 0.000000 0.000000 -0.000000 0.000000 -0.000000
0.000000 0.000000 -0.000000 -0.000000 -0.000000 0.000000 0.000000 -0.000000 0.000000 -0.000000
0.000000 0.000000 -0.000000 -0.000000 -0.000000 0.000000 0.000000 -0.000000 0.000000 -0.000000
0.000000 0.000000 -0.000000 -0.000000 -0.000000 0.000000 0.000000 -0.000000 0.000000 -0.000000
0.000000 0.000000 -0.000000 -0.000000 -0.000000 0.000000 0.000000 -0.000000 0.000000 -0.000000
0.000000 0.000000 -0.000000 -0.000000 -0.000000 0.000000 0.000000 -0.000000 0.000000 -0.000000
0.000000 0.000000 -0.000000 -0.000000 -0.000000 0.000000 0.000000 -0.000000 0.000000 -0.000000
0.000000 0.000000 -0.000000 -0.000000 -0.000000 0.000000 0.000000 -0.000000 0.000000 -0.000000
0.000000 0.000000 -0.000000 -0.000000 -0.000000 0.000000 0.000000 -0.000000 0.000000 -0.000000
0.000000 0.000000 0.000000 0.000071 0.000763 0.000000 0.001190 0.000086 0.000000 0.000228
0.000000 0.000000 0.000000 0.000195 0.002086 0.000000 0.003252 0.000236 0.000000 0.000624
0.000000 0.000000 0.000000 0.000093 0.000992 0.000000 0.001546 0.000112 0.000000 0.000297
0.000000 0.000000 -0.000000 -0.000000 -0.000000 0.000000 0.000000 -0.000000 0.000000 -0.000000
0.000000 0.000000 -0.000000 -0.000000 -0.000000 0.000000 0.000000 -0.000000 0.000000 -0.000000
0.000000 0.000000 -0.000000 -0.000000 -0.000000 0.000000 0.000000 -0.000000 0.000000 -0.000000
0.000000 0.000000 -0.000000 -0.000000 -0.000000 0.000000 0.000000 -0.000000 0.000000 -0.000000
0.000000 0.000000 -0.000000 -0.000000 -0.000000 0.000000 0.000000 -0.000000 0.000000 -0.000000
0.000000 0.000000 -0.000000 -0.000000 -0.000000 0.000000 0.000000 -0.000000 0.000000 -0.000000
0.000000 0.000000 -0.000000 -0.000000 -0.000000 0.000000 0.000000 -0.000000 0.000000 -0.000000
0.000000 0.000000 -0.000000 -0.000000 -0.000000 0.000000 0.000000 -0.000000 0.000000 -0.000000
0.000000 0.000000 -0.000000 -0.000000 -0.000000 0.000000 0.000000 -0.000000 0.000000 -0.000000
0.000000 0.000000 -0.000000 -0.000000 -0.000000 0.000000 0.000000 -0.000000 0.000000 -0.000000
0.000000 0.000000 -0.000000 -0.000000 -0.000000 0.000000 0.000000 -0.000000 0.000000 -0.000000
0.000000 0.000000 -0.000000 -0.000000 -0.000000 0.000000 0.000000 -0.000000 0.000000 -0.000000
0.000000 0.000000 -0.000000 -0.000000 -0.000000 0.000000 0.000000 -0.000000 0.000000 -0.000000
0.000000 0.000000 -0.000000 -0.000000 -0.000000 0.000000 0.000000 -0.000000 0.000000 -0.000000
0.000000 0.000000 -0.000000 -0.000000 -0.000000 0.000000 0.000000 -0.000000 0.000000 -0.000000
0.000000 0.000000 -0.000000 -0.000000 -0.000000 0.000000 0.000000 -0.000000 0.000000 -0.000000
0.000000 0.000000 -0.000000 -0.000000 -0.000000 0.000000 0.000000 -0.000000 0.000000 -0.000000
0.000000 0.000000 -0.000000 -0.000000 -0.000000 0.000000 0.000000 -0.000000 0.000000 -0.000000
0.000000 0.000000 -0.000000 -0.000000 -0.000000 0.000000 0.000000 -0.000000 0.000000 -0.000000
0.000000 0.000000 -0.000000 -0.000000 -0.000000 0.000000 0.000000 -0.000000 0.000000 -0.000000
0.000000 0.000000 -0.000000 -0.000000 -0.000000 0.000000 0.000000 -0.000000 0.000000 -0.000000
0.000000 0.000000 -0.000000 -0.000000 -0.000000 0.000000 0.000000 -0.000000 0.000000 -0.000000
0.000000 0.000000 -0.000000 -0.000000 -0.000000 0.000000 0.000000 -0.000000 0.000000 -0.000000
0.000000 0.000000 -0.000000 -0.000000 -0.000000 0.000000 0.000000 -0.000000 0.000000 -0.000000
0.000000 0.000000 -0.000000 -0.000000 -0.000000 0.000000 0.000000 -0.000000 0.000000 -0.000000
0.000000 0.000000 -0.000000 -0.000000 -0.000000 0.000000 0.000000 -0.000000 0.000000 -0.000000
0.000000 0.000000 0.000000 0.000036 0.000382 0.000000 0.000595 0.000043 0.000000 0.000114
0.000000 0.000000 0.000000 0.000002 0.000017 0.000000 0.000026 0.000002 0.000000 0.000005
0.000000 0.000000 -0.000000 -0.000000 -0.000000 0.000000 0.000000 -0.000000 0.000000 -0.000000
0.000000 0.000000 -0.000000 -0.000000 -0.000000 0.000000 0.000000 -0.000000 0.000000 -0.000000
0.000000 0.000000 -0.000000 -0.000000 -0.000000 0.000000 0.000000 -0.000000 0.000000 -0.000000
0.000000 0.000000 -0.000000 -0.000000 -0.000000 0.000000 0.000000 -0.000000 0.000000 -0.000000
0.000000 0.000000 -0.000000 -0.000000 -0.000000 0.000000 0.000000 -0.000000 0.000000 -0.000000
0.000000 0.000000 -0.000000 -0.000000 -0.000000 0.000000 0.000000 -0.000000 0.000000 -0.000000
0.000000 0.000000 -0.000000 -0.000000 -0.000000 0.000000 0.000000 -0.000000 0.000000 -0.000000
0.000000 0.000000 -0.000000 -0.000000 -0.000000 0.000000 0.000000 -0.000000 0.000000 -0.000000
0.000000 0.000000 -0.000000 -0.000000 -0.000000 0.000000 0.000000 -0.000000 0.000000 -0.000000
0.000000 0.000000 -0.000000 -0.000000 -0.000000 0.000000 0.000000 -0.000000 0.000000 -0.000000
0.000000 0.000000 -0.000000 -0.000000 -0.000000 0.000000 0.000000 -0.000000 0.000000 -0.000000
0.000000 0.000000 -0.000000 -0.000000 -0.000000 0.000000 0.000000 -0.000000 0.000000 -0.000000
0.000000 0.000000 -0.000000 -0.000000 -0.000000 0.000000 0.000000 -0.000000 0.000000 -0.000000
0.000000 0.000000 -0.000000 -0.000000 -0.000000 0.000000 0.000000 -0.000000 0.000000 -0.000000
0.000000 0.000000 0.000047 0.000125 0.000000 0.000339 0.000000 0.000000 0.000011 0.000000
0.000000 0.000000 0.000124 0.000328 0.000000 0.000893 0.000000 0.000000 0.000028 0.000000
0.000000 0.000000 0.000124 0.000328 0.000000 0.000893 0.000000 0.000000 0.000028 0.000000
0.000000 0.000000 0.000045 0.000118 0.000000 0.000321 0.000000 0.000000 0.000010 0.000000
0.000000 0.000000 -0.000000 -0.000000 -0.000000 0.000000 0.000000 -0.000000 0.000000 -0.000000
0.000000 0.000000 0.000016 0.000000 0.000018 0.000007 0.000006 0.000000 0.000000 0.000000
0.000000 0.000000 0.000856 0.000000 0.000635 0.000319 0.000246 0.000000 0.000000 0.000000
0.000000 0.000000 0.003314 0.000000 0.002214 0.001864 0.000482 0.000000 0.000000 0.000019
0.000000 0.000000 0.007413 0.000000 0.004477 0.004927 0.000000 0.000000 0.000000 0.000330
0.000000 0.000000 0.008937 0.000000 0.006568 0.006298 0.000000 0.000000 0.000000 0.004198
0.000000 0.000000 0.005301 0.000000 0.005575 0.006094 0.000000 0.000000 0.000000 0.006693
0.000000 0.000000 0.003642 0.000000 0.004463 0.006201 0.000000 0.000000 0.000000 0.011050
0.001091 0.000000 0.001864 0.000000 0.004118 0.003675 0.000000 0.000000 0.001234 0.009225
0.001086 0.000000 0.001132 0.000000 0.005233 0.001966 0.000000 0.000000 0.000869 0.007452
0.002432 0.000000 0.000998 0.000000 0.007925 0.000391 0.000358 0.000084 0.000000 0.000000
0.002781 0.001272 0.000967 0.000299 0.007168 0.000000 0.001044 0.000205 0.000000 0.000000
0.001468 0.001269 0.000519 0.000136 0.003081 0.000000 0.000000 0.000117 0.000000 0.000000
0.000002 0.000276 0.000079 0.000000 0.000454 0.000000 0.000000 0.000000 0.000000 0.000000
0.000000 0.000000 -0.000000 -0.000000 -0.000000 0.000000 0.000000 -0.000000 0.000000 -0.000000
0.000000 0.000000 -0.000000 -0.000000 -0.000000 0.000000 0.000000 -0.000000 0.000000 -0.000000
0.000000 0.000000 -0.000000 -0.000000 -0.000000 0.000000 0.000000 -0.000000 0.000000 -0.000000
0.000000 0.000000 -0.000000 -0.000000 -0.000000 0.000000 0.000000 -0.000000 0.000000 -0.000000
0.000000 0.000000 -0.000000 -0.000000 -0.000000 0.000000 0.000000 -0.000000 0.000000 -0.000000
0.000000 0.000000 -0.000000 -0.000000 -0.000000 0.000000 0.000000 -0.000000 0.000000 -0.000000
0.000000 0.000000 -0.000000 -0.000000 -0.000000 0.000000 0.000000 -0.000000 0.000000 -0.000000
0.000000 0.000000 -0.000000 -0.000000 -0.000000 0.000000 0.000000 -0.000000 0.000000 -0.000000
0.000000 0.000000 -0.000000 -0.000000 -0.000000 0.000000 0.000000 -0.000000 0.000000 -0.000000
0.000000 0.000000 -0.000000 -0.000000 -0.000000 0.000000 0.000000 -0.000000 0.000000 -0.000000
0.000000 0.000000 0.000000 0.000000 0.000359 0.000358 0.000000 0.000544 0.000000 0.000000
0.000000 0.000000 0.000018 0.000053 0.000000 0.000302 0.000000 0.000000 0.000000 0.000000
0.000000 0.000000 0.000041 0.000097 0.000000 0.000252 0.000000 0.000000 0.000004 0.000000
0.000000 0.000000 0.000535 0.000145 0.000521 0.000346 0.000199 0.000000 0.000000 0.000000
0.000000 0.000000 0.002287 0.000000 0.001790 0.000479 0.001728 0.000000 0.000000 0.000713
0.000064 0.000000 0.010267 0.000000 0.002912 0.001542 0.000000 0.000000 0.000000 0.000000
0.000584 0.000000 0.027085 0.000000 0.005797 0.004313 0.000000 0.000000 0.000000 0.000000
0.000033 0.000000 0.050008 0.000000 0.008742 0.012468 0.000000 0.000000 0.000000 0.000000
0.000000 0.000000 0.072877 0.000000 0.017668 0.023609 0.000000 0.000000 0.000000 0.014002
0.000000 0.000000 0.073784 0.000000 0.025132 0.038053 0.000000 0.000000 0.000000 0.038990
0.000000 0.000000 0.057064 0.000000 0.024186 0.051081 0.000000 0.000000 0.000000 0.066924
0.021465 0.000000 0.035305 0.000000 0.024159 0.064288 0.000000 0.004591 0.000000 0.083574
0.048152 0.000000 0.017192 0.000000 0.007345 0.067828 0.000000 0.012153 0.000000 0.075356
0.066296 0.000000 0.000000 0.000000 0.009092 0.057686 0.000000 0.020578 0.000000 0.045654
0.058501 0.005445 0.000000 0.000000 0.019217 0.042215 0.000000 0.019902 0.000000 0.010158
0.037153 0.034683 0.000000 0.000000 0.022075 0.022279 0.000000 0.017574 0.000000 0.000000
0.017397 0.044632 0.003264 0.000000 0.013698 0.008237 0.000000 0.010372 0.000000 0.000000
0.004158 0.039445 0.002882 0.000000 0.000031 0.000000 0.000000 0.003838 0.000000 0.001433
0.000000 0.021159 0.001533 0.000000 0.000000 0.000000 0.000000 0.001044 0.000000 0.004434
0.000000 0.007563 0.000738 0.000000 0.000000 0.000000 0.000000 0.000103 0.000000 0.001094
0.000000 0.002000 0.000219 0.000000 0.000000 0.000000 0.000113 0.000000 0.000000 0.000397
0.000000 0.000000 -0.000000 -0.000000 -0.000000 0.000000 0.000000 -0.000000 0.000000 -0.000000
0.000000 0.000000 -0.000000 -0.000000 -0.000000 0.000000 0.000000 -0.000000 0.000000 -0.000000
0.000000 0.000000 -0.000000 -0.000000 -0.000000 0.000000 0.000000 -0.000000 0.000000 -0.000000
0.000000 0.000000 -0.000000 -0.000000 -0.000000 0.000000 0.000000 -0.000000 0.000000 -0.000000
0.000000 0.000000 -0.000000 -0.000000 -0.000000 0.000000 0.000000 -0.000000 0.000000 -0.000000
0.000000 0.000000 -0.000000 -0.000000 -0.000000 0.000000 0.000000 -0.000000 0.000000 -0.000000
0.000017 0.000085 0.000007 0.000000 0.000000 0.000000 0.000209 0.000000 0.000000 0.000000
0.000000 0.000000 -0.000000 -0.000000 -0.000000 0.000000 0.000000 -0.000000 0.000000 -0.000000
0.000000 0.000000 -0.000000 -0.000000 -0.000000 0.000000 0.000000 -0.000000 0.000000 -0.000000
0.000227 0.000000 0.000394 0.000000 0.000247 0.000088 0.000000 0.000000 0.000000 0.000000
0.000463 0.000000 0.004592 0.000102 0.002024 0.000504 0.000000 0.000000 0.000000 0.000000
0.000436 0.000000 0.014815 0.000458 0.003848 0.001078 0.000000 0.000000 0.000000 0.000000
0.000350 0.000000 0.043379 0.000000 0.007840 0.005034 0.000000 0.000000 0.000000 0.000000
0.000000 0.000000 0.084079 0.002323 0.018162 0.010922 0.000000 0.000000 0.000000 0.000000
0.000000 0.000000 0.120796 0.016169 0.032761 0.025443 0.000000 0.000000 0.000000 0.000000
0.000000 0.000000 0.116286 0.041894 0.052210 0.041569 0.000000 0.008435 0.000000 0.016082
0.002022 0.000000 0.093911 0.057776 0.053716 0.056353 0.000000 0.038985 0.000000 0.054242
0.029952 0.000000 0.067024 0.053786 0.041843 0.072044 0.000000 0.064625 0.000000 0.083754
0.062874 0.000000 0.042907 0.041288 0.014641 0.082653 0.000000 0.083329 0.000000 0.085609
0.088811 0.000000 0.018508 0.011900 0.000000 0.088030 0.000000 0.098974 0.000000 0.080687
0.093942 0.010681 0.000000 0.000000 0.000000 0.083860 0.000000 0.110184 0.000000 0.059085
0.084174 0.036793 0.000000 0.000000 0.003614 0.068733 0.013614 0.109682 0.000000 0.028431
0.057837 0.065573 0.000000 0.000000 0.013056 0.042224 0.011441 0.102447 0.000000 0.001610
0.021486 0.086576 0.000000 0.000000 0.021679 0.019618 0.004033 0.067913 0.000000 0.000000
0.000348 0.083784 0.000000 0.000000 0.009882 0.002189 0.000000 0.035373 0.000000 0.008022
0.000000 0.054884 0.000669 0.000000 0.005236 0.000000 0.000000 0.013958 0.000000 0.014220
0.000000 0.021474 0.001228 0.000000 0.001398 0.000000 0.000000 0.003522 0.000000 0.007311
0.000000 0.004464 0.000408 0.000000 0.000000 0.000000 0.000000 0.000141 0.000000 0.001104
0.000000 0.000000 -0.000000 -0.000000 -0.000000 0.000000 0.000000 -0.000000 0.000000 -0.000000
0.000000 0.000000 -0.000000 -0.000000 -0.000000 0.000000 0.000000 -0.000000 0.000000 -0.000000
0.000000 0.000000 -0.000000 -0.000000 -0.000000 0.000000 0.000000 -0.000000 0.000000 -0.000000
0.000000 0.000000 -0.000000 -0.000000 -0.000000 0.000000 0.000000 -0.000000 0.000000 -0.000000
0.000000 0.000000 -0.000000 -0.000000 -0.000000 0.000000 0.000000 -0.000000 0.000000 -0.000000
0.000000 0.000000 -0.000000 -0.000000 -0.000000 0.000000 0.000000 -0.000000 0.000000 -0.000000
0.000000 0.000000 -0.000000 -0.000000 -0.000000 0.000000 0.000000 -0.000000 0.000000 -0.000000
0.000558 0.000000 0.000159 0.000000 0.000000 0.000000 0.000000 0.000009 0.000064 0.000000
0.000700 0.000000 0.001063 0.000000 0.000076 0.000199 0.000000 0.000000 0.000000 0.000000
0.001418 0.000000 0.004475 0.000000 0.000466 0.000000 0.000000 0.000000 0.000000 0.000000
0.002026 0.000000 0.010981 0.000000 0.001410 0.000309 0.000000 0.000000 0.000000 0.000000
0.001007 0.000000 0.041755 0.000000 0.006455 0.003037 0.001061 0.000000 0.000000 0.000000
0.000000 0.000000 0.096789 0.001629 0.019522 0.005546 0.006171 0.000000 0.000000 0.000000
0.000000 0.000000 0.135570 0.026880 0.043651 0.014778 0.003701 0.010413 0.000000 0.000000
0.000000 0.000000 0.129438 0.064614 0.067214 0.040670 0.000000 0.033703 0.000000 0.000000
0.000000 0.000000 0.094369 0.089722 0.069463 0.059987 0.000000 0.063066 0.000000 0.022196
0.013453 0.000000 0.061558 0.081119 0.037266 0.071192 0.000000 0.086654 0.000000 0.072537
0.047837 0.000000 0.042550 0.074610 0.009673 0.074312 0.000000 0.092508 0.005571 0.078276
0.077508 0.020163 0.045152 0.070559 0.000000 0.067277 0.000000 0.088435 0.015703 0.065994
0.088774 0.045343 0.047250 0.060464 0.000000 0.066089 0.000000 0.088817 0.003588 0.057975
0.092930 0.050228 0.032660 0.031598 0.000000 0.070748 0.013294 0.096281 0.000000 0.050957
0.087606 0.050365 0.013732 0.000000 0.006448 0.079626 0.028206 0.106069 0.000000 0.035385
0.067104 0.063117 0.000000 0.000000 0.020390 0.072038 0.046768 0.120487 0.000000 0.004562
0.022418 0.092472 0.000000 0.000000 0.041786 0.042290 0.038136 0.122554 0.000000 0.000445
0.000000 0.110598 0.000000 0.000000 0.050660 0.011320 0.013210 0.090860 0.000000 0.018305
0.000000 0.091778 0.000000 0.000000 0.021219 0.000000 0.001445 0.043565 0.000000 0.026609
0.000000 0.043181 0.000000 0.000000 0.002694 0.000000 0.000000 0.013420 0.000000 0.015936
0.000000 0.007744 0.000222 0.000000 0.000000 0.000000 0.000000 0.001553 0.001245 0.003923
0.000000 0.000000 -0.000000 -0.000000 -0.000000 0.000000 0.000000 -0.000000 0.000000 -0.000000
0.000000 0.000000 -0.000000 -0.000000 -0.000000 0.000000 0.000000 -0.000000 0.000000 -0.000000
0.000000 0.000000 -0.000000 -0.000000 -0.000000 0.000000 0.000000 -0.000000 0.000000 -0.000000
0.000000 0.000000 -0.000000 -0.000000 -0.000000 0.000000 0.000000 -0.000000 0.000000 -0.000000
0.000000 0.000000 -0.000000 -0.000000 -0.000000 0.000000 0.000000 -0.000000 0.000000 -0.000000
0.000000 0.000000 -0.000000 -0.000000 -0.000000 0.000000 0.000000 -0.000000 0.000000 -0.000000
0.000000 0.000000 -0.000000 -0.000000 -0.000000 0.000000 0.000000 -0.000000 0.000000 -0.000000
0.000460 0.000000 0.000460 0.000000 0.000000 0.000203 0.000000 0.000000 0.000102 0.000000
0.001481 0.000000 0.003631 0.000000 0.000490 0.000314 0.000000 0.000000 0.000145 0.000000
0.001494 0.000000 0.008090 0.000000 0.000870 0.000000 0.000000 0.000000 0.000473 0.000000
0.003713 0.000000 0.035896 0.000000 0.003945 0.000199 0.000855 0.000000 0.000000 0.000000
0.002191 0.000000 0.090796 0.000000 0.013759 0.001988 0.003929 0.000356 0.000000 0.000000
0.000000 0.000000 0.138846 0.018503 0.040200 0.006378 0.008642 0.020421 0.000000 0.000000
0.000000 0.000000 0.130898 0.061101 0.070934 0.028709 0.008572 0.049734 0.000000 0.000000
0.000000 0.000000 0.074016 0.093180 0.072785 0.059210 0.000000 0.075811 0.000000 0.011276
0.000000 0.000000 0.021580 0.085764 0.037003 0.069606 0.000000 0.091940 0.023722 0.069558
0.027918 0.017822 0.008466 0.062579 0.000000 0.064343 0.000000 0.083674 0.056468 0.093778
0.066771 0.055260 0.012152 0.067558 0.000000 0.047248 0.000000 0.067950 0.077026 0.067917
0.080984 0.083724 0.031193 0.080925 0.000000 0.030693 0.013541 0.047019 0.088086 0.041222
0.089131 0.084853 0.041276 0.095778 0.000000 0.025338 0.025935 0.037093 0.086437 0.019150
0.094316 0.064925 0.050475 0.087962 0.000000 0.041067 0.016842 0.029060 0.068555 0.019592
0.096841 0.043157 0.047402 0.047221 0.000108 0.060188 0.010800 0.039029 0.048186 0.025237
0.088143 0.029780 0.034682 0.000000 0.013284 0.083585 0.035682 0.066292 0.010466 0.000000
0.039920 0.059365 0.011200 0.000000 0.048725 0.072892 0.052033 0.103919 0.000000 0.000000
0.000000 0.113321 0.000000 0.000000 0.065478 0.031531 0.046204 0.118203 0.000000 0.014336
0.000000 0.119912 0.000000 0.000000 0.041298 0.000000 0.015893 0.086866 0.000000 0.035904
0.000000 0.074403 0.000000 0.000000 0.014547 0.000000 0.002838 0.034869 0.000000 0.027741
0.000000 0.021103 0.000668 0.000000 0.000000 0.000000 0.000495 0.004644 0.002591 0.011595
0.000000 0.000053 0.000004 0.000000 0.000000 0.000015 0.000163 0.000008 0.000000 0.000138
0.000000 0.000000 -0.000000 -0.000000 -0.000000 0.000000 0.000000 -0.000000 0.000000 -0.000000
0.000000 0.000000 -0.000000 -0.000000 -0.000000 0.000000 0.000000 -0.000000 0.000000 -0.000000
0.000000 0.000000 -0.000000 -0.000000 -0.000000 0.000000 0.000000 -0.000000 0.000000 -0.000000
0.000000 0.000000 -0.000000 -0.000000 -0.000000 0.000000 0.000000 -0.000000 0.000000 -0.000000
0.000043 0.000000 0.000033 0.000000 0.000000 0.000168 0.000000 0.000000 0.000000 0.000143
0.000000 0.000000 -0.000000 -0.000000 -0.000000 0.000000 0.000000 -0.000000 0.000000 -0.000000
0.000371 0.000000 0.000528 0.000000 0.000000 0.000232 0.000000 0.000000 0.000152 0.000000
0.001702 0.000000 0.005044 0.000000 0.000308 0.000333 0.000000 0.000000 0.000913 0.000000
0.002206 0.000000 0.024160 0.000000 0.000344 0.000000 0.002704 0.000000 0.002313 0.000000
0.004121 0.000000 0.071708 0.000000 0.006575 0.000000 0.008876 0.000000 0.000248 0.000000
0.004600 0.000000 0.130843 0.003164 0.032256 0.000000 0.006950 0.019244 0.000000 0.000000
0.000000 0.000000 0.132530 0.047866 0.068263 0.016967 0.009223 0.051927 0.000000 0.000000
0.000000 0.000000 0.071405 0.098409 0.074014 0.052376 0.000000 0.081288 0.012847 0.000000
0.000000 0.000000 0.002487 0.092451 0.040355 0.072866 0.000000 0.085951 0.051088 0.053995
0.006404 0.031157 0.000000 0.050297 0.000000 0.066294 0.000000 0.066448 0.088236 0.113475
0.048691 0.082905 0.000000 0.034321 0.000000 0.039702 0.000000 0.043341 0.112625 0.100278
0.074380 0.104801 0.000000 0.050872 0.000000 0.015756 0.044961 0.024663 0.125121 0.049670
0.081099 0.102719 0.000056 0.086060 0.000000 0.000000 0.074351 0.007033 0.129187 0.000000
0.078272 0.082002 0.015046 0.114245 0.000000 0.000000 0.081985 0.000000 0.130048 0.000000
0.081232 0.042017 0.036374 0.126189 0.000000 0.000000 0.058076 0.000000 0.130316 0.000000
0.101553 0.001398 0.052848 0.109970 0.005779 0.028921 0.010536 0.000000 0.108667 0.000000
0.111316 0.000000 0.061679 0.050201 0.013395 0.071295 0.005541 0.000000 0.068523 0.000000
0.077498 0.007797 0.051333 0.000000 0.031248 0.094800 0.032017 0.042566 0.021981 0.000000
0.000000 0.079539 0.014910 0.000000 0.062571 0.061647 0.044815 0.100719 0.000000 0.000000
0.000000 0.123281 0.000000 0.000000 0.049961 0.011367 0.038202 0.116831 0.000000 0.039061
0.000000 0.095306 0.000000 0.000000 0.019819 0.000000 0.016503 0.059845 0.002746 0.039955
0.000000 0.032980 0.000198 0.000000 0.000000 0.000000 0.004869 0.010262 0.004076 0.019493
0.000000 0.000103 0.000007 0.000000 0.000000 0.000030 0.000317 0.000016 0.000000 0.000268
0.000000 0.000000 -0.000000 -0.000000 -0.000000 0.000000 0.000000 -0.000000 0.000000 -0.000000
0.000000 0.000000 -0.000000 -0.000000 -0.000000 0.000000 0.000000 -0.000000 0.000000 -0.000000
0.000000 0.000000 -0.000000 -0.000000 -0.000000 0.000000 0.000000 -0.000000 0.000000 -0.000000
0.000000 0.000000 -0.000000 -0.000000 -0.000000 0.000000 0.000000 -0.000000 0.000000 -0.000000
0.000000 0.000000 -0.000000 -0.000000 -0.000000 0.000000 0.000000 -0.000000 0.000000 -0.000000
0.000000 0.000000 -0.000000 -0.000000 -0.000000 0.000000 0.000000 -0.000000 0.000000 -0.000000
0.000402 0.000000 0.000573 0.000000 0.000000 0.000225 0.000000 0.000000 0.000165 0.000000
0.001848 0.000000 0.009211 0.000000 0.000000 0.000080 0.000000 0.000000 0.002596 0.000240
0.005956 0.000000 0.047233 0.000000 0.002188 0.000000 0.006903 0.000000 0.009206 0.000000
0.010563 0.000000 0.103462 0.000000 0.022657 0.000000 0.005985 0.019108 0.013582 0.000000
0.004802 0.000000 0.131963 0.022053 0.068017 0.007241 0.005374 0.046554 0.018697 0.000000
0.000000 0.000000 0.081837 0.084761 0.090940 0.041421 0.005930 0.081463 0.027878 0.000000
0.000000 0.000000 0.006634 0.111253 0.064098 0.070925 0.000000 0.085996 0.055526 0.015570
0.000000 0.039202 0.000000 0.064979 0.003892 0.075424 0.000000 0.059969 0.082146 0.105800
0.030476 0.094027 0.000000 0.024477 0.000000 0.047442 0.000000 0.028548 0.103081 0.121246
0.061917 0.119462 0.000000 0.021687 0.000000 0.015858 0.057466 0.004677 0.111502 0.078504
0.065079 0.115630 0.000000 0.043600 0.000000 0.000000 0.125929 0.000000 0.109927 0.019495
0.049294 0.086306 0.000000 0.073460 0.000000 0.000000 0.168183 0.000000 0.111805 0.000000
0.032698 0.046423 0.000000 0.104965 0.000000 0.000000 0.159404 0.000000 0.116157 0.000000
0.047560 0.009857 0.012495 0.132899 0.008793 0.000000 0.096182 0.000000 0.122983 0.000000
0.089552 0.000000 0.031460 0.138205 0.029059 0.000000 0.033561 0.000000 0.119198 0.000000
0.130623 0.000000 0.063204 0.106460 0.027569 0.044159 0.000000 0.000000 0.090770 0.000000
0.104399 0.000000 0.079274 0.024987 0.027580 0.093378 0.014581 0.000000 0.048020 0.000000
0.025072 0.045137 0.050664 0.000000 0.048696 0.083118 0.027707 0.060526 0.024788 0.000000
0.000000 0.111075 0.002899 0.000000 0.046735 0.028107 0.044893 0.122731 0.017242 0.030410
0.000000 0.103243 0.000000 0.000000 0.013007 0.000000 0.036755 0.089225 0.015444 0.048572
0.000000 0.039348 0.000000 0.000000 0.000000 0.000000 0.010259 0.018410 0.008053 0.024901
0.000000 0.000144 0.000000 0.000000 0.000000 0.000023 0.000448 0.000161 0.000000 0.000369
0.000000 0.000000 -0.000000 -0.000000 -0.000000 0.000000 0.000000 -0.000000 0.000000 -0.000000
0.000000 0.000000 -0.000000 -0.000000 -0.000000 0.000000 0.000000 -0.000000 0.000000 -0.000000
0.000000 0.000000 -0.000000 -0.000000 -0.000000 0.000000 0.000000 -0.000000 0.000000 -0.000000
0.000000 0.000000 -0.000000 -0.000000 -0.000000 0.000000 0.000000 -0.000000 0.000000 -0.000000
0.000000 0.000000 -0.000000 -0.000000 -0.000000 0.000000 0.000000 -0.000000 0.000000 -0.000000
0.000000 0.000000 -0.000000 -0.000000 -0.000000 0.000000 0.000000 -0.000000 0.000000 -0.000000
0.000552 0.000000 0.001525 0.000000 0.000781 0.000315 0.000000 0.000000 0.001076 0.000000
0.002091 0.000000 0.021563 0.000000 0.002926 0.000000 0.005684 0.000000 0.008055 0.000000
0.011223 0.000000 0.067600 0.000000 0.016220 0.000000 0.008088 0.011326 0.017725 0.000000
0.013508 0.000000 0.114188 0.000000 0.049352 0.000000 0.003950 0.046599 0.031919 0.000000
0.000000 0.000000 0.097462 0.051933 0.087915 0.024181 0.010941 0.078495 0.046766 0.000000
0.000000 0.000000 0.028518 0.106766 0.085116 0.065668 0.000000 0.085109 0.055755 0.000000
0.000000 0.033587 0.000000 0.090216 0.027894 0.081191 0.000000 0.050665 0.073881 0.067597
0.006723 0.100165 0.000000 0.033333 0.000000 0.062997 0.000000 0.012773 0.083291 0.133094
0.047643 0.128391 0.000000 0.000413 0.000000 0.026415 0.055390 0.000000 0.082427 0.109413
0.055253 0.123061 0.000000 0.009163 0.000000 0.000000 0.142348 0.000000 0.076473 0.051867
0.043902 0.076764 0.000000 0.029258 0.000000 0.000000 0.202851 0.000000 0.072949 0.000000
0.020188 0.028862 0.000000 0.048448 0.000000 0.000000 0.210305 0.000000 0.074509 0.000000
0.000000 0.008485 0.000000 0.072381 0.006572 0.000000 0.171879 0.000000 0.069312 0.000000
0.024667 0.000000 0.000000 0.102512 0.030181 0.000000 0.099456 0.000000 0.079990 0.000000
0.080323 0.000000 0.009076 0.131250 0.053369 0.000000 0.026259 0.000000 0.088375 0.003688
0.142526 0.000000 0.037858 0.142782 0.061574 0.017766 0.000000 0.000000 0.075426 0.000000
0.123315 0.000000 0.079213 0.073292 0.052105 0.087364 0.000000 0.000000 0.044032 0.000000
0.038351 0.028342 0.079370 0.000000 0.045518 0.099960 0.017250 0.014848 0.033078 0.000000
0.000000 0.093771 0.028614 0.000000 0.033078 0.043584 0.044384 0.103413 0.048937 0.024135
0.000000 0.091100 0.000000 0.000000 0.006325 0.000000 0.048706 0.104525 0.048146 0.050009
0.000000 0.041906 0.000000 0.000000 0.000000 0.000000 0.019643 0.030723 0.019508 0.029970
0.000000 0.000409 0.000076 0.000000 0.000000 0.000000 0.001091 0.001031 0.000000 0.000975
0.000000 0.000000 -0.000000 -0.000000 -0.000000 0.000000 0.000000 -0.000000 0.000000 -0.000000
0.000000 0.000000 -0.000000 -0.000000 -0.000000 0.000000 0.000000 -0.000000 0.000000 -0.000000
0.000000 0.000000 -0.000000 -0.000000 -0.000000 0.000000 0.000000 -0.000000 0.000000 -0.000000
0.000000 0.000000 -0.000000 -0.000000 -0.000000 0.000000 0.000000 -0.000000 0.000000 -0.000000
0.000000 0.000000 -0.000000 -0.000000 -0.000000 0.000000 0.000000 -0.000000 0.000000 -0.000000
0.000000 0.000000 -0.000000 -0.000000 -0.000000 0.000000 0.000000 -0.000000 0.000000 -0.000000
0.000927 0.000000 0.002772 0.000000 0.001286 0.000331 0.000000 0.000000 0.001490 0.000000
0.005559 0.000000 0.034701 0.000000 0.005695 0.000000 0.007542 0.000000 0.018037 0.000000
0.017457 0.000000 0.083799 0.000000 0.032074 0.000000 0.003136 0.033786 0.041636 0.000000
0.014052 0.000000 0.099397 0.016200 0.086023 0.008201 0.000000 0.074933 0.061166 0.000000
0.000000 0.000000 0.058293 0.080679 0.092124 0.047625 0.000000 0.087688 0.065423 0.000000
0.000000 0.023095 0.001196 0.106754 0.048412 0.083980 0.000000 0.053128 0.062448 0.011665
0.000000 0.099894 0.000000 0.066609 0.000000 0.078388 0.000000 0.007721 0.055919 0.103401
0.026209 0.135169 0.000000 0.008950 0.000000 0.041324 0.034345 0.000000 0.050002 0.134035
0.050029 0.123376 0.000000 0.000000 0.000000 0.006234 0.131738 0.000000 0.039952 0.087816
0.043736 0.073590 0.000000 0.001874 0.000000 0.000000 0.212788 0.000000 0.035852 0.020487
0.015902 0.019876 0.000000 0.018744 0.000000 0.000000 0.225334 0.000000 0.031578 0.000000
0.000000 0.000000 0.000000 0.033719 0.004245 0.000000 0.180996 0.000000 0.028726 0.000000
0.000000 0.000000 0.000000 0.043094 0.020661 0.000000 0.119379 0.000000 0.029570 0.000000
0.012750 0.000000 0.000000 0.066306 0.037932 0.000000 0.064107 0.000000 0.040490 0.011221
0.077683 0.000000 0.000000 0.101523 0.064196 0.000000 0.013922 0.000000 0.052364 0.020992
0.143363 0.000000 0.009548 0.146836 0.085746 0.000000 0.000000 0.000000 0.049582 0.000000
0.122518 0.000000 0.067721 0.101894 0.072985 0.080829 0.000000 0.000000 0.019441 0.000000
0.036128 0.026541 0.092944 0.019722 0.047012 0.109674 0.018371 0.000000 0.023172 0.000000
0.000000 0.082705 0.059977 0.000000 0.020528 0.058479 0.042877 0.074256 0.064939 0.018313
0.000000 0.075304 0.002874 0.000000 0.000000 0.000000 0.050094 0.109695 0.085621 0.050111
0.000000 0.034907 0.000000 0.000000 0.000000 0.000000 0.018699 0.041652 0.038874 0.032410
0.000000 0.000801 0.000352 0.000000 0.000000 0.000000 0.001539 0.001543 0.000035 0.002059
0.000021 0.000015 0.000000 0.000330 0.000364 0.000000 0.000000 0.000002 0.000197 0.000796
0.000000 0.000000 -0.000000 -0.000000 -0.000000 0.000000 0.000000 -0.000000 0.000000 -0.000000
0.000000 0.000000 -0.000000 -0.000000 -0.000000 0.000000 0.000000 -0.000000 0.000000 -0.000000
0.000000 0.000000 -0.000000 -0.000000 -0.000000 0.000000 0.000000 -0.000000 0.000000 -0.000000
0.000000 0.000000 -0.000000 -0.000000 -0.000000 0.000000 0.000000 -0.000000 0.000000 -0.000000
0.000000 0.000000 -0.000000 -0.000000 -0.000000 0.000000 0.000000 -0.000000 0.000000 -0.000000
0.002645 0.000000 0.004346 0.000252 0.002594 0.000000 0.000000 0.000673 0.004424 0.000000
0.011876 0.000000 0.044687 0.000000 0.017981 0.000000 0.002122 0.009440 0.037519 0.000000
0.021376 0.000000 0.078873 0.000000 0.057160 0.000000 0.000000 0.060304 0.082323 0.000000
0.009820 0.000000 0.077932 0.035149 0.091245 0.021215 0.000000 0.093146 0.087586 0.000000
0.000000 0.006726 0.035858 0.095529 0.065737 0.077139 0.000000 0.061584 0.060305 0.000000
0.000000 0.085266 0.000000 0.096155 0.010772 0.092723 0.000000 0.012706 0.035547 0.041932
0.007833 0.134055 0.000000 0.039760 0.000000 0.063460 0.009719 0.000000 0.020513 0.129986
0.039172 0.130135 0.000000 0.000000 0.000000 0.017063 0.105386 0.000000 0.012162 0.122417
0.045950 0.067678 0.000000 0.000000 0.000000 0.000000 0.200984 0.000000 0.010565 0.055699
0.016816 0.013357 0.000000 0.000000 0.004055 0.000000 0.233205 0.000000 0.010398 0.003599
0.000000 0.000000 0.000000 0.010981 0.000831 0.000000 0.179176 0.000000 0.011429 0.000000
0.000000 0.000000 0.000000 0.019263 0.003893 0.000000 0.109304 0.000000 0.013098 0.000000
0.000000 0.000000 0.000000 0.021887 0.019404 0.000000 0.068204 0.000000 0.010452 0.000000
0.012660 0.000000 0.000000 0.031224 0.038258 0.000000 0.048540 0.006059 0.015935 0.024446
0.081370 0.000000 0.000000 0.070827 0.072201 0.000000 0.004049 0.007503 0.025981 0.035926
0.142742 0.000000 0.000000 0.131520 0.109956 0.000000 0.000000 0.000000 0.017763 0.000000
0.110175 0.000000 0.050205 0.118173 0.094100 0.073149 0.000000 0.000000 0.000000 0.000000
0.020377 0.033150 0.098613 0.041930 0.054381 0.117780 0.025234 0.000000 0.000717 0.000000
0.000000 0.068486 0.080958 0.000000 0.008018 0.069355 0.054972 0.056294 0.066639 0.010116
0.000000 0.056360 0.023589 0.000000 0.000000 0.000000 0.046426 0.103165 0.112419 0.048392
0.000000 0.025721 0.000000 0.000000 0.000000 0.000000 0.013419 0.047164 0.057922 0.033826
0.000000 0.001037 0.000403 0.000000 0.000000 0.000000 0.002158 0.002188 0.000162 0.002689
0.000016 0.000012 0.000000 0.000263 0.000290 0.000000 0.000000 0.000002 0.000157 0.000634
0.000000 0.000000 -0.000000 -0.000000 -0.000000 0.000000 0.000000 -0.000000 0.000000 -0.000000
0.000000 0.000000 -0.000000 -0.000000 -0.000000 0.000000 0.000000 -0.000000 0.000000 -0.000000
0.000000 0.000000 -0.000000 -0.000000 -0.000000 0.000000 0.000000 -0.000000 0.000000 -0.000000
0.000049 0.000014 0.000059 0.000030 0.000438 0.000000 0.000196 0.000033 0.000000 0.000000
0.000096 0.000118 0.000017 0.000035 0.000324 0.000000 0.000000 0.000030 0.000000 0.000000
0.003653 0.000000 0.003900 0.000505 0.005383 0.000000 0.000000 0.000109 0.010684 0.000000
0.017912 0.000000 0.044907 0.000000 0.040168 0.000000 0.000000 0.029855 0.066621 0.000000
0.019102 0.000000 0.066866 0.000000 0.087989 0.000000 0.000000 0.085607 0.106296 0.000000
0.001943 0.000000 0.069437 0.052156 0.081352 0.043223 0.000000 0.085908 0.082071 0.000000
0.000000 0.063484 0.034848 0.095868 0.035290 0.094832 0.000000 0.025253 0.030969 0.000000
0.000000 0.115156 0.001169 0.071838 0.000000 0.089114 0.002944 0.000000 0.000740 0.071892
0.027091 0.127839 0.000000 0.022026 0.000000 0.039866 0.071003 0.000000 0.000000 0.134591
0.044571 0.080154 0.000000 0.000000 0.000000 0.000000 0.169711 0.000000 0.000000 0.100376
0.027431 0.016150 0.001127 0.000000 0.000898 0.000000 0.223815 0.000000 0.000000 0.035940
0.000000 0.000000 0.000129 0.000000 0.003399 0.000000 0.172604 0.000000 0.000000 0.005165
0.000000 0.000000 0.000000 0.003948 0.000000 0.001247 0.094047 0.000000 0.006053 0.000000
0.000000 0.000000 0.000000 0.006603 0.001830 0.000576 0.052669 0.000000 0.005158 0.000000
0.000000 0.000000 0.000000 0.010187 0.016329 0.000000 0.037012 0.000320 0.003998 0.000000
0.020860 0.000000 0.000000 0.009308 0.043876 0.000000 0.038169 0.009542 0.004243 0.031896
0.089024 0.000000 0.000000 0.045013 0.080516 0.000000 0.004865 0.013897 0.006711 0.042910
0.138306 0.000000 0.000000 0.109607 0.127756 0.000000 0.000000 0.000000 0.000000 0.009715
0.093439 0.010490 0.019739 0.124051 0.108922 0.074991 0.000000 0.000000 0.000000 0.000000
0.000000 0.051266 0.090747 0.058161 0.046121 0.121352 0.031418 0.000000 0.000000 0.000000
0.000000 0.057865 0.090806 0.000000 0.000000 0.073298 0.066365 0.049842 0.067168 0.007836
0.000000 0.038988 0.044027 0.000000 0.000000 0.000000 0.044313 0.092658 0.127307 0.041440
0.000000 0.012642 0.009627 0.000000 0.000000 0.000000 0.007169 0.044247 0.068935 0.029543
0.000000 0.001037 0.000905 0.000000 0.000000 0.000000 0.002194 0.001351 0.000134 0.002137
0.000002 0.000001 0.000000 0.000030 0.000034 0.000000 0.000000 0.000000 0.000018 0.000073
0.000000 0.000000 -0.000000 -0.000000 -0.000000 0.000000 0.000000 -0.000000 0.000000 -0.000000
0.000000 0.000000 -0.000000 -0.000000 -0.000000 0.000000 0.000000 -0.000000 0.000000 -0.000000
0.000000 0.000000 -0.000000 -0.000000 -0.000000 0.000000 0.000000 -0.000000 0.000000 -0.000000
0.000000 0.000000 -0.000000 -0.000000 -0.000000 0.000000 0.000000 -0.000000 0.000000 -0.000000
0.000094 0.000115 0.000017 0.000034 0.000316 0.000000 0.000000 0.000030 0.000000 0.000000
0.005289 0.000000 0.001819 0.001830 0.017574 0.000000 0.000000 0.000467 0.022263 0.000000
0.020433 0.000000 0.032360 0.000000 0.067488 0.000000 0.000000 0.054910 0.103756 0.000000
0.014170 0.000000 0.059619 0.009796 0.087738 0.004826 0.000000 0.097505 0.115005 0.000000
0.000000 0.045542 0.070834 0.059352 0.056276 0.064380 0.000000 0.062544 0.062620 0.000000
0.000000 0.091435 0.047542 0.090192 0.010139 0.106897 0.000000 0.000000 0.000000 0.000000
0.017405 0.114914 0.008951 0.050520 0.000000 0.076538 0.043267 0.000000 0.000000 0.098398
0.039315 0.085541 0.000000 0.000197 0.000000 0.017212 0.122650 0.000000 0.000000 0.137011
0.033336 0.023629 0.000000 0.000000 0.000000 0.000000 0.198352 0.000000 0.000000 0.084715
0.000000 0.000000 0.000646 0.000000 0.007786 0.000000 0.183004 0.000000 0.000000 0.032076
0.000000 0.000000 0.000723 0.000000 0.003906 0.000284 0.110676 0.000000 0.000000 0.005052
0.000000 0.000000 0.000000 0.002540 0.001108 0.002231 0.049342 0.000000 0.001378 0.000000
0.000000 0.000000 0.000000 0.001426 0.006038 0.000321 0.023685 0.000000 0.002773 0.000000
0.004755 0.000000 0.000000 0.002717 0.022435 0.000000 0.019460 0.002006 0.000000 0.005226
0.037776 0.000000 0.000000 0.000000 0.062312 0.000000 0.024901 0.011382 0.000000 0.033993
0.103328 0.000000 0.000000 0.023267 0.110173 0.000000 0.000000 0.017685 0.000000 0.052013
0.128967 0.002908 0.000000 0.089903 0.144082 0.006046 0.000000 0.000000 0.000000 0.020412
0.067562 0.027884 0.000000 0.113814 0.103864 0.088546 0.001178 0.000000 0.000000 0.000000
0.000000 0.053477 0.070811 0.059127 0.032042 0.126302 0.049063 0.000000 0.000000 0.000000
0.000000 0.042011 0.092947 0.000000 0.000000 0.069811 0.068297 0.048251 0.073981 0.003707
0.000000 0.016384 0.063717 0.000000 0.000000 0.000000 0.037990 0.079449 0.130732 0.032440
0.000000 0.003160 0.028803 0.000000 0.000000 0.000000 0.003305 0.032915 0.067622 0.026966
0.000000 0.001120 0.001440 0.000000 0.000000 0.000000 0.001804 0.001530 0.000000 0.001972
0.000000 0.000000 -0.000000 -0.000000 -0.000000 0.000000 0.000000 -0.000000 0.000000 -0.000000
0.000000 0.000000 -0.000000 -0.000000 -0.000000 0.000000 0.000000 -0.000000 0.000000 -0.000000
0.000000 0.000000 -0.000000 -0.000000 -0.000000 0.000000 0.000000 -0.000000 0.000000 -0.000000
0.000000 0.000000 -0.000000 -0.000000 -0.000000 0.000000 0.000000 -0.000000 0.000000 -0.000000
0.000000 0.000000 -0.000000 -0.000000 -0.000000 0.000000 0.000000 -0.000000 0.000000 -0.000000
0.000174 0.000000 0.000023 0.000029 0.000049 0.000011 0.000581 0.000000 0.000000 0.000000
0.006123 0.000000 0.000000 0.007848 0.045273 0.000000 0.000000 0.007994 0.031062 0.000000
0.017285 0.000000 0.014648 0.000000 0.079563 0.000000 0.000000 0.077004 0.126021 0.000000
0.007311 0.032001 0.057316 0.013686 0.073402 0.014674 0.000000 0.098455 0.109627 0.000000
0.009291 0.076056 0.079576 0.059222 0.033990 0.079428 0.000000 0.035628 0.040893 0.000000
0.017015 0.093730 0.064247 0.072113 0.000000 0.109114 0.018314 0.000000 0.000000 0.013478
0.031864 0.086160 0.018898 0.032663 0.000000 0.062310 0.079651 0.000000 0.000000 0.114567
0.035353 0.035135 0.000000 0.000000 0.000000 0.006076 0.149128 0.000000 0.000000 0.139811
0.011603 0.000000 0.000000 0.000000 0.004846 0.000000 0.174811 0.005689 0.000000 0.079908
0.000000 0.000000 0.000000 0.000000 0.010841 0.000000 0.115759 0.002407 0.000000 0.024876
0.000000 0.000000 0.000013 0.000000 0.003313 0.000394 0.050963 0.000000 0.000000 0.004322
0.000000 0.000000 0.000000 0.001067 0.000864 0.000249 0.020568 0.000000 0.000677 0.001216
0.000000 0.000000 0.000000 0.001271 0.015114 0.000000 0.020460 0.000000 0.000000 0.001936
0.011222 0.000000 0.000000 0.000000 0.044671 0.000000 0.019580 0.004533 0.000000 0.012985
0.059416 0.000000 0.000000 0.000000 0.100743 0.000000 0.008922 0.013438 0.000000 0.036320
0.115794 0.006177 0.000000 0.011004 0.148348 0.000000 0.000000 0.013502 0.000000 0.056442
0.110885 0.026139 0.000000 0.072324 0.147195 0.030036 0.000000 0.000000 0.000000 0.029252
0.035116 0.040453 0.000000 0.101808 0.080207 0.104919 0.015334 0.000000 0.000000 0.000000
0.000000 0.040515 0.054650 0.054246 0.008388 0.124008 0.061372 0.006402 0.007666 0.000000
0.000000 0.020829 0.090066 0.000000 0.000000 0.053225 0.068726 0.054681 0.092324 0.001992
0.000000 0.003735 0.078637 0.000000 0.000000 0.000000 0.029882 0.059917 0.127067 0.028793
0.001895 0.004179 0.044438 0.000000 0.000000 0.000000 0.000000 0.017419 0.056319 0.021181
0.000000 0.000985 0.001324 0.000000 0.000000 0.000000 0.001764 0.001042 0.000000 0.001768
0.000000 0.000000 -0.000000 -0.000000 -0.000000 0.000000 0.000000 -0.000000 0.000000 -0.000000
0.000000 0.000000 -0.000000 -0.000000 -0.000000 0.000000 0.000000 -0.000000 0.000000 -0.000000
0.000000 0.000000 -0.000000 -0.000000 -0.000000 0.000000 0.000000 -0.000000 0.000000 -0.000000
0.000000 0.000000 -0.000000 -0.000000 -0.000000 0.000000 0.000000 -0.000000 0.000000 -0.000000
0.000000 0.000000 -0.000000 -0.000000 -0.000000 0.000000 0.000000 -0.000000 0.000000 -0.000000
0.000205 0.000000 0.000000 0.000000 0.000001 0.000000 0.000018 0.000006 0.000010 0.000000
0.004910 0.000000 0.000000 0.010643 0.059563 0.000000 0.000000 0.017994 0.036937 0.000000
0.010798 0.012416 0.000486 0.005580 0.068807 0.000000 0.000000 0.088248 0.131070 0.000000
0.012038 0.067908 0.052286 0.018850 0.055580 0.022932 0.000000 0.092815 0.100876 0.000000
0.032773 0.080999 0.090199 0.049909 0.020629 0.089241 0.000000 0.018472 0.021809 0.000000
0.041040 0.065529 0.079702 0.055089 0.000000 0.106770 0.047013 0.000000 0.000000 0.022029
0.036099 0.036233 0.032594 0.020111 0.000000 0.051665 0.110676 0.000000 0.000000 0.124678
0.013380 0.001930 0.000104 0.000000 0.003315 0.000000 0.153847 0.000000 0.000000 0.142541
0.000000 0.000000 0.000000 0.000000 0.014549 0.000000 0.130654 0.008688 0.000000 0.082910
0.000000 0.000000 0.000000 0.000000 0.010863 0.000000 0.064637 0.003867 0.000000 0.024712
0.000000 0.000000 0.000000 0.000546 0.004373 0.000228 0.025151 0.000773 0.000000 0.002868
0.000000 0.000533 0.000000 0.001312 0.012974 0.000000 0.016803 0.000345 0.000000 0.002310
0.000000 0.001012 0.000244 0.000000 0.042080 0.000000 0.024707 0.002915 0.000000 0.007040
0.026058 0.000897 0.000577 0.000000 0.101026 0.000000 0.024282 0.008639 0.000000 0.019851
0.079754 0.009194 0.000000 0.000000 0.158546 0.000000 0.000000 0.010178 0.000000 0.050856
0.119241 0.025980 0.000000 0.006693 0.168048 0.000000 0.000000 0.005417 0.000000 0.059229
0.080782 0.042623 0.000000 0.065040 0.113337 0.065230 0.000000 0.000000 0.000000 0.031480
0.000000 0.033972 0.000000 0.093834 0.039823 0.122275 0.041753 0.000000 0.000000 0.000000
0.000000 0.016379 0.040148 0.058084 0.000000 0.104839 0.081222 0.030628 0.049704 0.000000
0.000000 0.001548 0.091514 0.000000 0.000000 0.031003 0.055250 0.056565 0.107108 0.001804
0.000879 0.000000 0.089833 0.000000 0.000000 0.000000 0.011681 0.041848 0.106271 0.021892
0.002865 0.008471 0.050706 0.000000 0.000000 0.000000 0.000000 0.002660 0.036968 0.015606
0.000000 0.001396 0.002766 0.000000 0.000000 0.000000 0.001456 0.000000 0.000000 0.002816
0.000000 0.000000 -0.000000 -0.000000 -0.000000 0.000000 0.000000 -0.000000 0.000000 -0.000000
0.000000 0.000000 -0.000000 -0.000000 -0.000000 0.000000 0.000000 -0.000000 0.000000 -0.000000
0.000000 0.000000 -0.000000 -0.000000 -0.000000 0.000000 0.000000 -0.000000 0.000000 -0.000000
0.000000 0.000000 -0.000000 -0.000000 -0.000000 0.000000 0.000000 -0.000000 0.000000 -0.000000
0.000000 0.000000 -0.000000 -0.000000 -0.000000 0.000000 0.000000 -0.000000 0.000000 -0.000000
0.000064 0.000000 0.000000 0.000000 0.000000 0.000000 0.000000 0.000006 0.000014 0.000025
0.002026 0.001644 0.000000 0.010874 0.060991 0.000000 0.000000 0.017365 0.040213 0.000000
0.003220 0.055775 0.000000 0.008827 0.057493 0.000000 0.000000 0.089051 0.123886 0.000000
0.026659 0.088816 0.045064 0.014618 0.038065 0.028422 0.000000 0.089911 0.093457 0.000000
0.058553 0.066357 0.095612 0.039166 0.019772 0.090035 0.000710 0.014363 0.017824 0.000000
0.057805 0.023439 0.093179 0.045969 0.005078 0.102344 0.074342 0.000000 0.000000 0.021009
0.027524 0.000000 0.052712 0.009402 0.019244 0.052376 0.127053 0.000000 0.000000 0.129867
0.000000 0.000000 0.011887 0.000000 0.029663 0.000000 0.148286 0.000000 0.000000 0.146403
0.000000 0.000000 0.000160 0.000000 0.028397 0.000000 0.109824 0.004627 0.000000 0.081938
0.000000 0.000000 0.000000 0.000000 0.028240 0.000000 0.055754 0.001637 0.000000 0.027124
0.000000 0.000000 0.000000 0.001942 0.034128 0.000000 0.027947 0.001134 0.000000 0.002793
0.000000 0.000000 0.000087 0.002800 0.064237 0.000000 0.023739 0.002514 0.000000 0.001460
0.010354 0.006249 0.001595 0.000000 0.122155 0.000000 0.026407 0.003393 0.000000 0.009696
0.049231 0.016601 0.000173 0.000000 0.178448 0.000000 0.011967 0.005382 0.000000 0.034135
0.096785 0.026623 0.000000 0.000000 0.185442 0.000000 0.000000 0.000306 0.000000 0.062093
0.099036 0.040538 0.000000 0.004494 0.126665 0.043984 0.000000 0.000000 0.000000 0.063503
0.042573 0.033109 0.000000 0.064294 0.060788 0.101254 0.007727 0.000000 0.012137 0.024307
0.000000 0.007413 0.000000 0.087421 0.000000 0.122655 0.065852 0.023325 0.040257 0.000000
0.000000 0.000000 0.050200 0.055657 0.000000 0.070633 0.078940 0.050070 0.081653 0.000000
0.000000 0.000000 0.105541 0.000000 0.000000 0.004928 0.035791 0.051423 0.099089 0.004744
0.002859 0.007384 0.096289 0.000000 0.000000 0.000000 0.002924 0.018608 0.066723 0.017506
0.000940 0.009577 0.048168 0.000000 0.000000 0.000000 0.000000 0.000000 0.019665 0.009744
0.000000 0.001541 0.003141 0.000000 0.000000 0.000000 0.001633 0.000000 0.000217 0.003083
0.000000 0.000000 -0.000000 -0.000000 -0.000000 0.000000 0.000000 -0.000000 0.000000 -0.000000
0.000000 0.000000 -0.000000 -0.000000 -0.000000 0.000000 0.000000 -0.000000 0.000000 -0.000000
0.000000 0.000000 -0.000000 -0.000000 -0.000000 0.000000 0.000000 -0.000000 0.000000 -0.000000
0.000000 0.000000 -0.000000 -0.000000 -0.000000 0.000000 0.000000 -0.000000 0.000000 -0.000000
0.000000 0.000000 -0.000000 -0.000000 -0.000000 0.000000 0.000000 -0.000000 0.000000 -0.000000
0.000000 0.000414 0.000000 0.000000 0.000000 0.000117 0.000290 0.000000 0.000223 0.000107
0.000000 0.022335 0.000000 0.012287 0.057255 0.000000 0.000000 0.017959 0.033601 0.000000
0.000000 0.093050 0.000000 0.016820 0.047154 0.000000 0.000000 0.084133 0.104280 0.000000
0.044770 0.096754 0.022097 0.020450 0.031412 0.026863 0.000000 0.096355 0.092391 0.000000
0.083449 0.045590 0.084952 0.033454 0.015525 0.087904 0.008318 0.025061 0.030730 0.000000
0.073434 0.000000 0.099160 0.035888 0.025990 0.104558 0.081938 0.000000 0.000000 0.011256
0.007948 0.000000 0.075569 0.001690 0.056801 0.057897 0.128794 0.000000 0.000000 0.135213
0.000000 0.000000 0.037384 0.000000 0.077385 0.000000 0.140876 0.000000 0.007947 0.151222
0.000000 0.000000 0.012050 0.000000 0.077466 0.000000 0.104968 0.000000 0.012496 0.085643
0.000000 0.000000 0.002522 0.000000 0.092605 0.000000 0.059046 0.000000 0.007907 0.026554
0.000000 0.000000 0.001065 0.003061 0.120106 0.000000 0.037030 0.000000 0.000972 0.001122
0.007402 0.001446 0.001890 0.000000 0.166801 0.000000 0.028954 0.000000 0.000000 0.002988
0.035191 0.015750 0.001249 0.000000 0.212588 0.000000 0.012051 0.000000 0.000000 0.028635
0.077951 0.024559 0.000000 0.000000 0.197700 0.000000 0.001326 0.000000 0.009345 0.057179
0.094399 0.039559 0.000000 0.000000 0.123147 0.037953 0.000000 0.000000 0.031381 0.078908
0.066326 0.021412 0.000000 0.011123 0.049599 0.094038 0.000820 0.000000 0.041823 0.057808
0.003901 0.000000 0.000000 0.073253 0.000000 0.126680 0.046067 0.016455 0.049016 0.008439
0.000000 0.000000 0.007229 0.083786 0.000000 0.096182 0.078932 0.049118 0.070393 0.000000
0.000000 0.000000 0.085438 0.040820 0.000000 0.029690 0.051643 0.055889 0.082459 0.000000
0.000000 0.001905 0.120716 0.000000 0.000000 0.000000 0.012556 0.032053 0.064291 0.008129
0.002500 0.014103 0.085720 0.000000 0.000000 0.000000 0.000000 0.002919 0.030935 0.012415
0.000000 0.008430 0.033122 0.000000 0.000000 0.000000 0.000295 0.000000 0.007780 0.006535
0.000000 0.001777 0.003747 0.000000 0.000000 0.000000 0.001426 0.000000 0.000315 0.003334
0.000000 0.000000 -0.000000 -0.000000 -0.000000 0.000000 0.000000 -0.000000 0.000000 -0.000000
0.000000 0.000000 -0.000000 -0.000000 -0.000000 0.000000 0.000000 -0.000000 0.000000 -0.000000
0.000000 0.000000 -0.000000 -0.000000 -0.000000 0.000000 0.000000 -0.000000 0.000000 -0.000000
0.000000 0.000000 -0.000000 -0.000000 -0.000000 0.000000 0.000000 -0.000000 0.000000 -0.000000
0.000000 0.000000 -0.000000 -0.000000 -0.000000 0.000000 0.000000 -0.000000 0.000000 -0.000000
0.000000 0.001070 0.000061 0.000000 0.000000 0.000045 0.000288 0.000000 0.000163 0.000000
0.000000 0.037248 0.000000 0.010245 0.043937 0.000000 0.000000 0.017234 0.018298 0.000000
0.000000 0.115490 0.000000 0.015819 0.035283 0.000000 0.000000 0.072426 0.076416 0.000000
0.051745 0.107112 0.000000 0.023710 0.020415 0.020809 0.000000 0.102836 0.087733 0.000000
0.104834 0.027610 0.050919 0.034298 0.024513 0.077007 0.002241 0.059997 0.052705 0.000000
0.090402 0.000000 0.093325 0.026005 0.049013 0.102809 0.062723 0.000000 0.025450 0.000000
0.011107 0.000000 0.097996 0.000799 0.097720 0.067858 0.103514 0.000000 0.021284 0.120857
0.000000 0.000000 0.071975 0.000000 0.139007 0.013404 0.112859 0.000000 0.033203 0.156330
0.000000 0.000000 0.041051 0.000000 0.154814 0.000000 0.090807 0.000000 0.040799 0.102814
0.000000 0.000000 0.025697 0.000000 0.190104 0.000000 0.060980 0.000000 0.033654 0.052390
0.000441 0.004913 0.010938 0.000000 0.214439 0.000000 0.033354 0.000000 0.026728 0.028339
0.030098 0.020376 0.005124 0.000000 0.218740 0.000929 0.013444 0.000000 0.030528 0.036339
0.068240 0.027323 0.000000 0.000000 0.176374 0.015275 0.000000 0.000000 0.047623 0.061073
0.093296 0.033257 0.000000 0.000000 0.095527 0.049797 0.000000 0.000000 0.061481 0.079825
0.075207 0.017196 0.000000 0.000000 0.023268 0.093332 0.000000 0.000000 0.064181 0.083295
0.029749 0.000000 0.000000 0.037922 0.000000 0.127718 0.034581 0.015921 0.059079 0.031156
0.000000 0.000000 0.000000 0.087173 0.000000 0.107125 0.071158 0.049860 0.063779 0.000000
0.000000 0.000000 0.065129 0.076639 0.000000 0.042952 0.066781 0.063792 0.063001 0.000000
0.000000 0.000973 0.123483 0.027530 0.000000 0.000000 0.020705 0.042148 0.051959 0.001324
0.000545 0.015575 0.110980 0.000000 0.000000 0.000000 0.000000 0.011005 0.028332 0.009116
0.002613 0.012305 0.057345 0.000000 0.000000 0.000000 0.000000 0.000000 0.010812 0.005422
0.000000 0.005644 0.016051 0.000000 0.000000 0.000000 0.002157 0.000000 0.003235 0.004385
0.000000 0.001027 0.002130 0.000000 0.000000 0.000000 0.000114 0.000000 0.000064 0.001949
0.000000 0.000000 -0.000000 -0.000000 -0.000000 0.000000 0.000000 -0.000000 0.000000 -0.000000
0.000000 0.000000 -0.000000 -0.000000 -0.000000 0.000000 0.000000 -0.000000 0.000000 -0.000000
0.000000 0.000000 -0.000000 -0.000000 -0.000000 0.000000 0.000000 -0.000000 0.000000 -0.000000
0.000000 0.000000 -0.000000 -0.000000 -0.000000 0.000000 0.000000 -0.000000 0.000000 -0.000000
0.000000 0.000000 -0.000000 -0.000000 -0.000000 0.000000 0.000000 -0.000000 0.000000 -0.000000
0.000000 0.001153 0.000003 0.000000 0.000000 0.000220 0.000619 0.000000 0.000453 0.000184
0.000000 0.041536 0.000000 0.007735 0.021379 0.000000 0.000000 0.012417 0.007533 0.000000
0.000000 0.125666 0.000000 0.018028 0.014853 0.000000 0.000000 0.052269 0.046623 0.000000
0.049102 0.126977 0.000000 0.033867 0.012311 0.011144 0.000000 0.105309 0.066729 0.000000
0.113790 0.044272 0.010998 0.031532 0.013774 0.060575 0.000000 0.097729 0.057790 0.000000
0.115481 0.000000 0.058138 0.029293 0.050113 0.095327 0.016743 0.037655 0.039306 0.000000
0.049027 0.000000 0.097311 0.008032 0.094482 0.083418 0.048209 0.000000 0.040106 0.080101
0.000000 0.000000 0.097979 0.000000 0.138998 0.046541 0.058996 0.000000 0.052994 0.146489
0.000000 0.012284 0.079899 0.000000 0.168934 0.022419 0.040524 0.000000 0.058374 0.137899
0.000000 0.029861 0.061441 0.000000 0.174515 0.017818 0.014887 0.000000 0.061654 0.105273
0.031531 0.035521 0.042070 0.000000 0.160713 0.026432 0.000000 0.000000 0.063894 0.083168
0.068024 0.036192 0.023083 0.000000 0.105783 0.045864 0.000000 0.000000 0.073492 0.083611
0.090017 0.024356 0.007895 0.000000 0.039172 0.076028 0.000000 0.000000 0.076799 0.087688
0.078984 0.001863 0.000000 0.000000 0.000000 0.105895 0.001570 0.000000 0.075095 0.093511
0.038774 0.000000 0.000000 0.019213 0.000000 0.123439 0.030664 0.028740 0.063663 0.059615
0.000000 0.000000 0.007859 0.080476 0.000000 0.103359 0.060195 0.061311 0.052071 0.001738
0.000000 0.000000 0.069653 0.091171 0.000000 0.043314 0.065486 0.071529 0.040589 0.000000
0.000000 0.004768 0.124710 0.056337 0.000000 0.000000 0.028943 0.044478 0.032482 0.000000
0.000000 0.017547 0.123168 0.010590 0.000000 0.000000 0.003331 0.014917 0.019722 0.006652
0.001872 0.015634 0.075111 0.000000 0.000000 0.000000 0.000000 0.000000 0.008553 0.005226
0.000000 0.008366 0.030028 0.000000 0.000000 0.000000 0.000000 0.000000 0.004243 0.003764
0.000000 0.003649 0.006614 0.000000 0.000000 0.000000 0.002671 0.000000 0.001610 0.003492
0.000000 0.000149 0.000198 0.000000 0.000054 0.000000 0.000000 0.000000 0.000044 0.000530
0.000014 0.000010 0.000000 0.000219 0.000242 0.000000 0.000000 0.000001 0.000131 0.000528
0.000000 0.000000 -0.000000 -0.000000 -0.000000 0.000000 0.000000 -0.000000 0.000000 -0.000000
0.000000 0.000000 -0.000000 -0.000000 -0.000000 0.000000 0.000000 -0.000000 0.000000 -0.000000
0.000000 0.000000 -0.000000 -0.000000 -0.000000 0.000000 0.000000 -0.000000 0.000000 -0.000000
0.000000 0.000000 -0.000000 -0.000000 -0.000000 0.000000 0.000000 -0.000000 0.000000 -0.000000
0.000000 0.000926 0.000000 0.000000 0.000000 0.000261 0.000648 0.000000 0.000499 0.000238
0.000000 0.031136 0.000000 0.005605 0.012363 0.000000 0.000000 0.006107 0.002128 0.000000
0.000000 0.111519 0.000000 0.014338 0.006387 0.000000 0.000000 0.032641 0.013421 0.000000
0.028381 0.148845 0.000000 0.031855 0.000000 0.000000 0.000000 0.083457 0.034587 0.000000
0.096167 0.103115 0.000000 0.037843 0.000000 0.035476 0.000000 0.119355 0.039988 0.000000
0.126996 0.032267 0.010477 0.041186 0.006662 0.074886 0.000000 0.097901 0.036280 0.000000
0.106652 0.007527 0.054178 0.031623 0.040387 0.087669 0.000000 0.051583 0.029698 0.024200
0.069759 0.021439 0.085118 0.007708 0.060034 0.077171 0.000000 0.012105 0.037991 0.092312
0.049195 0.044131 0.097191 0.000000 0.061714 0.065686 0.000000 0.000000 0.048417 0.125499
0.054629 0.054320 0.085757 0.000000 0.042103 0.068003 0.000000 0.000000 0.059423 0.123531
0.071922 0.042657 0.070226 0.000000 0.015477 0.079648 0.000000 0.000000 0.064054 0.114694
0.081393 0.026694 0.049333 0.000000 0.000000 0.093890 0.000000 0.003820 0.063487 0.112388
0.076325 0.000000 0.032201 0.000000 0.000000 0.108064 0.015429 0.023563 0.058889 0.101245
0.042797 0.000000 0.027945 0.034535 0.000000 0.108950 0.035527 0.050320 0.043780 0.063697
0.000000 0.000000 0.047516 0.091000 0.000000 0.084492 0.057136 0.073727 0.025399 0.011466
0.000000 0.000000 0.089572 0.102632 0.000000 0.036128 0.057911 0.067984 0.013846 0.000000
0.000000 0.010101 0.129115 0.069961 0.000000 0.000000 0.025548 0.044798 0.009702 0.000000
0.000000 0.022068 0.123860 0.027298 0.000000 0.000000 0.000683 0.013965 0.005357 0.006273
0.000000 0.017218 0.083889 0.000545 0.000000 0.000000 0.000000 0.000000 0.002273 0.005150
0.000000 0.010182 0.036486 0.000000 0.000000 0.000000 0.000838 0.000000 0.002882 0.003886
0.000000 0.004816 0.010214 0.000000 0.000000 0.000000 0.001010 0.000000 0.002110 0.004043
0.000000 0.001779 0.002679 0.000000 0.000000 0.000000 0.000812 0.000000 0.000570 0.001705
0.000000 0.000048 0.000000 0.000110 0.000172 0.000000 0.000000 0.000000 0.000086 0.000500
0.000024 0.000017 0.000000 0.000382 0.000421 0.000000 0.000000 0.000002 0.000228 0.000920
0.000000 0.000000 -0.000000 -0.000000 -0.000000 0.000000 0.000000 -0.000000 0.000000 -0.000000
0.000000 0.000000 -0.000000 -0.000000 -0.000000 0.000000 0.000000 -0.000000 0.000000 -0.000000
0.000000 0.000000 -0.000000 -0.000000 -0.000000 0.000000 0.000000 -0.000000 0.000000 -0.000000
0.000000 0.000000 -0.000000 -0.000000 -0.000000 0.000000 0.000000 -0.000000 0.000000 -0.000000
0.000000 0.000926 0.000000 0.000000 0.000000 0.000261 0.000648 0.000000 0.000499 0.000238
0.000000 0.017710 0.000000 0.002644 0.005870 0.000000 0.000000 0.002050 0.000000 0.000000
0.000000 0.070961 0.000000 0.009118 0.000000 0.000000 0.000000 0.010730 0.000962 0.000000
0.006622 0.128400 0.000000 0.021999 0.000000 0.000000 0.000484 0.045736 0.007161 0.000000
0.055297 0.136497 0.000000 0.032605 0.000000 0.013393 0.000000 0.093785 0.015248 0.000000
0.107473 0.100984 0.000000 0.046738 0.000000 0.045615 0.000000 0.121569 0.010275 0.000000
0.125363 0.064934 0.000000 0.055196 0.000000 0.073075 0.000000 0.115180 0.003605 0.000000
0.116174 0.050563 0.031460 0.049133 0.000000 0.085379 0.000000 0.092595 0.004400 0.022928
0.104393 0.049357 0.055770 0.039165 0.000000 0.086175 0.000000 0.072655 0.009711 0.062243
0.098324 0.041557 0.066867 0.028525 0.000000 0.088523 0.000000 0.058860 0.013834 0.079682
0.087860 0.022303 0.072440 0.025632 0.000000 0.092962 0.011940 0.056471 0.013917 0.085271
0.070664 0.000000 0.064253 0.045512 0.000000 0.093432 0.029197 0.065076 0.013754 0.076840
0.030932 0.000000 0.064456 0.082054 0.000000 0.080824 0.041988 0.077317 0.003575 0.053600
0.000000 0.000000 0.079567 0.116963 0.000000 0.051202 0.052027 0.079668 0.000000 0.009653
0.000000 0.000000 0.104102 0.113463 0.000000 0.013569 0.041470 0.065020 0.000000 0.000000
0.000000 0.017724 0.118411 0.075950 0.000000 0.000000 0.023030 0.041524 0.000000 0.000000
0.000000 0.023858 0.107027 0.035062 0.000000 0.000000 0.000000 0.014962 0.000000 0.003564
0.000000 0.017979 0.067261 0.012513 0.000000 0.000000 0.000000 0.000000 0.000000 0.005402
0.000000 0.009377 0.029824 0.001289 0.000000 0.000000 0.000000 0.000000 0.001018 0.002961
0.000000 0.004786 0.010702 0.000000 0.000000 0.000000 0.000482 0.000000 0.001593 0.003763
0.000000 0.001943 0.002117 0.000000 0.000000 0.000000 0.000000 0.000000 0.000710 0.001737
0.000000 0.000172 0.000268 0.000000 0.000000 0.000000 0.000000 0.000000 0.000016 0.000287
0.000006 0.000004 0.000000 0.000094 0.000104 0.000000 0.000000 0.000001 0.000056 0.000227
0.000013 0.000010 0.000000 0.000216 0.000238 0.000000 0.000000 0.000001 0.000129 0.000521
0.000000 0.000000 -0.000000 -0.000000 -0.000000 0.000000 0.000000 -0.000000 0.000000 -0.000000
0.000000 0.000000 -0.000000 -0.000000 -0.000000 0.000000 0.000000 -0.000000 0.000000 -0.000000
0.000000 0.000000 -0.000000 -0.000000 -0.000000 0.000000 0.000000 -0.000000 0.000000 -0.000000
0.000000 0.000000 -0.000000 -0.000000 -0.000000 0.000000 0.000000 -0.000000 0.000000 -0.000000
0.000000 0.000000 -0.000000 -0.000000 -0.000000 0.000000 0.000000 -0.000000 0.000000 -0.000000
0.000000 0.003754 0.000035 0.001002 0.002132 0.000000 0.001278 0.000648 0.000000 0.000000
0.000000 0.021869 0.000000 0.004736 0.002228 0.000000 0.009273 0.002532 0.000000 0.000000
0.000000 0.057715 0.000000 0.010860 0.000000 0.000000 0.013215 0.012518 0.000000 0.000000
0.002521 0.097950 0.000000 0.017539 0.000000 0.000000 0.031810 0.042955 0.000000 0.000000
0.044795 0.107710 0.000000 0.034548 0.000000 0.011723 0.032876 0.082293 0.000000 0.000000
0.094806 0.079493 0.000000 0.057523 0.000000 0.033272 0.027573 0.109487 0.000000 0.000000
0.117663 0.045819 0.000000 0.076517 0.000000 0.052749 0.029665 0.119472 0.000000 0.000000
0.114710 0.017178 0.000000 0.091215 0.000000 0.066143 0.031093 0.120390 0.000000 0.000000
0.088712 0.000000 0.010999 0.102089 0.000000 0.067734 0.045977 0.111482 0.000000 0.006363
0.052652 0.000000 0.030092 0.121468 0.000000 0.056486 0.057821 0.104057 0.000000 0.008704
0.009073 0.000000 0.045474 0.135023 0.000000 0.038724 0.060161 0.096900 0.000000 0.004745
0.000000 0.003506 0.062363 0.135256 0.000000 0.012052 0.047330 0.076703 0.000000 0.000000
0.000000 0.014282 0.071381 0.109459 0.000000 0.000000 0.029361 0.057797 0.000000 0.000000
0.000000 0.019305 0.072764 0.068419 0.001622 0.000000 0.010515 0.033334 0.000000 0.000000
0.000000 0.017462 0.056008 0.036241 0.002098 0.000000 0.000000 0.011327 0.000000 0.000000
0.000000 0.010817 0.030910 0.014872 0.000000 0.000000 0.000000 0.000513 0.000000 0.000601
0.000000 0.004728 0.013250 0.003527 0.000000 0.000000 0.000000 0.000000 0.000317 0.000000
0.000355 0.002389 0.004654 0.001675 0.000000 0.000000 0.000000 0.000000 0.001252 0.000000
0.000000 0.001382 0.001604 0.000000 0.000000 0.000000 0.000000 0.000000 0.000636 0.000865
0.000000 0.000193 0.000375 0.000000 0.000456 0.000348 0.000000 0.000000 0.000000 0.001335
0.000000 0.000000 0.000041 0.000000 0.000219 0.000135 0.000000 0.000000 0.000000 0.000339
0.000000 0.000000 -0.000000 -0.000000 -0.000000 0.000000 0.000000 -0.000000 0.000000 -0.000000
0.000000 0.000000 -0.000000 -0.000000 -0.000000 0.000000 0.000000 -0.000000 0.000000 -0.000000
0.000000 0.000000 -0.000000 -0.000000 -0.000000 0.000000 0.000000 -0.000000 0.000000 -0.000000
0.000000 0.000000 -0.000000 -0.000000 -0.000000 0.000000 0.000000 -0.000000 0.000000 -0.000000
0.000000 0.000000 -0.000000 -0.000000 -0.000000 0.000000 0.000000 -0.000000 0.000000 -0.000000
0.000000 0.000000 -0.000000 -0.000000 -0.000000 0.000000 0.000000 -0.000000 0.000000 -0.000000
0.000000 0.000000 -0.000000 -0.000000 -0.000000 0.000000 0.000000 -0.000000 0.000000 -0.000000
0.000000 0.000880 0.000000 0.000286 0.000000 0.000000 0.001041 0.000015 0.000038 0.000000
0.000000 0.001756 0.000000 0.000696 0.000827 0.000000 0.002941 0.000551 0.000000 0.000000
0.000000 0.007938 0.000000 0.002603 0.001165 0.000000 0.003531 0.001452 0.000000 0.000000
0.000000 0.017766 0.000000 0.006735 0.000000 0.000000 0.016367 0.007082 0.000475 0.000000
0.000000 0.027361 0.000000 0.011980 0.000000 0.000000 0.043849 0.022309 0.000000 0.000000
0.000000 0.028754 0.000000 0.030006 0.000000 0.000000 0.066602 0.043119 0.000000 0.000000
0.004745 0.020127 0.000000 0.052379 0.000000 0.000000 0.082210 0.060395 0.000000 0.000000
0.012802 0.010692 0.000000 0.075585 0.000000 0.000000 0.077663 0.072133 0.000000 0.000000
0.012656 0.006386 0.000000 0.095933 0.000000 0.000000 0.062046 0.076476 0.000000 0.000000
0.005960 0.006514 0.000000 0.101029 0.000000 0.000000 0.044035 0.068021 0.000000 0.000000
0.000000 0.008580 0.000000 0.088802 0.000000 0.000000 0.026546 0.051298 0.000000 0.000000
0.000000 0.008910 0.009034 0.062347 0.000000 0.000000 0.013834 0.032231 0.000000 0.000000
0.000000 0.008066 0.013256 0.035789 0.001732 0.000000 0.001332 0.015311 0.000000 0.000000
0.000000 0.006838 0.009292 0.017591 0.000235 0.000000 0.000000 0.006222 0.000020 0.000000
0.000341 0.003548 0.004510 0.008420 0.000000 0.000000 0.000000 0.001332 0.000982 0.000000
0.001109 0.001578 0.002542 0.003246 0.000000 0.000000 0.000000 0.000174 0.001010 0.000000
0.000945 0.000715 0.001259 0.001661 0.000000 0.000000 0.000000 0.000000 0.000782 0.000000
0.000000 0.000820 0.000436 0.000310 0.000000 0.000000 0.000000 0.000000 0.000532 0.000000
0.000000 0.000144 0.000153 0.000000 0.000133 0.000129 0.000000 0.000000 0.000000 0.000540
0.000000 0.000000 0.000147 0.000000 0.000776 0.000478 0.000000 0.000000 0.000000 0.001204
0.000000 0.000000 0.000041 0.000000 0.000219 0.000135 0.000000 0.000000 0.000000 0.000339
0.000000 0.000000 -0.000000 -0.000000 -0.000000 0.000000 0.000000 -0.000000 0.000000 -0.000000
0.000000 0.000000 -0.000000 -0.000000 -0.000000 0.000000 0.000000 -0.000000 0.000000 -0.000000
0.000000 0.000000 -0.000000 -0.000000 -0.000000 0.000000 0.000000 -0.000000 0.000000 -0.000000
0.000000 0.000000 -0.000000 -0.000000 -0.000000 0.000000 0.000000 -0.000000 0.000000 -0.000000
0.000000 0.000000 -0.000000 -0.000000 -0.000000 0.000000 0.000000 -0.000000 0.000000 -0.000000
0.000000 0.000000 -0.000000 -0.000000 -0.000000 0.000000 0.000000 -0.000000 0.000000 -0.000000
0.000000 0.000000 -0.000000 -0.000000 -0.000000 0.000000 0.000000 -0.000000 0.000000 -0.000000
0.000000 0.000000 -0.000000 -0.000000 -0.000000 0.000000 0.000000 -0.000000 0.000000 -0.000000
0.000000 0.000000 -0.000000 -0.000000 -0.000000 0.000000 0.000000 -0.000000 0.000000 -0.000000
0.000000 0.000000 -0.000000 -0.000000 -0.000000 0.000000 0.000000 -0.000000 0.000000 -0.000000
0.000000 0.000059 0.000000 0.000000 0.000000 0.000031 0.000807 0.000038 0.000000 0.000195
0.000000 0.000463 0.000000 0.000000 0.000000 0.000201 0.005327 0.000295 0.000000 0.001115
0.000000 0.001201 0.000000 0.000059 0.000000 0.000328 0.009699 0.000813 0.000000 0.001057
0.000000 0.001600 0.000000 0.000867 0.000000 0.000148 0.011708 0.001170 0.000000 0.000940
0.000000 0.001325 0.000000 0.002938 0.000000 0.000000 0.010448 0.001226 0.000000 0.000000
0.000000 0.001994 0.000000 0.004276 0.000000 0.000000 0.008185 0.001627 0.000066 0.000000
0.000000 0.001373 0.000000 0.005431 0.000000 0.000000 0.004339 0.000748 0.001139 0.000000
0.000000 0.000169 0.000000 0.003226 0.000000 0.000000 0.003181 0.000153 0.000471 0.000000
0.000114 0.000273 0.000000 0.001741 0.000000 0.000000 0.000322 0.000140 0.000580 0.000000
0.000000 0.000000 -0.000000 -0.000000 -0.000000 0.000000 0.000000 -0.000000 0.000000 -0.000000
0.000000 0.000000 -0.000000 -0.000000 -0.000000 0.000000 0.000000 -0.000000 0.000000 -0.000000
0.000000 0.000000 -0.000000 -0.000000 -0.000000 0.000000 0.000000 -0.000000 0.000000 -0.000000
0.000000 0.000000 -0.000000 -0.000000 -0.000000 0.000000 0.000000 -0.000000 0.000000 -0.000000
0.000000 0.000000 -0.000000 -0.000000 -0.000000 0.000000 0.000000 -0.000000 0.000000 -0.000000
0.000000 0.000000 -0.000000 -0.000000 -0.000000 0.000000 0.000000 -0.000000 0.000000 -0.000000
0.000000 0.000000 -0.000000 -0.000000 -0.000000 0.000000 0.000000 -0.000000 0.000000 -0.000000
0.000000 0.000000 -0.000000 -0.000000 -0.000000 0.000000 0.000000 -0.000000 0.000000 -0.000000
0.000000 0.000000 -0.000000 -0.000000 -0.000000 0.000000 0.000000 -0.000000 0.000000 -0.000000
0.000000 0.000000 -0.000000 -0.000000 -0.000000 0.000000 0.000000 -0.000000 0.000000 -0.000000
0.000000 0.000000 -0.000000 -0.000000 -0.000000 0.000000 0.000000 -0.000000 0.000000 -0.000000
0.000000 0.000000 -0.000000 -0.000000 -0.000000 0.000000 0.000000 -0.000000 0.000000 -0.000000
0.000000 0.000000 -0.000000 -0.000000 -0.000000 0.000000 0.000000 -0.000000 0.000000 -0.000000
0.000000 0.000000 -0.000000 -0.000000 -0.000000 0.000000 0.000000 -0.000000 0.000000 -0.000000
0.000000 0.000000 -0.000000 -0.000000 -0.000000 0.000000 0.000000 -0.000000 0.000000 -0.000000
0.000000 0.000000 -0.000000 -0.000000 -0.000000 0.000000 0.000000 -0.000000 0.000000 -0.000000
0.000000 0.000000 -0.000000 -0.000000 -0.000000 0.000000 0.000000 -0.000000 0.000000 -0.000000
0.000000 0.000000 -0.000000 -0.000000 -0.000000 0.000000 0.000000 -0.000000 0.000000 -0.000000
0.000000 0.000000 -0.000000 -0.000000 -0.000000 0.000000 0.000000 -0.000000 0.000000 -0.000000
0.000000 0.000000 -0.000000 -0.000000 -0.000000 0.000000 0.000000 -0.000000 0.000000 -0.000000
0.000000 0.000000 -0.000000 -0.000000 -0.000000 0.000000 0.000000 -0.000000 0.000000 -0.000000
0.000000 0.000000 -0.000000 -0.000000 -0.000000 0.000000 0.000000 -0.000000 0.000000 -0.000000
0.000000 0.000000 -0.000000 -0.000000 -0.000000 0.000000 0.000000 -0.000000 0.000000 -0.000000
0.000000 0.000000 -0.000000 -0.000000 -0.000000 0.000000 0.000000 -0.000000 0.000000 -0.000000
0.000000 0.000000 -0.000000 -0.000000 -0.000000 0.000000 0.000000 -0.000000 0.000000 -0.000000
0.000000 0.000000 -0.000000 -0.000000 -0.000000 0.000000 0.000000 -0.000000 0.000000 -0.000000
0.000000 0.000000 -0.000000 -0.000000 -0.000000 0.000000 0.000000 -0.000000 0.000000 -0.000000
0.000000 0.000000 -0.000000 -0.000000 -0.000000 0.000000 0.000000 -0.000000 0.000000 -0.000000
0.000000 0.000000 -0.000000 -0.000000 -0.000000 0.000000 0.000000 -0.000000 0.000000 -0.000000
0.000000 0.000000 -0.000000 -0.000000 -0.000000 0.000000 0.000000 -0.000000 0.000000 -0.000000
0.000000 0.000000 -0.000000 -0.000000 -0.000000 0.000000 0.000000 -0.000000 0.000000 -0.000000
0.000000 0.000000 -0.000000 -0.000000 -0.000000 0.000000 0.000000 -0.000000 0.000000 -0.000000
0.000000 0.000000 -0.000000 -0.000000 -0.000000 0.000000 0.000000 -0.000000 0.000000 -0.000000
0.000000 0.000000 -0.000000 -0.000000 -0.000000 0.000000 0.000000 -0.000000 0.000000 -0.000000
0.000000 0.000000 -0.000000 -0.000000 -0.000000 0.000000 0.000000 -0.000000 0.000000 -0.000000
0.000000 0.000000 -0.000000 -0.000000 -0.000000 0.000000 0.000000 -0.000000 0.000000 -0.000000
0.000000 0.000000 -0.000000 -0.000000 -0.000000 0.000000 0.000000 -0.000000 0.000000 -0.000000
0.000000 0.000000 -0.000000 -0.000000 -0.000000 0.000000 0.000000 -0.000000 0.000000 -0.000000
0.000000 0.000000 -0.000000 -0.000000 -0.000000 0.000000 0.000000 -0.000000 0.000000 -0.000000
0.000000 0.000000 -0.000000 -0.000000 -0.000000 0.000000 0.000000 -0.000000 0.000000 -0.000000
0.000000 0.000000 -0.000000 -0.000000 -0.000000 0.000000 0.000000 -0.000000 0.000000 -0.000000
0.000000 0.000000 -0.000000 -0.000000 -0.000000 0.000000 0.000000 -0.000000 0.000000 -0.000000
0.000000 0.000000 -0.000000 -0.000000 -0.000000 0.000000 0.000000 -0.000000 0.000000 -0.000000
0.000000 0.000000 -0.000000 -0.000000 -0.000000 0.000000 0.000000 -0.000000 0.000000 -0.000000
0.000000 0.000000 -0.000000 -0.000000 -0.000000 0.000000 0.000000 -0.000000 0.000000 -0.000000
0.000000 0.000000 -0.000000 -0.000000 -0.000000 0.000000 0.000000 -0.000000 0.000000 -0.000000
0.000000 0.000000 -0.000000 -0.000000 -0.000000 0.000000 0.000000 -0.000000 0.000000 -0.000000
0.000000 0.000000 -0.000000 -0.000000 -0.000000 0.000000 0.000000 -0.000000 0.000000 -0.000000
0.000000 0.000000 -0.000000 -0.000000 -0.000000 0.000000 0.000000 -0.000000 0.000000 -0.000000
0.000000 0.000000 -0.000000 -0.000000 -0.000000 0.000000 0.000000 -0.000000 0.000000 -0.000000
0.000000 0.000000 -0.000000 -0.000000 -0.000000 0.000000 0.000000 -0.000000 0.000000 -0.000000
0.000000 0.000000 -0.000000 -0.000000 -0.000000 0.000000 0.000000 -0.000000 0.000000 -0.000000
0.000000 0.000000 -0.000000 -0.000000 -0.000000 0.000000 0.000000 -0.000000 0.000000 -0.000000
0.000000 0.000000 -0.000000 -0.000000 -0.000000 0.000000 0.000000 -0.000000 0.000000 -0.000000
0.000000 0.000000 -0.000000 -0.000000 -0.000000 0.000000 0.000000 -0.000000 0.000000 -0.000000
0.000000 0.000000 -0.000000 -0.000000 -0.000000 0.000000 0.000000 -0.000000 0.000000 -0.000000
0.000000 0.000000 -0.000000 -0.000000 -0.000000 0.000000 0.000000 -0.000000 0.000000 -0.000000
0.000000 0.000000 -0.000000 -0.000000 -0.000000 0.000000 0.000000 -0.000000 0.000000 -0.000000
0.000000 0.000000 -0.000000 -0.000000 -0.000000 0.000000 0.000000 -0.000000 0.000000 -0.000000
0.000000 0.000000 -0.000000 -0.000000 -0.000000 0.000000 0.000000 -0.000000 0.000000 -0.000000
0.000000 0.000000 -0.000000 -0.000000 -0.000000 0.000000 0.000000 -0.000000 0.000000 -0.000000
0.000000 0.000000 -0.000000 -0.000000 -0.000000 0.000000 0.000000 -0.000000 0.000000 -0.000000
0.000000 0.000000 -0.000000 -0.000000 -0.000000 0.000000 0.000000 -0.000000 0.000000 -0.000000
0.000000 0.000000 -0.000000 -0.000000 -0.000000 0.000000 0.000000 -0.000000 0.000000 -0.000000
0.000000 0.000000 -0.000000 -0.000000 -0.000000 0.000000 0.000000 -0.000000 0.000000 -0.000000
0.000000 0.000000 -0.000000 -0.000000 -0.000000 0.000000 0.000000 -0.000000 0.000000 -0.000000
0.000000 0.000000 -0.000000 -0.000000 -0.000000 0.000000 0.000000 -0.000000 0.000000 -0.000000
0.000000 0.000000 -0.000000 -0.000000 -0.000000 0.000000 0.000000 -0.000000 0.000000 -0.000000
