0.000000 0.000000 0.000000 0.000000 -0.000000
0.000000 -0.000000 0.000000 0.000000 -0.000000
0.000000 -0.000000 -0.000000 0.000000 -0.000000
0.000000 -0.000000 -0.000000 0.000000 -0.000000
0.000000 -0.000000 -0.000000 0.000000 0.000000
0.000000 -0.000000 -0.000000 0.000000 0.000000
0.000000 -0.000000 -0.000000 0.000000 0.000000
0.000000 -0.000000 -0.000000 0.000000 0.000000
0.000000 -0.000000 -0.000000 0.000000 0.000000
0.000000 -0.000000 -0.000000 0.000000 0.000000
0.000000 -0.000000 -0.000000 0.000000 0.000000
0.000000 -0.000000 -0.000000 0.000000 0.000000
0.000000 -0.000000 -0.000000 0.000000 0.000000
0.000000 -0.000000 -0.000000 0.000000 0.000000
0.000000 -0.000000 -0.000000 0.000000 0.000000
0.000000 -0.000000 -0.000000 0.000000 0.000000
0.000000 -0.000000 -0.000000 0.000000 0.000000
0.000000 -0.000000 -0.000000 0.000000 0.000000
0.000000 -0.000000 -0.000000 0.000000 0.000000
0.000000 -0.000000 -0.000000 0.000000 0.000000
0.000000 -0.000000 -0.000000 0.000000 0.000000
0.000000 -0.000000 -0.000000 0.000000 0.000000
0.000000 -0.000000 -0.000000 0.000000 0.000000
0.000000 -0.000000 -0.000000 0.000000 0.000000
0.000000 -0.000000 -0.000000 0.000000 0.000000
0.000000 -0.000000 -0.000000 0.000000 0.000000
0.000000 -0.000000 -0.000000 0.000000 0.000000
0.000000 -0.000000 -0.000000 0.000000 0.000000
0.000000 -0.000000 -0.000000 0.000000 0.000000
0.000000 -0.000000 -0.000000 0.000000 0.000000
0.000000 -0.000000 -0.000000 0.000000 0.000000
0.000000 -0.000000 -0.000000 0.000000 0.000000
0.000000 -0.000000 -0.000000 0.000000 0.000000
0.000000 -0.000000 -0.000000 0.000000 0.000000
0.000000 -0.000000 -0.000000 0.000000 0.000000
0.000000 -0.000000 -0.000000 0.000000 0.000000
0.000000 -0.000000 -0.000000 0.000000 0.000000
0.000000 -0.000000 -0.000000 0.000000 0.000000
0.000000 -0.000000 -0.000000 0.000000 0.000000
0.000000 -0.000000 -0.000000 0.000000 0.000000
0.000000 -0.000000 -0.000000 0.000000 0.000000
0.000000 -0.000000 -0.000000 0.000000 0.000000
0.000000 -0.000000 -0.000000 0.000000 0.000000
0.000029 0.000013 0.000651 0.000000 0.000000
0.000079 0.000035 0.001780 0.000000 0.000000
0.000038 0.000017 0.000847 0.000000 0.000000
0.000000 -0.000000 -0.000000 0.000000 0.000000
0.000000 -0.000000 -0.000000 0.000000 0.000000
0.000000 -0.000000 -0.000000 0.000000 0.000000
0.000000 -0.000000 -0.000000 0.000000 0.000000
0.000000 -0.000000 -0.000000 0.000000 0.000000
0.000000 -0.000000 -0.000000 0.000000 0.000000
0.000000 -0.000000 -0.000000 0.000000 0.000000
0.000000 -0.000000 -0.000000 0.000000 0.000000
0.000000 -0.000000 -0.000000 0.000000 0.000000
0.000000 -0.000000 -0.000000 0.000000 0.000000
0.000000 -0.000000 -0.000000 0.000000 0.000000
0.000000 -0.000000 -0.000000 0.000000 0.000000
0.000000 -0.000000 -0.000000 0.000000 0.000000
0.000000 -0.000000 -0.000000 0.000000 0.000000
0.000000 -0.000000 -0.000000 0.000000 0.000000
0.000000 -0.000000 -0.000000 0.000000 0.000000
0.000000 -0.000000 -0.000000 0.000000 0.000000
0.000000 -0.000000 -0.000000 0.000000 0.000000
0.000000 -0.000000 -0.000000 0.000000 0.000000
0.000000 -0.000000 -0.000000 0.000000 0.000000
0.000000 -0.000000 -0.000000 0.000000 0.000000
0.000000 -0.000000 -0.000000 0.000000 0.000000
0.000000 -0.000000 -0.000000 0.000000 0.000000
0.000000 -0.000000 -0.000000 0.000000 0.000000
0.000000 -0.000000 -0.000000 0.000000 0.000000
0.000000 -0.000000 -0.000000 0.000000 0.000000
0.000014 0.000006 0.000326 0.000000 0.000000
0.000001 0.000000 0.000014 0.000000 0.000000
0.000000 -0.000000 -0.000000 0.000000 0.000000
0.000000 -0.000000 -0.000000 0.000000 0.000000
0.000000 -0.000000 -0.000000 0.000000 0.000000
0.000000 -0.000000 -0.000000 0.000000 0.000000
0.000000 -0.000000 -0.000000 0.000000 0.000000
0.000000 -0.000000 -0.000000 0.000000 0.000000
0.000000 -0.000000 -0.000000 0.000000 0.000000
0.000000 -0.000000 -0.000000 0.000000 0.000000
0.000000 -0.000000 -0.000000 0.000000 0.000000
0.000000 -0.000000 -0.000000 0.000000 0.000000
0.000000 -0.000000 -0.000000 0.000000 0.000000
0.000000 -0.000000 -0.000000 0.000000 0.000000
0.000000 -0.000000 -0.000000 0.000000 0.000000
0.000000 -0.000000 -0.000000 0.000000 0.000000
0.000115 0.000000 0.000000 0.000000 0.000200
0.000303 0.000000 0.000000 0.000000 0.000527
0.000303 0.000000 0.000000 0.000000 0.000527
0.000109 0.000000 0.000000 0.000000 0.000190
0.000000 -0.000000 -0.000000 0.000000 0.000000
0.000004 0.000006 0.000001 0.000000 0.000000
0.000192 0.000333 0.000058 0.000000 0.000000
0.000814 0.000893 0.000000 0.000000 0.000285
0.002048 0.001662 0.000013 0.000000 0.001414
0.003745 0.002036 0.000861 0.000000 0.002277
0.003761 0.000516 0.000000 0.000000 0.003239
0.004039 0.000000 0.000873 0.000000 0.003784
0.003584 0.000000 0.001954 0.000000 0.002070
0.002657 0.000000 0.003420 0.000000 0.000959
0.000500 0.000000 0.003365 0.001447 0.000000
0.000000 0.000000 0.003268 0.002510 0.000000
0.000000 0.000000 0.001335 0.001412 0.000000
0.000000 0.000000 0.000074 0.000201 0.000000
0.000000 -0.000000 -0.000000 0.000000 0.000000
0.000000 -0.000000 -0.000000 0.000000 0.000000
0.000000 -0.000000 -0.000000 0.000000 0.000000
0.000000 -0.000000 -0.000000 0.000000 0.000000
0.000000 -0.000000 -0.000000 0.000000 0.000000
0.000000 -0.000000 -0.000000 0.000000 0.000000
0.000000 -0.000000 -0.000000 0.000000 0.000000
0.000000 -0.000000 -0.000000 0.000000 0.000000
0.000000 -0.000000 -0.000000 0.000000 0.000000
0.000000 -0.000000 -0.000000 0.000000 0.000000
0.000017 0.000117 0.000000 0.000098 0.000129
0.000070 0.000012 0.000000 0.000000 0.000153
0.000102 0.000000 0.000000 0.000000 0.000153
0.000210 0.000273 0.000051 0.000000 0.000225
0.000277 0.001302 0.000605 0.000000 0.000351
0.000000 0.005922 0.000510 0.000000 0.000381
0.000237 0.015264 0.002138 0.000000 0.001199
0.000209 0.027441 0.000892 0.000000 0.005565
0.000000 0.041701 0.001915 0.000000 0.017035
0.001187 0.042016 0.002624 0.000000 0.036866
0.001882 0.032751 0.003686 0.000000 0.055847
0.003065 0.017435 0.006575 0.000000 0.065054
0.001712 0.003548 0.006885 0.011985 0.056805
0.000554 0.000000 0.009614 0.040591 0.036433
0.000000 0.000000 0.007342 0.056299 0.016105
0.000000 0.000000 0.006150 0.059552 0.000539
0.000000 0.000000 0.005542 0.047552 0.000000
0.000000 0.000000 0.003910 0.028387 0.000000
0.000000 0.000000 0.002407 0.011503 0.000000
0.000000 0.000000 0.000764 0.003431 0.000000
0.000000 0.000000 0.000136 0.000673 0.000000
0.000000 -0.000000 -0.000000 0.000000 0.000000
0.000000 -0.000000 -0.000000 0.000000 0.000000
0.000000 -0.000000 -0.000000 0.000000 0.000000
0.000000 -0.000000 -0.000000 0.000000 0.000000
0.000000 -0.000000 -0.000000 0.000000 0.000000
0.000000 -0.000000 -0.000000 0.000000 0.000000
0.000000 0.000004 0.000017 0.000120 0.000000
0.000000 -0.000000 -0.000000 0.000000 0.000000
0.000000 -0.000000 -0.000000 0.000000 0.000000
0.000034 0.000229 0.000000 0.000000 0.000032
0.000182 0.002539 0.000742 0.000000 0.000118
0.000000 0.008699 0.001622 0.000000 0.000000
0.000000 0.025771 0.002620 0.000000 0.000414
0.000000 0.053455 0.002575 0.000000 0.004931
0.000000 0.080986 0.000000 0.000000 0.021632
0.000000 0.090387 0.000000 0.000000 0.051857
0.002200 0.089471 0.001039 0.000000 0.085366
0.002123 0.077416 0.005330 0.000000 0.108108
0.000000 0.061851 0.006327 0.019972 0.112075
0.000000 0.041280 0.008178 0.063574 0.099385
0.000000 0.021580 0.005556 0.103793 0.071568
0.000000 0.006271 0.002918 0.126676 0.038208
0.000000 0.000000 0.000000 0.127182 0.009173
0.000547 0.000000 0.000000 0.102972 0.000000
0.002369 0.000000 0.000000 0.066824 0.000000
0.004583 0.000000 0.000000 0.030158 0.000000
0.001715 0.000000 0.000196 0.009816 0.000000
0.000000 0.000000 0.000281 0.001542 0.000000
0.000000 -0.000000 -0.000000 0.000000 0.000000
0.000000 -0.000000 -0.000000 0.000000 0.000000
0.000000 -0.000000 -0.000000 0.000000 0.000000
0.000000 -0.000000 -0.000000 0.000000 0.000000
0.000000 -0.000000 -0.000000 0.000000 0.000000
0.000000 -0.000000 -0.000000 0.000000 0.000000
0.000000 -0.000000 -0.000000 0.000000 0.000000
0.000000 0.000110 0.000250 0.000083 0.000000
0.000000 0.000643 0.000056 0.000015 0.000000
0.000000 0.002505 0.000537 0.000000 0.000000
0.000000 0.006443 0.001042 0.000000 0.000000
0.000000 0.026000 0.002562 0.000000 0.000000
0.000000 0.066261 0.005519 0.000000 0.000424
0.000000 0.103950 0.001955 0.000000 0.016610
0.005601 0.115929 0.000000 0.000000 0.053261
0.016355 0.106242 0.000000 0.000000 0.089989
0.025783 0.089544 0.000000 0.000000 0.111421
0.029763 0.075747 0.009489 0.026087 0.111013
0.028546 0.073615 0.030514 0.058350 0.096400
0.020575 0.068758 0.036582 0.084310 0.086522
0.017355 0.052817 0.030295 0.103749 0.075816
0.017789 0.032092 0.014038 0.124563 0.059200
0.014446 0.018289 0.000000 0.146554 0.028444
0.017270 0.004636 0.000000 0.139471 0.002510
0.017373 0.000000 0.000000 0.103263 0.000000
0.013716 0.000000 0.000000 0.056317 0.000000
0.007113 0.000000 0.000000 0.019445 0.000000
0.001188 0.000000 0.000000 0.002340 0.000000
0.000000 -0.000000 -0.000000 0.000000 0.000000
0.000000 -0.000000 -0.000000 0.000000 0.000000
0.000000 -0.000000 -0.000000 0.000000 0.000000
0.000000 -0.000000 -0.000000 0.000000 0.000000
0.000000 -0.000000 -0.000000 0.000000 0.000000
0.000000 -0.000000 -0.000000 0.000000 0.000000
0.000000 -0.000000 -0.000000 0.000000 0.000000
0.000013 0.000283 0.000016 0.000004 0.000000
0.000040 0.002151 0.000494 0.000000 0.000000
0.000008 0.004624 0.001343 0.000000 0.000000
0.000000 0.022731 0.003527 0.000000 0.000000
0.000000 0.063498 0.004522 0.000000 0.000000
0.000000 0.111608 0.003825 0.000000 0.006357
0.016037 0.126606 0.000000 0.000000 0.039655
0.036208 0.100025 0.000000 0.000000 0.087062
0.055908 0.066649 0.000000 0.000000 0.110271
0.063211 0.050876 0.011922 0.028567 0.099966
0.060646 0.050384 0.044751 0.060815 0.075577
0.059390 0.059593 0.068608 0.074470 0.055179
0.055801 0.065639 0.076828 0.072742 0.050087
0.051747 0.064978 0.069403 0.065447 0.062418
0.049475 0.055378 0.048861 0.070860 0.066363
0.042728 0.041621 0.014042 0.102933 0.049872
0.039396 0.024295 0.000000 0.129278 0.020615
0.037035 0.005309 0.000000 0.124056 0.000000
0.031799 0.000000 0.000000 0.082677 0.000000
0.016984 0.000000 0.000000 0.035453 0.000000
0.003864 0.000000 0.000000 0.007039 0.000000
0.000006 0.000000 0.000000 0.000014 0.000010
0.000000 -0.000000 -0.000000 0.000000 0.000000
0.000000 -0.000000 -0.000000 0.000000 0.000000
0.000000 -0.000000 -0.000000 0.000000 0.000000
0.000000 -0.000000 -0.000000 0.000000 0.000000
0.000000 0.000000 0.000000 0.000039 0.000101
0.000000 -0.000000 -0.000000 0.000000 0.000000
0.000085 0.000305 0.000000 0.000000 0.000000
0.000337 0.002738 0.000951 0.000000 0.000000
0.000000 0.014943 0.004156 0.000000 0.000000
0.000000 0.049754 0.006713 0.000000 0.000000
0.003787 0.105412 0.006449 0.000000 0.000000
0.022559 0.128820 0.000000 0.000000 0.023723
0.052998 0.104543 0.000000 0.000000 0.074302
0.081896 0.053774 0.000000 0.000000 0.109268
0.090490 0.019676 0.008666 0.021747 0.100510
0.080856 0.011103 0.052697 0.062298 0.063496
0.073567 0.017457 0.083650 0.082204 0.030379
0.071031 0.030879 0.100224 0.074171 0.012275
0.068501 0.042707 0.112439 0.045116 0.015160
0.072136 0.060160 0.110325 0.009663 0.033792
0.067306 0.064338 0.087586 0.000000 0.064316
0.061345 0.059429 0.046804 0.036343 0.066411
0.058286 0.047978 0.003847 0.089497 0.042725
0.060440 0.024840 0.000000 0.117158 0.008290
0.054203 0.005350 0.000000 0.096665 0.000000
0.031051 0.000000 0.000000 0.049228 0.000000
0.008444 0.000000 0.000000 0.011656 0.000000
0.000011 0.000000 0.000000 0.000027 0.000020
0.000000 -0.000000 -0.000000 0.000000 0.000000
0.000000 -0.000000 -0.000000 0.000000 0.000000
0.000000 -0.000000 -0.000000 0.000000 0.000000
0.000000 -0.000000 -0.000000 0.000000 0.000000
0.000000 -0.000000 -0.000000 0.000000 0.000000
0.000000 -0.000000 -0.000000 0.000000 0.000000
0.000087 0.000342 0.000000 0.000000 0.000000
0.000753 0.005324 0.001659 0.000000 0.000000
0.002508 0.034067 0.006984 0.000000 0.000000
0.009118 0.085878 0.007740 0.000000 0.000000
0.031331 0.124455 0.003728 0.000000 0.005919
0.065466 0.110473 0.000000 0.000000 0.053630
0.095930 0.058726 0.000000 0.000000 0.100300
0.100086 0.006489 0.000000 0.017750 0.108199
0.083500 0.000000 0.050681 0.061687 0.068975
0.067656 0.000000 0.093258 0.085894 0.025246
0.055552 0.000000 0.114723 0.083870 0.000000
0.053910 0.012527 0.114739 0.055687 0.000000
0.056615 0.027897 0.113321 0.011466 0.000000
0.061302 0.044634 0.114878 0.000000 0.021145
0.061080 0.054413 0.118461 0.000000 0.048212
0.055666 0.061660 0.087252 0.000000 0.071195
0.058382 0.062054 0.027804 0.052862 0.059523
0.074253 0.047474 0.000000 0.097707 0.023744
0.074644 0.023422 0.000000 0.099649 0.000000
0.046363 0.003389 0.000000 0.059167 0.000000
0.014760 0.000000 0.000000 0.014742 0.000000
0.000000 0.000000 0.000000 0.000071 0.000034
0.000000 -0.000000 -0.000000 0.000000 0.000000
0.000000 -0.000000 -0.000000 0.000000 0.000000
0.000000 -0.000000 -0.000000 0.000000 0.000000
0.000000 -0.000000 -0.000000 0.000000 0.000000
0.000000 -0.000000 -0.000000 0.000000 0.000000
0.000000 -0.000000 -0.000000 0.000000 0.000000
0.000830 0.000790 0.000460 0.000000 0.000000
0.004043 0.014559 0.005284 0.000000 0.000000
0.010362 0.056786 0.007203 0.000000 0.000000
0.031040 0.109086 0.005122 0.000000 0.000000
0.069046 0.118305 0.000000 0.000000 0.025018
0.101352 0.073239 0.000000 0.000000 0.081684
0.106877 0.012519 0.000000 0.009623 0.110678
0.083957 0.000000 0.036486 0.052922 0.087559
0.053906 0.000000 0.091588 0.086872 0.033273
0.034281 0.000000 0.120635 0.089282 0.000000
0.031331 0.000000 0.114301 0.065484 0.000000
0.035177 0.006169 0.091459 0.027625 0.000000
0.037035 0.012190 0.080121 0.000000 0.000000
0.038570 0.024261 0.102464 0.000000 0.010813
0.038790 0.035740 0.126584 0.000000 0.033501
0.037207 0.045139 0.112479 0.000000 0.066340
0.050092 0.056416 0.050086 0.028266 0.073354
0.077362 0.058407 0.000000 0.081129 0.040807
0.093578 0.041965 0.000000 0.090844 0.000000
0.070312 0.017179 0.000000 0.054866 0.000000
0.021923 0.001109 0.000000 0.016923 0.000000
0.000000 0.000312 0.000000 0.000281 0.000034
0.000000 -0.000000 -0.000000 0.000000 0.000000
0.000000 -0.000000 -0.000000 0.000000 0.000000
0.000000 -0.000000 -0.000000 0.000000 0.000000
0.000000 -0.000000 -0.000000 0.000000 0.000000
0.000000 -0.000000 -0.000000 0.000000 0.000000
0.000000 -0.000000 -0.000000 0.000000 0.000000
0.001161 0.002069 0.000434 0.000000 0.000000
0.009514 0.027642 0.007333 0.000000 0.000000
0.028694 0.081391 0.008270 0.000000 0.000000
0.069205 0.113791 0.000331 0.000000 0.001690
0.102173 0.093496 0.000000 0.000000 0.049915
0.109775 0.034888 0.000000 0.008544 0.099852
0.081656 0.000000 0.011986 0.048459 0.103473
0.043822 0.000000 0.079054 0.079176 0.056518
0.013133 0.000000 0.119586 0.091092 0.002615
0.007460 0.000000 0.123312 0.070521 0.000000
0.013889 0.000000 0.087140 0.035042 0.000000
0.018072 0.000822 0.054479 0.008464 0.000000
0.020980 0.002226 0.046260 0.000000 0.000908
0.020066 0.008829 0.072926 0.000000 0.008940
0.016242 0.014001 0.121414 0.000000 0.022284
0.017653 0.025093 0.126802 0.000000 0.057676
0.033848 0.043673 0.060838 0.023952 0.080254
0.071009 0.060277 0.000000 0.070611 0.056590
0.104117 0.058837 0.000000 0.079113 0.007369
0.089999 0.035866 0.000000 0.044096 0.000000
0.030974 0.007243 0.000000 0.013684 0.000000
0.000000 0.000794 0.000354 0.000187 0.000000
0.000144 0.000000 0.000575 0.000000 0.000277
0.000000 -0.000000 -0.000000 0.000000 0.000000
0.000000 -0.000000 -0.000000 0.000000 0.000000
0.000000 -0.000000 -0.000000 0.000000 0.000000
0.000000 -0.000000 -0.000000 0.000000 0.000000
0.000000 -0.000000 -0.000000 0.000000 0.000000
0.002583 0.004763 0.001032 0.000000 0.000000
0.023365 0.042803 0.009030 0.000000 0.000000
0.065868 0.092953 0.007235 0.000000 0.000000
0.103200 0.105767 0.000000 0.000000 0.013536
0.111427 0.062135 0.000000 0.009623 0.075074
0.082385 0.002680 0.000000 0.046064 0.106596
0.037199 0.000000 0.049868 0.073370 0.087145
0.000000 0.000000 0.112530 0.087063 0.026299
0.000000 0.000000 0.129031 0.069059 0.000000
0.000000 0.000188 0.097588 0.034822 0.000000
0.007421 0.000876 0.050540 0.013318 0.000000
0.010159 0.001198 0.027985 0.000352 0.000000
0.009347 0.000872 0.028321 0.000000 0.000000
0.006894 0.002709 0.060633 0.000000 0.002548
0.002001 0.002823 0.116983 0.000000 0.015130
0.001745 0.004651 0.129809 0.000000 0.050221
0.022549 0.027664 0.063680 0.028484 0.084358
0.063890 0.056802 0.000000 0.066066 0.068192
0.105140 0.072162 0.000000 0.066346 0.016429
0.100066 0.055385 0.000000 0.031196 0.000000
0.039025 0.018223 0.000000 0.007576 0.000000
0.000000 0.001095 0.000344 0.000386 0.000000
0.000114 0.000000 0.000459 0.000000 0.000221
0.000000 -0.000000 -0.000000 0.000000 0.000000
0.000000 -0.000000 -0.000000 0.000000 0.000000
0.000000 -0.000000 -0.000000 0.000000 0.000000
0.000000 0.000010 0.000195 0.000039 0.000000
0.000007 0.000000 0.000117 0.000073 0.000000
0.007117 0.005592 0.002176 0.000000 0.000000
0.046739 0.055111 0.011451 0.000000 0.000000
0.099890 0.092749 0.002005 0.000000 0.000000
0.114119 0.092860 0.000000 0.011709 0.030208
0.091769 0.039847 0.000000 0.042812 0.087000
0.043431 0.000000 0.017048 0.068915 0.101439
0.000000 0.000000 0.090161 0.079760 0.062745
0.000000 0.000000 0.132759 0.068658 0.002457
0.000000 0.000000 0.113118 0.037907 0.000000
0.000000 0.001826 0.055052 0.013282 0.000000
0.003955 0.001355 0.020379 0.002902 0.000000
0.004774 0.000770 0.012387 0.000000 0.000000
0.004142 0.000374 0.020466 0.000000 0.000000
0.000382 0.000000 0.060636 0.000000 0.000000
0.000000 0.000000 0.117494 0.000000 0.008826
0.000000 0.000000 0.124138 0.010944 0.046505
0.020921 0.005225 0.056496 0.041561 0.087711
0.061412 0.050885 0.000000 0.068327 0.076456
0.103656 0.080635 0.000000 0.054536 0.022880
0.100271 0.073247 0.000000 0.018171 0.000000
0.040427 0.028735 0.000000 0.000185 0.000000
0.000000 0.001146 0.000371 0.000353 0.000000
0.000013 0.000000 0.000053 0.000000 0.000026
0.000000 -0.000000 -0.000000 0.000000 0.000000
0.000000 -0.000000 -0.000000 0.000000 0.000000
0.000000 -0.000000 -0.000000 0.000000 0.000000
0.000000 -0.000000 -0.000000 0.000000 0.000000
0.000007 0.000000 0.000114 0.000071 0.000000
0.017826 0.006291 0.004061 0.000000 0.000000
0.083031 0.057520 0.010481 0.000000 0.000000
0.117742 0.089394 0.000000 0.004058 0.000000
0.106495 0.079511 0.000000 0.043495 0.042713
0.057711 0.030878 0.000000 0.067776 0.095469
0.004647 0.000000 0.053026 0.075726 0.091551
0.000000 0.000000 0.119148 0.064801 0.038976
0.000000 0.000000 0.126208 0.037984 0.000000
0.000000 0.002339 0.075371 0.012692 0.000000
0.000000 0.002484 0.029628 0.004234 0.000000
0.002526 0.000142 0.009955 0.000000 0.000000
0.003918 0.000000 0.007787 0.000000 0.000000
0.001941 0.000000 0.020792 0.000000 0.000000
0.000000 0.000000 0.070183 0.000000 0.000000
0.000000 0.000000 0.124173 0.009719 0.004092
0.000000 0.000000 0.117139 0.029391 0.046709
0.029841 0.000000 0.041249 0.055548 0.090481
0.070940 0.042675 0.000000 0.064507 0.081329
0.102841 0.087034 0.000000 0.038251 0.026332
0.093685 0.087604 0.000000 0.004542 0.000000
0.035343 0.039514 0.003411 0.000000 0.000000
0.000000 0.001495 0.000188 0.000561 0.000000
0.000000 -0.000000 -0.000000 0.000000 0.000000
0.000000 -0.000000 -0.000000 0.000000 0.000000
0.000000 -0.000000 -0.000000 0.000000 0.000000
0.000000 -0.000000 -0.000000 0.000000 0.000000
0.000000 -0.000000 -0.000000 0.000000 0.000000
0.000000 0.000005 0.000220 0.000120 0.000000
0.031769 0.004109 0.005913 0.000000 0.000000
0.108671 0.052558 0.005423 0.000000 0.000000
0.121437 0.083450 0.000000 0.032721 0.000000
0.087880 0.071599 0.000000 0.068324 0.051057
0.026599 0.027684 0.009035 0.076789 0.096155
0.000000 0.000000 0.081744 0.064467 0.080187
0.000000 0.000000 0.126401 0.036258 0.028705
0.000000 0.000290 0.100250 0.013755 0.000000
0.000000 0.001073 0.044550 0.003482 0.000000
0.000000 0.000504 0.014475 0.001893 0.000000
0.001461 0.000000 0.006016 0.000000 0.000000
0.003121 0.000000 0.010928 0.000000 0.000000
0.001914 0.000000 0.034605 0.000000 0.000000
0.000000 0.000000 0.088327 0.008725 0.000000
0.000000 0.000000 0.129036 0.027782 0.004450
0.014010 0.000000 0.096520 0.048676 0.055405
0.049477 0.000000 0.016530 0.061479 0.095322
0.084348 0.043184 0.000000 0.049728 0.081119
0.099988 0.095882 0.000000 0.017915 0.022398
0.078027 0.095006 0.004746 0.000000 0.000000
0.023952 0.044621 0.006827 0.000000 0.000000
0.000000 0.001248 0.000313 0.000353 0.000000
0.000000 -0.000000 -0.000000 0.000000 0.000000
0.000000 -0.000000 -0.000000 0.000000 0.000000
0.000000 -0.000000 -0.000000 0.000000 0.000000
0.000000 -0.000000 -0.000000 0.000000 0.000000
0.000000 -0.000000 -0.000000 0.000000 0.000000
0.000000 0.000000 0.000108 0.000048 0.000000
0.042181 0.000000 0.004266 0.000000 0.000000
0.117701 0.043902 0.000000 0.009840 0.000000
0.115352 0.075203 0.000000 0.059793 0.001563
0.067125 0.070203 0.000000 0.085639 0.053336
0.008958 0.034018 0.033843 0.071626 0.091790
0.000000 0.002971 0.100350 0.036558 0.073517
0.000000 0.000573 0.118530 0.004748 0.026138
0.000000 0.001682 0.076174 0.000000 0.000485
0.000000 0.000000 0.026125 0.000000 0.000000
0.000000 0.000000 0.007363 0.000269 0.000000
0.002111 0.000000 0.007726 0.000000 0.000000
0.002793 0.000000 0.022684 0.001459 0.000000
0.002266 0.000000 0.062838 0.009220 0.000000
0.003461 0.000000 0.116285 0.025027 0.000000
0.013656 0.000000 0.120770 0.047230 0.015843
0.039251 0.000000 0.063869 0.062728 0.072351
0.073221 0.000000 0.000000 0.054341 0.102077
0.096330 0.054194 0.000000 0.024206 0.073637
0.086904 0.106129 0.000000 0.001206 0.014538
0.053946 0.096168 0.008652 0.000000 0.000000
0.010276 0.041503 0.007869 0.000000 0.000000
0.000000 0.001628 0.000779 0.000051 0.000000
0.000000 -0.000000 -0.000000 0.000000 0.000000
0.000000 -0.000000 -0.000000 0.000000 0.000000
0.000000 -0.000000 -0.000000 0.000000 0.000000
0.000000 -0.000000 -0.000000 0.000000 0.000000
0.000000 -0.000000 -0.000000 0.000000 0.000000
0.000000 0.000000 0.000016 0.000004 0.000004
0.047431 0.000000 0.003167 0.000833 0.000000
0.117367 0.030798 0.000000 0.033670 0.000000
0.105199 0.066653 0.000000 0.082806 0.001206
0.056096 0.073366 0.003961 0.091550 0.049311
0.006107 0.047211 0.053140 0.054246 0.086829
0.000000 0.019136 0.107623 0.001593 0.072614
0.000000 0.009542 0.111908 0.000000 0.026183
0.000000 0.003776 0.066650 0.000000 0.002408
0.003897 0.000000 0.027145 0.000000 0.000000
0.006112 0.000000 0.014489 0.000000 0.000000
0.008823 0.000000 0.023683 0.000000 0.000000
0.013091 0.000000 0.053513 0.007928 0.000000
0.017452 0.000000 0.098474 0.024857 0.000000
0.029733 0.000000 0.126948 0.043251 0.000000
0.045727 0.000000 0.091150 0.061581 0.042412
0.072134 0.000000 0.023480 0.058019 0.091709
0.094133 0.007590 0.000000 0.030073 0.101294
0.091184 0.079989 0.000000 0.000000 0.056619
0.062673 0.116487 0.000000 0.000000 0.002094
0.024897 0.086719 0.011657 0.000000 0.000000
0.002255 0.034464 0.008398 0.000000 0.000000
0.000000 0.001573 0.001185 0.000000 0.000000
0.000000 -0.000000 -0.000000 0.000000 0.000000
0.000000 -0.000000 -0.000000 0.000000 0.000000
0.000000 -0.000000 -0.000000 0.000000 0.000000
0.000000 -0.000000 -0.000000 0.000000 0.000000
0.000000 -0.000000 -0.000000 0.000000 0.000000
0.000136 0.000000 0.000000 0.000029 0.000045
0.044478 0.000000 0.001974 0.010654 0.000000
0.104429 0.014082 0.000000 0.056160 0.000000
0.099419 0.052913 0.000000 0.098430 0.000000
0.056798 0.073832 0.012533 0.093304 0.044646
0.024867 0.060470 0.059716 0.030538 0.083969
0.015806 0.036602 0.107002 0.000000 0.074947
0.019134 0.020256 0.115049 0.000000 0.028714
0.022504 0.007438 0.078032 0.000000 0.002894
0.025871 0.000000 0.046020 0.000000 0.000000
0.029368 0.000000 0.039873 0.000000 0.000000
0.034815 0.000000 0.058305 0.004887 0.000000
0.044346 0.000000 0.092317 0.021767 0.000000
0.054434 0.000000 0.120022 0.039216 0.000000
0.067298 0.000000 0.104556 0.057963 0.022843
0.082798 0.000000 0.044738 0.055057 0.077095
0.092810 0.000000 0.000000 0.030652 0.109990
0.088431 0.053028 0.000000 0.000000 0.087108
0.063854 0.110749 0.000000 0.000000 0.031109
0.028169 0.113627 0.005001 0.000000 0.000000
0.003860 0.066936 0.010170 0.000000 0.000000
0.000000 0.021825 0.006243 0.000000 0.000000
0.000000 0.001890 0.001348 0.000000 0.000000
0.000000 -0.000000 -0.000000 0.000000 0.000000
0.000000 -0.000000 -0.000000 0.000000 0.000000
0.000000 -0.000000 -0.000000 0.000000 0.000000
0.000000 -0.000000 -0.000000 0.000000 0.000000
0.000000 -0.000000 -0.000000 0.000000 0.000000
0.000250 0.000000 0.000178 0.000323 0.000000
0.032293 0.000000 0.000000 0.019945 0.000000
0.084046 0.001292 0.000000 0.070646 0.000000
0.090441 0.038090 0.000000 0.110229 0.000000
0.068266 0.065881 0.012175 0.096307 0.036554
0.053193 0.068990 0.057275 0.020673 0.077270
0.054753 0.054286 0.101860 0.000000 0.078251
0.063204 0.034601 0.120084 0.000000 0.036040
0.065196 0.017364 0.105682 0.000000 0.002474
0.071957 0.002358 0.086332 0.000000 0.000000
0.076081 0.000000 0.081532 0.000000 0.000000
0.081306 0.000000 0.096946 0.018477 0.000000
0.085533 0.000000 0.111632 0.034817 0.000000
0.086537 0.000000 0.099126 0.055275 0.021205
0.088872 0.000000 0.056092 0.050689 0.070491
0.089090 0.000000 0.000000 0.030503 0.108361
0.080967 0.043091 0.000000 0.000000 0.102798
0.052941 0.103982 0.000000 0.000000 0.052774
0.023939 0.125473 0.000000 0.000000 0.006891
0.002059 0.090127 0.008561 0.000000 0.000000
0.000000 0.039831 0.007813 0.000000 0.000000
0.000000 0.009751 0.004453 0.000000 0.000000
0.000000 0.001095 0.000610 0.000000 0.000000
0.000000 -0.000000 -0.000000 0.000000 0.000000
0.000000 -0.000000 -0.000000 0.000000 0.000000
0.000000 -0.000000 -0.000000 0.000000 0.000000
0.000000 -0.000000 -0.000000 0.000000 0.000000
0.000000 -0.000000 -0.000000 0.000000 0.000000
0.000338 0.000000 0.000000 0.000181 0.000017
0.017157 0.000000 0.000000 0.022385 0.000000
0.054932 0.000000 0.000000 0.074972 0.000000
0.071717 0.013557 0.000000 0.122802 0.000000
0.065838 0.048162 0.001990 0.115422 0.025881
0.065558 0.064603 0.038337 0.049941 0.068200
0.077173 0.065527 0.081082 0.000000 0.080607
0.093560 0.049422 0.108611 0.000000 0.055823
0.100771 0.030854 0.113893 0.000000 0.023700
0.102138 0.014491 0.108119 0.000000 0.004118
0.102381 0.000000 0.101677 0.020294 0.000000
0.099744 0.000000 0.098781 0.041394 0.009754
0.092849 0.000000 0.084528 0.054775 0.036126
0.086877 0.000000 0.051953 0.046674 0.075918
0.079227 0.008237 0.002642 0.024798 0.109838
0.062940 0.055984 0.000000 0.002844 0.106561
0.035109 0.110064 0.000000 0.000000 0.063816
0.011508 0.130409 0.000000 0.000000 0.018404
0.000000 0.102349 0.008464 0.000000 0.000000
0.000000 0.053806 0.008255 0.000398 0.000000
0.000000 0.019538 0.005781 0.000000 0.000000
0.000000 0.003828 0.002587 0.000000 0.000000
0.000000 0.000102 0.000232 0.000000 0.000067
0.000095 0.000000 0.000382 0.000000 0.000184
0.000000 -0.000000 -0.000000 0.000000 0.000000
0.000000 -0.000000 -0.000000 0.000000 0.000000
0.000000 -0.000000 -0.000000 0.000000 0.000000
0.000000 -0.000000 -0.000000 0.000000 0.000000
0.000305 0.000000 0.000000 0.000064 0.000101
0.008088 0.000000 0.000000 0.016060 0.000000
0.023066 0.000000 0.000000 0.066310 0.000000
0.038240 0.000000 0.000000 0.123007 0.000000
0.045513 0.019645 0.000000 0.147485 0.009940
0.052150 0.046762 0.009779 0.111037 0.050460
0.060050 0.059108 0.043478 0.061440 0.079059
0.071717 0.061220 0.070084 0.030610 0.077951
0.078658 0.057471 0.083706 0.027556 0.061440
0.082117 0.043421 0.084048 0.040264 0.051591
0.080470 0.033133 0.076830 0.051753 0.052786
0.071179 0.028531 0.065595 0.057700 0.066122
0.060584 0.033027 0.042129 0.047629 0.090905
0.047481 0.053317 0.004026 0.024267 0.111601
0.032340 0.088886 0.000000 0.001796 0.104813
0.010549 0.120866 0.000000 0.000000 0.066211
0.000000 0.131886 0.000000 0.000000 0.022353
0.000000 0.102965 0.009029 0.000000 0.000000
0.000000 0.058943 0.008504 0.000050 0.000000
0.000000 0.024124 0.006610 0.000000 0.000000
0.000000 0.005987 0.003049 0.000000 0.000000
0.000000 0.001416 0.000830 0.000000 0.000000
0.000057 0.000000 0.000306 0.000000 0.000134
0.000166 0.000000 0.000665 0.000000 0.000320
0.000000 -0.000000 -0.000000 0.000000 0.000000
0.000000 -0.000000 -0.000000 0.000000 0.000000
0.000000 -0.000000 -0.000000 0.000000 0.000000
0.000000 -0.000000 -0.000000 0.000000 0.000000
0.000305 0.000000 0.000000 0.000064 0.000101
0.002705 0.000000 0.000000 0.008436 0.000000
0.005828 0.000000 0.000000 0.039913 0.000000
0.009172 0.000000 0.000000 0.093419 0.000000
0.013440 0.000000 0.000000 0.142858 0.000000
0.012963 0.016223 0.000000 0.157949 0.024960
0.013033 0.041358 0.000000 0.136052 0.061834
0.017787 0.058590 0.018427 0.105466 0.086547
0.019772 0.068307 0.032430 0.087685 0.093092
0.018542 0.071700 0.040376 0.079174 0.094140
0.015471 0.077835 0.038910 0.068369 0.098114
0.009606 0.083594 0.023868 0.046161 0.109210
0.003480 0.096982 0.000263 0.018856 0.112450
0.000000 0.115215 0.000000 0.000000 0.092789
0.000000 0.126354 0.000000 0.000000 0.054479
0.000000 0.118420 0.002364 0.000000 0.018970
0.000000 0.089485 0.008263 0.000000 0.000253
0.000000 0.049496 0.008630 0.000000 0.000000
0.000000 0.020257 0.004449 0.000652 0.000000
0.000000 0.006490 0.002903 0.000000 0.000000
0.000000 0.001190 0.000392 0.000198 0.000000
0.000000 0.000117 0.000054 0.000000 0.000004
0.000041 0.000000 0.000164 0.000000 0.000079
0.000094 0.000000 0.000376 0.000000 0.000181
0.000000 -0.000000 -0.000000 0.000000 0.000000
0.000000 -0.000000 -0.000000 0.000000 0.000000
0.000000 -0.000000 -0.000000 0.000000 0.000000
0.000000 -0.000000 -0.000000 0.000000 0.000000
0.000000 -0.000000 -0.000000 0.000000 0.000000
0.000083 0.000000 0.000316 0.002051 0.000000
0.000102 0.000000 0.001611 0.012949 0.000000
0.000000 0.000000 0.000000 0.037273 0.000000
0.000000 0.000000 0.000000 0.080669 0.000000
0.000000 0.001621 0.000000 0.125769 0.002792
0.000000 0.014197 0.000000 0.141409 0.024000
0.000000 0.031318 0.000000 0.131394 0.052350
0.000000 0.048937 0.001795 0.105026 0.081999
0.000000 0.067629 0.006639 0.072160 0.097942
0.000000 0.083072 0.003833 0.041402 0.099030
0.000000 0.094873 0.000000 0.014874 0.089943
0.000000 0.099901 0.000000 0.001767 0.064266
0.000000 0.094299 0.000000 0.000000 0.033753
0.000000 0.077373 0.004455 0.000000 0.011976
0.000000 0.050659 0.006898 0.000000 0.001658
0.000000 0.024899 0.004603 0.000000 0.000000
0.000000 0.009879 0.002301 0.000368 0.000000
0.000000 0.003476 0.001023 0.000249 0.000000
0.000000 0.000928 0.000261 0.000134 0.000000
0.000041 0.000000 0.000151 0.000000 0.000374
0.000010 0.000000 0.000045 0.000000 0.000122
0.000000 -0.000000 -0.000000 0.000000 0.000000
0.000000 -0.000000 -0.000000 0.000000 0.000000
0.000000 -0.000000 -0.000000 0.000000 0.000000
0.000000 -0.000000 -0.000000 0.000000 0.000000
0.000000 -0.000000 -0.000000 0.000000 0.000000
0.000000 -0.000000 -0.000000 0.000000 0.000000
0.000000 -0.000000 -0.000000 0.000000 0.000000
0.000000 0.000000 0.000000 0.000387 0.000000
0.000000 0.000000 0.000371 0.001513 0.000000
0.000000 0.000000 0.000319 0.004783 0.000000
0.000000 0.000000 0.000000 0.012642 0.000000
0.000000 0.002411 0.000000 0.024948 0.000000
0.000000 0.005887 0.000000 0.038126 0.003180
0.000000 0.010792 0.000000 0.041579 0.009802
0.000000 0.018403 0.000000 0.037385 0.017324
0.000000 0.027083 0.000000 0.027112 0.022372
0.000000 0.033287 0.000000 0.016820 0.023603
0.000000 0.034617 0.000000 0.006482 0.017788
0.000000 0.031179 0.000043 0.002028 0.009707
0.000000 0.022308 0.001745 0.000000 0.003955
0.000000 0.012485 0.002186 0.000000 0.000968
0.000000 0.005582 0.001413 0.000000 0.000014
0.000000 0.002845 0.000781 0.000284 0.000000
0.000000 0.001374 0.000296 0.000252 0.000000
0.000019 0.000365 0.000000 0.000203 0.000000
0.000029 0.000000 0.000052 0.000000 0.000152
0.000037 0.000000 0.000161 0.000000 0.000434
0.000010 0.000000 0.000045 0.000000 0.000122
0.000000 -0.000000 -0.000000 0.000000 0.000000
0.000000 -0.000000 -0.000000 0.000000 0.000000
0.000000 -0.000000 -0.000000 0.000000 0.000000
0.000000 -0.000000 -0.000000 0.000000 0.000000
0.000000 -0.000000 -0.000000 0.000000 0.000000
0.000000 -0.000000 -0.000000 0.000000 0.000000
0.000000 -0.000000 -0.000000 0.000000 0.000000
0.000000 -0.000000 -0.000000 0.000000 0.000000
0.000000 -0.000000 -0.000000 0.000000 0.000000
0.000000 -0.000000 -0.000000 0.000000 0.000000
0.000020 0.000000 0.000048 0.000022 0.000008
0.000087 0.000000 0.000266 0.000196 0.000065
0.000000 0.000314 0.000221 0.000657 0.000146
0.000000 0.000472 0.000421 0.000728 0.000260
0.000000 0.000587 0.000659 0.000484 0.000428
0.000000 0.000747 0.000668 0.000393 0.000330
0.000681 0.000153 0.001072 0.000000 0.000592
0.000213 0.000000 0.000746 0.000000 0.000383
0.000149 0.000058 0.000208 0.000000 0.000017
0.000000 -0.000000 -0.000000 0.000000 0.000000
0.000000 -0.000000 -0.000000 0.000000 0.000000
0.000000 -0.000000 -0.000000 0.000000 0.000000
0.000000 -0.000000 -0.000000 0.000000 0.000000
0.000000 -0.000000 -0.000000 0.000000 0.000000
0.000000 -0.000000 -0.000000 0.000000 0.000000
0.000000 -0.000000 -0.000000 0.000000 0.000000
0.000000 -0.000000 -0.000000 0.000000 0.000000
0.000000 -0.000000 -0.000000 0.000000 0.000000
0.000000 -0.000000 -0.000000 0.000000 0.000000
0.000000 -0.000000 -0.000000 0.000000 0.000000
0.000000 -0.000000 -0.000000 0.000000 0.000000
0.000000 -0.000000 -0.000000 0.000000 0.000000
0.000000 -0.000000 -0.000000 0.000000 0.000000
0.000000 -0.000000 -0.000000 0.000000 0.000000
0.000000 -0.000000 -0.000000 0.000000 0.000000
0.000000 -0.000000 -0.000000 0.000000 0.000000
0.000000 -0.000000 -0.000000 0.000000 0.000000
0.000000 -0.000000 -0.000000 0.000000 0.000000
0.000000 -0.000000 -0.000000 0.000000 0.000000
0.000000 -0.000000 -0.000000 0.000000 0.000000
0.000000 -0.000000 -0.000000 0.000000 0.000000
0.000000 -0.000000 -0.000000 0.000000 0.000000
0.000000 -0.000000 -0.000000 0.000000 0.000000
0.000000 -0.000000 -0.000000 0.000000 0.000000
0.000000 -0.000000 -0.000000 0.000000 0.000000
0.000000 -0.000000 -0.000000 0.000000 0.000000
0.000000 -0.000000 -0.000000 0.000000 0.000000
0.000000 -0.000000 -0.000000 0.000000 0.000000
0.000000 -0.000000 -0.000000 0.000000 0.000000
0.000000 -0.000000 -0.000000 0.000000 0.000000
0.000000 -0.000000 -0.000000 0.000000 0.000000
0.000000 -0.000000 -0.000000 0.000000 0.000000
0.000000 -0.000000 -0.000000 0.000000 0.000000
0.000000 -0.000000 -0.000000 0.000000 0.000000
0.000000 -0.000000 -0.000000 0.000000 0.000000
0.000000 -0.000000 -0.000000 0.000000 0.000000
0.000000 -0.000000 -0.000000 0.000000 0.000000
0.000000 -0.000000 -0.000000 0.000000 0.000000
0.000000 -0.000000 -0.000000 0.000000 0.000000
0.000000 -0.000000 -0.000000 0.000000 0.000000
0.000000 -0.000000 -0.000000 0.000000 0.000000
0.000000 -0.000000 -0.000000 0.000000 0.000000
0.000000 -0.000000 -0.000000 0.000000 0.000000
0.000000 -0.000000 -0.000000 0.000000 0.000000
0.000000 -0.000000 -0.000000 0.000000 0.000000
0.000000 -0.000000 -0.000000 0.000000 0.000000
0.000000 -0.000000 -0.000000 0.000000 0.000000
0.000000 -0.000000 -0.000000 0.000000 0.000000
0.000000 -0.000000 -0.000000 0.000000 0.000000
0.000000 -0.000000 -0.000000 0.000000 0.000000
0.000000 -0.000000 -0.000000 0.000000 0.000000
0.000000 -0.000000 -0.000000 0.000000 0.000000
0.000000 -0.000000 -0.000000 0.000000 0.000000
0.000000 -0.000000 -0.000000 0.000000 0.000000
0.000000 -0.000000 -0.000000 0.000000 0.000000
0.000000 -0.000000 -0.000000 0.000000 0.000000
0.000000 -0.000000 -0.000000 0.000000 0.000000
0.000000 -0.000000 -0.000000 0.000000 0.000000
0.000000 -0.000000 -0.000000 0.000000 0.000000
0.000000 -0.000000 -0.000000 0.000000 0.000000
0.000000 -0.000000 -0.000000 0.000000 0.000000
0.000000 -0.000000 -0.000000 0.000000 0.000000
0.000000 -0.000000 -0.000000 0.000000 0.000000
0.000000 -0.000000 -0.000000 0.000000 0.000000
0.000000 -0.000000 -0.000000 0.000000 0.000000
0.000000 -0.000000 -0.000000 0.000000 0.000000
0.000000 -0.000000 -0.000000 0.000000 0.000000
