0.000000 0.000000 -0.000000 -0.000000 0.000000 -0.000000 0.000000 0.000000 0.000000 -0.000000
0.000000 -0.000000 -0.000000 -0.000000 0.000000 -0.000000 0.000000 0.000000 0.000000 -0.000000
0.000000 -0.000000 0.000000 -0.000000 0.000000 -0.000000 0.000000 0.000000 0.000000 -0.000000
0.000000 -0.000000 0.000000 -0.000000 0.000000 -0.000000 0.000000 0.000000 0.000000 -0.000000
0.000000 -0.000000 0.000000 -0.000000 0.000000 -0.000000 0.000000 0.000000 0.000000 -0.000000
0.000000 -0.000000 0.000000 -0.000000 0.000000 -0.000000 0.000000 0.000000 0.000000 -0.000000
0.000000 -0.000000 0.000000 -0.000000 0.000000 -0.000000 0.000000 0.000000 0.000000 -0.000000
0.000000 -0.000000 0.000000 -0.000000 0.000000 -0.000000 0.000000 -0.000000 0.000000 -0.000000
0.000000 -0.000000 0.000000 -0.000000 0.000000 -0.000000 0.000000 -0.000000 0.000000 -0.000000
0.000000 -0.000000 0.000000 -0.000000 0.000000 -0.000000 0.000000 -0.000000 0.000000 -0.000000
0.000000 -0.000000 0.000000 -0.000000 0.000000 -0.000000 0.000000 -0.000000 0.000000 -0.000000
0.000000 -0.000000 0.000000 -0.000000 0.000000 -0.000000 0.000000 -0.000000 0.000000 -0.000000
0.000000 -0.000000 0.000000 -0.000000 0.000000 -0.000000 0.000000 -0.000000 0.000000 -0.000000
0.000000 -0.000000 0.000000 -0.000000 0.000000 -0.000000 0.000000 -0.000000 0.000000 -0.000000
0.000000 -0.000000 0.000000 -0.000000 0.000000 -0.000000 0.000000 -0.000000 0.000000 -0.000000
0.000000 -0.000000 0.000000 -0.000000 0.000000 -0.000000 0.000000 -0.000000 0.000000 -0.000000
0.000000 -0.000000 0.000000 -0.000000 0.000000 -0.000000 0.000000 -0.000000 0.000000 -0.000000
0.000000 -0.000000 0.000000 -0.000000 0.000000 -0.000000 0.000000 -0.000000 0.000000 -0.000000
0.000000 -0.000000 0.000000 -0.000000 0.000000 -0.000000 0.000000 -0.000000 0.000000 -0.000000
0.000000 -0.000000 0.000000 -0.000000 0.000000 -0.000000 0.000000 -0.000000 0.000000 -0.000000
0.000000 -0.000000 0.000000 -0.000000 0.000000 -0.000000 0.000000 -0.000000 0.000000 -0.000000
0.000000 -0.000000 0.000000 -0.000000 0.000000 -0.000000 0.000000 -0.000000 0.000000 -0.000000
0.000000 -0.000000 0.000000 -0.000000 0.000000 -0.000000 0.000000 -0.000000 0.000000 -0.000000
0.000000 -0.000000 0.000000 -0.000000 0.000000 -0.000000 0.000000 -0.000000 0.000000 -0.000000
0.000000 -0.000000 0.000000 -0.000000 0.000000 -0.000000 0.000000 -0.000000 0.000000 -0.000000
0.000000 -0.000000 0.000000 -0.000000 0.000000 -0.000000 0.000000 -0.000000 0.000000 -0.000000
0.000000 -0.000000 0.000000 -0.000000 0.000000 -0.000000 0.000000 -0.000000 0.000000 -0.000000
0.000000 -0.000000 0.000000 -0.000000 0.000000 -0.000000 0.000000 -0.000000 0.000000 -0.000000
0.000000 -0.000000 0.000000 -0.000000 0.000000 -0.000000 0.000000 -0.000000 0.000000 -0.000000
0.000000 -0.000000 0.000000 -0.000000 0.000000 -0.000000 0.000000 -0.000000 0.000000 -0.000000
0.000000 -0.000000 0.000000 -0.000000 0.000000 -0.000000 0.000000 -0.000000 0.000000 -0.000000
0.000000 -0.000000 0.000000 -0.000000 0.000000 -0.000000 0.000000 -0.000000 0.000000 -0.000000
0.000000 -0.000000 0.000000 -0.000000 0.000000 -0.000000 0.000000 -0.000000 0.000000 -0.000000
0.000000 -0.000000 0.000000 -0.000000 0.000000 -0.000000 0.000000 -0.000000 0.000000 -0.000000
0.000000 -0.000000 0.000000 -0.000000 0.000000 -0.000000 0.000000 -0.000000 0.000000 -0.000000
0.000000 -0.000000 0.000000 -0.000000 0.000000 -0.000000 0.000000 -0.000000 0.000000 -0.000000
0.000000 -0.000000 0.000000 -0.000000 0.000000 -0.000000 0.000000 -0.000000 0.000000 -0.000000
0.000000 -0.000000 0.000000 -0.000000 0.000000 -0.000000 0.000000 -0.000000 0.000000 -0.000000
0.000000 -0.000000 0.000000 -0.000000 0.000000 -0.000000 0.000000 -0.000000 0.000000 -0.000000
0.000000 0.000000 0.000000 0.000051 0.000002 0.000335 0.000000 0.000025 0.000064 0.000000
0.000000 0.000000 0.000000 0.000101 0.000003 0.000663 0.000000 0.000049 0.000127 0.000000
0.000000 0.000000 0.000000 0.000041 0.000001 0.000273 0.000000 0.000020 0.000052 0.000000
0.000000 -0.000000 0.000000 -0.000000 0.000000 -0.000000 0.000000 -0.000000 0.000000 -0.000000
0.000084 0.000011 0.000000 0.000000 0.000000 0.000558 0.000000 0.000000 0.000007 0.000000
0.000229 0.000031 0.000000 0.000000 0.000000 0.001524 0.000000 0.000000 0.000018 0.000000
0.000109 0.000015 0.000000 0.000000 0.000000 0.000725 0.000000 0.000000 0.000009 0.000000
0.000000 -0.000000 0.000000 -0.000000 0.000000 -0.000000 0.000000 -0.000000 0.000000 -0.000000
0.000000 -0.000000 0.000000 -0.000000 0.000000 -0.000000 0.000000 -0.000000 0.000000 -0.000000
0.000000 -0.000000 0.000000 -0.000000 0.000000 -0.000000 0.000000 -0.000000 0.000000 -0.000000
0.000000 -0.000000 0.000000 -0.000000 0.000000 -0.000000 0.000000 -0.000000 0.000000 -0.000000
0.000000 -0.000000 0.000000 -0.000000 0.000000 -0.000000 0.000000 -0.000000 0.000000 -0.000000
0.000000 -0.000000 0.000000 -0.000000 0.000000 -0.000000 0.000000 -0.000000 0.000000 -0.000000
0.000000 -0.000000 0.000000 -0.000000 0.000000 -0.000000 0.000000 -0.000000 0.000000 -0.000000
0.000000 -0.000000 0.000000 -0.000000 0.000000 -0.000000 0.000000 -0.000000 0.000000 -0.000000
0.000000 -0.000000 0.000000 -0.000000 0.000000 -0.000000 0.000000 -0.000000 0.000000 -0.000000
0.000000 -0.000000 0.000000 -0.000000 0.000000 -0.000000 0.000000 -0.000000 0.000000 -0.000000
0.000000 -0.000000 0.000000 -0.000000 0.000000 -0.000000 0.000000 -0.000000 0.000000 -0.000000
0.000000 -0.000000 0.000000 -0.000000 0.000000 -0.000000 0.000000 -0.000000 0.000000 -0.000000
0.000000 -0.000000 0.000000 -0.000000 0.000000 -0.000000 0.000000 -0.000000 0.000000 -0.000000
0.000000 0.000000 0.000000 0.000023 0.000008 0.000050 0.000021 0.000000 0.000000 0.000000
0.000000 0.000000 0.000000 0.000008 0.000003 0.000017 0.000007 0.000000 0.000000 0.000000
0.000000 -0.000000 0.000000 -0.000000 0.000000 -0.000000 0.000000 -0.000000 0.000000 -0.000000
0.000000 -0.000000 0.000000 -0.000000 0.000000 -0.000000 0.000000 -0.000000 0.000000 -0.000000
0.000000 0.000000 0.000000 0.000120 0.000110 0.000260 0.000092 0.000000 0.000000 0.000000
0.000000 0.000000 0.000000 0.000030 0.000028 0.000066 0.000023 0.000000 0.000000 0.000000
0.000000 -0.000000 0.000000 -0.000000 0.000000 -0.000000 0.000000 -0.000000 0.000000 -0.000000
0.000000 -0.000000 0.000000 -0.000000 0.000000 -0.000000 0.000000 -0.000000 0.000000 -0.000000
0.000000 0.000000 0.000000 0.000037 0.000001 0.000241 0.000000 0.000018 0.000046 0.000000
0.000000 0.000000 0.000000 0.000126 0.000022 0.000653 0.000070 0.000030 0.000094 0.000000
0.000000 0.000000 0.000000 0.000168 0.000073 0.000437 0.000268 0.000000 0.000000 0.000000
0.000000 0.000000 0.000000 0.000082 0.000037 0.000000 0.000042 0.000018 0.000000 0.000000
0.000000 0.000000 0.000000 0.000151 0.000076 0.000000 0.000092 0.000020 0.000000 0.000000
0.000000 0.000014 0.000019 0.000019 0.000047 0.000366 0.000068 0.000000 0.000000 0.000000
0.000000 0.000001 0.000002 0.000001 0.000004 0.000019 0.000006 0.000000 0.000000 0.000000
0.000000 -0.000000 0.000000 -0.000000 0.000000 -0.000000 0.000000 -0.000000 0.000000 -0.000000
0.000000 -0.000000 0.000000 -0.000000 0.000000 -0.000000 0.000000 -0.000000 0.000000 -0.000000
0.000000 -0.000000 0.000000 -0.000000 0.000000 -0.000000 0.000000 -0.000000 0.000000 -0.000000
0.000000 -0.000000 0.000000 -0.000000 0.000000 -0.000000 0.000000 -0.000000 0.000000 -0.000000
0.000000 -0.000000 0.000000 -0.000000 0.000000 -0.000000 0.000000 -0.000000 0.000000 -0.000000
0.000000 -0.000000 0.000000 -0.000000 0.000000 -0.000000 0.000000 -0.000000 0.000000 -0.000000
0.000000 -0.000000 0.000000 -0.000000 0.000000 -0.000000 0.000000 -0.000000 0.000000 -0.000000
0.000000 -0.000000 0.000000 -0.000000 0.000000 -0.000000 0.000000 -0.000000 0.000000 -0.000000
0.000000 -0.000000 0.000000 -0.000000 0.000000 -0.000000 0.000000 -0.000000 0.000000 -0.000000
0.000000 -0.000000 0.000000 -0.000000 0.000000 -0.000000 0.000000 -0.000000 0.000000 -0.000000
0.000000 -0.000000 0.000000 -0.000000 0.000000 -0.000000 0.000000 -0.000000 0.000000 -0.000000
0.000000 -0.000000 0.000000 -0.000000 0.000000 -0.000000 0.000000 -0.000000 0.000000 -0.000000
0.000000 -0.000000 0.000000 -0.000000 0.000000 -0.000000 0.000000 -0.000000 0.000000 -0.000000
0.000000 0.000000 0.000000 0.000067 0.000024 0.000146 0.000061 0.000001 0.000000 0.000000
0.000000 0.000010 0.000000 0.000111 0.000052 0.000004 0.000071 0.000000 0.000000 0.000000
0.000000 0.000026 0.000000 0.000235 0.000117 0.000000 0.000132 0.000000 0.000000 0.000000
0.000000 0.000026 0.000000 0.000235 0.000117 0.000000 0.000132 0.000000 0.000000 0.000000
0.000000 0.000000 0.000000 0.000234 0.000179 0.000281 0.000163 0.000000 0.000000 0.000000
0.000161 0.000000 0.000263 0.000002 0.000000 0.000776 0.000000 0.000014 0.000000 0.000086
0.000346 0.000000 0.000147 0.000207 0.000076 0.001592 0.000000 0.000000 0.000000 0.000470
0.000000 0.000000 0.000212 0.000723 0.000196 0.001548 0.000000 0.000166 0.000000 0.001658
0.000000 0.000000 0.001105 0.001603 0.000689 0.002729 0.000000 0.000369 0.000000 0.003612
0.000000 0.000000 0.002495 0.003185 0.001825 0.001721 0.000000 0.000690 0.000000 0.003250
0.000000 0.000000 0.004806 0.004115 0.002725 0.000298 0.000000 0.000786 0.000000 0.002893
0.000000 0.000000 0.007280 0.003467 0.003401 0.000000 0.000000 0.000643 0.000000 0.001796
0.000000 0.000000 0.011973 0.000788 0.004272 0.000000 0.000000 0.000000 0.000000 0.001585
0.000000 0.000516 0.011667 0.000000 0.004414 0.000000 0.002327 0.000000 0.000000 0.000000
0.000000 0.000981 0.007405 0.000000 0.003120 0.000074 0.003120 0.000000 0.000000 0.000000
0.000000 0.000923 0.003207 0.000000 0.001608 0.000679 0.003954 0.000835 0.000000 0.000000
0.000000 0.000498 0.000703 0.000000 0.000457 0.000518 0.003964 0.001253 0.000000 0.000000
0.000000 0.000079 0.000000 0.000004 0.000304 0.000000 0.002709 0.000502 0.000000 0.000000
0.000000 0.000000 0.000000 0.000048 0.000158 0.000048 0.000967 0.000139 0.000000 0.000000
0.000000 0.000000 0.000000 0.000017 0.000124 0.000055 0.000141 0.000084 0.000000 0.000000
0.000000 0.000000 0.000000 0.000023 0.000010 0.000000 0.000190 0.000055 0.000000 0.000014
0.000000 0.000000 0.000000 0.000034 0.000006 0.000000 0.000282 0.000074 0.000000 0.000021
0.000000 0.000000 0.000000 0.000010 0.000002 0.000000 0.000081 0.000021 0.000000 0.000006
0.000000 -0.000000 0.000000 -0.000000 0.000000 -0.000000 0.000000 -0.000000 0.000000 -0.000000
0.000000 -0.000000 0.000000 -0.000000 0.000000 -0.000000 0.000000 -0.000000 0.000000 -0.000000
0.000000 -0.000000 0.000000 -0.000000 0.000000 -0.000000 0.000000 -0.000000 0.000000 -0.000000
0.000000 -0.000000 0.000000 -0.000000 0.000000 -0.000000 0.000000 -0.000000 0.000000 -0.000000
0.000000 -0.000000 0.000000 -0.000000 0.000000 -0.000000 0.000000 -0.000000 0.000000 -0.000000
0.000000 0.000000 0.000000 0.000025 0.000052 0.000000 0.000068 0.000052 0.000000 0.000000
0.000000 0.000149 0.000000 0.000099 0.000000 0.000008 0.000026 0.000043 0.000000 0.000000
0.000016 0.000065 0.000000 0.000114 0.000024 0.000000 0.000040 0.000000 0.000000 0.000000
0.000146 0.000000 0.000058 0.000258 0.000041 0.000000 0.000000 0.000051 0.000000 0.000782
0.000000 0.000000 0.000180 0.000510 0.000000 0.000343 0.000000 0.000509 0.000000 0.003178
0.000000 0.000000 0.000572 0.000999 0.000000 0.000807 0.000000 0.001196 0.000000 0.009562
0.000000 0.000000 0.001541 0.002782 0.000000 0.004570 0.000000 0.002112 0.000000 0.020572
0.000000 0.000000 0.003240 0.009094 0.000000 0.008051 0.000000 0.004514 0.000000 0.037320
0.000000 0.000000 0.007235 0.021838 0.000000 0.009376 0.000000 0.007426 0.000000 0.053557
0.000000 0.000000 0.019894 0.040680 0.000000 0.007597 0.000000 0.009490 0.000000 0.058632
0.000000 0.008379 0.045942 0.054820 0.000000 0.002340 0.000000 0.007768 0.000000 0.049851
0.000000 0.028582 0.078725 0.052254 0.000000 0.000000 0.000000 0.002389 0.000000 0.031222
0.000000 0.049093 0.106736 0.035959 0.000000 0.000000 0.013713 0.000000 0.000000 0.008477
0.000000 0.057682 0.101909 0.016197 0.000000 0.000000 0.042005 0.000000 0.000000 0.000000
0.000000 0.056801 0.075350 0.000000 0.000000 0.000000 0.064156 0.008220 0.000000 0.000000
0.000000 0.041297 0.039236 0.000000 0.000000 0.000000 0.065711 0.027668 0.000000 0.000000
0.000000 0.021550 0.013707 0.000000 0.000000 0.000000 0.045012 0.048191 0.000000 0.000000
0.000000 0.006209 0.000000 0.000000 0.000000 0.000000 0.022647 0.049697 0.000000 0.002547
0.000000 0.000000 0.000000 0.000000 0.000000 0.001258 0.009410 0.032757 0.002806 0.003944
0.000000 0.000000 0.000000 0.000000 0.000000 0.002934 0.001771 0.015026 0.002967 0.002267
0.000000 0.000000 0.000000 0.000039 0.000000 0.000419 0.000642 0.003304 0.000958 0.000608
0.000000 0.000000 0.000000 0.000072 0.000000 0.000154 0.000472 0.000587 0.000165 0.000133
0.000000 0.000000 0.000000 0.000037 0.000000 0.000175 0.000216 0.000053 0.000000 0.000013
0.000000 -0.000000 0.000000 -0.000000 0.000000 -0.000000 0.000000 -0.000000 0.000000 -0.000000
0.000000 -0.000000 0.000000 -0.000000 0.000000 -0.000000 0.000000 -0.000000 0.000000 -0.000000
0.000000 -0.000000 0.000000 -0.000000 0.000000 -0.000000 0.000000 -0.000000 0.000000 -0.000000
0.000000 -0.000000 0.000000 -0.000000 0.000000 -0.000000 0.000000 -0.000000 0.000000 -0.000000
0.000000 -0.000000 0.000000 -0.000000 0.000000 -0.000000 0.000000 -0.000000 0.000000 -0.000000
0.000008 0.000000 0.000000 0.000045 0.000084 0.000000 0.000138 0.000044 0.000000 0.000000
0.000028 0.000053 0.000000 0.000000 0.000013 0.000000 0.000061 0.000000 0.000073 0.000000
0.000000 0.000000 0.000071 0.000000 0.000043 0.000000 0.000000 0.000052 0.000060 0.000337
0.000188 0.000000 0.000256 0.000000 0.000009 0.000062 0.000000 0.000392 0.000212 0.004348
0.000267 0.000000 0.000904 0.000349 0.000000 0.000000 0.000000 0.001261 0.000000 0.012914
0.000000 0.000000 0.001514 0.001780 0.000000 0.001306 0.000000 0.002875 0.000000 0.033737
0.000000 0.000000 0.002350 0.009374 0.000000 0.004386 0.000000 0.006719 0.000000 0.069887
0.000000 0.000000 0.003365 0.029154 0.000000 0.008680 0.000000 0.011424 0.000000 0.106279
0.000000 0.000000 0.012599 0.063917 0.000000 0.012233 0.000000 0.014643 0.000000 0.120666
0.000000 0.022302 0.043606 0.092569 0.000000 0.013250 0.000000 0.012003 0.000000 0.108208
0.000000 0.052049 0.092782 0.096075 0.000000 0.009886 0.000000 0.002845 0.000000 0.087712
0.000000 0.077396 0.130614 0.080642 0.000000 0.000000 0.000000 0.000000 0.000000 0.062881
0.001501 0.095203 0.136419 0.062523 0.000000 0.000000 0.028533 0.000000 0.000000 0.036411
0.014326 0.108462 0.113484 0.046594 0.000000 0.000000 0.070356 0.004233 0.000000 0.002480
0.018326 0.116262 0.077056 0.024212 0.000000 0.000000 0.100955 0.018831 0.000000 0.000000
0.015245 0.107016 0.045524 0.001395 0.000000 0.000000 0.104108 0.045995 0.000000 0.000000
0.006849 0.080231 0.020169 0.000000 0.000000 0.000000 0.078594 0.081944 0.000000 0.000000
0.000508 0.038219 0.006442 0.000000 0.000000 0.000000 0.033298 0.107368 0.000000 0.000000
0.001054 0.007015 0.000808 0.000000 0.000000 0.004188 0.005731 0.089754 0.000000 0.010805
0.000000 0.000000 0.000000 0.000000 0.000000 0.006376 0.000000 0.050190 0.002171 0.008862
0.000233 0.000000 0.000000 0.000205 0.000000 0.002250 0.000000 0.015597 0.001096 0.003208
0.000000 0.000000 0.000000 0.000053 0.000000 0.000121 0.000544 0.001769 0.000891 0.000224
0.000000 0.000000 0.000000 0.000029 0.000000 0.000134 0.000167 0.000045 0.000000 0.000013
0.000000 -0.000000 0.000000 -0.000000 0.000000 -0.000000 0.000000 -0.000000 0.000000 -0.000000
0.000000 -0.000000 0.000000 -0.000000 0.000000 -0.000000 0.000000 -0.000000 0.000000 -0.000000
0.000000 -0.000000 0.000000 -0.000000 0.000000 -0.000000 0.000000 -0.000000 0.000000 -0.000000
0.000000 -0.000000 0.000000 -0.000000 0.000000 -0.000000 0.000000 -0.000000 0.000000 -0.000000
0.000000 -0.000000 0.000000 -0.000000 0.000000 -0.000000 0.000000 -0.000000 0.000000 -0.000000
0.000000 -0.000000 0.000000 -0.000000 0.000000 -0.000000 0.000000 -0.000000 0.000000 -0.000000
0.000139 0.000226 0.000000 0.000000 0.000064 0.000000 0.000239 0.000000 0.000090 0.000000
0.000191 0.000000 0.000063 0.000000 0.000310 0.000272 0.000000 0.000000 0.000249 0.002714
0.000536 0.000000 0.000393 0.000000 0.000230 0.000078 0.000000 0.000845 0.000712 0.011591
0.000930 0.000000 0.001228 0.000000 0.000000 0.000027 0.000000 0.002088 0.000000 0.034801
0.000000 0.000000 0.001657 0.003278 0.000000 0.001672 0.000000 0.005772 0.000000 0.085297
0.000000 0.000000 0.000715 0.020653 0.000000 0.005116 0.000000 0.010172 0.000000 0.139115
0.000000 0.005799 0.006004 0.059176 0.000000 0.011081 0.000000 0.011368 0.000000 0.155917
0.000000 0.039809 0.035111 0.097918 0.000000 0.008437 0.000000 0.007264 0.000000 0.128422
0.000000 0.072851 0.082228 0.103514 0.004740 0.003053 0.000000 0.000000 0.000000 0.091538
0.015881 0.089364 0.122104 0.080794 0.013896 0.000000 0.000000 0.000000 0.000000 0.070832
0.049604 0.088351 0.124058 0.057699 0.020854 0.000000 0.009276 0.002588 0.011002 0.059624
0.068145 0.084015 0.099036 0.049553 0.022250 0.000000 0.042387 0.016620 0.030269 0.051411
0.066472 0.083883 0.073894 0.050752 0.018015 0.000000 0.069906 0.031427 0.034534 0.039217
0.053766 0.096895 0.054205 0.048907 0.016348 0.000000 0.096735 0.039146 0.013265 0.013631
0.035086 0.116316 0.033795 0.035465 0.012427 0.000000 0.119188 0.048116 0.000000 0.000000
0.023902 0.120498 0.010496 0.011917 0.002158 0.000000 0.112409 0.074304 0.000000 0.000000
0.021858 0.092127 0.001889 0.000000 0.000000 0.003125 0.058799 0.120676 0.000000 0.000000
0.013687 0.040886 0.002900 0.000000 0.000000 0.018095 0.003546 0.144191 0.000000 0.010937
0.007406 0.005602 0.000096 0.000000 0.000000 0.022426 0.000000 0.104340 0.000000 0.016089
0.001854 0.000000 0.000000 0.000000 0.000000 0.011462 0.000000 0.040178 0.001374 0.007547
0.000146 0.000000 0.000000 0.000204 0.000000 0.001983 0.000000 0.004995 0.000000 0.000980
0.000075 0.000000 0.000000 0.000056 0.000000 0.000457 0.000221 0.000195 0.000000 0.000050
0.000032 0.000000 0.000000 0.000034 0.000035 0.000000 0.000040 0.000000 0.000000 0.000000
0.000026 0.000000 0.000012 0.000000 0.000022 0.000070 0.000006 0.000000 0.000022 0.000000
0.000000 -0.000000 0.000000 -0.000000 0.000000 -0.000000 0.000000 -0.000000 0.000000 -0.000000
0.000000 -0.000000 0.000000 -0.000000 0.000000 -0.000000 0.000000 -0.000000 0.000000 -0.000000
0.000000 -0.000000 0.000000 -0.000000 0.000000 -0.000000 0.000000 -0.000000 0.000000 -0.000000
0.000000 0.000001 0.000000 0.000038 0.000023 0.000056 0.000097 0.000000 0.000000 0.000000
0.000107 0.000144 0.000000 0.000089 0.000148 0.000000 0.000253 0.000000 0.000000 0.000000
0.000378 0.000000 0.000000 0.000125 0.000342 0.000316 0.000075 0.000220 0.000442 0.006267
0.001518 0.000000 0.000298 0.000000 0.000320 0.000000 0.000000 0.001447 0.000182 0.024407
0.001540 0.000000 0.001027 0.000000 0.000000 0.000000 0.000000 0.003792 0.000000 0.076819
0.000000 0.000000 0.000511 0.008472 0.000000 0.001776 0.000000 0.007068 0.000000 0.144159
0.000000 0.009909 0.002067 0.041870 0.000000 0.008630 0.000000 0.006602 0.000000 0.172980
0.000000 0.052248 0.018126 0.088040 0.011519 0.011924 0.000000 0.000061 0.000000 0.126428
0.000000 0.086718 0.068562 0.104045 0.029956 0.000056 0.000000 0.000000 0.000000 0.063010
0.028162 0.095046 0.114151 0.073993 0.047050 0.000000 0.000000 0.000000 0.000000 0.029639
0.085249 0.078097 0.118002 0.031650 0.058220 0.000000 0.000000 0.004876 0.026778 0.029184
0.110388 0.055819 0.081624 0.013996 0.061871 0.000000 0.025660 0.020384 0.068208 0.035829
0.111261 0.034320 0.041976 0.017414 0.064223 0.000000 0.046225 0.037561 0.102905 0.042617
0.097568 0.022418 0.022270 0.032979 0.060876 0.008977 0.052765 0.047365 0.119707 0.048890
0.071710 0.031928 0.019066 0.050805 0.060161 0.010118 0.070780 0.039105 0.104005 0.038847
0.042537 0.067138 0.013712 0.056559 0.058528 0.000000 0.107550 0.024106 0.050837 0.010485
0.019994 0.107672 0.000000 0.046485 0.048056 0.000000 0.138722 0.028168 0.000000 0.000000
0.019437 0.119617 0.000000 0.016711 0.025840 0.000000 0.107875 0.074916 0.000000 0.000000
0.028649 0.085218 0.000000 0.000000 0.000000 0.023292 0.025692 0.143509 0.000000 0.000008
0.025506 0.033099 0.001451 0.000000 0.000000 0.031492 0.000000 0.146509 0.000000 0.019209
0.011841 0.002833 0.000000 0.000000 0.000000 0.024442 0.000000 0.075295 0.000000 0.012942
0.003053 0.000000 0.000000 0.000389 0.000000 0.007512 0.000000 0.014251 0.000000 0.003096
0.000112 0.000000 0.000000 0.000073 0.000000 0.000836 0.000210 0.000352 0.000000 0.000000
0.000004 0.000000 0.000002 0.000000 0.000003 0.000011 0.000001 0.000000 0.000003 0.000000
0.000055 0.000000 0.000026 0.000000 0.000047 0.000148 0.000012 0.000000 0.000047 0.000000
0.000000 -0.000000 0.000000 -0.000000 0.000000 -0.000000 0.000000 -0.000000 0.000000 -0.000000
0.000000 -0.000000 0.000000 -0.000000 0.000000 -0.000000 0.000000 -0.000000 0.000000 -0.000000
0.000039 0.000000 0.000017 0.000000 0.000000 0.000000 0.000026 0.000000 0.000000 0.000004
0.000000 0.000000 0.000000 0.000016 0.000010 0.000024 0.000041 0.000000 0.000000 0.000000
0.000000 0.000000 0.000000 0.000079 0.000236 0.000000 0.000060 0.000000 0.000098 0.000522
0.000898 0.000000 0.000017 0.000000 0.000784 0.000000 0.000000 0.000184 0.000140 0.011014
0.003134 0.000000 0.000862 0.000000 0.000310 0.000000 0.000000 0.001974 0.000462 0.052477
0.001840 0.000000 0.002213 0.000000 0.000026 0.000000 0.000000 0.003569 0.000000 0.127250
0.000000 0.007841 0.000111 0.017910 0.006524 0.002316 0.000000 0.000837 0.001551 0.176890
0.000000 0.053482 0.007002 0.069196 0.024037 0.010769 0.000000 0.000000 0.001993 0.130981
0.000000 0.094814 0.045312 0.106154 0.048144 0.004105 0.000000 0.000000 0.000000 0.040032
0.019471 0.098549 0.101579 0.085331 0.071948 0.000000 0.000000 0.000114 0.000000 0.000000
0.091137 0.068919 0.118742 0.031961 0.085008 0.000000 0.000000 0.013872 0.015066 0.000000
0.137478 0.035076 0.078519 0.000000 0.087539 0.000000 0.015038 0.025802 0.063666 0.000000
0.139959 0.008501 0.023618 0.000000 0.085652 0.019055 0.041668 0.037707 0.111023 0.000000
0.122865 0.000000 0.000000 0.000000 0.083942 0.051606 0.045219 0.043493 0.152275 0.009162
0.097008 0.000000 0.000000 0.008213 0.080887 0.078547 0.032502 0.039137 0.184966 0.022920
0.063597 0.000000 0.000000 0.030240 0.083384 0.076893 0.029652 0.021309 0.192328 0.029767
0.031109 0.000842 0.011709 0.056107 0.085689 0.037902 0.067313 0.000000 0.147047 0.020280
0.003980 0.056091 0.000000 0.070164 0.085268 0.000000 0.136030 0.000000 0.057368 0.000000
0.003105 0.108263 0.000000 0.049368 0.069934 0.000000 0.151331 0.010535 0.000000 0.000000
0.028052 0.107941 0.000000 0.011401 0.039246 0.007652 0.066191 0.100894 0.000000 0.000000
0.039580 0.067105 0.000000 0.000000 0.007007 0.032293 0.000000 0.152442 0.000000 0.014441
0.028291 0.016626 0.000000 0.000000 0.000000 0.026457 0.000000 0.103957 0.000000 0.016610
0.009517 0.000000 0.000000 0.000000 0.000000 0.008497 0.000000 0.024267 0.000000 0.006061
0.000279 0.000000 0.000000 0.000065 0.000000 0.000548 0.000033 0.000193 0.000000 0.000032
0.000000 -0.000000 0.000000 -0.000000 0.000000 -0.000000 0.000000 -0.000000 0.000000 -0.000000
0.000000 -0.000000 0.000000 -0.000000 0.000000 -0.000000 0.000000 -0.000000 0.000000 -0.000000
0.000000 -0.000000 0.000000 -0.000000 0.000000 -0.000000 0.000000 -0.000000 0.000000 -0.000000
0.000000 -0.000000 0.000000 -0.000000 0.000000 -0.000000 0.000000 -0.000000 0.000000 -0.000000
0.000035 0.000000 0.000014 0.000000 0.000002 0.000072 0.000000 0.000000 0.000000 0.000006
0.000008 0.000000 0.000003 0.000000 0.000000 0.000016 0.000000 0.000000 0.000000 0.000001
0.000443 0.000000 0.000000 0.000234 0.000229 0.000000 0.000000 0.000035 0.000000 0.002023
0.002244 0.000000 0.000172 0.000000 0.001590 0.000000 0.000000 0.000000 0.000000 0.020738
0.003944 0.000000 0.002711 0.000000 0.004336 0.000000 0.000000 0.000291 0.001600 0.089475
0.000000 0.001986 0.003769 0.000000 0.014349 0.000000 0.000000 0.000000 0.002878 0.161765
0.000000 0.046936 0.000000 0.036646 0.034197 0.006422 0.000000 0.000000 0.009807 0.147450
0.000000 0.095888 0.020507 0.096090 0.058441 0.005711 0.000000 0.000000 0.004764 0.045967
0.000000 0.102401 0.074077 0.105425 0.081071 0.000000 0.000000 0.013917 0.000000 0.000000
0.074624 0.063724 0.113583 0.055352 0.091685 0.000000 0.000000 0.032373 0.004644 0.000000
0.143748 0.019945 0.085642 0.000000 0.087127 0.000000 0.008541 0.039543 0.041227 0.000000
0.155333 0.000000 0.024098 0.000000 0.079561 0.042017 0.042994 0.042875 0.080706 0.000000
0.131569 0.000000 0.000000 0.000000 0.073926 0.085407 0.058964 0.041437 0.112297 0.000000
0.098829 0.000000 0.000000 0.000000 0.071519 0.117679 0.047975 0.030799 0.142439 0.000000
0.068080 0.000000 0.000000 0.000000 0.066864 0.144017 0.008652 0.019057 0.178044 0.000000
0.043508 0.000000 0.001827 0.010268 0.066698 0.134529 0.000000 0.004243 0.215730 0.007839
0.017022 0.000000 0.029869 0.033693 0.076294 0.087169 0.019242 0.000000 0.207725 0.014622
0.000000 0.000000 0.013983 0.069442 0.087648 0.006181 0.107707 0.000000 0.134544 0.003973
0.000000 0.064418 0.000000 0.077249 0.089979 0.000000 0.164351 0.000000 0.026214 0.000000
0.012841 0.105096 0.000000 0.036979 0.073624 0.000000 0.103475 0.058039 0.000000 0.001341
0.046456 0.089453 0.000000 0.000000 0.040542 0.021555 0.000000 0.133846 0.000000 0.014789
0.045285 0.039001 0.000000 0.000000 0.012335 0.028723 0.000000 0.112317 0.000000 0.017918
0.018288 0.005572 0.000000 0.000000 0.003243 0.011161 0.000000 0.031715 0.000000 0.007391
0.000483 0.000050 0.000000 0.000000 0.000153 0.000222 0.000000 0.000000 0.000000 0.000000
0.000000 -0.000000 0.000000 -0.000000 0.000000 -0.000000 0.000000 -0.000000 0.000000 -0.000000
0.000000 -0.000000 0.000000 -0.000000 0.000000 -0.000000 0.000000 -0.000000 0.000000 -0.000000
0.000000 -0.000000 0.000000 -0.000000 0.000000 -0.000000 0.000000 -0.000000 0.000000 -0.000000
0.000000 -0.000000 0.000000 -0.000000 0.000000 -0.000000 0.000000 -0.000000 0.000000 -0.000000
0.000181 0.000000 0.000071 0.000001 0.000009 0.000371 0.000000 0.000000 0.000000 0.000031
0.000174 0.000000 0.000048 0.000012 0.000018 0.000413 0.000000 0.000000 0.000000 0.000017
0.000580 0.000000 0.000000 0.000050 0.000797 0.000000 0.000000 0.000000 0.000000 0.003004
0.002871 0.000000 0.002107 0.000000 0.005395 0.000000 0.000000 0.000000 0.000793 0.042699
0.000826 0.000000 0.006136 0.000000 0.016261 0.000000 0.000000 0.000000 0.003113 0.125108
0.000000 0.034614 0.003749 0.003281 0.037863 0.001504 0.000000 0.000000 0.012843 0.153629
0.000000 0.087758 0.002382 0.061688 0.064492 0.008626 0.000000 0.000000 0.021540 0.076882
0.000000 0.105243 0.038053 0.113259 0.084783 0.000000 0.000000 0.022702 0.008846 0.000000
0.036524 0.066372 0.089893 0.090888 0.089859 0.000000 0.000000 0.052665 0.005376 0.000000
0.124876 0.012444 0.093582 0.027294 0.079051 0.000000 0.002628 0.061260 0.021042 0.000000
0.159752 0.000000 0.039869 0.000000 0.062630 0.047531 0.039872 0.053728 0.047582 0.000000
0.137932 0.000000 0.000000 0.000000 0.050699 0.110951 0.064104 0.040190 0.071230 0.000000
0.093382 0.000000 0.000000 0.000000 0.043194 0.142206 0.061301 0.026118 0.087473 0.000000
0.056239 0.000000 0.000000 0.000000 0.039842 0.156750 0.029868 0.010276 0.107531 0.000000
0.035691 0.000000 0.000000 0.000000 0.035430 0.163322 0.000000 0.003951 0.126038 0.000000
0.020774 0.000000 0.021712 0.000000 0.031343 0.160331 0.000000 0.000000 0.168876 0.000000
0.003141 0.000000 0.057981 0.007545 0.038850 0.116243 0.000000 0.000000 0.208793 0.012615
0.000000 0.000000 0.045890 0.053214 0.059348 0.025158 0.075152 0.000000 0.181617 0.002186
0.000000 0.021378 0.000000 0.093612 0.079981 0.000000 0.159383 0.000000 0.078806 0.000000
0.000000 0.080672 0.000000 0.067202 0.084875 0.000000 0.122332 0.046786 0.000000 0.011097
0.046515 0.094503 0.000000 0.010215 0.071220 0.005511 0.015093 0.111346 0.000000 0.031824
0.057100 0.057423 0.000000 0.000000 0.040960 0.024184 0.000000 0.099344 0.000000 0.023152
0.030183 0.014243 0.000000 0.000000 0.011666 0.009789 0.000000 0.030429 0.000000 0.008604
0.001238 0.000189 0.000000 0.000000 0.000320 0.000248 0.000000 0.000000 0.000000 0.000000
0.000000 -0.000000 0.000000 -0.000000 0.000000 -0.000000 0.000000 -0.000000 0.000000 -0.000000
0.000000 -0.000000 0.000000 -0.000000 0.000000 -0.000000 0.000000 -0.000000 0.000000 -0.000000
0.000000 -0.000000 0.000000 -0.000000 0.000000 -0.000000 0.000000 -0.000000 0.000000 -0.000000
0.000000 -0.000000 0.000000 -0.000000 0.000000 -0.000000 0.000000 -0.000000 0.000000 -0.000000
0.000000 -0.000000 0.000000 -0.000000 0.000000 -0.000000 0.000000 -0.000000 0.000000 -0.000000
0.000188 0.000000 0.000000 0.000137 0.000123 0.001102 0.000000 0.000000 0.000000 0.000000
0.000892 0.000000 0.000000 0.000000 0.001829 0.000000 0.000038 0.000000 0.000000 0.004564
0.001845 0.000000 0.004108 0.000000 0.012393 0.000000 0.000000 0.000000 0.004327 0.066448
0.000000 0.016843 0.007618 0.000000 0.037497 0.000000 0.000000 0.000000 0.014436 0.136102
0.000000 0.072275 0.004017 0.014936 0.067464 0.001747 0.000000 0.000000 0.030458 0.111053
0.000000 0.104869 0.012488 0.088759 0.087191 0.000000 0.000000 0.023223 0.024720 0.010147
0.000000 0.078989 0.052755 0.120624 0.086370 0.000000 0.000000 0.069930 0.011919 0.000000
0.086788 0.017384 0.084047 0.074481 0.068375 0.000000 0.005316 0.083743 0.007409 0.000000
0.148765 0.000000 0.061462 0.005234 0.046887 0.038284 0.035402 0.066528 0.020991 0.000000
0.142827 0.000000 0.000000 0.000000 0.029793 0.112356 0.061832 0.041044 0.035780 0.000000
0.093370 0.000000 0.000000 0.000000 0.021784 0.157518 0.065323 0.019274 0.050264 0.000000
0.046934 0.000000 0.000000 0.000000 0.017384 0.156305 0.039776 0.006679 0.056306 0.000000
0.027489 0.000000 0.000000 0.000000 0.014754 0.136909 0.005927 0.001410 0.058941 0.000000
0.017948 0.000000 0.000000 0.000000 0.012367 0.129613 0.000000 0.000000 0.068228 0.000000
0.012205 0.000000 0.031218 0.000000 0.008109 0.147513 0.000000 0.000000 0.101743 0.000000
0.000492 0.000000 0.076115 0.000000 0.007612 0.131884 0.000000 0.000000 0.160187 0.008951
0.000000 0.000000 0.074154 0.030606 0.024818 0.056587 0.052758 0.000000 0.185355 0.001343
0.000000 0.000000 0.008524 0.098485 0.052379 0.000000 0.141113 0.000000 0.108042 0.000000
0.000000 0.054092 0.000000 0.096245 0.076337 0.000000 0.119738 0.056692 0.004625 0.013184
0.045093 0.089335 0.000000 0.026761 0.085986 0.000000 0.020689 0.100949 0.000000 0.045764
0.064912 0.068646 0.000000 0.000000 0.069484 0.016313 0.000000 0.075790 0.000000 0.038218
0.037871 0.021083 0.000000 0.000000 0.023763 0.007978 0.000000 0.021278 0.000000 0.014121
0.001859 0.000247 0.000000 0.000000 0.000403 0.000390 0.000000 0.000000 0.000000 0.000634
0.000000 0.000000 0.000297 0.000000 0.000021 0.000000 0.000000 0.000010 0.000101 0.000010
0.000000 -0.000000 0.000000 -0.000000 0.000000 -0.000000 0.000000 -0.000000 0.000000 -0.000000
0.000000 -0.000000 0.000000 -0.000000 0.000000 -0.000000 0.000000 -0.000000 0.000000 -0.000000
0.000002 0.000000 0.000000 0.000000 0.000003 0.000020 0.000010 0.000000 0.000007 0.000000
0.000000 -0.000000 0.000000 -0.000000 0.000000 -0.000000 0.000000 -0.000000 0.000000 -0.000000
0.000189 0.000000 0.000000 0.000138 0.000123 0.001106 0.000000 0.000000 0.000000 0.000000
0.000000 0.000116 0.000136 0.000000 0.003671 0.000000 0.000269 0.000000 0.002415 0.007453
0.000000 0.002514 0.006320 0.000000 0.027625 0.000000 0.000000 0.000000 0.010834 0.082162
0.000000 0.047580 0.007885 0.000000 0.065768 0.000000 0.000000 0.000000 0.032780 0.118096
0.000000 0.097380 0.006001 0.032107 0.087952 0.000000 0.000000 0.015593 0.043955 0.065205
0.000000 0.091839 0.016214 0.113305 0.085880 0.000000 0.000000 0.076034 0.025691 0.000000
0.035413 0.036358 0.052886 0.119434 0.064138 0.000000 0.013843 0.104427 0.003948 0.000000
0.124369 0.000000 0.068802 0.053265 0.038344 0.016441 0.034057 0.083151 0.000272 0.000000
0.147019 0.000000 0.033262 0.000000 0.016473 0.100548 0.056982 0.043860 0.010083 0.000000
0.103512 0.000000 0.000000 0.000000 0.004729 0.163731 0.064599 0.012137 0.019984 0.000000
0.050788 0.000000 0.000000 0.000000 0.003923 0.159863 0.043121 0.000000 0.025792 0.000000
0.023568 0.002046 0.000000 0.000000 0.005211 0.113466 0.012438 0.000000 0.025242 0.000000
0.013783 0.002677 0.000000 0.000000 0.005079 0.084907 0.000000 0.000000 0.024586 0.000000
0.011215 0.002348 0.000000 0.000000 0.001856 0.090079 0.000000 0.000000 0.027237 0.000000
0.008969 0.000000 0.031931 0.000000 0.000000 0.134140 0.000000 0.000000 0.053150 0.001722
0.000000 0.000000 0.079823 0.000000 0.000000 0.144462 0.000000 0.000000 0.116575 0.004600
0.000000 0.000000 0.089912 0.011288 0.000000 0.076550 0.054021 0.000000 0.163884 0.000000
0.000000 0.000000 0.032475 0.094433 0.026815 0.000000 0.116773 0.019556 0.120083 0.000000
0.000000 0.035388 0.000000 0.118309 0.061673 0.000000 0.100681 0.081354 0.019490 0.008710
0.044014 0.081473 0.000000 0.043496 0.089304 0.000000 0.015622 0.097265 0.000000 0.055247
0.066588 0.074040 0.000000 0.000000 0.089746 0.004102 0.000000 0.050755 0.000000 0.057307
0.041063 0.026865 0.000000 0.000000 0.038382 0.005503 0.000000 0.005100 0.000000 0.025246
0.002448 0.000552 0.000000 0.000000 0.000337 0.000713 0.000000 0.000000 0.000000 0.001704
0.000000 0.000000 0.000237 0.000000 0.000017 0.000000 0.000000 0.000008 0.000081 0.000008
0.000000 -0.000000 0.000000 -0.000000 0.000000 -0.000000 0.000000 -0.000000 0.000000 -0.000000
0.000000 -0.000000 0.000000 -0.000000 0.000000 -0.000000 0.000000 -0.000000 0.000000 -0.000000
0.000009 0.000000 0.000000 0.000000 0.000013 0.000079 0.000039 0.000000 0.000028 0.000000
0.000000 0.000011 0.000000 0.000014 0.000003 0.000090 0.000075 0.000000 0.000002 0.000000
0.000121 0.000000 0.000000 0.000129 0.000111 0.001012 0.000000 0.000000 0.000000 0.000000
0.000000 0.002430 0.000625 0.000000 0.008387 0.000000 0.000518 0.000000 0.005374 0.007447
0.000000 0.020055 0.007350 0.000000 0.051515 0.000000 0.000000 0.000000 0.025383 0.079827
0.000000 0.073063 0.010944 0.000000 0.088236 0.000000 0.000000 0.001953 0.049588 0.091773
0.000000 0.097604 0.006239 0.054350 0.090228 0.000000 0.000000 0.064398 0.049182 0.038168
0.000000 0.061261 0.012529 0.130534 0.067782 0.000000 0.018990 0.114215 0.016321 0.000000
0.074723 0.000000 0.044623 0.112303 0.038808 0.000000 0.043711 0.103001 0.000000 0.000000
0.139648 0.000000 0.050824 0.032992 0.011544 0.066223 0.057503 0.051260 0.000000 0.000000
0.124162 0.000000 0.016939 0.000000 0.000000 0.148511 0.059389 0.006552 0.000000 0.003243
0.061447 0.000000 0.000000 0.000000 0.000000 0.170614 0.042792 0.000000 0.008992 0.000000
0.024951 0.005743 0.000000 0.000000 0.000000 0.115325 0.013948 0.000000 0.007646 0.000000
0.012783 0.002431 0.000000 0.000000 0.002067 0.059187 0.001713 0.000000 0.007692 0.000000
0.007468 0.002121 0.000000 0.001342 0.001302 0.043590 0.000000 0.000000 0.007924 0.000000
0.005367 0.003993 0.000727 0.000000 0.000000 0.069177 0.000000 0.000000 0.011582 0.000000
0.001269 0.003035 0.030484 0.000000 0.000000 0.130261 0.000000 0.000000 0.029323 0.001860
0.000000 0.000000 0.077145 0.000000 0.000000 0.144548 0.016354 0.000000 0.087329 0.001313
0.000000 0.000000 0.099969 0.000000 0.000000 0.071021 0.063169 0.000000 0.136393 0.000000
0.000000 0.000000 0.049821 0.090555 0.012433 0.000000 0.096374 0.056099 0.107726 0.000000
0.000000 0.029132 0.000000 0.130964 0.052781 0.000000 0.070824 0.108345 0.019803 0.000000
0.047726 0.079198 0.000000 0.056163 0.089628 0.000000 0.004886 0.088538 0.000000 0.054935
0.064587 0.075349 0.000000 0.000000 0.099033 0.002238 0.000000 0.023364 0.000000 0.072266
0.037536 0.027669 0.000000 0.000000 0.046825 0.003673 0.000000 0.000000 0.000000 0.041016
0.002526 0.000473 0.000000 0.000000 0.000788 0.001081 0.000000 0.000000 0.000000 0.002995
0.000000 0.000000 0.000027 0.000000 0.000002 0.000000 0.000000 0.000001 0.000009 0.000001
0.000000 -0.000000 0.000000 -0.000000 0.000000 -0.000000 0.000000 -0.000000 0.000000 -0.000000
0.000000 -0.000000 0.000000 -0.000000 0.000000 -0.000000 0.000000 -0.000000 0.000000 -0.000000
0.000000 -0.000000 0.000000 -0.000000 0.000000 -0.000000 0.000000 -0.000000 0.000000 -0.000000
0.000000 -0.000000 0.000000 -0.000000 0.000000 -0.000000 0.000000 -0.000000 0.000000 -0.000000
0.000000 0.000001 0.000000 0.000006 0.000002 0.000031 0.000055 0.000012 0.000039 0.000000
0.000000 0.006951 0.001743 0.000000 0.016095 0.000000 0.000153 0.000000 0.011933 0.003893
0.000000 0.040163 0.009267 0.000000 0.075797 0.000000 0.000000 0.000000 0.044730 0.063164
0.000000 0.086426 0.011106 0.000000 0.098944 0.000000 0.000000 0.039458 0.063152 0.070583
0.000000 0.085458 0.000000 0.072635 0.079604 0.000000 0.011950 0.107390 0.048333 0.029212
0.014035 0.030618 0.006162 0.139933 0.046764 0.000000 0.053312 0.120720 0.000000 0.000000
0.101546 0.000000 0.037575 0.100306 0.015957 0.025126 0.069984 0.072402 0.000000 0.000000
0.137441 0.000000 0.046433 0.014833 0.000000 0.113744 0.059662 0.009728 0.000000 0.004355
0.094434 0.000000 0.019349 0.000000 0.000000 0.169663 0.037397 0.000000 0.000000 0.009306
0.036215 0.003835 0.000567 0.000000 0.000000 0.142643 0.011581 0.000000 0.000000 0.002453
0.012794 0.004588 0.000000 0.000000 0.000000 0.071055 0.001933 0.000000 0.000905 0.000000
0.006148 0.002250 0.000000 0.001280 0.000278 0.030398 0.000111 0.000000 0.001492 0.000000
0.003170 0.002160 0.000000 0.000746 0.000000 0.030855 0.000000 0.000000 0.002298 0.000000
0.000000 0.004796 0.000473 0.000000 0.000000 0.070934 0.001152 0.000000 0.006431 0.000000
0.000000 0.004818 0.027738 0.000000 0.000000 0.142660 0.012604 0.000000 0.022621 0.000000
0.000000 0.000000 0.075030 0.000000 0.000000 0.144029 0.045955 0.000000 0.068828 0.000000
0.000000 0.000000 0.105745 0.000000 0.000000 0.060560 0.072746 0.023987 0.110450 0.000000
0.000000 0.000000 0.059619 0.091614 0.012090 0.000000 0.073681 0.093459 0.081422 0.000000
0.014655 0.034320 0.000000 0.137500 0.055742 0.000000 0.038724 0.119926 0.004605 0.000000
0.053959 0.080964 0.000000 0.061267 0.093354 0.000000 0.000000 0.068720 0.000000 0.048758
0.057409 0.071476 0.000000 0.000000 0.099938 0.001367 0.000000 0.000000 0.000000 0.086509
0.031221 0.019857 0.000000 0.000000 0.048003 0.001162 0.000000 0.000000 0.000000 0.062445
0.002395 0.000000 0.000000 0.000000 0.000879 0.001320 0.000000 0.000000 0.000000 0.005189
0.000000 -0.000000 0.000000 -0.000000 0.000000 -0.000000 0.000000 -0.000000 0.000000 -0.000000
0.000000 -0.000000 0.000000 -0.000000 0.000000 -0.000000 0.000000 -0.000000 0.000000 -0.000000
0.000000 -0.000000 0.000000 -0.000000 0.000000 -0.000000 0.000000 -0.000000 0.000000 -0.000000
0.000000 -0.000000 0.000000 -0.000000 0.000000 -0.000000 0.000000 -0.000000 0.000000 -0.000000
0.000000 -0.000000 0.000000 -0.000000 0.000000 -0.000000 0.000000 -0.000000 0.000000 -0.000000
0.000000 0.000003 0.000000 0.000000 0.000000 0.000043 0.000084 0.000000 0.000000 0.000000
0.000000 0.012610 0.002536 0.000000 0.025210 0.001807 0.000000 0.000071 0.022860 0.000000
0.000000 0.057359 0.011020 0.000000 0.091480 0.001611 0.000000 0.016334 0.063075 0.040147
0.000000 0.091105 0.005345 0.000000 0.095863 0.000000 0.000000 0.082371 0.070899 0.057762
0.000000 0.070895 0.000000 0.084067 0.066119 0.000000 0.040623 0.122510 0.043190 0.029240
0.039469 0.006317 0.000000 0.140953 0.031822 0.000000 0.088729 0.094911 0.000000 0.000000
0.110610 0.000000 0.035311 0.090901 0.000387 0.057365 0.082828 0.029170 0.000000 0.000000
0.117772 0.000000 0.056009 0.007228 0.000000 0.145954 0.038491 0.000000 0.000000 0.020192
0.066255 0.000000 0.030695 0.000000 0.000000 0.163079 0.005581 0.000000 0.000000 0.014536
0.022820 0.004270 0.008125 0.000000 0.000000 0.104830 0.000000 0.000000 0.000000 0.004844
0.005855 0.003750 0.000000 0.000478 0.000000 0.043614 0.000000 0.000000 0.000000 0.000000
0.001193 0.001938 0.000000 0.002646 0.000000 0.026298 0.000000 0.001102 0.000000 0.000000
0.000000 0.003651 0.000000 0.001455 0.000000 0.050334 0.002263 0.000000 0.001838 0.000000
0.000000 0.006758 0.000000 0.000000 0.000000 0.105003 0.014887 0.000000 0.005768 0.000000
0.000000 0.004417 0.027776 0.000000 0.000000 0.153053 0.042553 0.000000 0.022930 0.000000
0.000000 0.000000 0.082048 0.000000 0.000000 0.124622 0.070611 0.007693 0.060966 0.000000
0.000000 0.000000 0.112286 0.005535 0.000000 0.039725 0.068394 0.066093 0.085152 0.000000
0.000186 0.000000 0.062280 0.097119 0.028419 0.000000 0.041703 0.118464 0.050241 0.000000
0.035626 0.049857 0.000000 0.134207 0.069258 0.000000 0.006103 0.109139 0.000000 0.000000
0.055966 0.086871 0.000000 0.056078 0.097515 0.000000 0.000000 0.033954 0.000000 0.047289
0.048522 0.060551 0.000000 0.000000 0.090162 0.001720 0.000000 0.000000 0.000000 0.101023
0.023620 0.009662 0.000000 0.000000 0.038857 0.000000 0.000000 0.000000 0.000000 0.077201
0.001752 0.000000 0.000000 0.000207 0.000452 0.001537 0.000000 0.000000 0.000000 0.005792
0.000000 -0.000000 0.000000 -0.000000 0.000000 -0.000000 0.000000 -0.000000 0.000000 -0.000000
0.000000 -0.000000 0.000000 -0.000000 0.000000 -0.000000 0.000000 -0.000000 0.000000 -0.000000
0.000000 -0.000000 0.000000 -0.000000 0.000000 -0.000000 0.000000 -0.000000 0.000000 -0.000000
0.000000 -0.000000 0.000000 -0.000000 0.000000 -0.000000 0.000000 -0.000000 0.000000 -0.000000
0.000000 -0.000000 0.000000 -0.000000 0.000000 -0.000000 0.000000 -0.000000 0.000000 -0.000000
0.000000 0.000000 0.000000 0.000000 0.000163 0.000000 0.000120 0.000037 0.000293 0.000000
0.000000 0.018096 0.002956 0.000000 0.031391 0.003727 0.000000 0.011283 0.035032 0.000000
0.000000 0.068111 0.008756 0.000000 0.093806 0.000357 0.000000 0.053508 0.077283 0.015727
0.000000 0.090852 0.000000 0.000000 0.089392 0.000000 0.007132 0.110414 0.077260 0.047990
0.000000 0.061309 0.000000 0.085946 0.057579 0.000000 0.076357 0.110016 0.030281 0.036137
0.054217 0.000000 0.000000 0.137157 0.025855 0.000000 0.116338 0.049759 0.000000 0.016229
0.109151 0.000000 0.042266 0.086025 0.000000 0.075675 0.076099 0.000000 0.000000 0.022803
0.098303 0.000000 0.069773 0.006633 0.000000 0.158672 0.003644 0.000000 0.000000 0.031525
0.050317 0.000000 0.040047 0.000000 0.000000 0.151089 0.000000 0.000000 0.000000 0.020579
0.015947 0.002894 0.011172 0.000000 0.000000 0.084791 0.000000 0.000000 0.000000 0.005525
0.002336 0.003152 0.000000 0.002171 0.000000 0.041886 0.000000 0.000303 0.000000 0.000000
0.000000 0.003078 0.000000 0.003370 0.000000 0.050486 0.001838 0.001841 0.000000 0.000000
0.000000 0.004787 0.000000 0.002521 0.000000 0.093143 0.012795 0.002548 0.001830 0.000000
0.000000 0.006122 0.000000 0.000000 0.000000 0.147383 0.041203 0.000000 0.006936 0.000000
0.000000 0.000000 0.036982 0.000000 0.000000 0.157496 0.071042 0.012770 0.023376 0.000000
0.000000 0.000000 0.101439 0.000000 0.001920 0.090397 0.075732 0.051815 0.050515 0.000000
0.000000 0.000000 0.118543 0.022068 0.022512 0.005170 0.046632 0.103164 0.053113 0.000000
0.033211 0.016649 0.055170 0.106206 0.055294 0.000000 0.007200 0.115549 0.014979 0.000000
0.053469 0.071834 0.000000 0.122472 0.087421 0.000000 0.000000 0.067808 0.000000 0.000000
0.051622 0.086685 0.000000 0.041829 0.094589 0.000000 0.000000 0.000000 0.000000 0.059801
0.035932 0.041654 0.000000 0.000000 0.068181 0.000000 0.000000 0.000000 0.001211 0.120790
0.015200 0.000000 0.000843 0.000000 0.023551 0.000000 0.000000 0.000000 0.000000 0.082543
0.001295 0.000000 0.000000 0.000218 0.000185 0.000752 0.000000 0.000000 0.000000 0.005385
0.000000 -0.000000 0.000000 -0.000000 0.000000 -0.000000 0.000000 -0.000000 0.000000 -0.000000
0.000000 -0.000000 0.000000 -0.000000 0.000000 -0.000000 0.000000 -0.000000 0.000000 -0.000000
0.000000 -0.000000 0.000000 -0.000000 0.000000 -0.000000 0.000000 -0.000000 0.000000 -0.000000
0.000000 -0.000000 0.000000 -0.000000 0.000000 -0.000000 0.000000 -0.000000 0.000000 -0.000000
0.000000 -0.000000 0.000000 -0.000000 0.000000 -0.000000 0.000000 -0.000000 0.000000 -0.000000
0.000000 0.000000 0.000000 0.000030 0.000424 0.000000 0.000138 0.000135 0.000833 0.000000
0.000000 0.018903 0.002542 0.000000 0.033413 0.004325 0.000000 0.031014 0.045645 0.000000
0.000000 0.070727 0.002445 0.000000 0.086861 0.000581 0.000000 0.091169 0.086248 0.000000
0.000000 0.093129 0.000000 0.000000 0.084552 0.000000 0.028569 0.116451 0.078679 0.034027
0.000000 0.061090 0.000000 0.077607 0.059633 0.000000 0.111169 0.076971 0.020183 0.038068
0.058598 0.000000 0.000000 0.128876 0.032215 0.007809 0.131095 0.004393 0.000000 0.038468
0.092320 0.000000 0.053117 0.089730 0.006716 0.088313 0.059291 0.000000 0.000000 0.047871
0.080882 0.000000 0.080554 0.017069 0.000000 0.166597 0.000000 0.000000 0.000000 0.046938
0.040385 0.000000 0.043717 0.000000 0.000000 0.149668 0.000000 0.000000 0.000000 0.026338
0.009449 0.000463 0.011639 0.000190 0.000000 0.104098 0.000000 0.000000 0.000000 0.006677
0.000000 0.002051 0.000000 0.005371 0.003060 0.079570 0.000000 0.002425 0.000000 0.000000
0.000000 0.002543 0.000000 0.006912 0.003184 0.106352 0.012866 0.006790 0.000000 0.000000
0.000000 0.002359 0.000000 0.004238 0.003533 0.150103 0.039082 0.014445 0.002503 0.000000
0.000000 0.000000 0.007402 0.000000 0.007079 0.163849 0.073500 0.027511 0.007972 0.000000
0.000000 0.000000 0.067062 0.000000 0.017241 0.119050 0.082512 0.057099 0.020925 0.000000
0.000000 0.000000 0.128130 0.000000 0.034237 0.030063 0.055990 0.090781 0.031367 0.000000
0.035294 0.000000 0.115048 0.045340 0.059164 0.000000 0.012069 0.103322 0.018359 0.000000
0.062561 0.053130 0.033362 0.111824 0.085142 0.000000 0.000000 0.073423 0.000000 0.000000
0.056941 0.088549 0.000000 0.103319 0.094808 0.000000 0.000000 0.008759 0.000000 0.000000
0.038881 0.071614 0.000000 0.023997 0.076540 0.002265 0.000000 0.000000 0.002548 0.093017
0.022131 0.018340 0.000000 0.000000 0.038911 0.000000 0.000000 0.000000 0.008369 0.132572
0.007635 0.000000 0.000937 0.000000 0.010392 0.000000 0.000000 0.000000 0.001353 0.070188
0.001057 0.000000 0.000000 0.000309 0.000141 0.000304 0.000000 0.000036 0.000000 0.003569
0.000000 -0.000000 0.000000 -0.000000 0.000000 -0.000000 0.000000 -0.000000 0.000000 -0.000000
0.000000 -0.000000 0.000000 -0.000000 0.000000 -0.000000 0.000000 -0.000000 0.000000 -0.000000
0.000000 -0.000000 0.000000 -0.000000 0.000000 -0.000000 0.000000 -0.000000 0.000000 -0.000000
0.000000 -0.000000 0.000000 -0.000000 0.000000 -0.000000 0.000000 -0.000000 0.000000 -0.000000
0.000000 -0.000000 0.000000 -0.000000 0.000000 -0.000000 0.000000 -0.000000 0.000000 -0.000000
0.000000 0.000000 0.000000 0.000026 0.000558 0.000000 0.000024 0.000298 0.001312 0.000000
0.000000 0.016122 0.001791 0.000000 0.024212 0.004384 0.000000 0.053848 0.052176 0.000000
0.000000 0.067962 0.000000 0.000000 0.068810 0.000803 0.000000 0.117494 0.095044 0.000000
0.000000 0.099680 0.000000 0.000000 0.079915 0.000000 0.046829 0.111885 0.086437 0.004734
0.002441 0.072653 0.000000 0.059119 0.070965 0.000000 0.133459 0.043346 0.022412 0.029557
0.047747 0.002696 0.000000 0.116318 0.057990 0.007756 0.138747 0.000000 0.000000 0.045255
0.071995 0.000000 0.059966 0.098721 0.037385 0.093918 0.044083 0.000000 0.000000 0.067659
0.062066 0.000000 0.085466 0.036891 0.021292 0.174278 0.000000 0.000000 0.000000 0.065286
0.026679 0.000000 0.046487 0.009890 0.016566 0.181808 0.000000 0.000000 0.000000 0.035081
0.000000 0.000000 0.007628 0.008075 0.018489 0.154041 0.000000 0.007324 0.000000 0.006764
0.000000 0.000000 0.000000 0.011631 0.022202 0.145912 0.013398 0.017451 0.000000 0.000000
0.000000 0.000000 0.000000 0.010849 0.025398 0.156539 0.041618 0.028939 0.000000 0.000000
0.000000 0.000000 0.001104 0.000453 0.032341 0.154881 0.073793 0.045782 0.000000 0.000000
0.000000 0.000000 0.050516 0.000000 0.044335 0.113245 0.087077 0.065602 0.000000 0.000000
0.000000 0.000000 0.115106 0.000000 0.057785 0.040271 0.065609 0.085122 0.006337 0.000000
0.035953 0.000458 0.144304 0.003274 0.075307 0.000000 0.018710 0.085902 0.004351 0.000000
0.072311 0.043416 0.089255 0.074497 0.089031 0.000000 0.000000 0.061382 0.000000 0.000000
0.070156 0.084932 0.000000 0.113895 0.091815 0.000000 0.000000 0.010660 0.000000 0.000000
0.041611 0.084596 0.000000 0.076356 0.074005 0.001617 0.000000 0.000000 0.001665 0.044200
0.021543 0.041194 0.000000 0.008442 0.042554 0.000062 0.001190 0.000000 0.013849 0.133802
0.012802 0.000000 0.000000 0.000000 0.013818 0.000000 0.000000 0.000000 0.010349 0.124257
0.003797 0.000000 0.001084 0.000000 0.002653 0.000000 0.000000 0.000000 0.002174 0.047613
0.000637 0.000000 0.000000 0.000165 0.000000 0.000328 0.000000 0.000053 0.000000 0.002350
0.000000 -0.000000 0.000000 -0.000000 0.000000 -0.000000 0.000000 -0.000000 0.000000 -0.000000
0.000000 -0.000000 0.000000 -0.000000 0.000000 -0.000000 0.000000 -0.000000 0.000000 -0.000000
0.000000 -0.000000 0.000000 -0.000000 0.000000 -0.000000 0.000000 -0.000000 0.000000 -0.000000
0.000000 -0.000000 0.000000 -0.000000 0.000000 -0.000000 0.000000 -0.000000 0.000000 -0.000000
0.000000 -0.000000 0.000000 -0.000000 0.000000 -0.000000 0.000000 -0.000000 0.000000 -0.000000
0.000000 0.000000 0.000000 0.000095 0.000420 0.000460 0.000269 0.000544 0.001269 0.000000
0.000000 0.010538 0.000732 0.000000 0.011298 0.002943 0.000000 0.067164 0.048680 0.000000
0.000000 0.057053 0.000000 0.000000 0.044160 0.004340 0.000000 0.132616 0.096091 0.000000
0.000000 0.105084 0.000000 0.000000 0.069139 0.000000 0.050891 0.111868 0.095074 0.000000
0.002267 0.096932 0.000000 0.032996 0.081312 0.000000 0.138801 0.027047 0.036925 0.002154
0.028451 0.030538 0.000000 0.095603 0.086188 0.000486 0.143668 0.000000 0.000000 0.035789
0.042468 0.000000 0.059672 0.104505 0.077987 0.073692 0.053523 0.000000 0.000000 0.074720
0.029753 0.000000 0.084087 0.065900 0.067352 0.161658 0.000000 0.000000 0.000000 0.078790
0.001798 0.000000 0.055377 0.029811 0.065039 0.190587 0.000000 0.016790 0.000000 0.048459
0.000000 0.000000 0.018198 0.019212 0.066117 0.176421 0.003655 0.033010 0.000000 0.016546
0.000000 0.000000 0.002623 0.012456 0.068444 0.148671 0.043923 0.049081 0.000000 0.000000
0.000000 0.000000 0.015513 0.001718 0.073779 0.123261 0.073609 0.063990 0.000000 0.000000
0.000000 0.000000 0.059277 0.000000 0.079012 0.081240 0.083288 0.075303 0.000000 0.000000
0.000000 0.000000 0.115467 0.000000 0.084488 0.020953 0.066274 0.079030 0.000000 0.000000
0.043989 0.010858 0.152985 0.000000 0.091009 0.000000 0.022341 0.067881 0.000000 0.000000
0.082138 0.047830 0.122554 0.041987 0.093760 0.000000 0.000000 0.038686 0.000000 0.000000
0.080480 0.082470 0.035073 0.099115 0.085997 0.000000 0.000000 0.000000 0.000000 0.000000
0.052366 0.086316 0.000000 0.099557 0.064246 0.001340 0.000000 0.000000 0.007800 0.028261
0.021306 0.050742 0.000000 0.044728 0.035036 0.004843 0.000023 0.000000 0.018304 0.120980
0.011716 0.007921 0.000000 0.000000 0.010779 0.000000 0.000000 0.000000 0.019689 0.148084
0.005603 0.000000 0.000000 0.000000 0.000000 0.000000 0.000000 0.000000 0.010628 0.089193
0.001680 0.000000 0.000529 0.000000 0.000000 0.000000 0.000000 0.000928 0.001577 0.021809
0.000287 0.000000 0.000000 0.000078 0.000000 0.000026 0.000000 0.000036 0.000000 0.001081
0.000000 -0.000000 0.000000 -0.000000 0.000000 -0.000000 0.000000 -0.000000 0.000000 -0.000000
0.000000 -0.000000 0.000000 -0.000000 0.000000 -0.000000 0.000000 -0.000000 0.000000 -0.000000
0.000000 -0.000000 0.000000 -0.000000 0.000000 -0.000000 0.000000 -0.000000 0.000000 -0.000000
0.000000 -0.000000 0.000000 -0.000000 0.000000 -0.000000 0.000000 -0.000000 0.000000 -0.000000
0.000000 -0.000000 0.000000 -0.000000 0.000000 -0.000000 0.000000 -0.000000 0.000000 -0.000000
0.000000 0.000000 0.000000 0.000094 0.000070 0.001086 0.000121 0.000583 0.001062 0.000000
0.000000 0.003036 0.000000 0.000000 0.000686 0.001595 0.000000 0.063400 0.037309 0.000000
0.000000 0.036325 0.000000 0.000000 0.015801 0.003804 0.000000 0.136217 0.089025 0.000000
0.000000 0.094593 0.000000 0.000000 0.042784 0.000000 0.042786 0.125880 0.106888 0.000000
0.000623 0.119593 0.000000 0.002111 0.067899 0.000000 0.126366 0.046759 0.068469 0.000000
0.005767 0.079653 0.000000 0.061985 0.088782 0.000000 0.150826 0.000000 0.003825 0.002755
0.006304 0.016071 0.049763 0.096474 0.096182 0.029658 0.091492 0.000000 0.000000 0.054648
0.000000 0.000000 0.084922 0.085354 0.096469 0.097835 0.021303 0.026160 0.000000 0.082232
0.000000 0.000000 0.081419 0.055855 0.098381 0.127320 0.008436 0.056632 0.000000 0.074784
0.000000 0.000000 0.063146 0.029282 0.100879 0.111041 0.036685 0.071224 0.000000 0.051738
0.000000 0.000000 0.064434 0.008339 0.102261 0.075959 0.064592 0.077606 0.000000 0.030623
0.000000 0.000000 0.091892 0.000000 0.101218 0.032295 0.072542 0.078441 0.000000 0.020974
0.015025 0.007930 0.127833 0.000000 0.098746 0.000000 0.059573 0.065919 0.000000 0.011553
0.057171 0.033142 0.154392 0.000000 0.094180 0.000000 0.022867 0.042828 0.000000 0.000000
0.091637 0.063463 0.134276 0.029940 0.084781 0.000000 0.000000 0.012252 0.000000 0.000000
0.087500 0.086118 0.056627 0.084008 0.067712 0.000000 0.000000 0.000000 0.005419 0.000000
0.053721 0.082928 0.000000 0.103542 0.043693 0.002652 0.000000 0.000000 0.020097 0.043644
0.022747 0.050235 0.000000 0.068282 0.018799 0.007768 0.000000 0.000000 0.027793 0.117046
0.009646 0.010589 0.000000 0.016687 0.001557 0.001733 0.000000 0.000000 0.025209 0.152727
0.005603 0.000000 0.000000 0.000000 0.000000 0.000000 0.000000 0.000124 0.018319 0.111104
0.002554 0.000000 0.000029 0.000000 0.000000 0.000000 0.000000 0.001328 0.006319 0.043888
0.000956 0.000000 0.000191 0.000000 0.000000 0.000373 0.000000 0.000651 0.000473 0.007916
0.000027 0.000000 0.000075 0.000000 0.000000 0.000000 0.000000 0.000000 0.000007 0.000087
0.000000 0.000000 0.000197 0.000000 0.000014 0.000000 0.000000 0.000007 0.000067 0.000007
0.000000 -0.000000 0.000000 -0.000000 0.000000 -0.000000 0.000000 -0.000000 0.000000 -0.000000
0.000000 -0.000000 0.000000 -0.000000 0.000000 -0.000000 0.000000 -0.000000 0.000000 -0.000000
0.000000 -0.000000 0.000000 -0.000000 0.000000 -0.000000 0.000000 -0.000000 0.000000 -0.000000
0.000006 0.000006 0.000000 0.000000 0.000001 0.000152 0.000007 0.000000 0.000000 0.000000
0.000165 0.000000 0.000000 0.000134 0.000000 0.001488 0.000195 0.000492 0.001094 0.000000
0.000000 0.000000 0.000000 0.000000 0.000000 0.001561 0.000000 0.042213 0.023045 0.000000
0.000000 0.015734 0.000000 0.000000 0.000000 0.005158 0.000000 0.117557 0.066925 0.000000
0.003965 0.063535 0.000000 0.000000 0.004973 0.000000 0.024019 0.138350 0.106470 0.000000
0.009013 0.115239 0.000000 0.000000 0.029775 0.000000 0.094329 0.091790 0.104103 0.000000
0.006141 0.120790 0.000000 0.018080 0.050869 0.000000 0.142234 0.039064 0.063988 0.000000
0.000000 0.082002 0.032332 0.062263 0.064475 0.000000 0.126947 0.031414 0.014827 0.014890
0.000000 0.041368 0.080521 0.075372 0.069332 0.007400 0.080359 0.055595 0.000000 0.060998
0.000000 0.019569 0.104482 0.063221 0.072916 0.026415 0.054424 0.076591 0.000000 0.083522
0.000000 0.017475 0.111365 0.040809 0.075681 0.017637 0.054526 0.081186 0.000000 0.083075
0.011320 0.027354 0.122372 0.019478 0.076223 0.000000 0.056344 0.070423 0.000000 0.071910
0.041772 0.044401 0.138435 0.006916 0.071769 0.000000 0.044425 0.048587 0.000000 0.059491
0.077340 0.062093 0.145479 0.012949 0.063432 0.000000 0.016304 0.019030 0.000000 0.048920
0.097642 0.079164 0.121572 0.043221 0.050990 0.000000 0.000000 0.000000 0.002978 0.041558
0.084175 0.086634 0.055225 0.085847 0.034874 0.000000 0.000000 0.000000 0.022661 0.047343
0.050375 0.071890 0.000000 0.103179 0.015139 0.008096 0.000000 0.000000 0.035355 0.077858
0.020128 0.038984 0.000000 0.076885 0.000000 0.009558 0.000000 0.000000 0.038145 0.126358
0.006308 0.006294 0.000000 0.029607 0.000000 0.003882 0.000000 0.000000 0.032711 0.148451
0.002736 0.000000 0.000000 0.001960 0.000000 0.000000 0.000000 0.002936 0.020750 0.110827
0.002270 0.000000 0.000000 0.000000 0.000000 0.000000 0.000000 0.002094 0.009449 0.050741
0.001484 0.000000 0.000025 0.000000 0.000000 0.000000 0.000000 0.000883 0.001986 0.013606
0.000357 0.000000 0.000047 0.000017 0.000017 0.000112 0.000000 0.000340 0.000344 0.002303
0.000000 0.000000 0.000149 0.000000 0.000007 0.000000 0.000000 0.000004 0.000037 0.000034
0.000000 0.000000 0.000393 0.000000 0.000082 0.000167 0.000000 0.000000 0.000224 0.000000
0.000019 0.000000 0.000019 0.000031 0.000000 0.000009 0.000000 0.000004 0.000000 0.000000
0.000000 -0.000000 0.000000 -0.000000 0.000000 -0.000000 0.000000 -0.000000 0.000000 -0.000000
0.000000 -0.000000 0.000000 -0.000000 0.000000 -0.000000 0.000000 -0.000000 0.000000 -0.000000
0.000000 -0.000000 0.000000 -0.000000 0.000000 -0.000000 0.000000 -0.000000 0.000000 -0.000000
0.000344 0.000000 0.000000 0.000130 0.000100 0.000398 0.000093 0.000143 0.000141 0.000000
0.000125 0.000000 0.000000 0.000000 0.000000 0.000000 0.000000 0.017890 0.008232 0.000909
0.001471 0.000935 0.000000 0.000000 0.000000 0.002632 0.000000 0.068945 0.036433 0.000000
0.012912 0.026300 0.000000 0.000000 0.000000 0.000000 0.006223 0.117450 0.078336 0.000000
0.025955 0.073978 0.000000 0.000000 0.000000 0.000000 0.050687 0.113176 0.104551 0.000000
0.032939 0.115178 0.000000 0.000000 0.000000 0.000000 0.105502 0.075589 0.105923 0.000000
0.033251 0.124050 0.003049 0.015548 0.006833 0.000000 0.127310 0.050538 0.079166 0.000000
0.034529 0.106527 0.048285 0.045579 0.011108 0.000000 0.107353 0.048567 0.048030 0.009575
0.043274 0.088791 0.087456 0.054782 0.012073 0.000000 0.076395 0.049739 0.025706 0.048409
0.054433 0.080894 0.107790 0.053181 0.012682 0.000000 0.056745 0.041409 0.014734 0.069675
0.074715 0.081792 0.118013 0.049726 0.012965 0.000000 0.036308 0.019546 0.011761 0.077517
0.093281 0.086978 0.113107 0.054775 0.010312 0.000000 0.009024 0.000000 0.019482 0.074092
0.097975 0.087417 0.083858 0.074000 0.002538 0.000000 0.000000 0.000000 0.030472 0.075365
0.076977 0.075220 0.030999 0.096996 0.000000 0.009558 0.000000 0.000000 0.045701 0.082445
0.042869 0.051103 0.000000 0.099574 0.000000 0.019289 0.000000 0.000000 0.052133 0.103958
0.015058 0.021284 0.000000 0.073620 0.000000 0.015275 0.000000 0.000000 0.045794 0.128101
0.004530 0.000000 0.000000 0.032899 0.000000 0.005834 0.000000 0.005226 0.033675 0.126249
0.001887 0.000000 0.000000 0.007569 0.000000 0.000056 0.000000 0.004637 0.022995 0.086678
0.001685 0.000000 0.000000 0.000000 0.000000 0.000000 0.000000 0.002472 0.009953 0.042420
0.001663 0.000000 0.000000 0.000000 0.000000 0.000017 0.000000 0.001130 0.002201 0.014503
0.000233 0.000000 0.000106 0.000107 0.000000 0.000022 0.000000 0.000437 0.000489 0.003166
0.000000 0.000000 0.000161 0.000220 0.000009 0.000000 0.000000 0.000170 0.000000 0.000421
0.000012 0.000000 0.000204 0.000000 0.000009 0.000000 0.000000 0.000001 0.000000 0.000020
0.000000 0.000000 0.000195 0.000000 0.000016 0.000016 0.000000 0.000002 0.000073 0.000000
0.000035 0.000000 0.000036 0.000058 0.000000 0.000017 0.000000 0.000008 0.000000 0.000000
0.000000 -0.000000 0.000000 -0.000000 0.000000 -0.000000 0.000000 -0.000000 0.000000 -0.000000
0.000000 -0.000000 0.000000 -0.000000 0.000000 -0.000000 0.000000 -0.000000 0.000000 -0.000000
0.000000 -0.000000 0.000000 -0.000000 0.000000 -0.000000 0.000000 -0.000000 0.000000 -0.000000
0.000000 0.000011 0.000014 0.000006 0.000024 0.000000 0.000015 0.000000 0.000096 0.000000
0.000682 0.000000 0.000000 0.000245 0.000000 0.000347 0.000000 0.003839 0.001531 0.000361
0.003661 0.000000 0.000000 0.000000 0.000000 0.002156 0.000000 0.020616 0.010776 0.001923
0.012879 0.001737 0.000000 0.000000 0.000000 0.003041 0.000000 0.051515 0.031446 0.001021
0.033221 0.021125 0.000000 0.000000 0.000000 0.000000 0.012797 0.076172 0.063687 0.000000
0.052936 0.055641 0.000000 0.000000 0.000000 0.000000 0.047270 0.069790 0.086675 0.000000
0.066518 0.089990 0.000000 0.000000 0.000000 0.000000 0.083877 0.040349 0.099200 0.000000
0.077220 0.108505 0.000976 0.000147 0.000000 0.000000 0.092438 0.014025 0.093172 0.000000
0.089761 0.109784 0.030910 0.026472 0.000000 0.000000 0.073360 0.000000 0.078009 0.000000
0.101141 0.100436 0.048895 0.051845 0.000000 0.000000 0.038726 0.000000 0.064853 0.013874
0.101386 0.087344 0.048798 0.070775 0.000000 0.000000 0.003485 0.000000 0.061150 0.036091
0.090375 0.068998 0.027119 0.086604 0.000000 0.015130 0.000000 0.000000 0.059641 0.056439
0.065319 0.044281 0.000000 0.091564 0.000000 0.023072 0.000000 0.000000 0.064196 0.073410
0.032716 0.021821 0.000000 0.079273 0.000000 0.017625 0.000000 0.000000 0.059206 0.085614
0.011934 0.004219 0.000000 0.052046 0.000000 0.010417 0.000000 0.003855 0.045135 0.089558
0.004918 0.000000 0.000000 0.023193 0.000000 0.003890 0.000000 0.005281 0.029039 0.074777
0.001586 0.000000 0.000000 0.006658 0.000000 0.000052 0.000000 0.003271 0.015554 0.046950
0.001016 0.000000 0.000000 0.000231 0.000000 0.000000 0.000000 0.001474 0.006852 0.023078
0.000906 0.000000 0.000000 0.000000 0.000000 0.000000 0.000000 0.000574 0.002375 0.008058
0.000187 0.000000 0.000052 0.000064 0.000000 0.000210 0.000000 0.000213 0.000374 0.002336
0.000000 0.000000 0.000346 0.000187 0.000062 0.000000 0.000129 0.000123 0.000000 0.000417
0.000000 0.000000 0.000272 0.000201 0.000050 0.000000 0.000004 0.000101 0.000000 0.000000
0.000024 0.000000 0.000006 0.000045 0.000000 0.000000 0.000001 0.000000 0.000012 0.000000
0.000000 -0.000000 0.000000 -0.000000 0.000000 -0.000000 0.000000 -0.000000 0.000000 -0.000000
0.000000 -0.000000 0.000000 -0.000000 0.000000 -0.000000 0.000000 -0.000000 0.000000 -0.000000
0.000000 -0.000000 0.000000 -0.000000 0.000000 -0.000000 0.000000 -0.000000 0.000000 -0.000000
0.000000 -0.000000 0.000000 -0.000000 0.000000 -0.000000 0.000000 -0.000000 0.000000 -0.000000
0.000000 -0.000000 0.000000 -0.000000 0.000000 -0.000000 0.000000 -0.000000 0.000000 -0.000000
0.000000 -0.000000 0.000000 -0.000000 0.000000 -0.000000 0.000000 -0.000000 0.000000 -0.000000
0.000475 0.000000 0.000000 0.000233 0.000000 0.000066 0.000000 0.000851 0.000604 0.000000
0.001324 0.000000 0.000000 0.000000 0.000000 0.000273 0.000000 0.002377 0.001650 0.000279
0.004605 0.000000 0.000000 0.000000 0.000000 0.001044 0.000000 0.007129 0.005571 0.001082
0.016223 0.000855 0.000000 0.000000 0.000000 0.000639 0.000000 0.011360 0.013179 0.000356
0.035773 0.006287 0.000000 0.000000 0.000000 0.000078 0.000000 0.011684 0.024751 0.000000
0.057357 0.016679 0.000000 0.000000 0.000000 0.000000 0.001369 0.003568 0.041639 0.000000
0.075796 0.026772 0.000000 0.000000 0.000000 0.000000 0.006676 0.000000 0.057841 0.000000
0.081498 0.030803 0.000000 0.001443 0.000000 0.000000 0.005640 0.000000 0.068526 0.000000
0.075449 0.028973 0.000000 0.013241 0.000000 0.003072 0.000000 0.000000 0.072813 0.000000
0.060205 0.023535 0.000000 0.024359 0.000000 0.005306 0.000000 0.000000 0.066945 0.000000
0.041057 0.013698 0.000000 0.029080 0.000000 0.007265 0.000000 0.000000 0.054930 0.012094
0.021079 0.006000 0.000000 0.026650 0.000000 0.004791 0.000000 0.000000 0.039732 0.020059
0.007656 0.000391 0.000000 0.018069 0.000000 0.001688 0.000409 0.000000 0.024662 0.024267
0.003358 0.000000 0.000000 0.008490 0.000000 0.000110 0.000600 0.000727 0.012246 0.021290
0.001803 0.000000 0.000000 0.002373 0.000000 0.000000 0.000153 0.000398 0.006323 0.012546
0.000631 0.000000 0.000000 0.000277 0.000000 0.000369 0.000304 0.000000 0.003060 0.005835
0.000248 0.000000 0.000000 0.000000 0.000000 0.000209 0.000232 0.000000 0.001308 0.001761
0.000086 0.000000 0.000000 0.000005 0.000006 0.000000 0.000044 0.000000 0.000452 0.000396
0.000000 0.000000 0.000082 0.000028 0.000018 0.000000 0.000058 0.000007 0.000000 0.000118
0.000000 0.000000 0.000199 0.000069 0.000049 0.000000 0.000193 0.000000 0.000000 0.000000
0.000007 0.000003 0.000018 0.000034 0.000006 0.000000 0.000066 0.000000 0.000000 0.000000
0.000069 0.000007 0.000000 0.000018 0.000000 0.000000 0.000014 0.000000 0.000075 0.000000
0.000000 -0.000000 0.000000 -0.000000 0.000000 -0.000000 0.000000 -0.000000 0.000000 -0.000000
0.000000 -0.000000 0.000000 -0.000000 0.000000 -0.000000 0.000000 -0.000000 0.000000 -0.000000
0.000000 -0.000000 0.000000 -0.000000 0.000000 -0.000000 0.000000 -0.000000 0.000000 -0.000000
0.000000 -0.000000 0.000000 -0.000000 0.000000 -0.000000 0.000000 -0.000000 0.000000 -0.000000
0.000000 -0.000000 0.000000 -0.000000 0.000000 -0.000000 0.000000 -0.000000 0.000000 -0.000000
0.000000 -0.000000 0.000000 -0.000000 0.000000 -0.000000 0.000000 -0.000000 0.000000 -0.000000
0.000000 -0.000000 0.000000 -0.000000 0.000000 -0.000000 0.000000 -0.000000 0.000000 -0.000000
0.000000 -0.000000 0.000000 -0.000000 0.000000 -0.000000 0.000000 -0.000000 0.000000 -0.000000
0.000000 0.000019 0.000000 0.000000 0.000000 0.000001 0.000001 0.000000 0.000000 0.000013
0.000074 0.000128 0.000000 0.000000 0.000000 0.000110 0.000000 0.000000 0.000000 0.000094
0.001134 0.000149 0.000000 0.000000 0.000000 0.000785 0.000000 0.000000 0.000000 0.000163
0.002521 0.000123 0.000000 0.000000 0.000000 0.001093 0.000000 0.000000 0.000000 0.000272
0.003236 0.000076 0.000000 0.000000 0.000000 0.001128 0.000000 0.000000 0.000402 0.000552
0.003382 0.000076 0.000000 0.000000 0.000000 0.001105 0.000000 0.000000 0.001393 0.000501
0.002487 0.000000 0.000000 0.000000 0.000000 0.000325 0.000000 0.000000 0.001829 0.000207
0.001499 0.000000 0.000000 0.000105 0.000120 0.000040 0.000000 0.000000 0.001853 0.000000
0.001174 0.000000 0.000000 0.000220 0.000024 0.000169 0.000000 0.000000 0.001033 0.000000
0.000227 0.000027 0.000000 0.000287 0.000049 0.000000 0.000000 0.000000 0.000402 0.000000
0.000000 0.000101 0.000000 0.000222 0.000254 0.000000 0.000038 0.000000 0.000000 0.000008
0.000000 0.000128 0.000002 0.000001 0.000026 0.000000 0.000009 0.000000 0.000000 0.000080
0.000000 0.000027 0.000001 0.000000 0.000000 0.000002 0.000001 0.000000 0.000000 0.000019
0.000000 -0.000000 0.000000 -0.000000 0.000000 -0.000000 0.000000 -0.000000 0.000000 -0.000000
0.000000 -0.000000 0.000000 -0.000000 0.000000 -0.000000 0.000000 -0.000000 0.000000 -0.000000
0.000000 -0.000000 0.000000 -0.000000 0.000000 -0.000000 0.000000 -0.000000 0.000000 -0.000000
0.000000 -0.000000 0.000000 -0.000000 0.000000 -0.000000 0.000000 -0.000000 0.000000 -0.000000
0.000000 -0.000000 0.000000 -0.000000 0.000000 -0.000000 0.000000 -0.000000 0.000000 -0.000000
0.000000 -0.000000 0.000000 -0.000000 0.000000 -0.000000 0.000000 -0.000000 0.000000 -0.000000
0.000000 -0.000000 0.000000 -0.000000 0.000000 -0.000000 0.000000 -0.000000 0.000000 -0.000000
0.000000 -0.000000 0.000000 -0.000000 0.000000 -0.000000 0.000000 -0.000000 0.000000 -0.000000
0.000000 -0.000000 0.000000 -0.000000 0.000000 -0.000000 0.000000 -0.000000 0.000000 -0.000000
0.000000 -0.000000 0.000000 -0.000000 0.000000 -0.000000 0.000000 -0.000000 0.000000 -0.000000
0.000000 -0.000000 0.000000 -0.000000 0.000000 -0.000000 0.000000 -0.000000 0.000000 -0.000000
0.000000 -0.000000 0.000000 -0.000000 0.000000 -0.000000 0.000000 -0.000000 0.000000 -0.000000
0.000000 -0.000000 0.000000 -0.000000 0.000000 -0.000000 0.000000 -0.000000 0.000000 -0.000000
0.000000 -0.000000 0.000000 -0.000000 0.000000 -0.000000 0.000000 -0.000000 0.000000 -0.000000
0.000000 -0.000000 0.000000 -0.000000 0.000000 -0.000000 0.000000 -0.000000 0.000000 -0.000000
0.000000 -0.000000 0.000000 -0.000000 0.000000 -0.000000 0.000000 -0.000000 0.000000 -0.000000
0.000000 -0.000000 0.000000 -0.000000 0.000000 -0.000000 0.000000 -0.000000 0.000000 -0.000000
0.000000 -0.000000 0.000000 -0.000000 0.000000 -0.000000 0.000000 -0.000000 0.000000 -0.000000
0.000000 -0.000000 0.000000 -0.000000 0.000000 -0.000000 0.000000 -0.000000 0.000000 -0.000000
0.000000 -0.000000 0.000000 -0.000000 0.000000 -0.000000 0.000000 -0.000000 0.000000 -0.000000
0.000000 -0.000000 0.000000 -0.000000 0.000000 -0.000000 0.000000 -0.000000 0.000000 -0.000000
0.000000 -0.000000 0.000000 -0.000000 0.000000 -0.000000 0.000000 -0.000000 0.000000 -0.000000
0.000000 -0.000000 0.000000 -0.000000 0.000000 -0.000000 0.000000 -0.000000 0.000000 -0.000000
0.000000 -0.000000 0.000000 -0.000000 0.000000 -0.000000 0.000000 -0.000000 0.000000 -0.000000
0.000000 -0.000000 0.000000 -0.000000 0.000000 -0.000000 0.000000 -0.000000 0.000000 -0.000000
0.000000 -0.000000 0.000000 -0.000000 0.000000 -0.000000 0.000000 -0.000000 0.000000 -0.000000
0.000000 -0.000000 0.000000 -0.000000 0.000000 -0.000000 0.000000 -0.000000 0.000000 -0.000000
0.000000 -0.000000 0.000000 -0.000000 0.000000 -0.000000 0.000000 -0.000000 0.000000 -0.000000
0.000000 -0.000000 0.000000 -0.000000 0.000000 -0.000000 0.000000 -0.000000 0.000000 -0.000000
0.000000 -0.000000 0.000000 -0.000000 0.000000 -0.000000 0.000000 -0.000000 0.000000 -0.000000
0.000000 -0.000000 0.000000 -0.000000 0.000000 -0.000000 0.000000 -0.000000 0.000000 -0.000000
0.000000 -0.000000 0.000000 -0.000000 0.000000 -0.000000 0.000000 -0.000000 0.000000 -0.000000
0.000000 -0.000000 0.000000 -0.000000 0.000000 -0.000000 0.000000 -0.000000 0.000000 -0.000000
0.000000 -0.000000 0.000000 -0.000000 0.000000 -0.000000 0.000000 -0.000000 0.000000 -0.000000
0.000000 -0.000000 0.000000 -0.000000 0.000000 -0.000000 0.000000 -0.000000 0.000000 -0.000000
0.000000 -0.000000 0.000000 -0.000000 0.000000 -0.000000 0.000000 -0.000000 0.000000 -0.000000
0.000000 -0.000000 0.000000 -0.000000 0.000000 -0.000000 0.000000 -0.000000 0.000000 -0.000000
0.000000 -0.000000 0.000000 -0.000000 0.000000 -0.000000 0.000000 -0.000000 0.000000 -0.000000
0.000000 -0.000000 0.000000 -0.000000 0.000000 -0.000000 0.000000 -0.000000 0.000000 -0.000000
0.000000 -0.000000 0.000000 -0.000000 0.000000 -0.000000 0.000000 -0.000000 0.000000 -0.000000
0.000000 -0.000000 0.000000 -0.000000 0.000000 -0.000000 0.000000 -0.000000 0.000000 -0.000000
0.000000 -0.000000 0.000000 -0.000000 0.000000 -0.000000 0.000000 -0.000000 0.000000 -0.000000
0.000000 -0.000000 0.000000 -0.000000 0.000000 -0.000000 0.000000 -0.000000 0.000000 -0.000000
0.000000 -0.000000 0.000000 -0.000000 0.000000 -0.000000 0.000000 -0.000000 0.000000 -0.000000
0.000000 -0.000000 0.000000 -0.000000 0.000000 -0.000000 0.000000 -0.000000 0.000000 -0.000000
0.000000 -0.000000 0.000000 -0.000000 0.000000 -0.000000 0.000000 -0.000000 0.000000 -0.000000
0.000000 -0.000000 0.000000 -0.000000 0.000000 -0.000000 0.000000 -0.000000 0.000000 -0.000000
0.000000 -0.000000 0.000000 -0.000000 0.000000 -0.000000 0.000000 -0.000000 0.000000 -0.000000
0.000000 -0.000000 0.000000 -0.000000 0.000000 -0.000000 0.000000 -0.000000 0.000000 -0.000000
0.000000 -0.000000 0.000000 -0.000000 0.000000 -0.000000 0.000000 -0.000000 0.000000 -0.000000
0.000000 -0.000000 0.000000 -0.000000 0.000000 -0.000000 0.000000 -0.000000 0.000000 -0.000000
0.000000 -0.000000 0.000000 -0.000000 0.000000 -0.000000 0.000000 -0.000000 0.000000 -0.000000
0.000000 -0.000000 0.000000 -0.000000 0.000000 -0.000000 0.000000 -0.000000 0.000000 -0.000000
0.000000 -0.000000 0.000000 -0.000000 0.000000 -0.000000 0.000000 -0.000000 0.000000 -0.000000
0.000000 -0.000000 0.000000 -0.000000 0.000000 -0.000000 0.000000 -0.000000 0.000000 -0.000000
0.000000 -0.000000 0.000000 -0.000000 0.000000 -0.000000 0.000000 -0.000000 0.000000 -0.000000
0.000000 -0.000000 0.000000 -0.000000 0.000000 -0.000000 0.000000 -0.000000 0.000000 -0.000000
0.000000 -0.000000 0.000000 -0.000000 0.000000 -0.000000 0.000000 -0.000000 0.000000 -0.000000
0.000000 -0.000000 0.000000 -0.000000 0.000000 -0.000000 0.000000 -0.000000 0.000000 -0.000000
0.000000 -0.000000 0.000000 -0.000000 0.000000 -0.000000 0.000000 -0.000000 0.000000 -0.000000
0.000000 -0.000000 0.000000 -0.000000 0.000000 -0.000000 0.000000 -0.000000 0.000000 -0.000000
0.000000 -0.000000 0.000000 -0.000000 0.000000 -0.000000 0.000000 -0.000000 0.000000 -0.000000
0.000000 -0.000000 0.000000 -0.000000 0.000000 -0.000000 0.000000 -0.000000 0.000000 -0.000000
0.000000 -0.000000 0.000000 -0.000000 0.000000 -0.000000 0.000000 -0.000000 0.000000 -0.000000
0.000000 -0.000000 0.000000 -0.000000 0.000000 -0.000000 0.000000 -0.000000 0.000000 -0.000000
