0.000000000000000000e+00 0.000000000000000000e+00 0.000000000000000000e+00 0.000000000000000000e+00 0.000000000000000000e+00
0.000000000000000000e+00 0.000000000000000000e+00 0.000000000000000000e+00 0.000000000000000000e+00 0.000000000000000000e+00
0.000000000000000000e+00 0.000000000000000000e+00 0.000000000000000000e+00 0.000000000000000000e+00 0.000000000000000000e+00
0.000000000000000000e+00 0.000000000000000000e+00 0.000000000000000000e+00 0.000000000000000000e+00 0.000000000000000000e+00
0.000000000000000000e+00 0.000000000000000000e+00 0.000000000000000000e+00 0.000000000000000000e+00 0.000000000000000000e+00
0.000000000000000000e+00 0.000000000000000000e+00 0.000000000000000000e+00 0.000000000000000000e+00 0.000000000000000000e+00
0.000000000000000000e+00 0.000000000000000000e+00 0.000000000000000000e+00 0.000000000000000000e+00 0.000000000000000000e+00
0.000000000000000000e+00 0.000000000000000000e+00 0.000000000000000000e+00 0.000000000000000000e+00 0.000000000000000000e+00
0.000000000000000000e+00 0.000000000000000000e+00 0.000000000000000000e+00 0.000000000000000000e+00 0.000000000000000000e+00
0.000000000000000000e+00 0.000000000000000000e+00 0.000000000000000000e+00 0.000000000000000000e+00 0.000000000000000000e+00
0.000000000000000000e+00 0.000000000000000000e+00 0.000000000000000000e+00 0.000000000000000000e+00 0.000000000000000000e+00
0.000000000000000000e+00 0.000000000000000000e+00 0.000000000000000000e+00 0.000000000000000000e+00 0.000000000000000000e+00
0.000000000000000000e+00 0.000000000000000000e+00 0.000000000000000000e+00 0.000000000000000000e+00 0.000000000000000000e+00
0.000000000000000000e+00 0.000000000000000000e+00 0.000000000000000000e+00 0.000000000000000000e+00 0.000000000000000000e+00
0.000000000000000000e+00 0.000000000000000000e+00 0.000000000000000000e+00 0.000000000000000000e+00 0.000000000000000000e+00
0.000000000000000000e+00 0.000000000000000000e+00 0.000000000000000000e+00 0.000000000000000000e+00 0.000000000000000000e+00
0.000000000000000000e+00 0.000000000000000000e+00 0.000000000000000000e+00 0.000000000000000000e+00 0.000000000000000000e+00
0.000000000000000000e+00 0.000000000000000000e+00 0.000000000000000000e+00 0.000000000000000000e+00 0.000000000000000000e+00
0.000000000000000000e+00 0.000000000000000000e+00 0.000000000000000000e+00 0.000000000000000000e+00 0.000000000000000000e+00
0.000000000000000000e+00 0.000000000000000000e+00 0.000000000000000000e+00 0.000000000000000000e+00 0.000000000000000000e+00
0.000000000000000000e+00 0.000000000000000000e+00 0.000000000000000000e+00 0.000000000000000000e+00 0.000000000000000000e+00
0.000000000000000000e+00 0.000000000000000000e+00 0.000000000000000000e+00 0.000000000000000000e+00 0.000000000000000000e+00
0.000000000000000000e+00 0.000000000000000000e+00 0.000000000000000000e+00 0.000000000000000000e+00 0.000000000000000000e+00
0.000000000000000000e+00 0.000000000000000000e+00 0.000000000000000000e+00 0.000000000000000000e+00 0.000000000000000000e+00
0.000000000000000000e+00 0.000000000000000000e+00 0.000000000000000000e+00 0.000000000000000000e+00 0.000000000000000000e+00
0.000000000000000000e+00 0.000000000000000000e+00 0.000000000000000000e+00 0.000000000000000000e+00 0.000000000000000000e+00
0.000000000000000000e+00 0.000000000000000000e+00 0.000000000000000000e+00 0.000000000000000000e+00 0.000000000000000000e+00
0.000000000000000000e+00 0.000000000000000000e+00 0.000000000000000000e+00 0.000000000000000000e+00 0.000000000000000000e+00
0.000000000000000000e+00 0.000000000000000000e+00 0.000000000000000000e+00 0.000000000000000000e+00 0.000000000000000000e+00
0.000000000000000000e+00 0.000000000000000000e+00 0.000000000000000000e+00 0.000000000000000000e+00 0.000000000000000000e+00
0.000000000000000000e+00 0.000000000000000000e+00 0.000000000000000000e+00 0.000000000000000000e+00 0.000000000000000000e+00
0.000000000000000000e+00 0.000000000000000000e+00 0.000000000000000000e+00 0.000000000000000000e+00 0.000000000000000000e+00
0.000000000000000000e+00 0.000000000000000000e+00 0.000000000000000000e+00 0.000000000000000000e+00 0.000000000000000000e+00
0.000000000000000000e+00 0.000000000000000000e+00 0.000000000000000000e+00 0.000000000000000000e+00 0.000000000000000000e+00
0.000000000000000000e+00 0.000000000000000000e+00 0.000000000000000000e+00 0.000000000000000000e+00 0.000000000000000000e+00
0.000000000000000000e+00 0.000000000000000000e+00 0.000000000000000000e+00 0.000000000000000000e+00 0.000000000000000000e+00
0.000000000000000000e+00 0.000000000000000000e+00 0.000000000000000000e+00 0.000000000000000000e+00 0.000000000000000000e+00
0.000000000000000000e+00 0.000000000000000000e+00 0.000000000000000000e+00 0.000000000000000000e+00 0.000000000000000000e+00
0.000000000000000000e+00 0.000000000000000000e+00 0.000000000000000000e+00 0.000000000000000000e+00 0.000000000000000000e+00
0.000000000000000000e+00 0.000000000000000000e+00 0.000000000000000000e+00 0.000000000000000000e+00 0.000000000000000000e+00
0.000000000000000000e+00 0.000000000000000000e+00 0.000000000000000000e+00 0.000000000000000000e+00 0.000000000000000000e+00
0.000000000000000000e+00 0.000000000000000000e+00 0.000000000000000000e+00 0.000000000000000000e+00 0.000000000000000000e+00
0.000000000000000000e+00 0.000000000000000000e+00 0.000000000000000000e+00 0.000000000000000000e+00 0.000000000000000000e+00
0.000000000000000000e+00 0.000000000000000000e+00 0.000000000000000000e+00 0.000000000000000000e+00 0.000000000000000000e+00
0.000000000000000000e+00 0.000000000000000000e+00 0.000000000000000000e+00 0.000000000000000000e+00 0.000000000000000000e+00
0.000000000000000000e+00 0.000000000000000000e+00 0.000000000000000000e+00 0.000000000000000000e+00 0.000000000000000000e+00
0.000000000000000000e+00 0.000000000000000000e+00 0.000000000000000000e+00 0.000000000000000000e+00 0.000000000000000000e+00
0.000000000000000000e+00 0.000000000000000000e+00 0.000000000000000000e+00 0.000000000000000000e+00 0.000000000000000000e+00
0.000000000000000000e+00 0.000000000000000000e+00 0.000000000000000000e+00 0.000000000000000000e+00 0.000000000000000000e+00
0.000000000000000000e+00 0.000000000000000000e+00 0.000000000000000000e+00 0.000000000000000000e+00 0.000000000000000000e+00
0.000000000000000000e+00 0.000000000000000000e+00 0.000000000000000000e+00 0.000000000000000000e+00 0.000000000000000000e+00
0.000000000000000000e+00 0.000000000000000000e+00 0.000000000000000000e+00 0.000000000000000000e+00 0.000000000000000000e+00
0.000000000000000000e+00 0.000000000000000000e+00 0.000000000000000000e+00 0.000000000000000000e+00 0.000000000000000000e+00
0.000000000000000000e+00 0.000000000000000000e+00 0.000000000000000000e+00 0.000000000000000000e+00 0.000000000000000000e+00
0.000000000000000000e+00 0.000000000000000000e+00 0.000000000000000000e+00 0.000000000000000000e+00 0.000000000000000000e+00
0.000000000000000000e+00 0.000000000000000000e+00 0.000000000000000000e+00 0.000000000000000000e+00 0.000000000000000000e+00
0.000000000000000000e+00 0.000000000000000000e+00 0.000000000000000000e+00 0.000000000000000000e+00 0.000000000000000000e+00
0.000000000000000000e+00 0.000000000000000000e+00 0.000000000000000000e+00 0.000000000000000000e+00 0.000000000000000000e+00
0.000000000000000000e+00 0.000000000000000000e+00 0.000000000000000000e+00 0.000000000000000000e+00 0.000000000000000000e+00
0.000000000000000000e+00 0.000000000000000000e+00 0.000000000000000000e+00 0.000000000000000000e+00 0.000000000000000000e+00
0.000000000000000000e+00 0.000000000000000000e+00 0.000000000000000000e+00 0.000000000000000000e+00 0.000000000000000000e+00
0.000000000000000000e+00 0.000000000000000000e+00 0.000000000000000000e+00 0.000000000000000000e+00 0.000000000000000000e+00
0.000000000000000000e+00 0.000000000000000000e+00 0.000000000000000000e+00 0.000000000000000000e+00 0.000000000000000000e+00
0.000000000000000000e+00 0.000000000000000000e+00 0.000000000000000000e+00 0.000000000000000000e+00 0.000000000000000000e+00
0.000000000000000000e+00 0.000000000000000000e+00 0.000000000000000000e+00 0.000000000000000000e+00 0.000000000000000000e+00
0.000000000000000000e+00 0.000000000000000000e+00 0.000000000000000000e+00 0.000000000000000000e+00 0.000000000000000000e+00
0.000000000000000000e+00 0.000000000000000000e+00 0.000000000000000000e+00 0.000000000000000000e+00 0.000000000000000000e+00
0.000000000000000000e+00 0.000000000000000000e+00 0.000000000000000000e+00 0.000000000000000000e+00 0.000000000000000000e+00
0.000000000000000000e+00 0.000000000000000000e+00 0.000000000000000000e+00 0.000000000000000000e+00 0.000000000000000000e+00
0.000000000000000000e+00 0.000000000000000000e+00 0.000000000000000000e+00 0.000000000000000000e+00 0.000000000000000000e+00
0.000000000000000000e+00 0.000000000000000000e+00 0.000000000000000000e+00 0.000000000000000000e+00 0.000000000000000000e+00
0.000000000000000000e+00 0.000000000000000000e+00 0.000000000000000000e+00 0.000000000000000000e+00 0.000000000000000000e+00
0.000000000000000000e+00 0.000000000000000000e+00 0.000000000000000000e+00 0.000000000000000000e+00 0.000000000000000000e+00
0.000000000000000000e+00 0.000000000000000000e+00 0.000000000000000000e+00 0.000000000000000000e+00 0.000000000000000000e+00
0.000000000000000000e+00 0.000000000000000000e+00 0.000000000000000000e+00 0.000000000000000000e+00 0.000000000000000000e+00
0.000000000000000000e+00 0.000000000000000000e+00 0.000000000000000000e+00 0.000000000000000000e+00 0.000000000000000000e+00
0.000000000000000000e+00 0.000000000000000000e+00 0.000000000000000000e+00 0.000000000000000000e+00 0.000000000000000000e+00
0.000000000000000000e+00 0.000000000000000000e+00 0.000000000000000000e+00 0.000000000000000000e+00 0.000000000000000000e+00
0.000000000000000000e+00 0.000000000000000000e+00 0.000000000000000000e+00 0.000000000000000000e+00 0.000000000000000000e+00
0.000000000000000000e+00 0.000000000000000000e+00 0.000000000000000000e+00 0.000000000000000000e+00 0.000000000000000000e+00
0.000000000000000000e+00 0.000000000000000000e+00 0.000000000000000000e+00 0.000000000000000000e+00 0.000000000000000000e+00
0.000000000000000000e+00 0.000000000000000000e+00 0.000000000000000000e+00 0.000000000000000000e+00 0.000000000000000000e+00
0.000000000000000000e+00 0.000000000000000000e+00 0.000000000000000000e+00 0.000000000000000000e+00 0.000000000000000000e+00
0.000000000000000000e+00 0.000000000000000000e+00 0.000000000000000000e+00 0.000000000000000000e+00 0.000000000000000000e+00
0.000000000000000000e+00 0.000000000000000000e+00 0.000000000000000000e+00 0.000000000000000000e+00 0.000000000000000000e+00
0.000000000000000000e+00 0.000000000000000000e+00 0.000000000000000000e+00 0.000000000000000000e+00 0.000000000000000000e+00
0.000000000000000000e+00 0.000000000000000000e+00 0.000000000000000000e+00 0.000000000000000000e+00 0.000000000000000000e+00
0.000000000000000000e+00 0.000000000000000000e+00 0.000000000000000000e+00 0.000000000000000000e+00 0.000000000000000000e+00
0.000000000000000000e+00 0.000000000000000000e+00 0.000000000000000000e+00 0.000000000000000000e+00 0.000000000000000000e+00
0.000000000000000000e+00 0.000000000000000000e+00 0.000000000000000000e+00 0.000000000000000000e+00 0.000000000000000000e+00
0.000000000000000000e+00 0.000000000000000000e+00 0.000000000000000000e+00 0.000000000000000000e+00 0.000000000000000000e+00
0.000000000000000000e+00 0.000000000000000000e+00 0.000000000000000000e+00 0.000000000000000000e+00 0.000000000000000000e+00
0.000000000000000000e+00 0.000000000000000000e+00 0.000000000000000000e+00 0.000000000000000000e+00 0.000000000000000000e+00
0.000000000000000000e+00 0.000000000000000000e+00 0.000000000000000000e+00 0.000000000000000000e+00 0.000000000000000000e+00
1.000000000000000021e-08 4.396929831847479621e-04 1.000000000000000021e-08 1.395299165502841539e-04 1.518848880202563394e-04
1.000000000000000021e-08 7.607530202661993892e-04 1.000000000000000021e-08 2.849333838054004565e-04 2.717844620019777566e-04
1.000000000000000021e-08 7.880588556931275839e-04 1.000000000000000021e-08 1.046365614059605845e-04 1.650506294353247874e-03
1.615993384980745013e-03 1.000000000000000021e-08 1.000000000000000021e-08 1.000000000000000021e-08 4.610363538629289742e-03
2.039393579148888157e-03 1.000000000000000021e-08 1.000000000000000021e-08 1.000000000000000021e-08 6.862668351186239531e-03
7.992009141732280214e-04 1.800486834562132631e-04 1.000000000000000021e-08 5.015049710480493170e-04 4.514595048009381779e-03
5.330009270231079484e-05 8.988963779056500722e-04 1.000000000000000021e-08 1.017680582637083952e-03 1.745534183832291811e-03
1.000000000000000021e-08 2.550135398832840700e-03 1.000000000000000021e-08 1.462626260175378277e-03 9.609501428245932099e-04
1.000000000000000021e-08 3.325094662778105194e-03 1.000000000000000021e-08 6.427292725663895758e-04 6.424539027103301752e-04
1.000000000000000021e-08 1.578078482404640008e-03 1.237746595096511203e-03 1.000000000000000021e-08 4.213827177470300350e-04
1.000000000000000021e-08 4.726312161636527279e-04 1.031014407713715672e-03 1.000000000000000021e-08 5.479522602420785257e-04
1.000000000000000021e-08 1.000000000000000021e-08 1.374791464744890132e-03 6.700854164385083031e-05 1.478693826102059046e-04
2.289905885703546324e-04 1.000000000000000021e-08 1.865269480507805548e-03 1.691238249085533576e-04 1.000000000000000021e-08
7.874379923170306457e-05 1.000000000000000021e-08 6.414167778821312262e-04 5.815720461282268973e-05 1.000000000000000021e-08
0.000000000000000000e+00 0.000000000000000000e+00 0.000000000000000000e+00 0.000000000000000000e+00 0.000000000000000000e+00
0.000000000000000000e+00 0.000000000000000000e+00 0.000000000000000000e+00 0.000000000000000000e+00 0.000000000000000000e+00
0.000000000000000000e+00 0.000000000000000000e+00 0.000000000000000000e+00 0.000000000000000000e+00 0.000000000000000000e+00
0.000000000000000000e+00 0.000000000000000000e+00 0.000000000000000000e+00 0.000000000000000000e+00 0.000000000000000000e+00
0.000000000000000000e+00 0.000000000000000000e+00 0.000000000000000000e+00 0.000000000000000000e+00 0.000000000000000000e+00
0.000000000000000000e+00 0.000000000000000000e+00 0.000000000000000000e+00 0.000000000000000000e+00 0.000000000000000000e+00
0.000000000000000000e+00 0.000000000000000000e+00 0.000000000000000000e+00 0.000000000000000000e+00 0.000000000000000000e+00
0.000000000000000000e+00 0.000000000000000000e+00 0.000000000000000000e+00 0.000000000000000000e+00 0.000000000000000000e+00
1.725510062896686982e-05 1.000000000000000021e-08 1.772563806255786475e-04 1.290983427548740602e-05 1.000000000000000021e-08
0.000000000000000000e+00 0.000000000000000000e+00 0.000000000000000000e+00 0.000000000000000000e+00 0.000000000000000000e+00
0.000000000000000000e+00 0.000000000000000000e+00 0.000000000000000000e+00 0.000000000000000000e+00 0.000000000000000000e+00
1.235376532662022378e-05 9.683175338885312907e-05 1.000000000000000021e-08 1.000000000000000021e-08 4.989003747350980247e-04
1.000000000000000021e-08 2.571203119451843694e-04 1.000000000000000021e-08 1.000000000000000021e-08 1.677636455751158528e-03
1.275683865892432520e-04 2.321611086588399979e-04 1.000000000000000021e-08 1.000000000000000021e-08 2.322425580179567507e-03
1.000000000000000021e-08 1.157592467166510160e-03 1.000000000000000021e-08 1.000000000000000021e-08 9.161498932473487872e-03
1.000000000000000021e-08 2.159668391230655082e-03 1.000000000000000021e-08 1.000000000000000021e-08 2.893543841601705843e-02
1.000000000000000021e-08 2.570968755832471562e-03 1.000000000000000021e-08 1.000000000000000021e-08 6.215761481196662580e-02
1.000000000000000021e-08 1.000000000000000021e-08 1.000000000000000021e-08 9.625981523525322520e-03 7.921128741067118284e-02
7.736381610714979963e-03 1.000000000000000021e-08 3.648834712105504877e-03 5.530742757771181517e-02 4.373191236824394701e-02
5.906729998225889594e-02 1.000000000000000021e-08 1.637182612537425126e-03 6.409150657275190788e-02 1.000000000000000021e-08
1.038355510263051229e-01 1.000000000000000021e-08 1.000000000000000021e-08 3.135090305998480126e-02 1.000000000000000021e-08
9.212464552411563090e-02 4.212368295213193836e-02 1.000000000000000021e-08 1.000000000000000021e-08 1.000000000000000021e-08
3.344523518121031436e-02 6.603534837648920852e-02 5.794596764748752987e-03 1.000000000000000021e-08 4.220258847893409299e-03
1.000000000000000021e-08 4.259748553030751061e-02 4.898784362593538999e-02 1.000000000000000021e-08 2.824670877907931293e-03
1.000000000000000021e-08 3.460817636952620568e-03 7.312240338208580992e-02 1.000000000000000021e-08 1.000000000000000021e-08
1.000000000000000021e-08 1.000000000000000021e-08 6.199967049670861152e-02 2.704009840138867603e-03 1.000000000000000021e-08
1.968760105885470485e-03 1.000000000000000021e-08 3.135335132619064546e-02 2.034723813438674058e-03 1.000000000000000021e-08
1.942197431197051534e-04 1.000000000000000021e-08 7.921108209776499612e-03 7.918354751568107723e-04 1.000000000000000021e-08
1.287360200777134536e-04 1.000000000000000021e-08 1.584681910718437189e-03 1.669147211823306999e-04 1.000000000000000021e-08
0.000000000000000000e+00 0.000000000000000000e+00 0.000000000000000000e+00 0.000000000000000000e+00 0.000000000000000000e+00
0.000000000000000000e+00 0.000000000000000000e+00 0.000000000000000000e+00 0.000000000000000000e+00 0.000000000000000000e+00
0.000000000000000000e+00 0.000000000000000000e+00 0.000000000000000000e+00 0.000000000000000000e+00 0.000000000000000000e+00
0.000000000000000000e+00 0.000000000000000000e+00 0.000000000000000000e+00 0.000000000000000000e+00 0.000000000000000000e+00
0.000000000000000000e+00 0.000000000000000000e+00 0.000000000000000000e+00 0.000000000000000000e+00 0.000000000000000000e+00
1.000000000000000021e-08 3.588143770687151160e-04 1.000000000000000021e-08 1.000000000000000021e-08 2.712985367236050711e-05
1.000000000000000021e-08 2.360620901767862220e-04 1.000000000000000021e-08 1.000000000000000021e-08 1.784858794234246492e-05
0.000000000000000000e+00 0.000000000000000000e+00 0.000000000000000000e+00 0.000000000000000000e+00 0.000000000000000000e+00
0.000000000000000000e+00 0.000000000000000000e+00 0.000000000000000000e+00 0.000000000000000000e+00 0.000000000000000000e+00
1.000000000000000021e-08 7.110295900410176307e-04 1.000000000000000021e-08 1.000000000000000021e-08 1.162237838625795102e-03
2.329926052430574489e-04 6.541849461994421857e-04 1.000000000000000021e-08 1.000000000000000021e-08 2.863030488986919447e-03
1.000000000000000021e-08 6.127030186242977744e-04 1.000000000000000021e-08 1.000000000000000021e-08 3.411611643082001436e-03
1.000000000000000021e-08 9.711882302361460112e-04 2.984750192922984761e-04 1.000000000000000021e-08 6.549966150286053515e-03
1.000000000000000021e-08 2.287391873849418771e-03 1.000000000000000021e-08 1.000000000000000021e-08 2.181157481100295253e-02
1.000000000000000021e-08 3.446776810824795680e-03 1.000000000000000021e-08 1.000000000000000021e-08 5.537629830066693321e-02
1.000000000000000021e-08 2.040685022514968170e-03 1.000000000000000021e-08 1.000000000000000021e-08 1.120410814943864214e-01
1.000000000000000021e-08 1.000000000000000021e-08 9.497600307123541148e-04 2.246132905425492557e-02 1.452847184766577759e-01
1.899060346573629848e-02 1.000000000000000021e-08 5.842250813118324629e-03 9.834764154286287918e-02 7.859368067869361429e-02
8.912607420124578350e-02 1.000000000000000021e-08 1.000000000000000021e-08 1.359126351246163211e-01 1.000000000000000021e-08
1.527092909039198809e-01 3.039586914061161160e-02 1.000000000000000021e-08 7.304509683968089806e-02 1.000000000000000021e-08
1.252199187101372402e-01 1.095283606980946151e-01 1.000000000000000021e-08 1.000000000000000021e-08 1.000000000000000021e-08
2.718946177921610294e-02 1.362288799291413444e-01 2.033787289210027202e-02 1.000000000000000021e-08 5.296689717435237345e-03
1.000000000000000021e-08 7.746520948519965144e-02 1.029088741028288678e-01 1.000000000000000021e-08 4.071435555333634097e-03
1.000000000000000021e-08 7.121523862383837347e-03 1.313024527503932615e-01 1.000000000000000021e-08 1.000000000000000021e-08
1.000000000000000021e-08 1.000000000000000021e-08 9.510999284593953107e-02 3.706423581843424058e-03 1.000000000000000021e-08
3.734900020927232802e-03 1.000000000000000021e-08 4.672251457247201395e-02 3.287183058086016844e-03 1.000000000000000021e-08
1.005272987080559413e-03 1.000000000000000021e-08 1.391858525836989734e-02 1.274978518496128373e-03 1.000000000000000021e-08
1.920262359401454940e-04 1.000000000000000021e-08 4.711109764986422949e-03 4.163200326923485826e-04 1.000000000000000021e-08
1.000000000000000021e-08 1.000000000000000021e-08 6.175479645120376764e-05 5.082381727447912006e-06 1.000000000000000021e-08
1.000000000000000021e-08 5.875452520805167793e-05 1.154952629884255428e-04 1.000000000000000021e-08 1.438457027422305665e-05
0.000000000000000000e+00 0.000000000000000000e+00 0.000000000000000000e+00 0.000000000000000000e+00 0.000000000000000000e+00
0.000000000000000000e+00 0.000000000000000000e+00 0.000000000000000000e+00 0.000000000000000000e+00 0.000000000000000000e+00
0.000000000000000000e+00 0.000000000000000000e+00 0.000000000000000000e+00 0.000000000000000000e+00 0.000000000000000000e+00
1.000000000000000021e-08 8.970359426717877899e-05 1.000000000000000021e-08 1.000000000000000021e-08 6.782463418090126778e-06
1.000000000000000021e-08 5.665490164242868433e-05 1.000000000000000021e-08 1.000000000000000021e-08 4.283661106162187652e-06
0.000000000000000000e+00 0.000000000000000000e+00 0.000000000000000000e+00 0.000000000000000000e+00 0.000000000000000000e+00
0.000000000000000000e+00 0.000000000000000000e+00 0.000000000000000000e+00 0.000000000000000000e+00 0.000000000000000000e+00
1.000000000000000021e-08 2.046845088508801407e-04 1.197966931255489296e-04 1.000000000000000021e-08 1.929729391062546531e-03
1.000000000000000021e-08 4.902880587835669549e-04 3.697918528445151261e-04 1.000000000000000021e-08 3.324179422835262052e-03
1.000000000000000021e-08 1.157399852053775553e-03 4.208728877973628383e-04 1.000000000000000021e-08 3.909471431158146812e-03
1.000000000000000021e-08 1.114277830459283044e-03 4.584722023184388279e-04 1.000000000000000021e-08 7.862803639887212467e-03
1.000000000000000021e-08 2.423027156333950032e-03 1.000000000000000021e-08 1.000000000000000021e-08 2.574344611787065043e-02
1.000000000000000021e-08 3.461729073911890692e-03 1.000000000000000021e-08 1.000000000000000021e-08 5.927827779595630509e-02
1.000000000000000021e-08 2.246142229547931461e-03 1.000000000000000021e-08 1.000000000000000021e-08 1.275686472512226333e-01
1.000000000000000021e-08 1.000000000000000021e-08 1.000000000000000021e-08 2.367009956340374033e-02 1.711703357129807368e-01
3.988385698950797087e-02 1.000000000000000021e-08 5.468011696337751401e-03 1.175312358997199075e-01 9.882145102511609436e-02
1.208809315471673779e-01 1.000000000000000021e-08 1.000000000000000021e-08 1.575369700743181889e-01 1.000000000000000021e-08
1.602022449417830896e-01 6.294868992441174371e-02 1.000000000000000021e-08 8.285525669949653227e-02 1.000000000000000021e-08
1.034374378327571620e-01 1.470432141086891742e-01 1.000000000000000021e-08 1.940965238896270179e-03 1.000000000000000021e-08
1.506326212292456897e-02 1.510217809478733297e-01 5.789083683761907240e-02 1.000000000000000021e-08 4.041727253471834834e-03
1.000000000000000021e-08 7.183429195439156034e-02 1.426931299956885890e-01 1.000000000000000021e-08 1.909354728969825084e-03
1.000000000000000021e-08 1.000000000000000021e-08 1.449379019307306948e-01 1.385483680849026534e-03 1.000000000000000021e-08
4.453602663995641971e-04 1.000000000000000021e-08 8.717750154122771988e-02 4.084269859607897631e-03 1.000000000000000021e-08
3.640915181949223693e-03 1.000000000000000021e-08 3.798953919702313664e-02 2.473866040709224098e-03 1.000000000000000021e-08
8.241123838292164572e-04 1.000000000000000021e-08 7.316768989209675514e-03 7.057767068209071151e-04 1.000000000000000021e-08
1.327835530476901692e-04 1.000000000000000021e-08 1.318245371367515089e-03 1.168968402328021179e-04 1.000000000000000021e-08
0.000000000000000000e+00 0.000000000000000000e+00 0.000000000000000000e+00 0.000000000000000000e+00 0.000000000000000000e+00
0.000000000000000000e+00 0.000000000000000000e+00 0.000000000000000000e+00 0.000000000000000000e+00 0.000000000000000000e+00
0.000000000000000000e+00 0.000000000000000000e+00 0.000000000000000000e+00 0.000000000000000000e+00 0.000000000000000000e+00
0.000000000000000000e+00 0.000000000000000000e+00 0.000000000000000000e+00 0.000000000000000000e+00 0.000000000000000000e+00
0.000000000000000000e+00 0.000000000000000000e+00 0.000000000000000000e+00 0.000000000000000000e+00 0.000000000000000000e+00
0.000000000000000000e+00 0.000000000000000000e+00 0.000000000000000000e+00 0.000000000000000000e+00 0.000000000000000000e+00
1.000000000000000021e-08 3.023690615711646822e-05 1.000000000000000021e-08 1.000000000000000021e-08 2.770883439599697599e-04
1.000000000000000021e-08 5.245177598683458639e-05 1.000000000000000021e-08 1.000000000000000021e-08 4.806634538081097857e-04
1.000000000000000021e-08 3.823908443064178162e-06 8.016253975210972942e-05 1.000000000000000021e-08 2.013065122827917351e-04
1.000000000000000021e-08 2.960762335893443944e-06 6.666698807422025272e-04 1.000000000000000021e-08 1.071979368121378029e-03
1.000000000000000021e-08 3.786088345065269823e-04 5.181053496568076722e-04 1.000000000000000021e-08 3.890842453098962254e-03
1.000000000000000021e-08 1.052118052734142680e-03 7.394683421428890685e-04 1.000000000000000021e-08 4.260393396669900391e-03
2.866782513429511807e-04 6.208824418096782613e-04 1.477429961419810184e-04 1.000000000000000021e-08 8.513908082537435806e-03
5.455395876612076150e-04 1.901484900197677845e-03 1.000000000000000021e-08 1.000000000000000021e-08 2.393364561909602090e-02
1.000000000000000021e-08 3.356219233437584062e-03 1.000000000000000021e-08 1.000000000000000021e-08 5.480141237316882297e-02
1.511611036701684821e-03 1.869230265584062491e-03 1.000000000000000021e-08 1.000000000000000021e-08 1.323893952204651669e-01
1.297907416417150989e-02 1.000000000000000021e-08 2.223408026652999375e-04 2.245634220117228783e-02 1.805672648104618694e-01
6.496327592732074885e-02 1.000000000000000021e-08 4.671274674459451395e-03 1.240942546522359469e-01 1.097697200062479339e-01
1.429541794473598859e-01 1.227434213276270463e-03 1.000000000000000021e-08 1.590951845247894902e-01 1.000000000000000021e-08
1.437454844946980115e-01 1.013017478291696610e-01 1.000000000000000021e-08 7.831323104687305803e-02 1.000000000000000021e-08
7.205917505467902828e-02 1.651956158426076127e-01 1.477984911871490017e-02 1.000000000000000021e-08 1.000000000000000021e-08
1.000000000000000021e-08 1.366571082580168295e-01 1.023537944297087943e-01 1.000000000000000021e-08 1.739263256812776997e-03
1.000000000000000021e-08 4.823608872444076767e-02 1.581360111334111918e-01 1.000000000000000021e-08 1.000000000000000021e-08
1.000000000000000021e-08 1.000000000000000021e-08 1.285715460407472754e-01 3.612274281927954026e-03 1.000000000000000021e-08
2.541185112101500450e-03 1.000000000000000021e-08 6.376032262400288531e-02 3.447113907879250424e-03 1.000000000000000021e-08
2.228543563003097198e-03 1.000000000000000021e-08 2.104382305442828102e-02 1.658028301319914742e-03 1.000000000000000021e-08
4.673953272344730323e-04 1.000000000000000021e-08 2.406503046971554625e-03 2.496721243533047709e-04 1.000000000000000021e-08
0.000000000000000000e+00 0.000000000000000000e+00 0.000000000000000000e+00 0.000000000000000000e+00 0.000000000000000000e+00
0.000000000000000000e+00 0.000000000000000000e+00 0.000000000000000000e+00 0.000000000000000000e+00 0.000000000000000000e+00
0.000000000000000000e+00 0.000000000000000000e+00 0.000000000000000000e+00 0.000000000000000000e+00 0.000000000000000000e+00
0.000000000000000000e+00 0.000000000000000000e+00 0.000000000000000000e+00 0.000000000000000000e+00 0.000000000000000000e+00
0.000000000000000000e+00 0.000000000000000000e+00 0.000000000000000000e+00 0.000000000000000000e+00 0.000000000000000000e+00
0.000000000000000000e+00 0.000000000000000000e+00 0.000000000000000000e+00 0.000000000000000000e+00 0.000000000000000000e+00
0.000000000000000000e+00 0.000000000000000000e+00 0.000000000000000000e+00 0.000000000000000000e+00 0.000000000000000000e+00
1.000000000000000021e-08 6.911292835912324363e-05 1.000000000000000021e-08 1.000000000000000021e-08 6.333447861942174614e-04
1.000000000000000021e-08 3.949310191949908155e-05 1.000000000000000021e-08 1.000000000000000021e-08 3.619113063966954754e-04
0.000000000000000000e+00 0.000000000000000000e+00 0.000000000000000000e+00 0.000000000000000000e+00 0.000000000000000000e+00
1.599399998698722834e-04 1.067420229882806200e-04 2.245659689615515139e-04 1.000000000000000021e-08 9.796295507682691896e-04
1.520414503969825712e-04 2.925091680480029093e-04 4.216948122248760254e-04 1.000000000000000021e-08 2.750970229709282129e-03
1.000000000000000021e-08 8.800650833342130901e-04 6.728486919998611466e-04 1.000000000000000021e-08 5.713740478564413063e-03
7.358369265495747153e-04 5.391342978087761530e-04 1.000000000000000021e-08 1.000000000000000021e-08 8.728571002463894613e-03
5.608117663657725266e-04 1.797788705516110844e-03 1.000000000000000021e-08 1.000000000000000021e-08 1.996566555663081832e-02
1.000000000000000021e-08 3.314011269452481982e-03 1.000000000000000021e-08 1.000000000000000021e-08 4.996363115325333504e-02
7.114507724972406709e-03 9.388221956371056547e-04 1.000000000000000021e-08 1.000000000000000021e-08 1.295965372959798634e-01
2.797591339014265238e-02 1.000000000000000021e-08 1.893037979817004416e-03 2.196747916782320828e-02 1.868966732228572181e-01
1.034561333536841432e-01 1.000000000000000021e-08 4.645534634144709608e-03 1.257686369355200673e-01 1.201545347813377518e-01
1.561246872789450457e-01 2.731671030162639152e-02 1.000000000000000021e-08 1.537627380452313286e-01 3.685692291370648924e-03
1.116615991840031324e-01 1.381898390285636047e-01 1.000000000000000021e-08 6.999181224682360369e-02 1.000000000000000021e-08
4.011979135466682556e-02 1.678044547523591112e-01 6.378414674844945509e-02 1.000000000000000021e-08 1.000000000000000021e-08
1.000000000000000021e-08 1.102390485346482901e-01 1.382809601984202608e-01 1.000000000000000021e-08 7.470148267625652564e-04
1.000000000000000021e-08 2.005743243440160847e-02 1.478958425043223335e-01 4.790030159390395114e-04 1.000000000000000021e-08
1.000000000000000021e-08 1.000000000000000021e-08 9.018940992717267013e-02 4.471298338739542778e-03 1.000000000000000021e-08
1.841446953327345072e-03 1.000000000000000021e-08 3.506166442112487042e-02 2.197563162627293176e-03 1.000000000000000021e-08
6.726521769786582196e-04 1.000000000000000021e-08 7.662445524181709690e-03 6.947208860858692997e-04 1.000000000000000021e-08
7.178916955086349063e-07 1.000000000000000021e-08 3.275720255870078818e-05 4.357991374794213538e-06 1.000000000000000021e-08
0.000000000000000000e+00 0.000000000000000000e+00 0.000000000000000000e+00 0.000000000000000000e+00 0.000000000000000000e+00
0.000000000000000000e+00 0.000000000000000000e+00 0.000000000000000000e+00 0.000000000000000000e+00 0.000000000000000000e+00
0.000000000000000000e+00 0.000000000000000000e+00 0.000000000000000000e+00 0.000000000000000000e+00 0.000000000000000000e+00
0.000000000000000000e+00 0.000000000000000000e+00 0.000000000000000000e+00 0.000000000000000000e+00 0.000000000000000000e+00
0.000000000000000000e+00 0.000000000000000000e+00 0.000000000000000000e+00 0.000000000000000000e+00 0.000000000000000000e+00
1.000000000000000021e-08 3.124208155684169395e-05 3.145294624955011762e-04 3.896285821788197777e-05 1.000000000000000021e-08
0.000000000000000000e+00 0.000000000000000000e+00 0.000000000000000000e+00 0.000000000000000000e+00 0.000000000000000000e+00
1.000000000000000021e-08 9.825404002961300460e-05 6.794411938540794382e-05 1.000000000000000021e-08 2.571721226608458921e-06
0.000000000000000000e+00 0.000000000000000000e+00 0.000000000000000000e+00 0.000000000000000000e+00 0.000000000000000000e+00
0.000000000000000000e+00 0.000000000000000000e+00 0.000000000000000000e+00 0.000000000000000000e+00 0.000000000000000000e+00
7.037405006079237206e-05 1.401330788784016892e-04 1.000000000000000021e-08 1.000000000000000021e-08 6.809853716547990040e-04
1.000000000000000021e-08 4.287680978586419240e-04 5.385754111633969622e-04 1.000000000000000021e-08 2.896836244685921120e-03
1.000000000000000021e-08 8.147159066420203927e-04 8.411861369581550554e-04 1.000000000000000021e-08 4.897652881242762525e-03
1.000000000000000021e-08 1.245759869885497764e-03 3.602269947112224651e-04 1.000000000000000021e-08 8.129370911296824806e-03
1.000000000000000021e-08 2.078983213314412534e-03 1.000000000000000021e-08 1.000000000000000021e-08 1.373828035695461199e-02
1.000000000000000021e-08 3.187799305540992955e-03 1.000000000000000021e-08 1.000000000000000021e-08 3.870146962423268167e-02
1.577600418011805561e-02 6.304032191897629943e-04 1.000000000000000021e-08 1.000000000000000021e-08 1.198748760287281084e-01
5.102240917227468531e-02 1.000000000000000021e-08 3.092539942622811455e-03 2.556240931229235985e-02 1.868126556855620735e-01
1.365173487994308932e-01 1.000000000000000021e-08 3.067085365639137234e-03 1.312904924481637092e-01 1.193737733637756648e-01
1.432334275256951506e-01 6.881412183178539643e-02 1.000000000000000021e-08 1.472663592968234958e-01 1.737907610758667593e-02
7.569315886502472890e-02 1.600398770438098417e-01 3.806731089178135713e-02 6.502175096291296086e-02 1.000000000000000021e-08
1.268560118575159067e-02 1.530368460619476456e-01 1.066542341798220606e-01 1.000000000000000021e-08 1.000000000000000021e-08
1.000000000000000021e-08 7.266943337646970813e-02 1.509111929467984170e-01 1.000000000000000021e-08 1.000000000000000021e-08
1.000000000000000021e-08 1.000000000000000021e-08 1.185361383017294323e-01 3.317342616123061892e-03 1.000000000000000021e-08
2.335701254208844002e-03 1.000000000000000021e-08 5.036816238568428417e-02 3.278079146171784027e-03 1.000000000000000021e-08
1.224218942894510741e-03 1.000000000000000021e-08 1.054223014124247050e-02 7.680608327402205183e-04 1.000000000000000021e-08
1.881635873696748784e-04 1.000000000000000021e-08 1.458543939411729475e-03 1.037499047956292063e-04 1.000000000000000021e-08
0.000000000000000000e+00 0.000000000000000000e+00 0.000000000000000000e+00 0.000000000000000000e+00 0.000000000000000000e+00
0.000000000000000000e+00 0.000000000000000000e+00 0.000000000000000000e+00 0.000000000000000000e+00 0.000000000000000000e+00
0.000000000000000000e+00 0.000000000000000000e+00 0.000000000000000000e+00 0.000000000000000000e+00 0.000000000000000000e+00
0.000000000000000000e+00 0.000000000000000000e+00 0.000000000000000000e+00 0.000000000000000000e+00 0.000000000000000000e+00
0.000000000000000000e+00 0.000000000000000000e+00 0.000000000000000000e+00 0.000000000000000000e+00 0.000000000000000000e+00
0.000000000000000000e+00 0.000000000000000000e+00 0.000000000000000000e+00 0.000000000000000000e+00 0.000000000000000000e+00
1.000000000000000021e-08 5.129872650691257469e-05 5.164496112580453614e-04 6.397605114788026850e-05 1.000000000000000021e-08
0.000000000000000000e+00 0.000000000000000000e+00 0.000000000000000000e+00 0.000000000000000000e+00 0.000000000000000000e+00
0.000000000000000000e+00 0.000000000000000000e+00 0.000000000000000000e+00 0.000000000000000000e+00 0.000000000000000000e+00
0.000000000000000000e+00 0.000000000000000000e+00 0.000000000000000000e+00 0.000000000000000000e+00 0.000000000000000000e+00
0.000000000000000000e+00 0.000000000000000000e+00 0.000000000000000000e+00 0.000000000000000000e+00 0.000000000000000000e+00
1.354871064740327416e-04 1.911949438916028983e-04 1.000000000000000021e-08 1.000000000000000021e-08 1.113593549500133291e-03
1.000000000000000021e-08 3.287308445368658473e-04 1.000000000000000021e-08 1.000000000000000021e-08 1.625954653258567667e-03
1.000000000000000021e-08 3.146431841846206558e-04 6.495721599899259915e-04 1.000000000000000021e-08 3.133648770429165505e-03
1.000000000000000021e-08 1.472916221834493595e-03 6.256386283348346587e-04 1.000000000000000021e-08 6.143366149968006694e-03
1.000000000000000021e-08 2.415508244983087874e-03 3.882888866737916602e-04 1.000000000000000021e-08 1.073130968106821188e-02
8.256566570168415642e-04 2.745494253025373022e-03 6.755485512608671857e-05 1.000000000000000021e-08 3.049102203219010779e-02
2.739966740709470425e-02 1.000000000000000021e-08 1.000000000000000021e-08 1.000000000000000021e-08 1.107609065979977270e-01
9.134614193838276608e-02 1.000000000000000021e-08 6.217010892580854958e-03 2.975834259999457151e-02 1.795963600119903081e-01
1.715794028154500050e-01 3.591941694592137684e-04 7.506275331239480042e-03 1.271605556726650710e-01 1.202950359637014327e-01
1.087192268077009499e-01 1.106631144540772965e-01 3.170091688170414979e-02 1.409083721331263750e-01 3.103006857551637160e-02
4.563044769151820140e-02 1.621891701989049417e-01 8.515060248259539999e-02 6.196738997388175768e-02 1.000000000000000021e-08
1.000000000000000021e-08 1.304086682782635287e-01 1.283977099766475394e-01 1.218747617273376380e-04 1.000000000000000021e-08
1.000000000000000021e-08 3.517562336496700415e-02 1.340483760953478098e-01 8.276775246444958945e-04 1.000000000000000021e-08
1.000000000000000021e-08 1.000000000000000021e-08 7.337849123308679000e-02 3.672494135496188160e-03 1.000000000000000021e-08
2.447237591516610977e-04 1.000000000000000021e-08 1.767447898256597691e-02 1.337491123247526665e-03 1.000000000000000021e-08
2.096885380444652662e-04 1.000000000000000021e-08 2.594383039788293339e-03 2.104278667231505352e-04 1.000000000000000021e-08
0.000000000000000000e+00 0.000000000000000000e+00 0.000000000000000000e+00 0.000000000000000000e+00 0.000000000000000000e+00
0.000000000000000000e+00 0.000000000000000000e+00 0.000000000000000000e+00 0.000000000000000000e+00 0.000000000000000000e+00
0.000000000000000000e+00 0.000000000000000000e+00 0.000000000000000000e+00 0.000000000000000000e+00 0.000000000000000000e+00
3.490965500445881845e-04 1.000000000000000021e-08 6.755189386900230155e-04 1.000000000000000021e-08 1.069529262553246708e-06
0.000000000000000000e+00 0.000000000000000000e+00 0.000000000000000000e+00 0.000000000000000000e+00 0.000000000000000000e+00
0.000000000000000000e+00 0.000000000000000000e+00 0.000000000000000000e+00 0.000000000000000000e+00 0.000000000000000000e+00
0.000000000000000000e+00 0.000000000000000000e+00 0.000000000000000000e+00 0.000000000000000000e+00 0.000000000000000000e+00
0.000000000000000000e+00 0.000000000000000000e+00 0.000000000000000000e+00 0.000000000000000000e+00 0.000000000000000000e+00
0.000000000000000000e+00 0.000000000000000000e+00 0.000000000000000000e+00 0.000000000000000000e+00 0.000000000000000000e+00
0.000000000000000000e+00 0.000000000000000000e+00 0.000000000000000000e+00 0.000000000000000000e+00 0.000000000000000000e+00
0.000000000000000000e+00 0.000000000000000000e+00 0.000000000000000000e+00 0.000000000000000000e+00 0.000000000000000000e+00
0.000000000000000000e+00 0.000000000000000000e+00 0.000000000000000000e+00 0.000000000000000000e+00 0.000000000000000000e+00
1.385602617849292120e-04 2.110914160753297097e-04 1.000000000000000021e-08 1.000000000000000021e-08 1.200227854067424530e-03
1.000000000000000021e-08 3.530130775138061406e-04 5.013884828815616318e-05 1.000000000000000021e-08 1.824139245594202756e-03
1.000000000000000021e-08 4.688493820027223383e-04 2.213650367547182526e-04 1.000000000000000021e-08 2.899864636502275193e-03
1.000000000000000021e-08 1.763550380807399082e-03 3.354156587841328630e-04 1.000000000000000021e-08 4.677970225457904127e-03
1.000000000000000021e-08 3.228969799601711602e-03 1.146183411727059069e-05 1.000000000000000021e-08 8.700498392602076803e-03
2.800646835279235053e-03 2.871661720601242050e-03 1.000000000000000021e-08 1.000000000000000021e-08 2.558194079945239757e-02
4.766826359964063120e-02 1.000000000000000021e-08 1.856947674537209360e-03 1.000000000000000021e-08 9.877941869861947555e-02
1.472364836887949946e-01 1.000000000000000021e-08 1.337488187494361401e-02 3.458428763084370888e-02 1.685726484805096514e-01
1.652969494048977528e-01 4.144531362038565009e-02 3.017748813211943229e-02 1.282564875680381189e-01 1.176414547467727612e-01
7.026926164679235531e-02 1.339209657140495724e-01 7.738685517838261863e-02 1.391428319374397315e-01 4.232353236394000712e-02
1.280840408706030061e-02 1.609318148234196444e-01 1.039569390461497350e-01 5.513746912213171592e-02 1.000000000000000021e-08
1.000000000000000021e-08 9.554615784550812840e-02 1.290222422935112523e-01 1.587926006311155729e-03 1.359572623639638276e-03
1.000000000000000021e-08 8.606698671259403396e-03 9.466940953044537810e-02 3.270320408361959436e-03 1.000000000000000021e-08
1.459543610140542468e-03 1.000000000000000021e-08 3.107253707614376567e-02 1.572864520361186855e-03 4.102591944392629253e-04
1.825142159281328716e-04 1.000000000000000021e-08 3.086908825488947784e-03 1.213809192900138563e-04 2.792326839033800801e-04
3.492984395827430921e-05 1.000000000000000021e-08 2.173121854240745820e-04 1.326649152591946995e-05 1.000000000000000021e-08
0.000000000000000000e+00 0.000000000000000000e+00 0.000000000000000000e+00 0.000000000000000000e+00 0.000000000000000000e+00
0.000000000000000000e+00 0.000000000000000000e+00 0.000000000000000000e+00 0.000000000000000000e+00 0.000000000000000000e+00
0.000000000000000000e+00 0.000000000000000000e+00 0.000000000000000000e+00 0.000000000000000000e+00 0.000000000000000000e+00
5.120082733987296481e-04 1.000000000000000021e-08 9.907611100787019551e-04 1.000000000000000021e-08 1.568642918411431583e-06
0.000000000000000000e+00 0.000000000000000000e+00 0.000000000000000000e+00 0.000000000000000000e+00 0.000000000000000000e+00
0.000000000000000000e+00 0.000000000000000000e+00 0.000000000000000000e+00 0.000000000000000000e+00 0.000000000000000000e+00
0.000000000000000000e+00 0.000000000000000000e+00 0.000000000000000000e+00 0.000000000000000000e+00 0.000000000000000000e+00
0.000000000000000000e+00 0.000000000000000000e+00 0.000000000000000000e+00 0.000000000000000000e+00 0.000000000000000000e+00
0.000000000000000000e+00 0.000000000000000000e+00 0.000000000000000000e+00 0.000000000000000000e+00 0.000000000000000000e+00
0.000000000000000000e+00 0.000000000000000000e+00 0.000000000000000000e+00 0.000000000000000000e+00 0.000000000000000000e+00
0.000000000000000000e+00 0.000000000000000000e+00 0.000000000000000000e+00 0.000000000000000000e+00 0.000000000000000000e+00
1.000000000000000021e-08 6.029893148968775923e-06 9.560267268377698800e-06 4.742121563625130075e-06 9.916515969781978761e-06
1.000000000000000021e-08 2.692307635440530935e-04 1.376698814007145256e-04 1.000000000000000021e-08 9.577859234372514217e-04
1.000000000000000021e-08 5.195736144666431022e-04 2.742853648555740645e-04 1.000000000000000021e-08 2.025746012757160056e-03
1.000000000000000021e-08 6.397757446730091080e-04 4.717114646081060810e-05 4.285477760483518436e-05 2.735555087579335902e-03
1.000000000000000021e-08 2.075247651729803487e-03 1.000000000000000021e-08 6.159265584549752275e-04 4.311013901985513014e-03
1.000000000000000021e-08 2.335831059070575273e-03 1.000000000000000021e-08 4.635721468428044491e-04 6.219146738442142552e-03
6.595347758249429926e-03 1.021861797541953262e-03 1.000000000000000021e-08 1.000000000000000021e-08 1.859911567961308743e-02
7.860729358349299867e-02 1.000000000000000021e-08 8.825090190813308574e-03 1.000000000000000021e-08 8.407499671086442194e-02
1.975282298492269661e-01 1.000000000000000021e-08 3.486930447161321056e-02 3.835295574653699302e-02 1.501870772446148028e-01
1.284793746051570706e-01 8.590991472260466055e-02 7.605341701974058233e-02 1.312176849924103772e-01 1.153698338933032558e-01
4.259067271078138817e-02 1.433862268797939099e-01 1.023987754248803228e-01 1.357277912763818206e-01 5.581030647224690527e-02
1.000000000000000021e-08 1.489690668708225640e-01 1.089067154020882666e-01 4.729832145991552661e-02 1.478898855560925076e-02
1.000000000000000021e-08 5.122637126886162018e-02 1.062957710206084289e-01 5.317399505617844031e-03 2.030259638521012509e-03
3.078332046624963035e-03 1.447276167530708136e-05 4.478480311308829370e-02 1.266121424171401605e-03 8.217052849839378637e-04
6.857532403994417731e-04 1.000000000000000021e-08 8.002721866355040625e-03 4.457602806169770848e-05 1.139078389119511101e-03
2.350757126199012480e-04 1.000000000000000021e-08 2.967704063148084246e-04 1.000000000000000021e-08 1.721423988418216227e-04
1.000000000000000021e-08 1.000000000000000021e-08 7.339406226367103989e-06 3.611063159982074133e-05 6.655885339924991694e-05
0.000000000000000000e+00 0.000000000000000000e+00 0.000000000000000000e+00 0.000000000000000000e+00 0.000000000000000000e+00
0.000000000000000000e+00 0.000000000000000000e+00 0.000000000000000000e+00 0.000000000000000000e+00 0.000000000000000000e+00
0.000000000000000000e+00 0.000000000000000000e+00 0.000000000000000000e+00 0.000000000000000000e+00 0.000000000000000000e+00
0.000000000000000000e+00 0.000000000000000000e+00 0.000000000000000000e+00 0.000000000000000000e+00 0.000000000000000000e+00
0.000000000000000000e+00 0.000000000000000000e+00 0.000000000000000000e+00 0.000000000000000000e+00 0.000000000000000000e+00
0.000000000000000000e+00 0.000000000000000000e+00 0.000000000000000000e+00 0.000000000000000000e+00 0.000000000000000000e+00
0.000000000000000000e+00 0.000000000000000000e+00 0.000000000000000000e+00 0.000000000000000000e+00 0.000000000000000000e+00
0.000000000000000000e+00 0.000000000000000000e+00 0.000000000000000000e+00 0.000000000000000000e+00 0.000000000000000000e+00
0.000000000000000000e+00 0.000000000000000000e+00 0.000000000000000000e+00 0.000000000000000000e+00 0.000000000000000000e+00
0.000000000000000000e+00 0.000000000000000000e+00 0.000000000000000000e+00 0.000000000000000000e+00 0.000000000000000000e+00
0.000000000000000000e+00 0.000000000000000000e+00 0.000000000000000000e+00 0.000000000000000000e+00 0.000000000000000000e+00
1.000000000000000021e-08 6.569204319756781745e-05 1.560280446738727326e-04 5.123522334356161501e-05 1.050408662452891197e-04
1.000000000000000021e-08 2.867071233188214947e-04 3.901733615636007887e-04 1.496111232270536031e-04 6.009121613416421905e-04
1.000000000000000021e-08 3.260687129067150482e-04 1.441236858904829349e-04 1.000000000000000021e-08 1.292626094681756420e-03
1.000000000000000021e-08 7.361705557619057554e-04 1.000000000000000021e-08 6.214000593002068145e-04 2.584816263154542625e-03
1.000000000000000021e-08 1.582855078043279720e-03 1.000000000000000021e-08 1.281231173735143105e-03 3.495661075719494210e-03
1.000000000000000021e-08 1.752996604584879711e-03 1.000000000000000021e-08 1.718409454988333203e-03 4.470202355706358842e-03
1.988459072290370624e-02 1.000000000000000021e-08 5.532494456534437638e-03 1.000000000000000021e-08 1.319332405899933773e-02
1.314309555463858692e-01 1.000000000000000021e-08 2.881158241041078052e-02 1.000000000000000021e-08 6.964267468306842290e-02
2.073243088121491939e-01 1.678931932559240420e-02 8.216417860386499017e-02 4.961735328173560305e-02 1.288649307585890691e-01
9.223438173143046204e-02 1.138663072789901504e-01 1.068963553966514185e-01 1.374443013688045612e-01 1.141093088834980868e-01
1.666699587307639632e-02 1.477527156608240133e-01 1.044008880203711465e-01 1.306925301622949842e-01 7.139142591694680462e-02
1.000000000000000021e-08 1.151845874933508374e-01 9.751495358532664970e-02 4.174154841373464014e-02 2.940053663845245899e-02
9.750271680712894714e-04 2.188932850348646736e-02 6.300946163073201101e-02 3.802383776918565831e-03 6.618289311535997810e-03
4.921104409754236547e-03 1.000000000000000021e-08 1.223492553815572897e-02 1.000000000000000021e-08 2.431915276399404437e-03
2.565714861345791322e-03 1.000000000000000021e-08 1.569266192744996112e-03 1.000000000000000021e-08 1.161801356819033805e-03
1.931575196524387358e-04 1.000000000000000021e-08 4.380491294781756989e-06 1.000000000000000021e-08 6.059299011571323197e-05
0.000000000000000000e+00 0.000000000000000000e+00 0.000000000000000000e+00 0.000000000000000000e+00 0.000000000000000000e+00
0.000000000000000000e+00 0.000000000000000000e+00 0.000000000000000000e+00 0.000000000000000000e+00 0.000000000000000000e+00
0.000000000000000000e+00 0.000000000000000000e+00 0.000000000000000000e+00 0.000000000000000000e+00 0.000000000000000000e+00
0.000000000000000000e+00 0.000000000000000000e+00 0.000000000000000000e+00 0.000000000000000000e+00 0.000000000000000000e+00
0.000000000000000000e+00 0.000000000000000000e+00 0.000000000000000000e+00 0.000000000000000000e+00 0.000000000000000000e+00
0.000000000000000000e+00 0.000000000000000000e+00 0.000000000000000000e+00 0.000000000000000000e+00 0.000000000000000000e+00
0.000000000000000000e+00 0.000000000000000000e+00 0.000000000000000000e+00 0.000000000000000000e+00 0.000000000000000000e+00
0.000000000000000000e+00 0.000000000000000000e+00 0.000000000000000000e+00 0.000000000000000000e+00 0.000000000000000000e+00
0.000000000000000000e+00 0.000000000000000000e+00 0.000000000000000000e+00 0.000000000000000000e+00 0.000000000000000000e+00
0.000000000000000000e+00 0.000000000000000000e+00 0.000000000000000000e+00 0.000000000000000000e+00 0.000000000000000000e+00
0.000000000000000000e+00 0.000000000000000000e+00 0.000000000000000000e+00 0.000000000000000000e+00 0.000000000000000000e+00
0.000000000000000000e+00 0.000000000000000000e+00 0.000000000000000000e+00 0.000000000000000000e+00 0.000000000000000000e+00
1.000000000000000021e-08 1.136082906207645012e-04 3.716609110566835477e-04 8.776776352332097222e-05 1.757823184749605200e-04
1.975427569409263478e-04 1.000000000000000021e-08 2.243110872387399010e-04 8.437913227529569686e-05 1.688660660188826543e-04
1.000000000000000021e-08 2.225386259107131002e-05 3.221571133080294619e-04 4.475551433276934841e-05 1.000000000000000021e-08
1.000000000000000021e-08 9.802539108261407955e-04 1.000000000000000021e-08 3.605445791645665887e-04 1.756530569883207101e-03
1.000000000000000021e-08 2.309769393785362970e-03 1.000000000000000021e-08 1.512999698311533279e-03 4.012119800481245280e-03
6.602767110451674120e-04 6.801672137028423907e-04 2.238040238351052171e-03 2.140893180719530969e-03 3.687591349326878667e-03
4.546795315338655191e-02 1.000000000000000021e-08 2.013954758228283029e-02 1.000000000000000021e-08 1.114716550966553948e-02
1.764813694397038835e-01 1.000000000000000021e-08 7.528519080007184394e-02 1.000000000000000021e-08 5.725133828255778851e-02
1.761497901424914081e-01 6.264936370984387770e-02 1.195312597859557041e-01 6.679432585708439118e-02 1.058042261082479119e-01
7.081864937495602197e-02 1.272892231991395451e-01 1.092323152441610212e-01 1.417230317589596444e-01 1.139541412184146979e-01
1.000000000000000021e-08 1.434886996530231051e-01 9.225977433333100441e-02 1.266617226839099053e-01 8.865737875712705052e-02
1.000000000000000021e-08 7.334284881622300800e-02 6.212599114655179000e-02 3.234363209605421036e-02 4.446294216653409043e-02
1.088239478320967082e-02 8.688689214768093375e-03 1.590100301828262230e-02 1.000000000000000021e-08 1.467032674399735941e-02
6.486152922226218372e-03 1.000000000000000021e-08 3.211125049028098425e-03 1.000000000000000021e-08 3.706359603076625747e-03
3.821166851677856250e-03 1.000000000000000021e-08 9.083001679362937919e-04 1.000000000000000021e-08 1.444555644765988791e-03
6.901986126346788212e-04 1.000000000000000021e-08 8.438054395903053079e-05 1.000000000000000021e-08 2.236232453716259006e-04
5.275396487168359377e-04 1.000000000000000021e-08 8.069170918447747727e-05 1.000000000000000021e-08 1.725975694847093906e-04
6.029024556763840179e-05 1.000000000000000021e-08 9.221909621083139484e-06 1.000000000000000021e-08 1.972543651253819410e-05
0.000000000000000000e+00 0.000000000000000000e+00 0.000000000000000000e+00 0.000000000000000000e+00 0.000000000000000000e+00
0.000000000000000000e+00 0.000000000000000000e+00 0.000000000000000000e+00 0.000000000000000000e+00 0.000000000000000000e+00
1.909191109641882023e-04 1.000000000000000021e-08 2.920271380009655755e-05 1.000000000000000021e-08 6.246388228970429655e-05
1.256046782659132953e-04 1.000000000000000021e-08 1.921231171058987731e-05 1.000000000000000021e-08 4.109465940112126057e-05
0.000000000000000000e+00 0.000000000000000000e+00 0.000000000000000000e+00 0.000000000000000000e+00 0.000000000000000000e+00
0.000000000000000000e+00 0.000000000000000000e+00 0.000000000000000000e+00 0.000000000000000000e+00 0.000000000000000000e+00
0.000000000000000000e+00 0.000000000000000000e+00 0.000000000000000000e+00 0.000000000000000000e+00 0.000000000000000000e+00
0.000000000000000000e+00 0.000000000000000000e+00 0.000000000000000000e+00 0.000000000000000000e+00 0.000000000000000000e+00
0.000000000000000000e+00 0.000000000000000000e+00 0.000000000000000000e+00 0.000000000000000000e+00 0.000000000000000000e+00
0.000000000000000000e+00 0.000000000000000000e+00 0.000000000000000000e+00 0.000000000000000000e+00 0.000000000000000000e+00
1.000000000000000021e-08 3.807082099571624156e-05 1.000000000000000021e-08 1.000000000000000021e-08 1.037871086894187891e-06
1.000000000000000021e-08 9.577217644341066733e-06 2.077590576829661925e-05 2.779692223756410370e-07 1.000000000000000021e-08
1.000000000000000021e-08 6.509083176980664858e-04 1.000000000000000021e-08 1.141303374102269893e-04 1.000000000000000021e-08
1.000000000000000021e-08 1.078254968991357917e-03 1.000000000000000021e-08 5.206253207836382966e-04 1.401750279705076593e-03
1.000000000000000021e-08 1.394271111397759385e-03 3.519269751967542595e-04 8.966515129822221755e-04 2.729412391817608377e-03
1.024945482573706018e-02 1.000000000000000021e-08 1.185141333218000907e-02 1.000000000000000021e-08 3.768327858982132954e-03
8.314638082922910789e-02 1.000000000000000021e-08 6.018200220852045618e-02 1.000000000000000021e-08 1.051032094274198525e-02
1.973103115528126450e-01 1.633624720889973250e-02 1.290082922445501268e-01 1.000000000000000021e-08 4.259706374223633935e-02
1.416641701159632172e-01 1.000453315559083345e-01 1.188785320143281588e-01 8.679597510018910445e-02 8.512248684296433443e-02
5.410668844733555055e-02 1.319261628649834595e-01 1.010602001262871641e-01 1.451290207675923205e-01 1.136396832989817196e-01
1.000000000000000021e-08 1.242607118470287486e-01 5.921804228691572580e-02 1.208294550415725255e-01 1.058166923779572666e-01
1.000000000000000021e-08 3.921348635158973528e-02 2.055516795563678070e-02 1.808839772838495910e-02 6.451571139228252927e-02
7.935740150735736548e-03 3.512627892854231892e-03 2.948590887859604912e-03 1.000000000000000021e-08 1.703410766280422095e-02
2.254997118156772465e-03 1.000000000000000021e-08 1.667616675972467908e-03 1.000000000000000021e-08 3.073123095879321497e-03
6.268177712925394928e-04 1.000000000000000021e-08 5.241105470147316286e-04 1.000000000000000021e-08 4.355063423397394023e-04
2.210642337480073964e-04 1.000000000000000021e-08 3.381366861063812390e-05 1.000000000000000021e-08 7.232660054597328688e-05
2.210642337480073964e-04 1.000000000000000021e-08 3.381366861063812390e-05 1.000000000000000021e-08 7.232660054597328688e-05
2.512093565318267532e-05 1.000000000000000021e-08 3.842462342117970550e-06 1.000000000000000021e-08 8.218931880224258552e-06
0.000000000000000000e+00 0.000000000000000000e+00 0.000000000000000000e+00 0.000000000000000000e+00 0.000000000000000000e+00
0.000000000000000000e+00 0.000000000000000000e+00 0.000000000000000000e+00 0.000000000000000000e+00 0.000000000000000000e+00
8.038699409018447699e-05 1.000000000000000021e-08 1.229587949477751254e-05 1.000000000000000021e-08 2.630058201671756841e-05
5.024187130636535064e-05 1.000000000000000021e-08 7.684924684235941100e-06 1.000000000000000021e-08 1.643786376044851710e-05
0.000000000000000000e+00 0.000000000000000000e+00 0.000000000000000000e+00 0.000000000000000000e+00 0.000000000000000000e+00
0.000000000000000000e+00 0.000000000000000000e+00 0.000000000000000000e+00 0.000000000000000000e+00 0.000000000000000000e+00
0.000000000000000000e+00 0.000000000000000000e+00 0.000000000000000000e+00 0.000000000000000000e+00 0.000000000000000000e+00
0.000000000000000000e+00 0.000000000000000000e+00 0.000000000000000000e+00 0.000000000000000000e+00 0.000000000000000000e+00
0.000000000000000000e+00 0.000000000000000000e+00 0.000000000000000000e+00 0.000000000000000000e+00 0.000000000000000000e+00
6.121595085717441032e-04 1.000000000000000021e-08 1.000000000000000021e-08 1.000000000000000021e-08 2.952806282485933109e-05
1.000000000000000021e-08 3.492839752848132329e-04 1.071250125802120509e-05 1.000000000000000021e-08 3.994075859984493903e-06
1.000000000000000021e-08 3.220140293322518209e-04 4.570840705034424700e-05 4.032076220549892691e-04 1.000000000000000021e-08
1.000000000000000021e-08 4.648499032883967523e-04 6.501674207861050405e-05 8.056202003478804856e-04 1.000000000000000021e-08
1.000000000000000021e-08 2.518423416628442894e-04 9.758181627127241950e-04 1.135582134625521015e-03 5.712974859993951896e-05
1.136042727111447959e-03 1.000000000000000021e-08 7.846043387187339943e-03 6.546571165089832374e-04 1.670135405482500767e-03
2.897797395717075647e-02 1.000000000000000021e-08 4.173963591737219619e-02 1.000000000000000021e-08 3.951910621632265946e-03
1.129145942070424041e-01 1.000000000000000021e-08 1.259114003359711187e-01 1.000000000000000021e-08 8.765450382317341999e-03
1.850019595926252480e-01 6.603426126407856145e-02 1.372258076968853602e-01 1.000000000000000021e-08 2.454306443542884908e-02
1.235653484789201312e-01 1.130111663944799033e-01 1.118850624826064066e-01 1.052388448371238960e-01 6.329948994848504096e-02
3.487273183476267968e-02 1.280698581206057007e-01 6.720788839982999585e-02 1.528557754626001242e-01 1.103068327201207205e-01
1.000000000000000021e-08 8.787190100155099770e-02 1.169105513887031336e-02 1.107498612196004262e-01 1.257585905776882895e-01
3.910505484353236222e-03 1.891564160129909425e-02 7.513832175439879224e-04 9.319749513774925817e-03 7.662543904829713370e-02
4.635176097057686941e-03 2.017781748934058608e-03 9.111161435106713462e-04 1.000000000000000021e-08 1.985025469729882405e-02
1.098802688639714982e-03 6.131433890595093484e-04 4.677815919618013131e-04 1.000000000000000021e-08 3.416437509269954799e-03
1.000000000000000021e-08 7.574475944463242641e-04 1.000000000000000021e-08 1.000000000000000021e-08 1.350721539411222760e-03
4.170651093963265437e-05 1.000000000000000021e-08 1.092255671506484973e-06 1.000000000000000021e-08 4.846043777467655596e-05
0.000000000000000000e+00 0.000000000000000000e+00 0.000000000000000000e+00 0.000000000000000000e+00 0.000000000000000000e+00
1.000000000000000021e-08 1.709062013571013483e-05 9.667342289649435397e-05 3.055814298832000672e-06 1.000000000000000021e-08
1.000000000000000021e-08 1.643328859202931240e-05 9.295521432355192775e-05 2.938282979646151120e-06 1.000000000000000021e-08
0.000000000000000000e+00 0.000000000000000000e+00 0.000000000000000000e+00 0.000000000000000000e+00 0.000000000000000000e+00
0.000000000000000000e+00 0.000000000000000000e+00 0.000000000000000000e+00 0.000000000000000000e+00 0.000000000000000000e+00
0.000000000000000000e+00 0.000000000000000000e+00 0.000000000000000000e+00 0.000000000000000000e+00 0.000000000000000000e+00
0.000000000000000000e+00 0.000000000000000000e+00 0.000000000000000000e+00 0.000000000000000000e+00 0.000000000000000000e+00
0.000000000000000000e+00 0.000000000000000000e+00 0.000000000000000000e+00 0.000000000000000000e+00 0.000000000000000000e+00
0.000000000000000000e+00 0.000000000000000000e+00 0.000000000000000000e+00 0.000000000000000000e+00 0.000000000000000000e+00
0.000000000000000000e+00 0.000000000000000000e+00 0.000000000000000000e+00 0.000000000000000000e+00 0.000000000000000000e+00
0.000000000000000000e+00 0.000000000000000000e+00 0.000000000000000000e+00 0.000000000000000000e+00 0.000000000000000000e+00
2.903833566301862804e-04 1.000000000000000021e-08 1.000000000000000021e-08 1.000000000000000021e-08 1.400690159640764557e-05
1.000000000000000021e-08 2.528536272516315351e-04 2.463019912558046917e-04 2.645618238871760559e-04 1.000000000000000021e-08
1.000000000000000021e-08 5.837056593765575958e-04 2.048469858610925333e-04 6.572840198100801754e-04 1.000000000000000021e-08
1.000000000000000021e-08 1.098991908828832837e-04 1.235044250528054928e-03 6.930302143903842131e-04 1.000000000000000021e-08
1.290121224558099088e-03 1.000000000000000021e-08 6.369286075894266611e-03 7.544200099228291637e-04 1.000000000000000021e-08
1.002996687897456281e-02 1.000000000000000021e-08 3.041338226008970594e-02 1.000000000000000021e-08 3.960646162267762119e-04
5.401848370652141684e-02 1.000000000000000021e-08 1.066481283515424011e-01 1.000000000000000021e-08 2.597213547567496679e-03
1.210960420151031280e-01 3.417876251936814019e-02 1.543302496159495163e-01 1.000000000000000021e-08 6.038221446990752438e-03
1.690955378192839642e-01 1.019222796756638072e-01 1.220203706274497202e-01 5.048314706984037212e-03 5.045405333250948740e-03
1.036663073616041764e-01 1.234665500601355992e-01 8.054180574532535108e-02 1.235621813494520715e-01 4.224279352052937725e-02
1.570605055924021234e-02 1.092018830500775112e-01 1.322636451544324104e-02 1.613338618126660129e-01 1.079442648148549733e-01
1.000000000000000021e-08 4.503366913042130409e-02 1.000000000000000021e-08 9.096802334792959688e-02 1.477053663837970821e-01
1.000000000000000021e-08 9.679020722420394324e-03 1.000000000000000021e-08 1.782608185531164060e-05 9.348082046995788430e-02
4.003049061569086478e-03 1.533714603902617624e-03 1.000000000000000021e-08 1.000000000000000021e-08 2.571815150313834508e-02
1.291819620002941172e-03 5.686546107032570962e-04 1.000000000000000021e-08 1.000000000000000021e-08 6.196424722224204776e-03
9.294853708546442711e-04 3.633819158765648244e-04 1.000000000000000021e-08 1.000000000000000021e-08 2.854106179049414969e-03
5.074292164321972474e-04 1.000000000000000021e-08 1.328911066999557543e-05 1.000000000000000021e-08 5.896019929252312207e-04
0.000000000000000000e+00 0.000000000000000000e+00 0.000000000000000000e+00 0.000000000000000000e+00 0.000000000000000000e+00
0.000000000000000000e+00 0.000000000000000000e+00 0.000000000000000000e+00 0.000000000000000000e+00 0.000000000000000000e+00
0.000000000000000000e+00 0.000000000000000000e+00 0.000000000000000000e+00 0.000000000000000000e+00 0.000000000000000000e+00
0.000000000000000000e+00 0.000000000000000000e+00 0.000000000000000000e+00 0.000000000000000000e+00 0.000000000000000000e+00
0.000000000000000000e+00 0.000000000000000000e+00 0.000000000000000000e+00 0.000000000000000000e+00 0.000000000000000000e+00
1.000000000000000021e-08 1.000000000000000021e-08 3.490656546786836872e-06 1.175031510169958544e-04 1.000000000000000021e-08
1.000000000000000021e-08 1.000000000000000021e-08 8.726641366967092179e-07 2.937578775424896360e-05 1.000000000000000021e-08
0.000000000000000000e+00 0.000000000000000000e+00 0.000000000000000000e+00 0.000000000000000000e+00 0.000000000000000000e+00
0.000000000000000000e+00 0.000000000000000000e+00 0.000000000000000000e+00 0.000000000000000000e+00 0.000000000000000000e+00
0.000000000000000000e+00 0.000000000000000000e+00 0.000000000000000000e+00 0.000000000000000000e+00 0.000000000000000000e+00
0.000000000000000000e+00 0.000000000000000000e+00 0.000000000000000000e+00 0.000000000000000000e+00 0.000000000000000000e+00
0.000000000000000000e+00 0.000000000000000000e+00 0.000000000000000000e+00 0.000000000000000000e+00 0.000000000000000000e+00
1.035477122235056122e-04 1.000000000000000021e-08 3.945429881578519900e-04 1.000000000000000021e-08 4.924034386112737335e-06
1.000000000000000021e-08 1.000000000000000021e-08 3.271442605892036686e-04 1.988474843885850579e-04 1.000000000000000021e-08
1.094439299712333079e-03 1.000000000000000021e-08 4.309326181869264048e-03 9.108986901430704238e-05 1.000000000000000021e-08
4.379703626243023132e-03 1.000000000000000021e-08 2.110945836382142199e-02 4.402076913996920242e-04 1.000000000000000021e-08
2.514252662403413177e-02 1.000000000000000021e-08 8.086311067418763820e-02 1.000000000000000021e-08 1.000000000000000021e-08
6.498095703253421729e-02 1.418621372510645061e-03 1.568917581987903931e-01 1.000000000000000021e-08 1.961943884895561620e-03
1.212524831806075787e-01 7.766800305074095245e-02 1.453273968265608451e-01 1.000000000000000021e-08 3.018247479613630872e-03
1.589437759489595314e-01 1.220219660020054053e-01 9.426552930049421353e-02 1.891076811867145255e-02 1.000000000000000021e-08
9.271979159459033115e-02 1.218932617264484319e-01 2.226091232954428151e-02 1.379917971872257620e-01 2.989896117372664586e-02
1.790257258484834885e-02 6.655658181279690278e-02 1.000000000000000021e-08 1.641110251553717370e-01 1.076569068790274447e-01
1.000000000000000021e-08 1.842244534127843864e-02 1.000000000000000021e-08 7.497344908409984965e-02 1.601244791014251878e-01
1.000000000000000021e-08 7.476198407019097984e-03 1.000000000000000021e-08 1.000000000000000021e-08 1.081436595838614484e-01
2.168862264416458914e-03 2.575196217637939003e-03 1.000000000000000021e-08 1.000000000000000021e-08 3.634174941144115850e-02
6.966948548068122287e-04 1.402214870072251160e-03 1.000000000000000021e-08 1.000000000000000021e-08 1.127723229868134516e-02
7.821399925604174833e-04 4.595013775277521331e-04 1.000000000000000021e-08 1.000000000000000021e-08 4.020134177313206512e-03
8.071666463691244599e-05 3.692751235319220141e-04 1.000000000000000021e-08 1.000000000000000021e-08 2.454096356067721977e-03
1.000000000000000021e-08 2.409851529154036578e-04 1.000000000000000021e-08 2.595985882166199879e-04 5.309443879406913888e-04
1.000000000000000021e-08 1.005904266622389297e-04 3.052067352196694385e-05 3.020445007050177682e-04 9.057549282006624241e-05
1.000000000000000021e-08 7.823699851507481047e-05 2.373830162819646821e-05 2.349235005483468308e-04 7.044760552671795815e-05
1.000000000000000021e-08 2.123575673980600682e-05 6.443253299081913060e-06 6.376495014883697718e-05 1.912149292868062272e-05
0.000000000000000000e+00 0.000000000000000000e+00 0.000000000000000000e+00 0.000000000000000000e+00 0.000000000000000000e+00
1.000000000000000021e-08 1.000000000000000021e-08 1.385354317006023771e-05 4.663406305987024712e-04 1.000000000000000021e-08
9.325438306066196497e-05 1.000000000000000021e-08 1.000000000000000021e-08 4.550477497549771061e-04 4.828416795833156272e-05
0.000000000000000000e+00 0.000000000000000000e+00 0.000000000000000000e+00 0.000000000000000000e+00 0.000000000000000000e+00
0.000000000000000000e+00 0.000000000000000000e+00 0.000000000000000000e+00 0.000000000000000000e+00 0.000000000000000000e+00
1.208950843335370617e-04 2.027686940755337624e-05 1.000000000000000021e-08 1.000000000000000021e-08 5.110989133104675285e-05
7.953623969311678717e-05 1.334004566286408881e-05 1.000000000000000021e-08 1.000000000000000021e-08 3.362492850726752085e-05
0.000000000000000000e+00 0.000000000000000000e+00 0.000000000000000000e+00 0.000000000000000000e+00 0.000000000000000000e+00
1.000000000000000021e-08 1.442830611819757055e-04 1.000000000000000021e-08 2.334308454389284695e-06 1.886191897921408558e-06
1.232512173382593066e-03 1.000000000000000021e-08 2.984131132308465943e-03 1.000000000000000021e-08 1.000000000000000021e-08
2.847728531331587126e-03 1.000000000000000021e-08 1.483499281304099388e-02 3.831180633472989236e-04 1.000000000000000021e-08
9.538712137682632194e-03 1.000000000000000021e-08 6.018980343012608064e-02 1.009476571287752601e-03 1.000000000000000021e-08
3.169112250925294055e-02 1.000000000000000021e-08 1.370766531880305561e-01 1.000000000000000021e-08 1.000000000000000021e-08
6.573138149187769674e-02 4.424125134397445536e-02 1.655762487294800689e-01 1.000000000000000021e-08 4.730806600204337346e-03
1.165853898713032494e-01 1.149610319580836454e-01 1.185522477331246161e-01 1.000000000000000021e-08 2.562256671236748645e-03
1.511312293143385055e-01 1.339194201355909108e-01 4.353062978054708654e-02 3.178680709021822898e-02 1.000000000000000021e-08
9.227604732831901080e-02 9.167031786241322533e-02 1.000000000000000021e-08 1.542716047758551368e-01 1.609911489332451970e-02
7.168291058297499019e-03 2.652052180546282667e-02 1.000000000000000021e-08 1.643138567559964403e-01 1.050910821108625159e-01
1.000000000000000021e-08 6.713687617089402447e-03 1.000000000000000021e-08 6.364839664330106117e-02 1.720366771721966170e-01
1.000000000000000021e-08 7.370739226401147245e-03 1.000000000000000021e-08 1.000000000000000021e-08 1.232501773619268659e-01
1.000000000000000021e-08 4.123516512940183197e-03 1.000000000000000021e-08 1.000000000000000021e-08 4.350825502584242804e-02
1.000000000000000021e-08 2.426200620895347174e-03 1.000000000000000021e-08 1.000000000000000021e-08 1.695801038228286414e-02
1.000000000000000021e-08 1.632488731192398160e-03 1.000000000000000021e-08 1.000000000000000021e-08 8.434349110095348476e-03
1.000000000000000021e-08 1.451279398628714436e-03 1.000000000000000021e-08 1.000000000000000021e-08 6.484888198041736072e-03
1.000000000000000021e-08 9.243221595781881111e-04 1.000000000000000021e-08 1.000000000000000021e-08 3.464022477250860554e-03
1.000000000000000021e-08 3.358070490524902923e-04 1.000000000000000021e-08 1.067593565795155744e-04 1.256944148457078952e-03
1.000000000000000021e-08 2.975680602741699403e-04 1.000000000000000021e-08 1.697719105238265408e-04 1.034225438557051947e-03
1.000000000000000021e-08 2.577981853899037872e-04 1.000000000000000021e-08 2.123607280888446737e-04 6.649103788165241580e-04
1.000000000000000021e-08 3.541008360224523173e-05 5.491187557375111622e-06 3.995203936043366746e-05 3.129651215338323376e-05
0.000000000000000000e+00 0.000000000000000000e+00 0.000000000000000000e+00 0.000000000000000000e+00 0.000000000000000000e+00
1.000000000000000021e-08 1.000000000000000021e-08 1.000000000000000021e-08 3.592101350214175473e-04 1.000000000000000021e-08
0.000000000000000000e+00 0.000000000000000000e+00 0.000000000000000000e+00 0.000000000000000000e+00 0.000000000000000000e+00
0.000000000000000000e+00 0.000000000000000000e+00 0.000000000000000000e+00 0.000000000000000000e+00 0.000000000000000000e+00
2.863304628952194404e-05 4.802416438631068856e-06 1.000000000000000021e-08 1.000000000000000021e-08 1.210497426261629287e-05
1.000000000000000021e-08 7.364172227270115642e-05 9.426623997386693115e-05 1.000000000000000021e-08 1.400567784746459407e-04
1.000000000000000021e-08 7.044011131361359649e-05 9.981379398174097827e-05 1.000000000000000021e-08 1.319867956329015286e-04
1.000000000000000021e-08 1.968892194180814738e-04 9.977135000425177078e-04 4.575161876726258276e-05 1.822701377264792570e-04
1.663638657791894357e-03 1.000000000000000021e-08 1.017472539397712081e-02 3.405485542163467854e-04 1.255236465749657389e-04
5.287429915870459941e-03 1.000000000000000021e-08 4.559714305079947544e-02 2.038389032596831310e-03 1.000000000000000021e-08
1.448077338317742789e-02 1.000000000000000021e-08 1.104488841116266079e-01 6.276626647245829626e-04 1.000000000000000021e-08
2.916380515186232231e-02 1.050637000418798948e-02 1.676306521963897012e-01 1.000000000000000021e-08 3.276253458763160511e-03
6.311169539358971181e-02 8.682150054956627727e-02 1.449808271628855449e-01 1.000000000000000021e-08 9.141615862486721436e-03
1.146698361346007583e-01 1.421400540068212814e-01 6.818685291119937208e-02 1.000000000000000021e-08 3.368419459717482498e-03
1.513044676889860052e-01 1.239832174953891114e-01 1.000000000000000021e-08 4.869736283645968722e-02 1.000000000000000021e-08
8.946547237988547452e-02 5.255513935572547063e-02 1.000000000000000021e-08 1.656410026002161917e-01 6.631551711135450292e-03
1.000000000000000021e-08 3.242836988792114836e-03 1.000000000000000021e-08 1.593366599511839010e-01 1.047420725902268035e-01
1.000000000000000021e-08 9.295004299165546551e-05 1.000000000000000021e-08 5.816842380702676868e-02 1.778341603758403777e-01
1.000000000000000021e-08 5.987709113181152731e-03 1.000000000000000021e-08 1.000000000000000021e-08 1.399804980505134910e-01
1.000000000000000021e-08 4.971496969031645452e-03 1.000000000000000021e-08 1.000000000000000021e-08 5.976548216091110560e-02
1.000000000000000021e-08 2.670505754292885198e-03 1.000000000000000021e-08 1.000000000000000021e-08 2.380553868359129577e-02
1.000000000000000021e-08 1.516217378857249434e-03 1.000000000000000021e-08 1.000000000000000021e-08 1.101033423844919451e-02
1.000000000000000021e-08 1.218133565989970970e-03 9.280975355618683261e-06 1.000000000000000021e-08 7.355110345934551611e-03
1.000000000000000021e-08 9.447318605235922482e-04 1.314614061972557159e-04 1.000000000000000021e-08 4.701066056765268106e-03
1.000000000000000021e-08 6.024453131858059120e-04 1.965532309385421882e-04 1.990617279711142336e-05 1.893153559947446983e-03
1.000000000000000021e-08 2.965185086968585718e-04 1.000000000000000021e-08 1.000000000000000021e-08 1.374823974331894740e-03
1.000000000000000021e-08 5.094817759614884197e-04 1.000000000000000021e-08 5.510095503529150243e-06 1.445025483563050018e-03
1.000000000000000021e-08 1.449533288120001084e-04 1.000000000000000021e-08 1.000000000000000021e-08 3.422711206954162839e-04
0.000000000000000000e+00 0.000000000000000000e+00 0.000000000000000000e+00 0.000000000000000000e+00 0.000000000000000000e+00
0.000000000000000000e+00 0.000000000000000000e+00 0.000000000000000000e+00 0.000000000000000000e+00 0.000000000000000000e+00
0.000000000000000000e+00 0.000000000000000000e+00 0.000000000000000000e+00 0.000000000000000000e+00 0.000000000000000000e+00
0.000000000000000000e+00 0.000000000000000000e+00 0.000000000000000000e+00 0.000000000000000000e+00 0.000000000000000000e+00
0.000000000000000000e+00 0.000000000000000000e+00 0.000000000000000000e+00 0.000000000000000000e+00 0.000000000000000000e+00
1.000000000000000021e-08 3.126552309183225028e-04 4.430331557435167821e-04 1.000000000000000021e-08 5.858361279846340192e-04
1.000000000000000021e-08 2.747659518278966679e-04 7.694489370737373412e-04 1.000000000000000021e-08 8.725566245552433776e-04
1.000000000000000021e-08 1.000000000000000021e-08 4.401789318785641683e-03 1.757386910814738568e-04 9.826373054833816099e-04
1.678235786374611405e-03 1.000000000000000021e-08 2.648664850130848930e-02 2.258287240686499692e-03 2.081595611314729287e-05
5.425681687062891730e-03 1.000000000000000021e-08 7.878038164386837183e-02 4.571503132056932428e-03 1.000000000000000021e-08
6.480184926679741567e-03 1.000000000000000021e-08 1.451713323231269281e-01 1.000000000000000021e-08 5.872641562334226091e-05
2.065405057176053494e-02 5.057249534822625542e-02 1.625988056308994290e-01 1.000000000000000021e-08 6.534067084120592610e-03
6.274935237320371229e-02 1.209562762590242896e-01 1.066918554556035154e-01 1.000000000000000021e-08 1.189276026799418115e-02
1.208911830199136117e-01 1.481779666769183490e-01 1.916719240048472481e-02 1.000000000000000021e-08 1.000000000000000021e-08
1.521241451615789608e-01 9.792639976871554686e-02 1.000000000000000021e-08 6.536292295971159183e-02 1.000000000000000021e-08
7.818820040453762499e-02 2.186817702366793126e-02 1.000000000000000021e-08 1.716515184071068234e-01 1.000000000000000021e-08
1.000000000000000021e-08 1.000000000000000021e-08 3.479001092910127086e-04 1.518921391814926636e-01 9.984975255082399748e-02
1.000000000000000021e-08 1.000000000000000021e-08 8.522494656980776672e-04 5.954481563925694693e-02 1.773743767621967782e-01
1.000000000000000021e-08 2.438389961691881953e-03 1.000000000000000021e-08 1.000000000000000021e-08 1.478280487304186319e-01
5.030071751041916700e-03 2.566627864314249222e-03 1.000000000000000021e-08 1.000000000000000021e-08 7.067221721695754466e-02
2.364387155728123451e-03 1.884200389832645485e-03 1.000000000000000021e-08 1.000000000000000021e-08 3.091939682250871915e-02
1.476309469150135492e-03 8.542509022314592228e-04 2.638862753539425286e-05 1.000000000000000021e-08 1.315017332827478347e-02
1.000000000000000021e-08 6.777937580287585716e-04 4.278062332809636956e-04 1.000000000000000021e-08 6.851386086165788154e-03
1.000000000000000021e-08 5.211097935014088545e-04 6.099422194509499613e-04 1.000000000000000021e-08 3.554404492882140207e-03
1.000000000000000021e-08 3.181325302797694725e-04 8.862978279003307851e-05 1.000000000000000021e-08 1.628273980618903964e-03
1.594336648275827459e-04 2.249875386259326529e-04 1.000000000000000021e-08 1.000000000000000021e-08 1.310414734993178929e-03
6.122734973282026110e-05 2.523704881062086881e-04 1.000000000000000021e-08 1.000000000000000021e-08 1.335071396927530515e-03
1.522743808620500813e-04 2.216588159893001205e-04 1.000000000000000021e-08 1.000000000000000021e-08 1.285523604950865664e-03
2.280619769613095846e-05 1.381051957851074934e-04 1.000000000000000021e-08 3.307633735553481441e-04 1.000000000000000021e-08
0.000000000000000000e+00 0.000000000000000000e+00 0.000000000000000000e+00 0.000000000000000000e+00 0.000000000000000000e+00
0.000000000000000000e+00 0.000000000000000000e+00 0.000000000000000000e+00 0.000000000000000000e+00 0.000000000000000000e+00
0.000000000000000000e+00 0.000000000000000000e+00 0.000000000000000000e+00 0.000000000000000000e+00 0.000000000000000000e+00
0.000000000000000000e+00 0.000000000000000000e+00 0.000000000000000000e+00 0.000000000000000000e+00 0.000000000000000000e+00
1.000000000000000021e-08 1.384086397741181708e-04 1.961253495781575557e-04 1.000000000000000021e-08 2.593424756295612064e-04
1.000000000000000021e-08 4.433997171697157998e-05 1.249635119350585646e-03 1.000000000000000021e-08 1.030536957693137549e-03
6.680876454199732601e-05 1.000000000000000021e-08 7.857744890733016699e-03 5.452351298055057877e-04 5.199849277363976065e-04
7.029794857515937398e-04 1.000000000000000021e-08 3.644271159151094008e-02 3.044047000924875439e-03 1.000000000000000021e-08
2.384636932306582070e-03 1.000000000000000021e-08 9.775722523485223803e-02 4.260909525263556832e-03 1.000000000000000021e-08
1.000000000000000021e-08 1.295731805677139900e-02 1.561627955839431647e-01 1.000000000000000021e-08 3.116604258558975911e-04
1.137531383248298680e-02 7.984995446820687681e-02 1.422585422336890282e-01 1.000000000000000021e-08 7.167367488034873807e-03
6.499755084576509800e-02 1.344030752995659106e-01 6.937438206935533924e-02 1.000000000000000021e-08 1.017779823361122937e-02
1.308369438418893749e-01 1.312492336242573054e-01 1.000000000000000021e-08 1.000000000000000021e-08 1.000000000000000021e-08
1.444514812462784348e-01 6.655998162086292080e-02 1.000000000000000021e-08 7.494391931588285927e-02 1.000000000000000021e-08
6.307895608229804885e-02 5.150170856363106217e-03 1.000000000000000021e-08 1.652584468881908575e-01 1.000000000000000021e-08
1.000000000000000021e-08 1.000000000000000021e-08 2.906863820346967855e-03 1.490752485819803186e-01 8.333851796586504157e-02
1.000000000000000021e-08 1.000000000000000021e-08 2.114536843007722849e-03 6.243402131771619984e-02 1.608747898108749130e-01
1.000000000000000021e-08 1.000000000000000021e-08 1.000000000000000021e-08 1.000000000000000021e-08 1.442634770753056794e-01
8.491921269884477111e-03 1.145044157882920723e-03 1.000000000000000021e-08 1.000000000000000021e-08 7.560707537314395599e-02
5.185769388451863353e-03 8.095432673745998073e-04 1.000000000000000021e-08 1.000000000000000021e-08 3.457835097720298595e-02
2.864480114379085608e-03 3.301016212072849015e-04 1.000000000000000021e-08 1.000000000000000021e-08 1.492701497395256503e-02
2.777249469262339028e-04 6.359879882261571232e-04 1.000000000000000021e-08 1.000000000000000021e-08 7.537879789057156353e-03
1.000000000000000021e-08 2.858224176675551930e-04 1.000000000000000021e-08 1.000000000000000021e-08 1.962574617658642030e-03
7.426979190778082245e-05 1.120268021027511358e-04 1.000000000000000021e-08 1.000000000000000021e-08 6.893697850680584197e-04
8.129226388441938205e-05 1.147169663349617742e-04 1.000000000000000021e-08 1.000000000000000021e-08 6.681561297000786302e-04
8.129226388441938205e-05 1.147169663349617742e-04 1.000000000000000021e-08 1.000000000000000021e-08 6.681561297000786302e-04
8.129226388441938205e-05 1.147169663349617742e-04 1.000000000000000021e-08 1.000000000000000021e-08 6.681561297000786302e-04
0.000000000000000000e+00 0.000000000000000000e+00 0.000000000000000000e+00 0.000000000000000000e+00 0.000000000000000000e+00
0.000000000000000000e+00 0.000000000000000000e+00 0.000000000000000000e+00 0.000000000000000000e+00 0.000000000000000000e+00
0.000000000000000000e+00 0.000000000000000000e+00 0.000000000000000000e+00 0.000000000000000000e+00 0.000000000000000000e+00
0.000000000000000000e+00 0.000000000000000000e+00 0.000000000000000000e+00 0.000000000000000000e+00 0.000000000000000000e+00
0.000000000000000000e+00 0.000000000000000000e+00 0.000000000000000000e+00 0.000000000000000000e+00 0.000000000000000000e+00
0.000000000000000000e+00 0.000000000000000000e+00 0.000000000000000000e+00 0.000000000000000000e+00 0.000000000000000000e+00
1.907589618992734545e-05 1.000000000000000021e-08 2.364045519868637670e-03 1.171018642826306686e-04 1.598716550331407804e-04
3.228814441126788841e-04 1.000000000000000021e-08 8.338859752083323251e-03 6.319828874694107933e-04 1.000000000000000021e-08
1.671287211161352759e-03 1.000000000000000021e-08 3.435216086190076568e-02 2.682220433131225681e-03 1.000000000000000021e-08
1.000000000000000021e-08 1.000000000000000021e-08 8.847775516747839741e-02 3.588609258772316058e-03 1.000000000000000021e-08
1.000000000000000021e-08 2.019365624704900011e-02 1.320109344852825883e-01 1.000000000000000021e-08 1.000000000000000021e-08
1.000000000000000021e-08 8.623755236465886764e-02 1.037339310773215673e-01 1.000000000000000021e-08 4.783984396119809503e-03
5.250183959161203867e-02 1.247235003275768556e-01 2.323627095609210810e-02 1.000000000000000021e-08 4.765474651807416646e-03
1.154712954730005015e-01 1.005440624677273187e-01 1.000000000000000021e-08 1.000000000000000021e-08 1.000000000000000021e-08
1.078180235233559825e-01 4.084842276249636001e-02 1.000000000000000021e-08 6.181315064453433983e-02 1.000000000000000021e-08
3.678680279121883390e-02 1.000000000000000021e-08 1.000000000000000021e-08 1.327965794991534942e-01 1.000000000000000021e-08
1.000000000000000021e-08 1.000000000000000021e-08 3.345611893618295751e-03 1.276066966549481707e-01 5.354497151665130877e-02
1.000000000000000021e-08 1.000000000000000021e-08 2.053179657192811917e-03 4.866969100353919081e-02 1.293370646749337216e-01
1.000000000000000021e-08 2.378452868063553143e-04 1.000000000000000021e-08 1.000000000000000021e-08 1.158969087844909512e-01
3.804028244884872026e-03 1.578453796385172062e-03 1.000000000000000021e-08 1.000000000000000021e-08 5.492340582949786776e-02
2.573008746906618044e-03 1.098316757993975752e-03 1.000000000000000021e-08 1.000000000000000021e-08 2.237860668573359371e-02
1.706340350379763381e-03 5.260137654177994343e-04 1.000000000000000021e-08 1.000000000000000021e-08 9.119759603542098095e-03
2.043692994284695757e-04 4.882873975885203841e-04 1.000000000000000021e-08 1.000000000000000021e-08 5.087104098044987338e-03
1.000000000000000021e-08 4.917497827875186403e-05 3.235612587626045928e-04 1.000000000000000021e-08 1.011407319920935854e-03
5.433402063805053896e-05 1.000000000000000021e-08 1.168267420376769812e-03 5.903542410407657090e-05 1.000000000000000021e-08
2.224412925450405809e-05 1.000000000000000021e-08 4.782839774696842692e-04 2.416886490166890658e-05 1.000000000000000021e-08
0.000000000000000000e+00 0.000000000000000000e+00 0.000000000000000000e+00 0.000000000000000000e+00 0.000000000000000000e+00
0.000000000000000000e+00 0.000000000000000000e+00 0.000000000000000000e+00 0.000000000000000000e+00 0.000000000000000000e+00
0.000000000000000000e+00 0.000000000000000000e+00 0.000000000000000000e+00 0.000000000000000000e+00 0.000000000000000000e+00
0.000000000000000000e+00 0.000000000000000000e+00 0.000000000000000000e+00 0.000000000000000000e+00 0.000000000000000000e+00
0.000000000000000000e+00 0.000000000000000000e+00 0.000000000000000000e+00 0.000000000000000000e+00 0.000000000000000000e+00
0.000000000000000000e+00 0.000000000000000000e+00 0.000000000000000000e+00 0.000000000000000000e+00 0.000000000000000000e+00
0.000000000000000000e+00 0.000000000000000000e+00 0.000000000000000000e+00 0.000000000000000000e+00 0.000000000000000000e+00
0.000000000000000000e+00 0.000000000000000000e+00 0.000000000000000000e+00 0.000000000000000000e+00 0.000000000000000000e+00
0.000000000000000000e+00 0.000000000000000000e+00 0.000000000000000000e+00 0.000000000000000000e+00 0.000000000000000000e+00
1.564265958378872315e-04 1.000000000000000021e-08 2.285919686185077914e-03 2.695852906809091676e-04 1.000000000000000021e-08
5.175308257191663141e-04 1.000000000000000021e-08 8.310866549803659284e-03 8.471253768649652377e-04 1.000000000000000021e-08
1.000000000000000021e-08 1.000000000000000021e-08 1.983040854072257511e-02 1.282084874137208105e-03 1.000000000000000021e-08
1.000000000000000021e-08 9.328105998088661796e-03 2.271988293138178794e-02 1.000000000000000021e-08 1.000000000000000021e-08
1.000000000000000021e-08 3.957216526989894984e-02 1.311803446882206688e-02 1.000000000000000021e-08 1.280618952364401394e-03
1.000000000000000021e-08 5.763981497884094335e-02 1.000000000000000021e-08 1.000000000000000021e-08 5.608720126613403120e-04
4.619486058818134296e-03 4.267485928122529554e-02 1.000000000000000021e-08 3.730855661257925521e-03 1.000000000000000021e-08
7.465379118540451178e-03 2.025678906326050521e-02 1.000000000000000021e-08 2.255391373977927785e-02 1.000000000000000021e-08
1.000000000000000021e-08 4.707725533627670975e-03 1.000000000000000021e-08 4.612891678190252781e-02 1.000000000000000021e-08
1.000000000000000021e-08 1.000000000000000021e-08 1.063420120432767308e-03 3.864467528862127604e-02 9.235972801199985108e-03
1.000000000000000021e-08 1.000000000000000021e-08 4.908926385588771504e-04 1.084901590831758786e-02 3.168479024484083945e-02
1.000000000000000021e-08 9.653830382013310380e-05 1.000000000000000021e-08 1.000000000000000021e-08 2.610814409823061788e-02
1.978308884329119718e-03 1.000000000000000021e-08 1.000000000000000021e-08 1.000000000000000021e-08 9.621215061207923080e-03
7.518116195626831284e-05 6.426710519436265243e-04 1.000000000000000021e-08 1.000000000000000021e-08 6.717044650291716448e-03
1.991083783548025336e-03 1.000000000000000021e-08 1.000000000000000021e-08 1.000000000000000021e-08 2.741846616779879380e-03
2.583657682251189192e-04 9.363368433175634135e-06 1.000000000000000021e-08 1.000000000000000021e-08 7.123375695497895536e-04
0.000000000000000000e+00 0.000000000000000000e+00 0.000000000000000000e+00 0.000000000000000000e+00 0.000000000000000000e+00
1.000000000000000021e-08 6.918778811731033526e-06 1.000000000000000021e-08 1.000000000000000021e-08 3.516482184638069689e-07
1.000000000000000021e-08 1.210786292052936161e-04 1.000000000000000021e-08 1.000000000000000021e-08 6.153843823116586989e-06
0.000000000000000000e+00 0.000000000000000000e+00 0.000000000000000000e+00 0.000000000000000000e+00 0.000000000000000000e+00
0.000000000000000000e+00 0.000000000000000000e+00 0.000000000000000000e+00 0.000000000000000000e+00 0.000000000000000000e+00
0.000000000000000000e+00 0.000000000000000000e+00 0.000000000000000000e+00 0.000000000000000000e+00 0.000000000000000000e+00
0.000000000000000000e+00 0.000000000000000000e+00 0.000000000000000000e+00 0.000000000000000000e+00 0.000000000000000000e+00
0.000000000000000000e+00 0.000000000000000000e+00 0.000000000000000000e+00 0.000000000000000000e+00 0.000000000000000000e+00
0.000000000000000000e+00 0.000000000000000000e+00 0.000000000000000000e+00 0.000000000000000000e+00 0.000000000000000000e+00
0.000000000000000000e+00 0.000000000000000000e+00 0.000000000000000000e+00 0.000000000000000000e+00 0.000000000000000000e+00
0.000000000000000000e+00 0.000000000000000000e+00 0.000000000000000000e+00 0.000000000000000000e+00 0.000000000000000000e+00
0.000000000000000000e+00 0.000000000000000000e+00 0.000000000000000000e+00 0.000000000000000000e+00 0.000000000000000000e+00
0.000000000000000000e+00 0.000000000000000000e+00 0.000000000000000000e+00 0.000000000000000000e+00 0.000000000000000000e+00
0.000000000000000000e+00 0.000000000000000000e+00 0.000000000000000000e+00 0.000000000000000000e+00 0.000000000000000000e+00
0.000000000000000000e+00 0.000000000000000000e+00 0.000000000000000000e+00 0.000000000000000000e+00 0.000000000000000000e+00
1.000000000000000021e-08 4.005699124592351020e-04 3.369639693943855704e-05 1.000000000000000021e-08 1.425024203345738952e-04
1.000000000000000021e-08 1.215044276372058462e-03 4.677739411837156486e-04 7.875397137946319045e-05 2.223589061714112652e-04
1.000000000000000021e-08 1.193128278125624641e-03 3.289143189890523784e-04 1.584320514868032279e-04 1.506407912593320708e-04
1.000000000000000021e-08 8.019596532286538777e-04 5.006490947279373374e-05 3.628441067781316628e-04 1.000000000000000021e-08
1.000000000000000021e-08 1.113355870435737060e-03 1.000000000000000021e-08 1.165116160817807316e-03 1.000000000000000021e-08
1.000000000000000021e-08 7.184090949983814884e-04 1.000000000000000021e-08 2.503248464238997956e-03 1.000000000000000021e-08
1.000000000000000021e-08 5.518273018908960307e-04 1.000000000000000021e-08 2.305602877176804195e-03 1.000000000000000021e-08
1.000000000000000021e-08 5.708185047762701081e-04 1.000000000000000021e-08 3.804280748624024478e-04 9.449733780611611466e-04
1.000000000000000021e-08 5.861163473311505864e-05 1.000000000000000021e-08 1.000000000000000021e-08 1.329233274143830552e-04
0.000000000000000000e+00 0.000000000000000000e+00 0.000000000000000000e+00 0.000000000000000000e+00 0.000000000000000000e+00
0.000000000000000000e+00 0.000000000000000000e+00 0.000000000000000000e+00 0.000000000000000000e+00 0.000000000000000000e+00
0.000000000000000000e+00 0.000000000000000000e+00 0.000000000000000000e+00 0.000000000000000000e+00 0.000000000000000000e+00
0.000000000000000000e+00 0.000000000000000000e+00 0.000000000000000000e+00 0.000000000000000000e+00 0.000000000000000000e+00
0.000000000000000000e+00 0.000000000000000000e+00 0.000000000000000000e+00 0.000000000000000000e+00 0.000000000000000000e+00
0.000000000000000000e+00 0.000000000000000000e+00 0.000000000000000000e+00 0.000000000000000000e+00 0.000000000000000000e+00
0.000000000000000000e+00 0.000000000000000000e+00 0.000000000000000000e+00 0.000000000000000000e+00 0.000000000000000000e+00
0.000000000000000000e+00 0.000000000000000000e+00 0.000000000000000000e+00 0.000000000000000000e+00 0.000000000000000000e+00
0.000000000000000000e+00 0.000000000000000000e+00 0.000000000000000000e+00 0.000000000000000000e+00 0.000000000000000000e+00
0.000000000000000000e+00 0.000000000000000000e+00 0.000000000000000000e+00 0.000000000000000000e+00 0.000000000000000000e+00
0.000000000000000000e+00 0.000000000000000000e+00 0.000000000000000000e+00 0.000000000000000000e+00 0.000000000000000000e+00
0.000000000000000000e+00 0.000000000000000000e+00 0.000000000000000000e+00 0.000000000000000000e+00 0.000000000000000000e+00
0.000000000000000000e+00 0.000000000000000000e+00 0.000000000000000000e+00 0.000000000000000000e+00 0.000000000000000000e+00
0.000000000000000000e+00 0.000000000000000000e+00 0.000000000000000000e+00 0.000000000000000000e+00 0.000000000000000000e+00
0.000000000000000000e+00 0.000000000000000000e+00 0.000000000000000000e+00 0.000000000000000000e+00 0.000000000000000000e+00
0.000000000000000000e+00 0.000000000000000000e+00 0.000000000000000000e+00 0.000000000000000000e+00 0.000000000000000000e+00
0.000000000000000000e+00 0.000000000000000000e+00 0.000000000000000000e+00 0.000000000000000000e+00 0.000000000000000000e+00
0.000000000000000000e+00 0.000000000000000000e+00 0.000000000000000000e+00 0.000000000000000000e+00 0.000000000000000000e+00
0.000000000000000000e+00 0.000000000000000000e+00 0.000000000000000000e+00 0.000000000000000000e+00 0.000000000000000000e+00
0.000000000000000000e+00 0.000000000000000000e+00 0.000000000000000000e+00 0.000000000000000000e+00 0.000000000000000000e+00
0.000000000000000000e+00 0.000000000000000000e+00 0.000000000000000000e+00 0.000000000000000000e+00 0.000000000000000000e+00
0.000000000000000000e+00 0.000000000000000000e+00 0.000000000000000000e+00 0.000000000000000000e+00 0.000000000000000000e+00
0.000000000000000000e+00 0.000000000000000000e+00 0.000000000000000000e+00 0.000000000000000000e+00 0.000000000000000000e+00
0.000000000000000000e+00 0.000000000000000000e+00 0.000000000000000000e+00 0.000000000000000000e+00 0.000000000000000000e+00
0.000000000000000000e+00 0.000000000000000000e+00 0.000000000000000000e+00 0.000000000000000000e+00 0.000000000000000000e+00
0.000000000000000000e+00 0.000000000000000000e+00 0.000000000000000000e+00 0.000000000000000000e+00 0.000000000000000000e+00
0.000000000000000000e+00 0.000000000000000000e+00 0.000000000000000000e+00 0.000000000000000000e+00 0.000000000000000000e+00
0.000000000000000000e+00 0.000000000000000000e+00 0.000000000000000000e+00 0.000000000000000000e+00 0.000000000000000000e+00
0.000000000000000000e+00 0.000000000000000000e+00 0.000000000000000000e+00 0.000000000000000000e+00 0.000000000000000000e+00
0.000000000000000000e+00 0.000000000000000000e+00 0.000000000000000000e+00 0.000000000000000000e+00 0.000000000000000000e+00
0.000000000000000000e+00 0.000000000000000000e+00 0.000000000000000000e+00 0.000000000000000000e+00 0.000000000000000000e+00
0.000000000000000000e+00 0.000000000000000000e+00 0.000000000000000000e+00 0.000000000000000000e+00 0.000000000000000000e+00
0.000000000000000000e+00 0.000000000000000000e+00 0.000000000000000000e+00 0.000000000000000000e+00 0.000000000000000000e+00
0.000000000000000000e+00 0.000000000000000000e+00 0.000000000000000000e+00 0.000000000000000000e+00 0.000000000000000000e+00
0.000000000000000000e+00 0.000000000000000000e+00 0.000000000000000000e+00 0.000000000000000000e+00 0.000000000000000000e+00
0.000000000000000000e+00 0.000000000000000000e+00 0.000000000000000000e+00 0.000000000000000000e+00 0.000000000000000000e+00
0.000000000000000000e+00 0.000000000000000000e+00 0.000000000000000000e+00 0.000000000000000000e+00 0.000000000000000000e+00
0.000000000000000000e+00 0.000000000000000000e+00 0.000000000000000000e+00 0.000000000000000000e+00 0.000000000000000000e+00
0.000000000000000000e+00 0.000000000000000000e+00 0.000000000000000000e+00 0.000000000000000000e+00 0.000000000000000000e+00
0.000000000000000000e+00 0.000000000000000000e+00 0.000000000000000000e+00 0.000000000000000000e+00 0.000000000000000000e+00
0.000000000000000000e+00 0.000000000000000000e+00 0.000000000000000000e+00 0.000000000000000000e+00 0.000000000000000000e+00
0.000000000000000000e+00 0.000000000000000000e+00 0.000000000000000000e+00 0.000000000000000000e+00 0.000000000000000000e+00
0.000000000000000000e+00 0.000000000000000000e+00 0.000000000000000000e+00 0.000000000000000000e+00 0.000000000000000000e+00
0.000000000000000000e+00 0.000000000000000000e+00 0.000000000000000000e+00 0.000000000000000000e+00 0.000000000000000000e+00
0.000000000000000000e+00 0.000000000000000000e+00 0.000000000000000000e+00 0.000000000000000000e+00 0.000000000000000000e+00
0.000000000000000000e+00 0.000000000000000000e+00 0.000000000000000000e+00 0.000000000000000000e+00 0.000000000000000000e+00
0.000000000000000000e+00 0.000000000000000000e+00 0.000000000000000000e+00 0.000000000000000000e+00 0.000000000000000000e+00
0.000000000000000000e+00 0.000000000000000000e+00 0.000000000000000000e+00 0.000000000000000000e+00 0.000000000000000000e+00
0.000000000000000000e+00 0.000000000000000000e+00 0.000000000000000000e+00 0.000000000000000000e+00 0.000000000000000000e+00
0.000000000000000000e+00 0.000000000000000000e+00 0.000000000000000000e+00 0.000000000000000000e+00 0.000000000000000000e+00
0.000000000000000000e+00 0.000000000000000000e+00 0.000000000000000000e+00 0.000000000000000000e+00 0.000000000000000000e+00
0.000000000000000000e+00 0.000000000000000000e+00 0.000000000000000000e+00 0.000000000000000000e+00 0.000000000000000000e+00
0.000000000000000000e+00 0.000000000000000000e+00 0.000000000000000000e+00 0.000000000000000000e+00 0.000000000000000000e+00
0.000000000000000000e+00 0.000000000000000000e+00 0.000000000000000000e+00 0.000000000000000000e+00 0.000000000000000000e+00
0.000000000000000000e+00 0.000000000000000000e+00 0.000000000000000000e+00 0.000000000000000000e+00 0.000000000000000000e+00
0.000000000000000000e+00 0.000000000000000000e+00 0.000000000000000000e+00 0.000000000000000000e+00 0.000000000000000000e+00
0.000000000000000000e+00 0.000000000000000000e+00 0.000000000000000000e+00 0.000000000000000000e+00 0.000000000000000000e+00
0.000000000000000000e+00 0.000000000000000000e+00 0.000000000000000000e+00 0.000000000000000000e+00 0.000000000000000000e+00
0.000000000000000000e+00 0.000000000000000000e+00 0.000000000000000000e+00 0.000000000000000000e+00 0.000000000000000000e+00
0.000000000000000000e+00 0.000000000000000000e+00 0.000000000000000000e+00 0.000000000000000000e+00 0.000000000000000000e+00
0.000000000000000000e+00 0.000000000000000000e+00 0.000000000000000000e+00 0.000000000000000000e+00 0.000000000000000000e+00
0.000000000000000000e+00 0.000000000000000000e+00 0.000000000000000000e+00 0.000000000000000000e+00 0.000000000000000000e+00
0.000000000000000000e+00 0.000000000000000000e+00 0.000000000000000000e+00 0.000000000000000000e+00 0.000000000000000000e+00
0.000000000000000000e+00 0.000000000000000000e+00 0.000000000000000000e+00 0.000000000000000000e+00 0.000000000000000000e+00
0.000000000000000000e+00 0.000000000000000000e+00 0.000000000000000000e+00 0.000000000000000000e+00 0.000000000000000000e+00
0.000000000000000000e+00 0.000000000000000000e+00 0.000000000000000000e+00 0.000000000000000000e+00 0.000000000000000000e+00
0.000000000000000000e+00 0.000000000000000000e+00 0.000000000000000000e+00 0.000000000000000000e+00 0.000000000000000000e+00
