0.000000 0.000000 -0.000000 -0.000000 0.000000
0.000000 0.000000 -0.000000 -0.000000 0.000000
0.000000 0.000000 -0.000000 -0.000000 0.000000
0.000000 0.000000 -0.000000 0.000000 0.000000
0.000000 0.000000 -0.000000 0.000000 0.000000
0.000000 0.000000 -0.000000 0.000000 0.000000
0.000000 0.000000 -0.000000 0.000000 0.000000
0.000000 0.000000 -0.000000 0.000000 0.000000
0.000000 0.000000 -0.000000 0.000000 0.000000
0.000000 0.000000 -0.000000 0.000000 0.000000
0.000000 0.000000 -0.000000 0.000000 0.000000
0.000000 0.000000 -0.000000 0.000000 0.000000
0.000000 0.000000 -0.000000 0.000000 0.000000
0.000000 0.000000 -0.000000 0.000000 0.000000
0.000000 0.000000 -0.000000 0.000000 0.000000
0.000000 0.000000 -0.000000 0.000000 0.000000
0.000000 0.000000 -0.000000 0.000000 0.000000
0.000000 0.000000 -0.000000 0.000000 0.000000
0.000000 0.000000 -0.000000 0.000000 0.000000
0.000000 0.000000 -0.000000 0.000000 0.000000
0.000000 0.000000 -0.000000 0.000000 0.000000
0.000000 0.000000 -0.000000 0.000000 0.000000
0.000000 0.000000 -0.000000 0.000000 0.000000
0.000000 0.000000 -0.000000 0.000000 0.000000
0.000000 0.000000 -0.000000 0.000000 0.000000
0.000000 0.000000 -0.000000 0.000000 0.000000
0.000000 0.000000 -0.000000 0.000000 0.000000
0.000000 0.000000 -0.000000 0.000000 0.000000
0.000000 0.000000 -0.000000 0.000000 0.000000
0.000000 0.000000 -0.000000 0.000000 0.000000
0.000000 0.000000 -0.000000 0.000000 0.000000
0.000000 0.000000 -0.000000 0.000000 0.000000
0.000000 0.000000 -0.000000 0.000000 0.000000
0.000000 0.000000 -0.000000 0.000000 0.000000
0.000000 0.000000 -0.000000 0.000000 0.000000
0.000000 0.000000 -0.000000 0.000000 0.000000
0.000000 0.000000 -0.000000 0.000000 0.000000
0.000000 0.000000 -0.000000 0.000000 0.000000
0.000000 0.000000 -0.000000 0.000000 0.000000
0.000000 0.000000 -0.000000 0.000000 0.000000
0.000000 0.000000 -0.000000 0.000000 0.000000
0.000000 0.000000 -0.000000 0.000000 0.000000
0.000106 0.000000 0.000132 0.000000 0.000088
0.000127 0.000000 0.000159 0.000000 0.000106
0.000019 0.000000 0.000024 0.000000 0.000016
0.000000 0.000000 -0.000000 0.000000 0.000000
0.000000 0.000000 -0.000000 0.000000 0.000000
0.000000 0.000000 -0.000000 0.000000 0.000000
0.000000 0.000000 -0.000000 0.000000 0.000000
0.000000 0.000000 -0.000000 0.000000 0.000000
0.000000 0.000000 -0.000000 0.000000 0.000000
0.000000 0.000000 -0.000000 0.000000 0.000000
0.000000 0.000000 -0.000000 0.000000 0.000000
0.000000 0.000000 -0.000000 0.000000 0.000000
0.000000 0.000000 -0.000000 0.000000 0.000000
0.000000 0.000000 -0.000000 0.000000 0.000000
0.000000 0.000000 -0.000000 0.000000 0.000000
0.000000 0.000000 -0.000000 0.000000 0.000000
0.000000 0.000000 -0.000000 0.000000 0.000000
0.000000 0.000000 -0.000000 0.000000 0.000000
0.000000 0.000000 -0.000000 0.000000 0.000000
0.000000 0.000000 -0.000000 0.000000 0.000000
0.000000 0.000000 -0.000000 0.000000 0.000000
0.000000 0.000000 -0.000000 0.000000 0.000000
0.000000 0.000000 -0.000000 0.000000 0.000000
0.000000 0.000000 -0.000000 0.000000 0.000000
0.000000 0.000000 -0.000000 0.000000 0.000000
0.000008 0.000000 0.000039 0.000000 0.000003
0.000127 0.000000 0.000649 0.000000 0.000057
0.000266 0.000000 0.001855 0.000000 0.000204
0.000294 0.000000 0.001400 0.000000 0.000262
0.000652 0.000000 0.001950 0.000000 0.000451
0.000517 0.000000 0.001211 0.000000 0.000303
0.000109 0.000000 0.000469 0.000000 0.000095
0.000128 0.000000 0.000337 0.000000 0.000081
0.000244 0.000000 0.000530 0.000000 0.000135
0.000058 0.000000 0.000126 0.000000 0.000032
0.000000 0.000000 -0.000000 0.000000 0.000000
0.000000 0.000000 -0.000000 0.000000 0.000000
0.000000 0.000000 -0.000000 0.000000 0.000000
0.000000 0.000000 -0.000000 0.000000 0.000000
0.000000 0.000000 -0.000000 0.000000 0.000000
0.000000 0.000000 -0.000000 0.000000 0.000000
0.000000 0.000000 -0.000000 0.000000 0.000000
0.000000 0.000000 -0.000000 0.000000 0.000000
0.000000 0.000000 -0.000000 0.000000 0.000000
0.000000 0.000000 -0.000000 0.000000 0.000000
0.000000 0.000000 -0.000000 0.000000 0.000000
0.000000 0.000000 -0.000000 0.000000 0.000000
0.000000 0.000000 -0.000000 0.000000 0.000000
0.000000 0.000000 -0.000000 0.000000 0.000000
0.000000 0.000000 -0.000000 0.000000 0.000000
0.000005 0.000000 0.000029 0.000000 0.000006
0.000033 0.000000 0.000537 0.000000 0.000000
0.000202 0.000024 0.000959 0.000000 0.000000
0.000488 0.000000 0.001778 0.000000 0.000101
0.000690 0.000000 0.004379 0.000000 0.000183
0.000686 0.000000 0.007185 0.000000 0.000174
0.001494 0.000000 0.008717 0.000000 0.000548
0.003486 0.000000 0.008207 0.000000 0.001202
0.003946 0.000000 0.006023 0.000000 0.000955
0.002739 0.000374 0.003906 0.000000 0.000058
0.001122 0.000836 0.002723 0.000000 0.000157
0.000541 0.000271 0.001876 0.000000 0.001339
0.000344 0.000000 0.001069 0.000000 0.001373
0.000256 0.000000 0.000475 0.000000 0.001114
0.000046 0.000000 0.000000 0.000009 0.000674
0.000013 0.000000 0.000000 0.000002 0.000191
0.000000 0.000000 -0.000000 0.000000 0.000000
0.000000 0.000000 -0.000000 0.000000 0.000000
0.000000 0.000000 -0.000000 0.000000 0.000000
0.000000 0.000000 -0.000000 0.000000 0.000000
0.000000 0.000000 -0.000000 0.000000 0.000000
0.000000 0.000000 -0.000000 0.000000 0.000000
0.000000 0.000000 -0.000000 0.000000 0.000000
0.000000 0.000000 -0.000000 0.000000 0.000000
0.000003 0.000000 0.000000 0.000001 0.000050
0.000061 0.000000 0.000141 0.000000 0.000036
0.000010 0.000025 0.000058 0.000000 0.000017
0.000032 0.000000 0.000321 0.000000 0.000004
0.000194 0.000000 0.002227 0.000000 0.000087
0.000501 0.000000 0.007576 0.000000 0.000184
0.001004 0.000000 0.023951 0.000000 0.000189
0.000000 0.000000 0.048602 0.000000 0.000000
0.000000 0.001836 0.080305 0.003719 0.000000
0.000000 0.003987 0.061237 0.046771 0.000000
0.000769 0.000000 0.001300 0.076559 0.000000
0.061283 0.000000 0.000000 0.045104 0.002455
0.091747 0.006320 0.000827 0.000000 0.000000
0.048929 0.058128 0.010358 0.000000 0.000000
0.000000 0.079512 0.007375 0.000000 0.000000
0.000000 0.055121 0.000345 0.001527 0.036844
0.000000 0.014024 0.000000 0.002107 0.072892
0.000023 0.000000 0.000000 0.000236 0.064293
0.001860 0.000000 0.000000 0.000000 0.033656
0.001025 0.000000 0.000000 0.000000 0.010495
0.000249 0.000000 0.000000 0.000000 0.002423
0.000000 0.000000 -0.000000 0.000000 0.000000
0.000000 0.000000 -0.000000 0.000000 0.000000
0.000000 0.000000 -0.000000 0.000000 0.000000
0.000000 0.000000 -0.000000 0.000000 0.000000
0.000000 0.000000 -0.000000 0.000000 0.000000
0.000000 0.000044 0.000035 0.000000 0.000000
0.000000 0.000029 0.000023 0.000000 0.000000
0.000000 0.000000 -0.000000 0.000000 0.000000
0.000236 0.000000 0.000549 0.000000 0.000138
0.000364 0.000000 0.001360 0.000000 0.000138
0.000427 0.000000 0.002267 0.000000 0.000189
0.000884 0.000000 0.005321 0.000000 0.000458
0.001713 0.000000 0.014228 0.000000 0.001188
0.001774 0.000000 0.041507 0.000000 0.000704
0.000000 0.000187 0.092449 0.000000 0.000000
0.000000 0.004096 0.141065 0.013823 0.000000
0.000000 0.005939 0.106194 0.091771 0.000000
0.009093 0.000000 0.002186 0.146159 0.000000
0.121758 0.000000 0.000000 0.094013 0.004633
0.170948 0.021520 0.000000 0.000000 0.000000
0.093866 0.108697 0.018020 0.000000 0.000000
0.000000 0.139395 0.012301 0.000000 0.000000
0.000000 0.087007 0.000606 0.001495 0.083958
0.000000 0.020457 0.000000 0.002798 0.135712
0.000000 0.000000 0.000000 0.000553 0.111600
0.004158 0.000000 0.000000 0.000000 0.056907
0.002158 0.000000 0.000000 0.000000 0.019688
0.000516 0.000000 0.000000 0.000000 0.004868
0.000020 0.000000 0.000000 0.000000 0.000136
0.000000 0.000033 0.000000 0.000011 0.000020
0.000000 0.000000 -0.000000 0.000000 0.000000
0.000000 0.000000 -0.000000 0.000000 0.000000
0.000000 0.000000 -0.000000 0.000000 0.000000
0.000000 0.000011 0.000009 0.000000 0.000000
0.000015 0.000022 0.000002 0.000000 0.000000
0.000031 0.000030 0.000000 0.000000 0.000000
0.000156 0.000000 0.000372 0.000000 0.000088
0.000501 0.000000 0.001850 0.000000 0.000341
0.000800 0.000000 0.002923 0.000000 0.000586
0.001494 0.000000 0.005650 0.000000 0.000969
0.002156 0.000000 0.014562 0.000000 0.001307
0.002920 0.000000 0.043586 0.000000 0.000772
0.000000 0.000000 0.102671 0.000000 0.000000
0.000000 0.003625 0.163401 0.015776 0.000000
0.000000 0.004941 0.127263 0.106054 0.000000
0.020035 0.000000 0.008616 0.170954 0.000000
0.146825 0.000000 0.000000 0.109414 0.000000
0.188624 0.049035 0.000000 0.000000 0.000000
0.092419 0.137990 0.018659 0.000000 0.000000
0.000000 0.147823 0.012160 0.000000 0.040363
0.000000 0.075908 0.000620 0.000354 0.131052
0.000000 0.009177 0.000000 0.001467 0.155712
0.002391 0.000000 0.000000 0.000000 0.108436
0.003696 0.000000 0.000000 0.000000 0.050074
0.001624 0.000000 0.000000 0.000000 0.016093
0.000340 0.000000 0.000000 0.000000 0.003315
0.000000 0.000000 -0.000000 0.000000 0.000000
0.000000 0.000000 -0.000000 0.000000 0.000000
0.000000 0.000000 -0.000000 0.000000 0.000000
0.000000 0.000000 -0.000000 0.000000 0.000000
0.000000 0.000000 -0.000000 0.000000 0.000000
0.000000 0.000000 0.000000 0.000001 0.000111
0.000011 0.000024 0.000074 0.000008 0.000000
0.000121 0.000000 0.000287 0.000000 0.000218
0.000155 0.000000 0.000270 0.000000 0.000241
0.000372 0.000000 0.001061 0.000000 0.000433
0.000904 0.000000 0.003464 0.000000 0.000653
0.001776 0.000000 0.005191 0.000000 0.001125
0.001955 0.000000 0.011476 0.000000 0.000838
0.002813 0.000000 0.036761 0.000000 0.000225
0.001092 0.000000 0.095099 0.000000 0.000000
0.000000 0.003396 0.169151 0.014798 0.000000
0.000000 0.005690 0.134484 0.113063 0.000000
0.030830 0.000000 0.018626 0.179221 0.000000
0.161956 0.003869 0.000000 0.107838 0.000000
0.183304 0.083137 0.002666 0.000000 0.000000
0.073833 0.155144 0.018802 0.000000 0.004623
0.000000 0.129347 0.010906 0.000000 0.091632
0.000000 0.046397 0.001349 0.000000 0.161814
0.000000 0.000000 0.000000 0.000000 0.145917
0.004633 0.000000 0.000000 0.000000 0.083886
0.002878 0.000000 0.000000 0.000000 0.031976
0.000821 0.000000 0.000000 0.000000 0.008437
0.000229 0.000000 0.000000 0.000000 0.002062
0.000000 0.000000 -0.000000 0.000000 0.000000
0.000000 0.000029 0.000000 0.000004 0.000000
0.000000 0.000000 -0.000000 0.000000 0.000000
0.000000 0.000000 -0.000000 0.000000 0.000000
0.000000 0.000000 -0.000000 0.000000 0.000000
0.000000 0.000000 0.000000 0.000000 0.000026
0.000000 0.000000 0.000186 0.000014 0.000002
0.000084 0.000000 0.000247 0.000000 0.000259
0.000216 0.000000 0.000231 0.000000 0.000295
0.000591 0.000000 0.001195 0.000000 0.000259
0.001184 0.000000 0.003061 0.000000 0.000562
0.001667 0.000000 0.005571 0.000000 0.001067
0.001993 0.000000 0.009754 0.000000 0.000675
0.002978 0.000000 0.027653 0.000000 0.000472
0.002778 0.000000 0.085325 0.000000 0.000000
0.000000 0.001944 0.170514 0.009871 0.000000
0.000000 0.006104 0.141303 0.115429 0.000000
0.044109 0.001506 0.028394 0.182933 0.000000
0.166914 0.036805 0.000000 0.105422 0.000000
0.165415 0.115636 0.009284 0.000000 0.000000
0.055270 0.150832 0.020528 0.000000 0.059394
0.000000 0.095963 0.010478 0.000000 0.138412
0.000000 0.013444 0.002396 0.000000 0.165572
0.005518 0.000000 0.000000 0.000000 0.110279
0.004083 0.000000 0.000000 0.000000 0.048135
0.001587 0.000000 0.000000 0.000000 0.014131
0.000300 0.000000 0.000000 0.000000 0.003046
0.000155 0.000000 0.000000 0.000000 0.001134
0.000000 0.000000 -0.000000 0.000000 0.000000
0.000000 0.000000 -0.000000 0.000000 0.000000
0.000000 0.000000 -0.000000 0.000000 0.000000
0.000000 0.000000 -0.000000 0.000000 0.000000
0.000009 0.000000 0.000017 0.000000 0.000110
0.000000 0.000000 -0.000000 0.000000 0.000000
0.000000 0.000023 0.000000 0.000002 0.000017
0.000146 0.000000 0.000185 0.000000 0.000219
0.000345 0.000000 0.000516 0.000000 0.000508
0.000793 0.000000 0.001668 0.000000 0.000310
0.001443 0.000000 0.004273 0.000000 0.000747
0.002282 0.000000 0.007539 0.000000 0.001315
0.002988 0.000000 0.011627 0.000000 0.001523
0.004377 0.000000 0.024109 0.000000 0.001714
0.005115 0.000000 0.073326 0.000000 0.001060
0.000000 0.001759 0.162550 0.008193 0.000000
0.000000 0.009847 0.136857 0.121925 0.000000
0.060726 0.019934 0.040044 0.180652 0.000000
0.160001 0.077994 0.000000 0.103230 0.000000
0.148494 0.129113 0.017153 0.000000 0.044093
0.041576 0.129873 0.023259 0.000000 0.108763
0.000000 0.054489 0.010820 0.000000 0.163790
0.005015 0.000000 0.003508 0.000000 0.139713
0.005792 0.000000 0.000864 0.000000 0.064916
0.001992 0.000000 0.000000 0.000000 0.018706
0.000582 0.000000 0.000000 0.000087 0.004179
0.000153 0.000000 0.000000 0.000103 0.000974
0.000114 0.000000 0.000025 0.000000 0.000517
0.000000 0.000016 0.000000 0.000053 0.000000
0.000000 0.000039 0.000000 0.000015 0.000011
0.000000 0.000000 -0.000000 0.000000 0.000000
0.000000 0.000000 -0.000000 0.000000 0.000000
0.000015 0.000000 0.000028 0.000000 0.000181
0.000000 0.000000 -0.000000 0.000000 0.000000
0.000000 0.000000 -0.000000 0.000000 0.000000
0.000156 0.000000 0.000183 0.000000 0.000219
0.000254 0.000000 0.000297 0.000000 0.000184
0.000800 0.000000 0.001723 0.000000 0.000360
0.001461 0.000000 0.004169 0.000000 0.000498
0.002017 0.000000 0.007191 0.000000 0.001058
0.003376 0.000000 0.012323 0.000000 0.001874
0.005071 0.000000 0.024004 0.000000 0.002270
0.006827 0.000000 0.061258 0.000000 0.002157
0.000000 0.002532 0.148229 0.010067 0.000000
0.000000 0.017349 0.125209 0.129181 0.000000
0.075648 0.053937 0.047522 0.174754 0.000000
0.149379 0.109342 0.011955 0.099287 0.023828
0.135004 0.122848 0.028632 0.000000 0.096318
0.031638 0.098225 0.027414 0.000000 0.140639
0.006358 0.014665 0.011360 0.000000 0.157598
0.007446 0.000000 0.003115 0.000000 0.091562
0.002885 0.000000 0.000603 0.000000 0.026358
0.000563 0.000000 0.000000 0.000132 0.004520
0.000127 0.000000 0.000000 0.000290 0.001068
0.000000 0.000047 0.000000 0.000143 0.000262
0.000013 0.000000 0.000002 0.000000 0.000070
0.000000 0.000000 0.000000 0.000102 0.000172
0.000000 0.000034 0.000000 0.000020 0.000007
0.000000 0.000000 -0.000000 0.000000 0.000000
0.000000 0.000000 -0.000000 0.000000 0.000000
0.000002 0.000023 0.000021 0.000000 0.000027
0.000001 0.000014 0.000013 0.000000 0.000019
0.000003 0.000021 0.000026 0.000000 0.000076
0.000157 0.000000 0.000183 0.000000 0.000224
0.000288 0.000000 0.000191 0.000000 0.000236
0.000574 0.000000 0.001216 0.000000 0.000352
0.000982 0.000000 0.003544 0.000000 0.000489
0.001594 0.000000 0.006271 0.000000 0.000765
0.003546 0.000000 0.012292 0.000000 0.001962
0.006535 0.000000 0.023990 0.000000 0.002865
0.008443 0.000000 0.048494 0.000000 0.002724
0.000000 0.005660 0.121083 0.017250 0.000000
0.000000 0.036018 0.104788 0.138354 0.000000
0.085412 0.092693 0.052734 0.168436 0.003751
0.142223 0.117316 0.037275 0.094029 0.077723
0.121318 0.108215 0.046629 0.000000 0.124462
0.027727 0.054554 0.030286 0.000000 0.155022
0.011219 0.000000 0.009821 0.000000 0.117600
0.004465 0.000000 0.001810 0.000000 0.041773
0.000764 0.000000 0.000285 0.000000 0.007104
0.000235 0.000000 0.000000 0.000244 0.001275
0.000000 0.000055 0.000000 0.000296 0.000099
0.000000 0.000183 0.000000 0.000124 0.000000
0.000000 0.000000 -0.000000 0.000000 0.000000
0.000000 0.000000 0.000000 0.000110 0.000262
0.000000 0.000005 0.000000 0.000015 0.000000
0.000000 0.000000 -0.000000 0.000000 0.000000
0.000000 0.000000 -0.000000 0.000000 0.000000
0.000000 0.000000 -0.000000 0.000000 0.000000
0.000001 0.000003 0.000004 0.000000 0.000011
0.000009 0.000055 0.000066 0.000000 0.000198
0.000150 0.000000 0.000163 0.000000 0.000213
0.000211 0.000000 0.000205 0.000000 0.000145
0.000616 0.000000 0.001169 0.000000 0.000533
0.001211 0.000000 0.003096 0.000000 0.000835
0.001855 0.000000 0.005410 0.000000 0.001072
0.004028 0.000000 0.012391 0.000000 0.002226
0.006016 0.000000 0.020423 0.000000 0.002533
0.007734 0.000000 0.035958 0.000000 0.003429
0.000000 0.013343 0.087905 0.025204 0.000009
0.003929 0.070299 0.080382 0.145131 0.000389
0.092460 0.118716 0.058480 0.160953 0.053274
0.139486 0.113871 0.065531 0.084743 0.106147
0.106206 0.082070 0.067690 0.000000 0.140640
0.028769 0.014361 0.030312 0.000000 0.136738
0.009061 0.000000 0.007656 0.000000 0.059548
0.001435 0.000000 0.000973 0.000000 0.011899
0.000046 0.000000 0.000000 0.000188 0.002002
0.000035 0.000000 0.000000 0.000410 0.000509
0.000000 0.000102 0.000000 0.000106 0.000000
0.000000 0.000162 0.000000 0.000040 0.000000
0.000000 0.000002 0.000000 0.000029 0.000000
0.000000 0.000027 0.000000 0.000086 0.000000
0.000000 0.000005 0.000000 0.000015 0.000000
0.000000 0.000000 -0.000000 0.000000 0.000000
0.000000 0.000000 -0.000000 0.000000 0.000000
0.000000 0.000000 -0.000000 0.000000 0.000000
0.000000 0.000002 0.000002 0.000000 0.000006
0.000005 0.000029 0.000035 0.000000 0.000103
0.000180 0.000000 0.000010 0.000047 0.000160
0.000131 0.000000 0.000127 0.000000 0.000128
0.000464 0.000000 0.000844 0.000000 0.000535
0.000583 0.000000 0.001732 0.000000 0.000487
0.001348 0.000000 0.004633 0.000000 0.000868
0.002845 0.000000 0.008560 0.000000 0.001296
0.004755 0.000000 0.013766 0.000000 0.002103
0.005988 0.000000 0.024151 0.000000 0.008368
0.000000 0.031559 0.053415 0.035753 0.018635
0.015950 0.109547 0.053740 0.148300 0.041151
0.100937 0.127764 0.065124 0.153595 0.086677
0.136553 0.102227 0.096516 0.073840 0.116732
0.094008 0.039784 0.092620 0.000000 0.140699
0.024631 0.000000 0.031119 0.000000 0.083572
0.003830 0.000000 0.004819 0.000000 0.018263
0.000044 0.000000 0.000274 0.000113 0.002258
0.000000 0.000146 0.000000 0.000180 0.000545
0.000000 0.000164 0.000000 0.000220 0.000209
0.000000 0.000077 0.000000 0.000073 0.000041
0.000000 0.000112 0.000000 0.000040 0.000000
0.000000 0.000000 -0.000000 0.000000 0.000000
0.000000 0.000021 0.000000 0.000067 0.000000
0.000000 0.000004 0.000000 0.000011 0.000000
0.000000 0.000000 -0.000000 0.000000 0.000000
0.000000 0.000000 -0.000000 0.000000 0.000000
0.000000 0.000000 -0.000000 0.000000 0.000000
0.000000 0.000000 -0.000000 0.000000 0.000000
0.000000 0.000000 -0.000000 0.000000 0.000000
0.000064 0.000000 0.000062 0.000000 0.000086
0.000109 0.000000 0.000193 0.000000 0.000201
0.000112 0.000000 0.000145 0.000000 0.000134
0.000120 0.000000 0.000480 0.000000 0.000149
0.000984 0.000000 0.003121 0.000000 0.000563
0.002605 0.000000 0.006820 0.000000 0.001831
0.003822 0.000000 0.009047 0.000000 0.005687
0.004038 0.004510 0.013946 0.001254 0.024587
0.000000 0.063614 0.019202 0.044664 0.057581
0.037620 0.137178 0.035937 0.142791 0.074780
0.107345 0.126758 0.071260 0.148561 0.095321
0.136544 0.073367 0.130614 0.061707 0.120002
0.080347 0.004848 0.115968 0.000000 0.104401
0.015666 0.000000 0.030568 0.000000 0.031637
0.001513 0.000000 0.003357 0.000000 0.004186
0.000000 0.000647 0.000180 0.000303 0.000000
0.000000 0.000291 0.000076 0.000149 0.000000
0.000000 0.000318 0.000000 0.000263 0.000000
0.000000 0.000226 0.000000 0.000144 0.000000
0.000000 0.000143 0.000000 0.000055 0.000000
0.000000 0.000143 0.000000 0.000055 0.000000
0.000013 0.000012 0.000024 0.000000 0.000009
0.000010 0.000003 0.000018 0.000000 0.000007
0.000000 0.000000 -0.000000 0.000000 0.000000
0.000000 0.000000 -0.000000 0.000000 0.000000
0.000000 0.000000 -0.000000 0.000000 0.000000
0.000000 0.000000 -0.000000 0.000000 0.000000
0.000022 0.000000 0.000003 0.000000 0.000000
0.000000 0.000038 0.000000 0.000003 0.000018
0.000000 0.000011 0.000004 0.000000 0.000018
0.000037 0.000000 0.000033 0.000000 0.000080
0.000351 0.000000 0.000755 0.000000 0.000421
0.001149 0.000000 0.002507 0.000000 0.001541
0.002197 0.000000 0.004018 0.000000 0.004511
0.003370 0.000000 0.005768 0.000000 0.019029
0.000000 0.016383 0.002999 0.005772 0.066404
0.000000 0.106638 0.000000 0.049235 0.092842
0.064805 0.145959 0.020084 0.135886 0.084849
0.113685 0.117511 0.077896 0.143314 0.093019
0.131431 0.036652 0.158967 0.054484 0.096699
0.058713 0.000000 0.135377 0.000000 0.050506
0.009269 0.000000 0.029965 0.000000 0.009361
0.001182 0.000000 0.004272 0.000000 0.001317
0.000000 0.000278 0.000620 0.000004 0.000051
0.000000 0.000238 0.000089 0.000135 0.000000
0.000000 0.000293 0.000000 0.000253 0.000012
0.000019 0.000046 0.000000 0.000044 0.000059
0.000000 0.000041 0.000000 0.000016 0.000000
0.000000 0.000041 0.000000 0.000016 0.000000
0.000006 0.000004 0.000010 0.000000 0.000004
0.000004 0.000001 0.000007 0.000000 0.000003
0.000000 0.000000 -0.000000 0.000000 0.000000
0.000000 0.000000 -0.000000 0.000000 0.000000
0.000000 0.000006 0.000000 0.000002 0.000000
0.000000 0.000003 0.000000 0.000001 0.000000
0.000006 0.000000 0.000001 0.000000 0.000000
0.000007 0.000058 0.000000 0.000000 0.000000
0.000090 0.000000 0.000106 0.000000 0.000209
0.000279 0.000000 0.000194 0.000000 0.000403
0.000635 0.000000 0.000597 0.000000 0.000844
0.001053 0.000000 0.001677 0.000000 0.002706
0.002518 0.000000 0.002925 0.000000 0.014834
0.002218 0.000000 0.001688 0.000371 0.058056
0.000000 0.048182 0.000000 0.010567 0.113795
0.014579 0.144799 0.000000 0.046663 0.096395
0.089806 0.141840 0.000000 0.130444 0.084075
0.125436 0.092380 0.083827 0.137016 0.072804
0.113424 0.003287 0.179635 0.055731 0.054656
0.036762 0.000000 0.149895 0.000000 0.019427
0.006688 0.000000 0.036823 0.000000 0.003971
0.001014 0.000000 0.005827 0.000000 0.000535
0.000059 0.000339 0.001723 0.000000 0.000000
0.000000 0.000152 0.000500 0.000088 0.000000
0.000000 0.000108 0.000214 0.000177 0.000052
0.000000 0.000041 0.000086 0.000076 0.000036
0.000000 0.000018 0.000000 0.000019 0.000051
0.000000 0.000016 0.000019 0.000014 0.000083
0.000000 0.000009 0.000000 0.000014 0.000022
0.000000 0.000000 -0.000000 0.000000 0.000000
0.000000 0.000000 -0.000000 0.000000 0.000000
0.000000 0.000000 -0.000000 0.000000 0.000000
0.000000 0.000094 0.000000 0.000030 0.000001
0.000000 0.000039 0.000000 0.000012 0.000000
0.000000 0.000000 -0.000000 0.000000 0.000000
0.000000 0.000028 0.000000 0.000000 0.000000
0.000212 0.000000 0.000205 0.000000 0.000355
0.000490 0.000000 0.000575 0.000000 0.000707
0.000584 0.000000 0.000671 0.000000 0.002148
0.001695 0.000000 0.001680 0.000000 0.011021
0.003047 0.000000 0.001168 0.000000 0.044760
0.000000 0.007503 0.000000 0.002630 0.115565
0.000000 0.096681 0.000000 0.011366 0.126283
0.045511 0.159290 0.000000 0.038223 0.087522
0.111368 0.131842 0.000000 0.124628 0.062509
0.136798 0.052745 0.086547 0.132612 0.034186
0.079759 0.000000 0.187158 0.066000 0.024973
0.019876 0.000000 0.164858 0.000000 0.007614
0.005106 0.000000 0.051005 0.000000 0.001806
0.001231 0.000000 0.010309 0.000000 0.000410
0.000466 0.000183 0.003930 0.000000 0.000054
0.000254 0.000000 0.001822 0.000000 0.000279
0.000385 0.000000 0.001697 0.000000 0.000303
0.000301 0.000000 0.001352 0.000000 0.000203
0.000368 0.000000 0.000934 0.000000 0.000204
0.000371 0.000000 0.000954 0.000000 0.000312
0.000000 0.000024 0.000013 0.000040 0.000103
0.000028 0.000000 0.000000 0.000000 0.000005
0.000007 0.000000 0.000000 0.000000 0.000001
0.000000 0.000000 -0.000000 0.000000 0.000000
0.000000 0.000011 0.000000 0.000003 0.000000
0.000000 0.000004 0.000000 0.000001 0.000000
0.000000 0.000000 -0.000000 0.000000 0.000000
0.000000 0.000000 -0.000000 0.000000 0.000000
0.000222 0.000000 0.000475 0.000000 0.000241
0.000418 0.000000 0.000529 0.000000 0.001336
0.001103 0.000000 0.000729 0.000000 0.008559
0.003238 0.000000 0.000756 0.000000 0.034222
0.001981 0.000000 0.000000 0.000062 0.096820
0.000000 0.038759 0.000000 0.005757 0.146326
0.000000 0.137594 0.000000 0.007702 0.111263
0.074671 0.160379 0.000000 0.030060 0.065429
0.136476 0.107781 0.000000 0.115317 0.021492
0.135363 0.010555 0.079453 0.135482 0.014016
0.045750 0.000000 0.182266 0.079233 0.013439
0.010979 0.000000 0.178642 0.000000 0.003888
0.005172 0.000000 0.072040 0.000000 0.001197
0.002459 0.000000 0.019728 0.000000 0.000677
0.001525 0.000000 0.007771 0.000000 0.000409
0.001546 0.000000 0.005677 0.000000 0.000749
0.001523 0.000000 0.004750 0.000000 0.000752
0.000945 0.000000 0.002789 0.000000 0.000444
0.000676 0.000000 0.002057 0.000000 0.000477
0.000437 0.000000 0.001315 0.000000 0.000372
0.000008 0.000004 0.000128 0.000010 0.000123
0.000111 0.000000 0.000000 0.000000 0.000021
0.000168 0.000000 0.000094 0.000000 0.000036
0.000000 0.000000 -0.000000 0.000000 0.000000
0.000000 0.000000 -0.000000 0.000000 0.000000
0.000019 0.000006 0.000021 0.000000 0.000000
0.000005 0.000020 0.000000 0.000003 0.000113
0.000003 0.000018 0.000000 0.000000 0.000024
0.000246 0.000000 0.000431 0.000000 0.000489
0.001009 0.000000 0.000777 0.000000 0.006467
0.003105 0.000000 0.001299 0.000000 0.027045
0.004754 0.000000 0.000486 0.000000 0.079040
0.000000 0.003526 0.000000 0.000743 0.143595
0.000000 0.082794 0.000000 0.004370 0.143478
0.005131 0.162399 0.000000 0.000000 0.082082
0.105267 0.151983 0.000000 0.019844 0.024048
0.165642 0.062852 0.000000 0.103749 0.000000
0.116218 0.000000 0.066523 0.142997 0.010733
0.022554 0.000000 0.179583 0.087624 0.007578
0.005642 0.000000 0.195657 0.000000 0.001594
0.006582 0.000000 0.096558 0.000000 0.001707
0.005227 0.000000 0.035436 0.000000 0.001702
0.004172 0.000000 0.017008 0.000000 0.001672
0.003605 0.000000 0.011514 0.000000 0.001570
0.002818 0.000000 0.008329 0.000000 0.001295
0.001924 0.000000 0.005107 0.000000 0.000863
0.001083 0.000000 0.003254 0.000000 0.000590
0.000469 0.000000 0.001561 0.000000 0.000355
0.000156 0.000000 0.000269 0.000000 0.000175
0.000000 0.000000 -0.000000 0.000000 0.000000
0.000111 0.000000 0.000030 0.000000 0.000023
0.000000 0.000000 -0.000000 0.000000 0.000000
0.000000 0.000000 -0.000000 0.000000 0.000000
0.000004 0.000001 0.000005 0.000000 0.000000
0.000064 0.000000 0.000136 0.000000 0.000072
0.000155 0.000000 0.000148 0.000000 0.000639
0.000707 0.000000 0.000376 0.000000 0.004507
0.002976 0.000000 0.001967 0.000000 0.021406
0.006115 0.000000 0.002688 0.000000 0.061853
0.003338 0.000000 0.002600 0.000000 0.125261
0.000000 0.033368 0.004519 0.000243 0.159964
0.000000 0.121935 0.008765 0.000000 0.116873
0.031277 0.172638 0.013626 0.000000 0.038797
0.140261 0.123097 0.000000 0.006707 0.000000
0.181402 0.018135 0.000000 0.094855 0.000000
0.092866 0.000000 0.055112 0.149264 0.010636
0.007872 0.000000 0.170994 0.097011 0.003097
0.000534 0.000000 0.204490 0.006820 0.000000
0.006448 0.000000 0.124393 0.000000 0.001362
0.007854 0.000000 0.055088 0.000000 0.002936
0.005906 0.000000 0.025456 0.000000 0.002784
0.004382 0.000000 0.015229 0.000000 0.002163
0.003222 0.000000 0.009973 0.000000 0.001622
0.001995 0.000000 0.005222 0.000000 0.001048
0.001026 0.000000 0.003071 0.000000 0.000509
0.000631 0.000000 0.001774 0.000000 0.000367
0.000220 0.000000 0.000377 0.000000 0.000278
0.000000 0.000000 -0.000000 0.000000 0.000000
0.000000 0.000000 -0.000000 0.000000 0.000000
0.000023 0.000008 0.000008 0.000000 0.000000
0.000007 0.000003 0.000002 0.000000 0.000000
0.000000 0.000000 -0.000000 0.000000 0.000000
0.000330 0.000000 0.000584 0.000000 0.000688
0.000830 0.000000 0.001151 0.000000 0.002734
0.002637 0.000000 0.002487 0.000000 0.013537
0.006395 0.000000 0.004137 0.000000 0.046140
0.008175 0.000000 0.004676 0.000000 0.097414
0.000000 0.000000 0.005541 0.000000 0.151118
0.000000 0.068998 0.010254 0.000000 0.146053
0.000000 0.150114 0.018267 0.000000 0.073004
0.059005 0.165964 0.021705 0.000000 0.000000
0.167014 0.086591 0.002631 0.000000 0.000000
0.178718 0.000000 0.000000 0.091030 0.002590
0.073865 0.000000 0.032956 0.154706 0.007833
0.000000 0.000000 0.148778 0.111216 0.000000
0.000000 0.000000 0.194636 0.025026 0.000000
0.001237 0.000000 0.135616 0.000000 0.000000
0.005551 0.000000 0.061887 0.000000 0.001525
0.004589 0.000000 0.029171 0.000000 0.001694
0.003574 0.000000 0.016113 0.000000 0.001689
0.002240 0.000000 0.008516 0.000000 0.001201
0.000901 0.000000 0.002779 0.000000 0.000483
0.000484 0.000000 0.001646 0.000000 0.000287
0.000454 0.000000 0.001410 0.000000 0.000327
0.000361 0.000000 0.000818 0.000000 0.000109
0.000157 0.000000 0.000007 0.000000 0.000040
0.000000 0.000000 -0.000000 0.000000 0.000000
0.000022 0.000008 0.000007 0.000000 0.000000
0.000007 0.000003 0.000002 0.000000 0.000000
0.000000 0.000000 -0.000000 0.000000 0.000000
0.000173 0.000000 0.000254 0.000000 0.000482
0.000962 0.000000 0.001190 0.000000 0.003751
0.003361 0.000000 0.001964 0.000000 0.022518
0.006718 0.000000 0.002506 0.000000 0.061204
0.004503 0.000000 0.001133 0.000000 0.113741
0.000000 0.018511 0.002401 0.000000 0.150899
0.000000 0.094899 0.008184 0.000000 0.115410
0.000000 0.158747 0.017396 0.000000 0.036705
0.077829 0.145231 0.020577 0.000000 0.000000
0.174688 0.053589 0.000000 0.000000 0.000000
0.165718 0.000000 0.000000 0.085244 0.006462
0.057238 0.000000 0.002593 0.157217 0.006254
0.000000 0.000000 0.114156 0.124294 0.000000
0.000000 0.001857 0.170417 0.042570 0.000000
0.000000 0.000685 0.130634 0.000000 0.000000
0.001694 0.000000 0.060603 0.000000 0.000000
0.001544 0.000000 0.025015 0.000000 0.000000
0.001237 0.000000 0.012828 0.000000 0.000187
0.000978 0.000000 0.006281 0.000000 0.000240
0.000106 0.000026 0.000734 0.000000 0.000047
0.000038 0.000044 0.000337 0.000000 0.000014
0.000161 0.000000 0.000482 0.000000 0.000047
0.000261 0.000000 0.000438 0.000000 0.000047
0.000039 0.000075 0.000002 0.000000 0.000091
0.000000 0.000000 -0.000000 0.000000 0.000000
0.000000 0.000000 -0.000000 0.000000 0.000000
0.000000 0.000000 -0.000000 0.000000 0.000000
0.000000 0.000000 -0.000000 0.000000 0.000000
0.000001 0.000000 0.000000 0.000001 0.000024
0.000653 0.000000 0.000000 0.000000 0.005651
0.002494 0.000000 0.000000 0.000000 0.022442
0.004705 0.000000 0.000000 0.000000 0.056345
0.000920 0.000000 0.000000 0.000144 0.099112
0.000000 0.023733 0.000000 0.002686 0.120536
0.000000 0.093393 0.000000 0.002493 0.078815
0.000000 0.140673 0.006520 0.000000 0.002460
0.068597 0.113169 0.007204 0.000000 0.000000
0.149087 0.024352 0.000000 0.000000 0.000000
0.135751 0.000000 0.000000 0.064833 0.009294
0.040145 0.000000 0.000000 0.132615 0.006319
0.000000 0.000000 0.076629 0.108040 0.000000
0.000000 0.004097 0.133138 0.036535 0.000000
0.000000 0.002394 0.093283 0.000000 0.000000
0.000000 0.000685 0.034547 0.000000 0.000000
0.000180 0.000266 0.013002 0.000000 0.000000
0.000431 0.000000 0.007424 0.000000 0.000000
0.000424 0.000000 0.003347 0.000000 0.000213
0.000012 0.000000 0.000424 0.000000 0.000392
0.000005 0.000000 0.000000 0.000002 0.000142
0.000088 0.000060 0.000087 0.000000 0.000111
0.000142 0.000008 0.000113 0.000000 0.000213
0.000021 0.000019 0.000010 0.000000 0.000040
0.000000 0.000000 -0.000000 0.000000 0.000000
0.000000 0.000000 -0.000000 0.000000 0.000000
0.000000 0.000000 -0.000000 0.000000 0.000000
0.000000 0.000000 -0.000000 0.000000 0.000000
0.000000 0.000000 0.000000 0.000000 0.000002
0.000030 0.000000 0.000000 0.000004 0.000318
0.000621 0.000000 0.000000 0.000000 0.005867
0.001371 0.000000 0.000000 0.000000 0.015486
0.000557 0.000000 0.000000 0.000029 0.026690
0.000000 0.005400 0.000000 0.000701 0.031129
0.000000 0.024679 0.000000 0.000664 0.021736
0.000000 0.037212 0.003277 0.000000 0.000904
0.019568 0.028029 0.003176 0.000000 0.000000
0.044024 0.003120 0.000000 0.000000 0.000000
0.042641 0.000000 0.000000 0.017552 0.005716
0.014468 0.000000 0.000000 0.040508 0.003823
0.000000 0.000000 0.017300 0.030684 0.000000
0.000000 0.001010 0.029321 0.010785 0.000000
0.000000 0.000589 0.017667 0.000431 0.000000
0.000000 0.000252 0.006196 0.000000 0.000000
0.000000 0.000257 0.002410 0.000000 0.000000
0.000008 0.000034 0.001129 0.000000 0.000000
0.000000 0.000074 0.000246 0.000000 0.000070
0.000000 0.000042 0.000000 0.000042 0.000048
0.000000 0.000027 0.000000 0.000003 0.000000
0.000000 0.000000 -0.000000 0.000000 0.000000
0.000000 0.000026 0.000000 0.000084 0.000000
0.000000 0.000005 0.000000 0.000015 0.000000
0.000000 0.000000 -0.000000 0.000000 0.000000
0.000000 0.000000 -0.000000 0.000000 0.000000
0.000000 0.000000 -0.000000 0.000000 0.000000
0.000000 0.000000 -0.000000 0.000000 0.000000
0.000000 0.000000 -0.000000 0.000000 0.000000
0.000000 0.000000 -0.000000 0.000000 0.000000
0.000018 0.000000 0.000000 0.000000 0.000177
0.000050 0.000000 0.000000 0.000001 0.000502
0.000020 0.000000 0.000013 0.000000 0.000278
0.000129 0.000012 0.000271 0.000000 0.000516
0.000063 0.000360 0.000400 0.000000 0.000639
0.000000 0.000594 0.000073 0.000059 0.000415
0.000321 0.000431 0.000000 0.000048 0.000000
0.001693 0.000000 0.000107 0.000000 0.000301
0.001500 0.000000 0.000000 0.000897 0.000189
0.001094 0.000000 0.000000 0.001419 0.000305
0.000398 0.000000 0.000788 0.000024 0.000207
0.000021 0.000000 0.000239 0.000003 0.000010
0.000000 0.000000 -0.000000 0.000000 0.000000
0.000000 0.000000 -0.000000 0.000000 0.000000
0.000000 0.000000 -0.000000 0.000000 0.000000
0.000000 0.000000 -0.000000 0.000000 0.000000
0.000000 0.000000 -0.000000 0.000000 0.000000
0.000000 0.000000 -0.000000 0.000000 0.000000
0.000000 0.000000 -0.000000 0.000000 0.000000
0.000000 0.000000 -0.000000 0.000000 0.000000
0.000000 0.000000 -0.000000 0.000000 0.000000
0.000000 0.000000 -0.000000 0.000000 0.000000
0.000000 0.000000 -0.000000 0.000000 0.000000
0.000000 0.000000 -0.000000 0.000000 0.000000
0.000000 0.000000 -0.000000 0.000000 0.000000
0.000000 0.000000 -0.000000 0.000000 0.000000
0.000000 0.000000 -0.000000 0.000000 0.000000
0.000000 0.000000 -0.000000 0.000000 0.000000
0.000000 0.000000 -0.000000 0.000000 0.000000
0.000000 0.000000 -0.000000 0.000000 0.000000
0.000000 0.000000 -0.000000 0.000000 0.000000
0.000000 0.000000 -0.000000 0.000000 0.000000
0.000000 0.000000 -0.000000 0.000000 0.000000
0.000000 0.000035 0.000000 0.000006 0.000000
0.000000 0.000020 0.000000 0.000003 0.000000
0.000000 0.000000 -0.000000 0.000000 0.000000
0.000000 0.000000 -0.000000 0.000000 0.000000
0.000000 0.000000 -0.000000 0.000000 0.000000
0.000000 0.000000 -0.000000 0.000000 0.000000
0.000000 0.000000 -0.000000 0.000000 0.000000
0.000000 0.000000 -0.000000 0.000000 0.000000
0.000000 0.000000 -0.000000 0.000000 0.000000
0.000000 0.000000 -0.000000 0.000000 0.000000
0.000000 0.000000 -0.000000 0.000000 0.000000
0.000000 0.000000 -0.000000 0.000000 0.000000
0.000000 0.000000 -0.000000 0.000000 0.000000
0.000000 0.000000 -0.000000 0.000000 0.000000
0.000000 0.000000 -0.000000 0.000000 0.000000
0.000000 0.000000 -0.000000 0.000000 0.000000
0.000000 0.000000 -0.000000 0.000000 0.000000
0.000000 0.000000 -0.000000 0.000000 0.000000
0.000000 0.000000 -0.000000 0.000000 0.000000
0.000000 0.000000 -0.000000 0.000000 0.000000
0.000000 0.000000 -0.000000 0.000000 0.000000
0.000000 0.000000 -0.000000 0.000000 0.000000
0.000000 0.000000 -0.000000 0.000000 0.000000
0.000000 0.000000 -0.000000 0.000000 0.000000
0.000000 0.000000 -0.000000 0.000000 0.000000
0.000000 0.000000 -0.000000 0.000000 0.000000
0.000000 0.000000 -0.000000 0.000000 0.000000
0.000000 0.000000 -0.000000 0.000000 0.000000
0.000000 0.000000 -0.000000 0.000000 0.000000
0.000000 0.000000 -0.000000 0.000000 0.000000
0.000000 0.000000 -0.000000 0.000000 0.000000
0.000000 0.000000 -0.000000 0.000000 0.000000
0.000000 0.000000 -0.000000 0.000000 0.000000
0.000000 0.000000 -0.000000 0.000000 0.000000
0.000000 0.000000 -0.000000 0.000000 0.000000
0.000000 0.000000 -0.000000 0.000000 0.000000
0.000000 0.000000 -0.000000 0.000000 0.000000
0.000000 0.000000 -0.000000 0.000000 0.000000
0.000000 0.000000 -0.000000 0.000000 0.000000
0.000000 0.000000 -0.000000 0.000000 0.000000
0.000000 0.000000 -0.000000 0.000000 0.000000
0.000000 0.000000 -0.000000 0.000000 0.000000
0.000000 0.000000 -0.000000 0.000000 0.000000
0.000000 0.000000 -0.000000 0.000000 0.000000
0.000000 0.000000 -0.000000 0.000000 0.000000
0.000000 0.000000 -0.000000 0.000000 0.000000
