0.000000 0.000000 -0.000000 -0.000000 -0.000000
0.000000 0.000000 -0.000000 -0.000000 -0.000000
0.000000 0.000000 -0.000000 -0.000000 -0.000000
0.000000 0.000000 -0.000000 -0.000000 -0.000000
0.000000 0.000000 -0.000000 -0.000000 0.000000
0.000000 0.000000 -0.000000 -0.000000 0.000000
0.000000 0.000000 -0.000000 -0.000000 0.000000
0.000000 0.000000 -0.000000 -0.000000 0.000000
0.000000 0.000000 -0.000000 -0.000000 0.000000
0.000000 0.000000 -0.000000 -0.000000 0.000000
0.000000 0.000000 -0.000000 -0.000000 0.000000
0.000000 0.000000 -0.000000 -0.000000 0.000000
0.000000 0.000000 -0.000000 -0.000000 0.000000
0.000000 0.000000 -0.000000 -0.000000 0.000000
0.000000 0.000000 -0.000000 -0.000000 0.000000
0.000000 0.000000 -0.000000 -0.000000 0.000000
0.000000 0.000000 -0.000000 -0.000000 0.000000
0.000000 0.000000 -0.000000 -0.000000 0.000000
0.000000 0.000000 -0.000000 -0.000000 0.000000
0.000000 0.000000 -0.000000 -0.000000 0.000000
0.000000 0.000000 -0.000000 -0.000000 0.000000
0.000000 0.000000 -0.000000 -0.000000 0.000000
0.000000 0.000000 -0.000000 -0.000000 0.000000
0.000000 0.000000 -0.000000 -0.000000 0.000000
0.000000 0.000000 -0.000000 -0.000000 0.000000
0.000000 0.000000 -0.000000 -0.000000 0.000000
0.000000 0.000000 -0.000000 -0.000000 0.000000
0.000000 0.000000 -0.000000 -0.000000 0.000000
0.000000 0.000000 -0.000000 -0.000000 0.000000
0.000000 0.000000 -0.000000 -0.000000 0.000000
0.000000 0.000000 -0.000000 -0.000000 0.000000
0.000000 0.000000 -0.000000 -0.000000 0.000000
0.000000 0.000000 -0.000000 -0.000000 0.000000
0.000000 0.000000 -0.000000 -0.000000 0.000000
0.000000 0.000000 -0.000000 -0.000000 0.000000
0.000000 0.000000 -0.000000 -0.000000 0.000000
0.000000 0.000000 -0.000000 -0.000000 0.000000
0.000000 0.000000 -0.000000 -0.000000 0.000000
0.000000 0.000000 -0.000000 -0.000000 0.000000
0.000000 0.000000 -0.000000 -0.000000 0.000000
0.000000 0.000000 -0.000000 -0.000000 0.000000
0.000000 0.000000 -0.000000 -0.000000 0.000000
0.000000 0.000000 -0.000000 -0.000000 0.000000
0.000000 0.000000 -0.000000 -0.000000 0.000000
0.000000 0.000000 -0.000000 -0.000000 0.000000
0.000000 0.000000 -0.000000 -0.000000 0.000000
0.000000 0.000000 -0.000000 -0.000000 0.000000
0.000000 0.000000 -0.000000 -0.000000 0.000000
0.000000 0.000000 -0.000000 -0.000000 0.000000
0.000000 0.000000 -0.000000 -0.000000 0.000000
0.000000 0.000000 -0.000000 -0.000000 0.000000
0.000000 0.000000 -0.000000 -0.000000 0.000000
0.000000 0.000000 -0.000000 -0.000000 0.000000
0.000000 0.000000 -0.000000 -0.000000 0.000000
0.000000 0.000000 -0.000000 -0.000000 0.000000
0.000000 0.000000 -0.000000 -0.000000 0.000000
0.000000 0.000000 -0.000000 -0.000000 0.000000
0.000000 0.000000 -0.000000 -0.000000 0.000000
0.000000 0.000000 -0.000000 -0.000000 0.000000
0.000000 0.000000 -0.000000 -0.000000 0.000000
0.000000 0.000000 -0.000000 -0.000000 0.000000
0.000000 0.000000 -0.000000 -0.000000 0.000000
0.000000 0.000000 -0.000000 -0.000000 0.000000
0.000000 0.000000 -0.000000 -0.000000 0.000000
0.000000 0.000000 -0.000000 -0.000000 0.000000
0.000000 0.000000 -0.000000 -0.000000 0.000000
0.000000 0.000000 -0.000000 -0.000000 0.000000
0.000000 0.000000 -0.000000 -0.000000 0.000000
0.000000 0.000000 -0.000000 -0.000000 0.000000
0.000000 0.000000 -0.000000 -0.000000 0.000000
0.000000 0.000000 -0.000000 -0.000000 0.000000
0.000000 0.000000 -0.000000 -0.000000 0.000000
0.000000 0.000000 -0.000000 -0.000000 0.000000
0.000000 0.000000 -0.000000 -0.000000 0.000000
0.000000 0.000000 -0.000000 -0.000000 0.000000
0.000000 0.000000 -0.000000 -0.000000 0.000000
0.000000 0.000000 -0.000000 -0.000000 0.000000
0.000000 0.000000 -0.000000 -0.000000 0.000000
0.000000 0.000000 -0.000000 -0.000000 0.000000
0.000000 0.000000 -0.000000 -0.000000 0.000000
0.000000 0.000000 -0.000000 -0.000000 0.000000
0.000000 0.000000 -0.000000 -0.000000 0.000000
0.000000 0.000000 -0.000000 -0.000000 0.000000
0.000000 0.000000 -0.000000 -0.000000 0.000000
0.000000 0.000000 -0.000000 -0.000000 0.000000
0.000000 0.000000 -0.000000 -0.000000 0.000000
0.000000 0.000000 -0.000000 -0.000000 0.000000
0.000000 0.000000 -0.000000 -0.000000 0.000000
0.000000 0.000000 -0.000000 -0.000000 0.000000
0.000000 0.000000 -0.000000 -0.000000 0.000000
0.000000 0.000000 -0.000000 -0.000000 0.000000
0.000000 0.000000 -0.000000 -0.000000 0.000000
0.000000 0.000000 -0.000000 -0.000000 0.000000
0.000000 0.000000 -0.000000 -0.000000 0.000000
0.000000 0.000000 -0.000000 -0.000000 0.000000
0.000000 0.000000 -0.000000 -0.000000 0.000000
0.000000 0.000000 -0.000000 -0.000000 0.000000
0.000000 0.001667 0.000180 0.001408 0.000000
0.000000 0.004974 0.000536 0.004203 0.000000
0.000711 0.000000 0.002599 0.034798 0.000000
0.001079 0.000000 0.006122 0.054601 0.000000
0.000000 0.000000 0.006364 0.032452 0.000000
0.000000 0.000000 0.000595 0.003183 0.000726
0.000000 0.000000 -0.000000 -0.000000 0.000000
0.000000 0.000000 -0.000000 -0.000000 0.000000
0.000000 0.000000 -0.000000 -0.000000 0.000000
0.000000 0.000000 -0.000000 -0.000000 0.000000
0.000000 0.000000 -0.000000 -0.000000 0.000000
0.000000 0.000000 -0.000000 -0.000000 0.000000
0.000000 0.000000 -0.000000 -0.000000 0.000000
0.000000 0.000000 -0.000000 -0.000000 0.000000
0.000000 0.000000 -0.000000 -0.000000 0.000000
0.000000 0.000000 -0.000000 -0.000000 0.000000
0.000000 0.000000 -0.000000 -0.000000 0.000000
0.000000 0.000000 -0.000000 -0.000000 0.000000
0.000000 0.000000 -0.000000 -0.000000 0.000000
0.000000 0.000000 -0.000000 -0.000000 0.000000
0.000000 0.000000 -0.000000 -0.000000 0.000000
0.000000 0.000000 -0.000000 -0.000000 0.000000
0.000000 0.000094 0.000000 0.018950 0.000000
0.000000 0.000279 0.000000 0.056403 0.000000
0.000000 0.000146 0.000000 0.029428 0.000000
0.000000 0.000010 0.000000 0.002006 0.000000
0.000000 0.015953 0.000000 0.001442 0.000232
0.000000 0.078066 0.000000 0.005450 0.001642
0.000000 0.093372 0.000000 0.002684 0.000000
0.001828 0.068853 0.037449 0.000000 0.000000
0.000548 0.005411 0.078599 0.020169 0.000000
0.000000 0.000000 0.072597 0.060854 0.011589
0.000000 0.000000 0.028735 0.079446 0.064448
0.000000 0.000000 0.000000 0.026626 0.082355
0.001958 0.001150 0.000000 0.030396 0.045747
0.024686 0.001376 0.000000 0.000000 0.012968
0.059182 0.000000 0.000538 0.000000 0.000000
0.041322 0.000000 0.000410 0.000000 0.000000
0.001361 0.000000 0.000000 0.000000 0.000000
0.000000 0.000000 -0.000000 -0.000000 0.000000
0.000000 0.000000 -0.000000 -0.000000 0.000000
0.000000 0.000000 -0.000000 -0.000000 0.000000
0.000000 0.000000 -0.000000 -0.000000 0.000000
0.000000 0.000000 -0.000000 -0.000000 0.000000
0.000000 0.000000 -0.000000 -0.000000 0.000000
0.000000 0.000000 -0.000000 -0.000000 0.000000
0.000000 0.000000 -0.000000 -0.000000 0.000000
0.000000 0.000000 -0.000000 -0.000000 0.000000
0.000000 0.000000 -0.000000 -0.000000 0.000000
0.000000 0.000091 0.000000 0.018281 0.000000
0.000000 0.000266 0.000000 0.053728 0.000000
0.000000 0.000277 0.000000 0.055958 0.000000
0.000000 0.000277 0.000000 0.055958 0.000000
0.000000 0.000426 0.000000 0.027637 0.000000
0.000000 0.024753 0.000000 0.000920 0.000806
0.000000 0.112683 0.000000 0.000000 0.002928
0.000000 0.146194 0.004250 0.000000 0.000000
0.004135 0.099909 0.065948 0.000000 0.000000
0.004369 0.008240 0.142791 0.014142 0.000000
0.000000 0.000000 0.127239 0.060534 0.033176
0.000000 0.000000 0.048069 0.121373 0.109486
0.000000 0.000000 0.000000 0.045916 0.133072
0.058373 0.003666 0.000000 0.031696 0.097858
0.133062 0.002253 0.000000 0.000000 0.025278
0.117875 0.000000 0.000000 0.000000 0.000000
0.071954 0.000000 0.002555 0.000000 0.000000
0.023271 0.000000 0.001879 0.000000 0.000000
0.003307 0.000000 0.000309 0.000000 0.000000
0.000000 0.000000 -0.000000 -0.000000 0.000000
0.000861 0.000278 0.000000 0.000000 0.000611
0.000000 0.000000 -0.000000 -0.000000 0.000000
0.000000 0.000000 -0.000000 -0.000000 0.000000
0.000000 0.000000 -0.000000 -0.000000 0.000000
0.000000 0.000000 -0.000000 -0.000000 0.000000
0.000000 0.000000 -0.000000 -0.000000 0.000000
0.000000 0.000000 -0.000000 -0.000000 0.000000
0.000000 0.000000 -0.000000 -0.000000 0.000000
0.000000 0.000193 0.000000 0.039014 0.000000
0.000000 0.000277 0.000000 0.055958 0.000000
0.000000 0.000277 0.000000 0.055958 0.000000
0.000000 0.000277 0.000000 0.055958 0.000000
0.000000 0.002171 0.000000 0.056226 0.000000
0.000000 0.033182 0.000000 0.031017 0.000000
0.000000 0.117745 0.000000 0.000000 0.001446
0.000000 0.166264 0.000000 0.000000 0.000000
0.005191 0.120729 0.092984 0.000000 0.000000
0.004132 0.011615 0.160853 0.039971 0.000000
0.000000 0.000000 0.135251 0.087529 0.069584
0.000000 0.000000 0.049266 0.100911 0.135180
0.017583 0.000000 0.000000 0.055315 0.142178
0.111102 0.003930 0.000000 0.028599 0.092716
0.152169 0.001702 0.000000 0.000000 0.023252
0.128003 0.000000 0.000022 0.000000 0.000000
0.052788 0.000000 0.001977 0.000000 0.000000
0.019257 0.000000 0.001726 0.000000 0.000000
0.002204 0.000000 0.000206 0.000000 0.000000
0.000000 0.000000 -0.000000 -0.000000 0.000000
0.000000 0.000000 -0.000000 -0.000000 0.000000
0.000000 0.000000 -0.000000 -0.000000 0.000000
0.000000 0.000000 -0.000000 -0.000000 0.000000
0.000000 0.000000 -0.000000 -0.000000 0.000000
0.000000 0.000000 -0.000000 -0.000000 0.000000
0.000000 0.000000 -0.000000 -0.000000 0.000000
0.000000 0.000000 -0.000000 -0.000000 0.000000
0.000000 0.000000 -0.000000 -0.000000 0.000000
0.000000 0.000014 0.000000 0.002898 0.000000
0.000000 0.000225 0.000000 0.045479 0.000000
0.000000 0.000277 0.000000 0.055958 0.000000
0.000000 0.002178 0.000000 0.057564 0.000000
0.000000 0.006423 0.000000 0.061151 0.000000
0.000000 0.031140 0.000000 0.060000 0.000000
0.000000 0.123189 0.000000 0.023265 0.001065
0.000000 0.165423 0.006830 0.005803 0.000000
0.008663 0.119311 0.105404 0.025947 0.000000
0.000000 0.012574 0.167429 0.031775 0.016868
0.000000 0.000000 0.127190 0.072059 0.105748
0.000000 0.000000 0.032875 0.044715 0.152695
0.066660 0.000000 0.000000 0.055370 0.131725
0.145741 0.000915 0.000000 0.032820 0.071806
0.165032 0.000000 0.000000 0.022074 0.002979
0.111921 0.000000 0.002918 0.032272 0.000000
0.035354 0.000000 0.002228 0.009852 0.000000
0.010474 0.000000 0.000947 0.000000 0.000000
0.000000 0.000000 -0.000000 -0.000000 0.000000
0.000000 0.000000 -0.000000 -0.000000 0.000000
0.000000 0.000000 -0.000000 -0.000000 0.000000
0.000000 0.000000 -0.000000 -0.000000 0.000000
0.000000 0.000000 -0.000000 -0.000000 0.000000
0.000000 0.000000 -0.000000 -0.000000 0.000000
0.000000 0.000000 -0.000000 -0.000000 0.000000
0.000000 0.000000 -0.000000 -0.000000 0.000000
0.000000 0.000000 -0.000000 -0.000000 0.000000
0.000000 0.000000 -0.000000 -0.000000 0.000000
0.000000 0.000000 -0.000000 -0.000000 0.000000
0.000000 0.000043 0.000000 0.008695 0.000000
0.000000 0.000277 0.000000 0.055958 0.000000
0.000000 0.005016 0.000000 0.059962 0.000000
0.000000 0.006816 0.000000 0.061999 0.000000
0.000000 0.025263 0.000000 0.079964 0.000000
0.000000 0.113824 0.000000 0.073852 0.000000
0.000206 0.161780 0.011069 0.058135 0.000000
0.000717 0.123522 0.122658 0.030425 0.000000
0.000000 0.024028 0.170531 0.016844 0.052954
0.000000 0.000000 0.112018 0.040978 0.134276
0.046222 0.000000 0.012866 0.045697 0.151667
0.124156 0.000000 0.000000 0.059476 0.106855
0.166696 0.000000 0.000000 0.032586 0.029019
0.124592 0.000000 0.001254 0.030500 0.000000
0.050907 0.000000 0.002673 0.027229 0.000000
0.013847 0.000000 0.001126 0.015761 0.000000
0.000000 0.000000 -0.000000 -0.000000 0.000000
0.000000 0.000000 -0.000000 -0.000000 0.000000
0.000000 0.000000 -0.000000 -0.000000 0.000000
0.000000 0.000000 -0.000000 -0.000000 0.000000
0.000000 0.000000 -0.000000 -0.000000 0.000000
0.000000 0.000000 -0.000000 -0.000000 0.000000
0.000000 0.000000 -0.000000 -0.000000 0.000000
0.000000 0.000000 -0.000000 -0.000000 0.000000
0.000000 0.000000 -0.000000 -0.000000 0.000000
0.000000 0.000000 -0.000000 -0.000000 0.000000
0.000000 0.000000 -0.000000 -0.000000 0.000000
0.000000 0.000000 -0.000000 -0.000000 0.000000
0.000000 0.000017 0.000000 0.003344 0.000000
0.000000 0.000171 0.000000 0.034555 0.000000
0.000035 0.003201 0.000000 0.066327 0.000000
0.004721 0.003256 0.000000 0.096596 0.000000
0.003751 0.017894 0.000000 0.103193 0.000000
0.000000 0.100187 0.000000 0.127610 0.000000
0.000000 0.165650 0.012773 0.100141 0.000000
0.000000 0.133565 0.131618 0.000000 0.009228
0.000000 0.034965 0.161838 0.000000 0.089926
0.027644 0.000000 0.096895 0.029279 0.146984
0.097007 0.000000 0.000000 0.062036 0.132444
0.153698 0.000000 0.000000 0.059951 0.072372
0.146366 0.000000 0.000000 0.032933 0.003598
0.076661 0.000000 0.004501 0.020714 0.000000
0.007638 0.000000 0.000681 0.000858 0.000000
0.000315 0.000000 0.000029 0.000000 0.000000
0.000000 0.000000 -0.000000 -0.000000 0.000000
0.000000 0.000000 -0.000000 -0.000000 0.000000
0.000000 0.000000 -0.000000 -0.000000 0.000000
0.000000 0.000000 -0.000000 -0.000000 0.000000
0.000000 0.000000 -0.000000 -0.000000 0.000000
0.000000 0.000000 -0.000000 -0.000000 0.000000
0.000000 0.000000 -0.000000 -0.000000 0.000000
0.000000 0.000000 -0.000000 -0.000000 0.000000
0.000000 0.000000 -0.000000 -0.000000 0.000000
0.000000 0.000000 -0.000000 -0.000000 0.000000
0.000000 0.000000 -0.000000 -0.000000 0.000000
0.000000 0.000000 -0.000000 -0.000000 0.000000
0.000058 0.000000 0.000005 0.000316 0.000000
0.004123 0.000000 0.000000 0.026251 0.000000
0.006595 0.000000 0.000000 0.074378 0.000000
0.006381 0.000000 0.000000 0.096208 0.000000
0.002438 0.014258 0.000000 0.112741 0.000000
0.000000 0.089939 0.000000 0.131272 0.000000
0.000000 0.162370 0.023974 0.083475 0.000000
0.000000 0.134855 0.139936 0.005645 0.049183
0.026028 0.047206 0.147879 0.000000 0.121012
0.078877 0.000000 0.085288 0.038300 0.140407
0.142967 0.000000 0.000000 0.080990 0.104090
0.152801 0.000000 0.000000 0.054441 0.033952
0.088099 0.000000 0.003452 0.029947 0.000000
0.019642 0.000000 0.001641 0.000255 0.000000
0.000000 0.000000 -0.000000 -0.000000 0.000000
0.000000 0.000000 -0.000000 -0.000000 0.000000
0.000000 0.000000 -0.000000 -0.000000 0.000000
0.000000 0.000000 -0.000000 -0.000000 0.000000
0.000000 0.000000 -0.000000 -0.000000 0.000000
0.000000 0.000000 -0.000000 -0.000000 0.000000
0.000000 0.000000 -0.000000 -0.000000 0.000000
0.000000 0.000000 -0.000000 -0.000000 0.000000
0.000000 0.000000 -0.000000 -0.000000 0.000000
0.000000 0.000000 -0.000000 -0.000000 0.000000
0.000000 0.000000 -0.000000 -0.000000 0.000000
0.000000 0.000000 -0.000000 -0.000000 0.000000
0.000000 0.000000 -0.000000 -0.000000 0.000000
0.000243 0.000000 0.000079 0.002981 0.000000
0.004491 0.000000 0.000648 0.032745 0.000000
0.007886 0.000000 0.001110 0.056731 0.000000
0.008198 0.000000 0.001398 0.065711 0.000000
0.005624 0.000000 0.000000 0.114878 0.000000
0.000000 0.010480 0.000000 0.114387 0.000000
0.000000 0.072650 0.000000 0.111518 0.000000
0.000000 0.162542 0.042985 0.031686 0.022404
0.000000 0.143589 0.140369 0.000000 0.088819
0.066338 0.049046 0.137469 0.018424 0.130342
0.121523 0.000000 0.057480 0.084016 0.122761
0.150934 0.000000 0.000000 0.091578 0.076694
0.102546 0.000000 0.000000 0.056513 0.004998
0.033093 0.000000 0.002356 0.012085 0.000000
0.000000 0.000000 -0.000000 -0.000000 0.000000
0.000000 0.000000 -0.000000 -0.000000 0.000000
0.000000 0.000000 -0.000000 -0.000000 0.000000
0.000000 0.000000 -0.000000 -0.000000 0.000000
0.000000 0.000000 -0.000000 -0.000000 0.000000
0.000000 0.000000 -0.000000 -0.000000 0.000000
0.000000 0.000000 -0.000000 -0.000000 0.000000
0.000000 0.000000 -0.000000 -0.000000 0.000000
0.000000 0.000000 -0.000000 -0.000000 0.000000
0.000000 0.000000 -0.000000 -0.000000 0.000000
0.000000 0.000000 -0.000000 -0.000000 0.000000
0.000000 0.000000 -0.000000 -0.000000 0.000000
0.000000 0.000000 -0.000000 -0.000000 0.000000
0.000173 0.000000 0.000014 0.000948 0.000000
0.004327 0.000000 0.000546 0.029380 0.000000
0.008582 0.000000 0.001751 0.076724 0.000000
0.006649 0.000000 0.001787 0.071313 0.000000
0.004232 0.000000 0.001596 0.058043 0.000000
0.001172 0.000000 0.000000 0.065426 0.000000
0.000000 0.007637 0.000000 0.079721 0.000000
0.000000 0.070732 0.000000 0.057814 0.005133
0.000000 0.158865 0.058174 0.000000 0.054108
0.053418 0.143006 0.133582 0.000000 0.113057
0.117928 0.047850 0.132335 0.070067 0.119353
0.135884 0.000000 0.037007 0.147460 0.106982
0.109926 0.000000 0.000000 0.105719 0.042868
0.036228 0.000000 0.001500 0.037995 0.000000
0.000315 0.000000 0.000029 0.000000 0.000000
0.000000 0.000000 -0.000000 -0.000000 0.000000
0.000000 0.000000 -0.000000 -0.000000 0.000000
0.000000 0.000000 -0.000000 -0.000000 0.000000
0.000000 0.000000 -0.000000 -0.000000 0.000000
0.000000 0.000000 -0.000000 -0.000000 0.000000
0.000000 0.000000 -0.000000 -0.000000 0.000000
0.000000 0.000000 -0.000000 -0.000000 0.000000
0.000000 0.000000 -0.000000 -0.000000 0.000000
0.000000 0.000000 -0.000000 -0.000000 0.000000
0.000000 0.000000 -0.000000 -0.000000 0.000000
0.000000 0.000000 -0.000000 -0.000000 0.000000
0.000000 0.000000 -0.000000 -0.000000 0.000000
0.000000 0.000000 -0.000000 -0.000000 0.000000
0.001841 0.000000 0.000146 0.010111 0.000000
0.007307 0.000000 0.000578 0.040127 0.000000
0.005133 0.000000 0.000441 0.029148 0.000000
0.000663 0.000000 0.000271 0.009667 0.000000
0.000260 0.000000 0.000239 0.007455 0.000000
0.000161 0.000000 0.000050 0.006198 0.000000
0.000000 0.010471 0.000000 0.010004 0.000482
0.001014 0.069422 0.001030 0.020925 0.026727
0.039563 0.149725 0.077724 0.000000 0.096344
0.107499 0.136719 0.138468 0.000000 0.118103
0.124951 0.053411 0.129949 0.081697 0.112243
0.125709 0.000000 0.025233 0.193246 0.074488
0.045961 0.000000 0.004373 0.103302 0.013068
0.002305 0.000000 0.000740 0.012599 0.001171
0.000000 0.000000 -0.000000 -0.000000 0.000000
0.000000 0.000000 -0.000000 -0.000000 0.000000
0.000000 0.000000 -0.000000 -0.000000 0.000000
0.000000 0.000000 -0.000000 -0.000000 0.000000
0.000000 0.000000 -0.000000 -0.000000 0.000000
0.000000 0.000000 -0.000000 -0.000000 0.000000
0.000000 0.000000 -0.000000 -0.000000 0.000000
0.000000 0.000000 -0.000000 -0.000000 0.000000
0.000000 0.000000 -0.000000 -0.000000 0.000000
0.000000 0.000000 -0.000000 -0.000000 0.000000
0.000000 0.000000 -0.000000 -0.000000 0.000000
0.000000 0.000000 -0.000000 -0.000000 0.000000
0.000000 0.000000 -0.000000 -0.000000 0.000000
0.000000 0.000000 -0.000000 -0.000000 0.000000
0.003107 0.000000 0.000246 0.017062 0.000000
0.002790 0.000000 0.000221 0.015324 0.000000
0.000432 0.000000 0.000034 0.002370 0.000000
0.000000 0.000000 -0.000000 -0.000000 0.000000
0.000000 0.000000 -0.000000 -0.000000 0.000000
0.000000 0.000000 -0.000000 -0.000000 0.000000
0.002444 0.011295 0.000000 0.000000 0.004245
0.036902 0.073830 0.000000 0.000000 0.055423
0.102540 0.141853 0.087337 0.000000 0.115691
0.113344 0.135505 0.139033 0.000000 0.120724
0.118894 0.061013 0.113761 0.112158 0.097993
0.057101 0.000000 0.018874 0.214581 0.038734
0.000000 0.000000 0.000000 0.126566 0.005239
0.000000 0.000000 0.000248 0.001326 0.000302
0.000000 0.000000 -0.000000 -0.000000 0.000000
0.000000 0.000000 -0.000000 -0.000000 0.000000
0.000000 0.000000 -0.000000 -0.000000 0.000000
0.000000 0.000000 -0.000000 -0.000000 0.000000
0.000000 0.000000 -0.000000 -0.000000 0.000000
0.000000 0.000000 -0.000000 -0.000000 0.000000
0.000000 0.000000 -0.000000 -0.000000 0.000000
0.000000 0.000000 -0.000000 -0.000000 0.000000
0.000000 0.000000 -0.000000 -0.000000 0.000000
0.000000 0.000000 -0.000000 -0.000000 0.000000
0.000000 0.000000 -0.000000 -0.000000 0.000000
0.000000 0.000000 -0.000000 -0.000000 0.000000
0.000000 0.000000 -0.000000 -0.000000 0.000000
0.000000 0.000000 -0.000000 -0.000000 0.000000
0.000000 0.000000 -0.000000 -0.000000 0.000000
0.000210 0.000000 0.000000 0.000000 0.000037
0.001647 0.000000 0.000000 0.000000 0.000290
0.000000 0.000000 -0.000000 -0.000000 0.000000
0.000000 0.000000 -0.000000 -0.000000 0.000000
0.001883 0.000202 0.000000 0.000000 0.000891
0.034467 0.014193 0.000000 0.000000 0.018905
0.102687 0.073721 0.009150 0.000000 0.091492
0.110290 0.134391 0.108476 0.000000 0.125425
0.108515 0.133269 0.134692 0.023193 0.116896
0.062494 0.066525 0.091010 0.149111 0.071998
0.002133 0.000000 0.009545 0.199660 0.016458
0.000000 0.000000 0.000000 0.084780 0.000529
0.000000 0.000080 0.000000 0.016052 0.000000
0.000000 0.000000 -0.000000 -0.000000 0.000000
0.000000 0.000000 -0.000000 -0.000000 0.000000
0.000000 0.000000 -0.000000 -0.000000 0.000000
0.000000 0.000000 -0.000000 -0.000000 0.000000
0.000000 0.000000 -0.000000 -0.000000 0.000000
0.000000 0.000000 -0.000000 -0.000000 0.000000
0.000000 0.000000 -0.000000 -0.000000 0.000000
0.000000 0.000000 -0.000000 -0.000000 0.000000
0.000000 0.000000 -0.000000 -0.000000 0.000000
0.000000 0.000000 -0.000000 -0.000000 0.000000
0.000000 0.000000 -0.000000 -0.000000 0.000000
0.000000 0.000000 -0.000000 -0.000000 0.000000
0.000000 0.000000 -0.000000 -0.000000 0.000000
0.000000 0.000000 -0.000000 -0.000000 0.000000
0.000449 0.000000 0.000000 0.000000 0.000079
0.000719 0.000000 0.000000 0.000000 0.000127
0.000689 0.000000 0.000000 0.000000 0.000121
0.000000 0.000000 -0.000000 -0.000000 0.000000
0.003176 0.000006 0.000000 0.000000 0.000000
0.018926 0.001249 0.000000 0.000000 0.005939
0.110438 0.015457 0.000000 0.000000 0.047932
0.115209 0.050340 0.022643 0.000000 0.123930
0.106566 0.125451 0.119009 0.000000 0.127489
0.069573 0.131752 0.137525 0.041633 0.100716
0.005244 0.082743 0.080445 0.174791 0.035605
0.000000 0.009783 0.006074 0.163046 0.004896
0.000000 0.000000 0.000000 0.071066 0.000000
0.000000 0.000244 0.000000 0.049269 0.000000
0.000000 0.001102 0.000000 0.015337 0.000000
0.000000 0.000312 0.000034 0.000264 0.000000
0.000000 0.000000 -0.000000 -0.000000 0.000000
0.000000 0.000000 -0.000000 -0.000000 0.000000
0.000000 0.000000 -0.000000 -0.000000 0.000000
0.000000 0.000000 -0.000000 -0.000000 0.000000
0.000000 0.000000 -0.000000 -0.000000 0.000000
0.000000 0.000000 -0.000000 -0.000000 0.000000
0.000000 0.000000 -0.000000 -0.000000 0.000000
0.000000 0.000000 -0.000000 -0.000000 0.000000
0.000000 0.000000 -0.000000 -0.000000 0.000000
0.000000 0.000000 -0.000000 -0.000000 0.000000
0.000000 0.000000 -0.000000 -0.000000 0.000000
0.000000 0.000000 -0.000000 -0.000000 0.000000
0.001707 0.000000 0.000000 0.000000 0.000301
0.002485 0.000000 0.000000 0.000000 0.000438
0.000000 0.000000 -0.000000 -0.000000 0.000000
0.000000 0.000000 -0.000000 -0.000000 0.000000
0.010700 0.000000 0.000001 0.000000 0.000000
0.087342 0.001999 0.000000 0.000000 0.021414
0.128406 0.006614 0.000000 0.000000 0.098360
0.104503 0.021149 0.044266 0.000000 0.138993
0.066397 0.116797 0.125918 0.000000 0.133306
0.015713 0.133500 0.139206 0.027254 0.070486
0.000000 0.097100 0.057935 0.180116 0.003973
0.000000 0.034415 0.000000 0.136135 0.000000
0.000000 0.001104 0.000000 0.067874 0.000000
0.000000 0.004092 0.000000 0.058712 0.000000
0.000000 0.006608 0.000000 0.025155 0.000285
0.000000 0.003802 0.000410 0.003213 0.000000
0.000000 0.000000 -0.000000 -0.000000 0.000000
0.000000 0.000000 -0.000000 -0.000000 0.000000
0.000000 0.000000 -0.000000 -0.000000 0.000000
0.000000 0.000000 -0.000000 -0.000000 0.000000
0.000000 0.000000 -0.000000 -0.000000 0.000000
0.000000 0.000000 -0.000000 -0.000000 0.000000
0.000000 0.000000 -0.000000 -0.000000 0.000000
0.000000 0.000000 -0.000000 -0.000000 0.000000
0.000000 0.000000 -0.000000 -0.000000 0.000000
0.000000 0.000000 -0.000000 -0.000000 0.000000
0.000000 0.000000 -0.000000 -0.000000 0.000000
0.000000 0.000000 -0.000000 -0.000000 0.000000
0.000000 0.000000 -0.000000 -0.000000 0.000000
0.000000 0.000000 -0.000000 -0.000000 0.000000
0.000000 0.000000 -0.000000 -0.000000 0.000000
0.008274 0.000000 0.000150 0.000000 0.000000
0.075549 0.000000 0.000000 0.000000 0.000000
0.147296 0.003492 0.000000 0.000000 0.051637
0.123373 0.000000 0.000000 0.000000 0.123258
0.068514 0.016114 0.062726 0.000000 0.147096
0.001804 0.097721 0.144139 0.000000 0.117232
0.000000 0.138664 0.140519 0.043195 0.030017
0.000000 0.110941 0.046971 0.133900 0.000000
0.000000 0.058725 0.000000 0.114799 0.000000
0.000000 0.011388 0.000000 0.077590 0.000000
0.000000 0.006641 0.000000 0.064554 0.000000
0.000000 0.006562 0.000000 0.044172 0.000000
0.000302 0.001688 0.001045 0.034753 0.000000
0.000460 0.000000 0.000424 0.013216 0.000000
0.000000 0.000000 -0.000000 -0.000000 0.000000
0.000000 0.000000 -0.000000 -0.000000 0.000000
0.000000 0.000000 -0.000000 -0.000000 0.000000
0.000000 0.000000 -0.000000 -0.000000 0.000000
0.000000 0.000000 -0.000000 -0.000000 0.000000
0.000000 0.000000 -0.000000 -0.000000 0.000000
0.000000 0.000000 -0.000000 -0.000000 0.000000
0.000000 0.000000 -0.000000 -0.000000 0.000000
0.000000 0.000000 -0.000000 -0.000000 0.000000
0.000000 0.000000 -0.000000 -0.000000 0.000000
0.000000 0.000000 -0.000000 -0.000000 0.000000
0.000000 0.000000 -0.000000 -0.000000 0.000000
0.000000 0.000000 -0.000000 -0.000000 0.000000
0.010306 0.000000 0.000577 0.001083 0.000000
0.050680 0.000000 0.001281 0.005313 0.000000
0.130731 0.000000 0.000000 0.008960 0.012273
0.147187 0.000000 0.000000 0.028175 0.090894
0.095391 0.000000 0.000000 0.035454 0.138887
0.018155 0.001771 0.075857 0.023922 0.146516
0.000000 0.069584 0.162165 0.026635 0.074630
0.000000 0.136767 0.135204 0.066045 0.001168
0.000941 0.131623 0.052302 0.093657 0.000000
0.000000 0.076028 0.000000 0.115911 0.000000
0.000000 0.018582 0.000000 0.112023 0.000000
0.000605 0.001975 0.000000 0.107333 0.000000
0.000000 0.002750 0.000000 0.100961 0.000000
0.000519 0.000000 0.000000 0.081117 0.000000
0.000815 0.000000 0.000750 0.023381 0.000000
0.000000 0.000000 -0.000000 -0.000000 0.000000
0.000000 0.000000 -0.000000 -0.000000 0.000000
0.000000 0.000000 -0.000000 -0.000000 0.000000
0.000000 0.000000 -0.000000 -0.000000 0.000000
0.000000 0.000000 -0.000000 -0.000000 0.000000
0.000000 0.000000 -0.000000 -0.000000 0.000000
0.000000 0.000000 -0.000000 -0.000000 0.000000
0.000000 0.000000 -0.000000 -0.000000 0.000000
0.000000 0.000000 -0.000000 -0.000000 0.000000
0.000000 0.000000 -0.000000 -0.000000 0.000000
0.000000 0.000000 -0.000000 -0.000000 0.000000
0.000000 0.000000 -0.000000 -0.000000 0.000000
0.005163 0.000000 0.000370 0.003890 0.000000
0.041962 0.000000 0.002726 0.028113 0.000000
0.103517 0.000000 0.000699 0.039905 0.000000
0.157107 0.000000 0.000000 0.034566 0.045643
0.121109 0.000000 0.000000 0.055742 0.111934
0.041438 0.000000 0.021169 0.057250 0.152195
0.000000 0.000000 0.100418 0.041341 0.118364
0.000000 0.046268 0.171246 0.035868 0.031483
0.008546 0.129203 0.133893 0.041680 0.000000
0.000546 0.151240 0.049957 0.029480 0.000000
0.000000 0.085957 0.001983 0.101136 0.000000
0.000000 0.036577 0.000000 0.132850 0.000000
0.004202 0.011831 0.000000 0.130810 0.000000
0.000000 0.000966 0.000000 0.082305 0.000000
0.000000 0.000000 0.000000 0.078868 0.000000
0.000000 0.000000 0.000000 0.040227 0.000000
0.000000 0.000000 -0.000000 -0.000000 0.000000
0.000000 0.000000 -0.000000 -0.000000 0.000000
0.000000 0.000000 -0.000000 -0.000000 0.000000
0.000000 0.000000 -0.000000 -0.000000 0.000000
0.000000 0.000000 -0.000000 -0.000000 0.000000
0.000000 0.000000 -0.000000 -0.000000 0.000000
0.000000 0.000000 -0.000000 -0.000000 0.000000
0.000000 0.000000 -0.000000 -0.000000 0.000000
0.000000 0.000000 -0.000000 -0.000000 0.000000
0.000000 0.000000 -0.000000 -0.000000 0.000000
0.000000 0.000000 -0.000000 -0.000000 0.000000
0.000000 0.000000 -0.000000 -0.000000 0.000000
0.024534 0.000000 0.002536 0.040438 0.000000
0.089447 0.000000 0.006874 0.078508 0.000000
0.140638 0.000000 0.000000 0.061169 0.008626
0.145105 0.000000 0.000000 0.064795 0.080923
0.067248 0.000299 0.000000 0.067476 0.135699
0.000000 0.000000 0.035934 0.047457 0.147742
0.000000 0.000000 0.110590 0.027443 0.093434
0.000000 0.025561 0.172900 0.002578 0.009160
0.014224 0.111960 0.134072 0.000000 0.000000
0.006439 0.153393 0.051995 0.017763 0.000000
0.000000 0.103907 0.002752 0.064455 0.000000
0.000000 0.045981 0.000000 0.106764 0.000000
0.000797 0.019456 0.000000 0.093562 0.000000
0.000000 0.009909 0.000000 0.064536 0.000000
0.000000 0.002128 0.000000 0.057797 0.000000
0.000000 0.000191 0.000000 0.038568 0.000000
0.000000 0.000000 -0.000000 -0.000000 0.000000
0.000000 0.000000 -0.000000 -0.000000 0.000000
0.000000 0.000000 -0.000000 -0.000000 0.000000
0.000000 0.000000 -0.000000 -0.000000 0.000000
0.000000 0.000000 0.004074 0.002782 0.000070
0.000000 0.000000 -0.000000 -0.000000 0.000000
0.000000 0.000000 -0.000000 -0.000000 0.000000
0.000000 0.000000 -0.000000 -0.000000 0.000000
0.000000 0.000000 -0.000000 -0.000000 0.000000
0.000000 0.000000 -0.000000 -0.000000 0.000000
0.000000 0.000000 -0.000000 -0.000000 0.000000
0.005894 0.000000 0.000501 0.000000 0.000000
0.049149 0.000000 0.003918 0.031340 0.000000
0.109302 0.000000 0.004019 0.071935 0.000000
0.149662 0.000000 0.000000 0.074428 0.030866
0.106133 0.000000 0.000000 0.075014 0.104449
0.036882 0.000000 0.000000 0.063306 0.143025
0.000000 0.000000 0.055987 0.061621 0.126039
0.000000 0.000000 0.109836 0.049790 0.058843
0.007400 0.022695 0.164030 0.000000 0.000000
0.017711 0.080028 0.142510 0.000000 0.000000
0.009286 0.139689 0.043342 0.001980 0.000000
0.000000 0.109055 0.002147 0.025245 0.000000
0.000000 0.059777 0.000000 0.075905 0.000000
0.000000 0.038957 0.000000 0.065936 0.000258
0.000000 0.029609 0.000000 0.065104 0.000000
0.000000 0.004905 0.000000 0.060557 0.000000
0.000000 0.000191 0.000000 0.038568 0.000000
0.000000 0.000000 -0.000000 -0.000000 0.000000
0.000000 0.000000 -0.000000 -0.000000 0.000000
0.000000 0.000000 -0.000000 -0.000000 0.000000
0.000000 0.000000 -0.000000 -0.000000 0.000000
0.000000 0.000000 -0.000000 -0.000000 0.000000
0.000000 0.000000 -0.000000 -0.000000 0.000000
0.000000 0.000000 -0.000000 -0.000000 0.000000
0.000000 0.000000 -0.000000 -0.000000 0.000000
0.000000 0.000000 -0.000000 -0.000000 0.000000
0.000000 0.000000 -0.000000 -0.000000 0.000000
0.000000 0.000000 -0.000000 -0.000000 0.000000
0.014544 0.000000 0.001259 0.000000 0.000000
0.047552 0.000000 0.003957 0.000948 0.000000
0.109372 0.000000 0.000683 0.008666 0.000000
0.118142 0.000081 0.000000 0.013193 0.035629
0.079408 0.002246 0.000000 0.045671 0.102546
0.007970 0.000070 0.000000 0.043073 0.124410
0.000000 0.000000 0.041429 0.023410 0.088185
0.000000 0.000000 0.087189 0.010363 0.024374
0.006826 0.000000 0.118244 0.000000 0.000000
0.016486 0.058582 0.095677 0.000000 0.000000
0.002964 0.094219 0.033520 0.000000 0.000000
0.000000 0.077115 0.000000 0.001775 0.000000
0.000000 0.056380 0.000000 0.026571 0.001380
0.000000 0.036279 0.000000 0.037618 0.001000
0.000000 0.008606 0.000000 0.058147 0.000000
0.000000 0.001203 0.000000 0.056877 0.000000
0.000000 0.000191 0.000000 0.038568 0.000000
0.000000 0.000000 -0.000000 -0.000000 0.000000
0.000000 0.000000 -0.000000 -0.000000 0.000000
0.000000 0.000000 -0.000000 -0.000000 0.000000
0.000000 0.000000 -0.000000 -0.000000 0.000000
0.000000 0.000000 -0.000000 -0.000000 0.000000
0.000000 0.000000 -0.000000 -0.000000 0.000000
0.000000 0.000000 -0.000000 -0.000000 0.000000
0.000000 0.000000 -0.000000 -0.000000 0.000000
0.000000 0.000000 -0.000000 -0.000000 0.000000
0.000000 0.000000 -0.000000 -0.000000 0.000000
0.000000 0.000000 -0.000000 -0.000000 0.000000
0.014544 0.000000 0.001259 0.000000 0.000000
0.043408 0.000000 0.003766 0.000000 0.000000
0.053425 0.000000 0.000683 0.000000 0.000000
0.038451 0.001315 0.000000 0.000000 0.013930
0.028302 0.003129 0.000000 0.001573 0.038499
0.013642 0.003209 0.000000 0.000000 0.041789
0.000000 0.000000 0.007301 0.000000 0.026065
0.000000 0.000000 0.013991 0.000000 0.007759
0.000978 0.000000 0.012777 0.000000 0.001445
0.003275 0.011259 0.024646 0.000000 0.000000
0.000989 0.017437 0.012691 0.000000 0.000000
0.000000 0.011347 0.000436 0.000000 0.000000
0.000000 0.009376 0.000000 0.000000 0.000413
0.000000 0.001270 0.000000 0.000000 0.000069
0.000000 0.000000 -0.000000 -0.000000 0.000000
0.000000 0.000000 -0.000000 -0.000000 0.000000
0.000000 0.000000 -0.000000 -0.000000 0.000000
0.000000 0.000000 -0.000000 -0.000000 0.000000
0.000000 0.000000 -0.000000 -0.000000 0.000000
0.000000 0.000000 -0.000000 -0.000000 0.000000
0.000000 0.000000 -0.000000 -0.000000 0.000000
0.000000 0.000000 -0.000000 -0.000000 0.000000
0.000000 0.000000 -0.000000 -0.000000 0.000000
0.000000 0.000000 -0.000000 -0.000000 0.000000
0.000000 0.000000 -0.000000 -0.000000 0.000000
0.000000 0.000000 -0.000000 -0.000000 0.000000
0.000000 0.000000 -0.000000 -0.000000 0.000000
0.000000 0.000000 -0.000000 -0.000000 0.000000
0.000000 0.000000 -0.000000 -0.000000 0.000000
0.000000 0.000000 -0.000000 -0.000000 0.000000
0.000000 0.000000 -0.000000 -0.000000 0.000000
0.000000 0.000000 -0.000000 -0.000000 0.000000
0.000000 0.000000 -0.000000 -0.000000 0.000000
0.000000 0.000000 -0.000000 -0.000000 0.000000
0.000000 0.000000 -0.000000 -0.000000 0.000000
0.000000 0.000000 -0.000000 -0.000000 0.000000
0.000000 0.000000 -0.000000 -0.000000 0.000000
0.000000 0.000000 -0.000000 -0.000000 0.000000
0.000000 0.000000 -0.000000 -0.000000 0.000000
0.000000 0.000000 -0.000000 -0.000000 0.000000
0.000000 0.000000 -0.000000 -0.000000 0.000000
0.000000 0.000000 -0.000000 -0.000000 0.000000
0.000000 0.000000 -0.000000 -0.000000 0.000000
0.000000 0.000000 -0.000000 -0.000000 0.000000
0.000000 0.000000 -0.000000 -0.000000 0.000000
0.000000 0.000000 -0.000000 -0.000000 0.000000
0.000000 0.000000 -0.000000 -0.000000 0.000000
0.000000 0.000000 -0.000000 -0.000000 0.000000
0.000000 0.000000 -0.000000 -0.000000 0.000000
0.000000 0.000000 -0.000000 -0.000000 0.000000
0.000000 0.000000 -0.000000 -0.000000 0.000000
0.000000 0.000000 -0.000000 -0.000000 0.000000
0.000000 0.000000 -0.000000 -0.000000 0.000000
0.000000 0.000000 -0.000000 -0.000000 0.000000
0.000000 0.000000 -0.000000 -0.000000 0.000000
0.000000 0.000000 -0.000000 -0.000000 0.000000
0.000000 0.000000 -0.000000 -0.000000 0.000000
0.000000 0.000000 -0.000000 -0.000000 0.000000
0.000000 0.000000 -0.000000 -0.000000 0.000000
0.000000 0.000000 -0.000000 -0.000000 0.000000
0.000000 0.000000 -0.000000 -0.000000 0.000000
0.000000 0.000000 -0.000000 -0.000000 0.000000
0.000000 0.000000 -0.000000 -0.000000 0.000000
0.000000 0.000000 -0.000000 -0.000000 0.000000
0.000000 0.000000 -0.000000 -0.000000 0.000000
0.000000 0.000000 -0.000000 -0.000000 0.000000
0.000000 0.000000 -0.000000 -0.000000 0.000000
0.000000 0.000000 -0.000000 -0.000000 0.000000
0.000000 0.000000 -0.000000 -0.000000 0.000000
0.000000 0.000000 -0.000000 -0.000000 0.000000
0.000000 0.000000 -0.000000 -0.000000 0.000000
0.000000 0.000000 -0.000000 -0.000000 0.000000
0.000000 0.000000 -0.000000 -0.000000 0.000000
0.000000 0.000000 -0.000000 -0.000000 0.000000
0.000000 0.000000 -0.000000 -0.000000 0.000000
0.000000 0.000000 -0.000000 -0.000000 0.000000
0.000000 0.000000 -0.000000 -0.000000 0.000000
0.000000 0.000000 -0.000000 -0.000000 0.000000
0.000000 0.000000 -0.000000 -0.000000 0.000000
0.000000 0.000000 -0.000000 -0.000000 0.000000
0.000000 0.000000 -0.000000 -0.000000 0.000000
0.000000 0.000000 -0.000000 -0.000000 0.000000
0.000000 0.000000 -0.000000 -0.000000 0.000000
0.000000 0.000000 -0.000000 -0.000000 0.000000
0.000000 0.000000 -0.000000 -0.000000 0.000000
0.000000 0.000000 -0.000000 -0.000000 0.000000
0.000000 0.000000 -0.000000 -0.000000 0.000000
0.000000 0.000000 -0.000000 -0.000000 0.000000
0.000000 0.000000 -0.000000 -0.000000 0.000000
0.000000 0.000000 -0.000000 -0.000000 0.000000
0.000000 0.000000 -0.000000 -0.000000 0.000000
0.000000 0.000000 -0.000000 -0.000000 0.000000
0.000000 0.000000 -0.000000 -0.000000 0.000000
0.000000 0.000000 -0.000000 -0.000000 0.000000
0.000000 0.000000 -0.000000 -0.000000 0.000000
0.000000 0.000000 -0.000000 -0.000000 0.000000
0.000000 0.000000 -0.000000 -0.000000 0.000000
0.000000 0.000000 -0.000000 -0.000000 0.000000
0.000000 0.000000 -0.000000 -0.000000 0.000000
0.000000 0.000000 -0.000000 -0.000000 0.000000
0.000000 0.000000 -0.000000 -0.000000 0.000000
0.000000 0.000000 -0.000000 -0.000000 0.000000
0.000000 0.000000 -0.000000 -0.000000 0.000000
0.000000 0.000000 -0.000000 -0.000000 0.000000
0.000000 0.000000 -0.000000 -0.000000 0.000000
0.000000 0.000000 -0.000000 -0.000000 0.000000
0.000000 0.000000 -0.000000 -0.000000 0.000000
