0.000000 0.000000 -0.000000 0.000000 -0.000000 -0.000000 0.000000 0.000000 0.000000 -0.000000
0.000000 0.000000 -0.000000 0.000000 -0.000000 -0.000000 0.000000 0.000000 0.000000 -0.000000
0.000000 0.000000 0.000000 0.000000 -0.000000 -0.000000 0.000000 0.000000 0.000000 -0.000000
0.000000 0.000000 0.000000 0.000000 -0.000000 -0.000000 0.000000 0.000000 0.000000 -0.000000
0.000000 0.000000 0.000000 0.000000 -0.000000 -0.000000 0.000000 0.000000 0.000000 -0.000000
0.000000 0.000000 0.000000 0.000000 -0.000000 -0.000000 0.000000 0.000000 0.000000 -0.000000
0.000000 0.000000 0.000000 0.000000 -0.000000 -0.000000 0.000000 0.000000 0.000000 -0.000000
0.000000 0.000000 0.000000 0.000000 -0.000000 -0.000000 0.000000 -0.000000 0.000000 -0.000000
0.000000 0.000000 0.000000 0.000000 -0.000000 -0.000000 0.000000 -0.000000 -0.000000 -0.000000
0.000000 0.000000 0.000000 0.000000 -0.000000 -0.000000 0.000000 -0.000000 -0.000000 -0.000000
0.000000 0.000000 0.000000 0.000000 -0.000000 -0.000000 0.000000 -0.000000 -0.000000 -0.000000
0.000000 0.000000 0.000000 0.000000 -0.000000 -0.000000 0.000000 -0.000000 -0.000000 -0.000000
0.000000 0.000000 0.000000 0.000000 -0.000000 -0.000000 0.000000 -0.000000 -0.000000 -0.000000
0.000000 0.000000 0.000000 0.000000 -0.000000 -0.000000 0.000000 -0.000000 -0.000000 -0.000000
0.000000 0.000000 0.000000 0.000000 -0.000000 -0.000000 0.000000 -0.000000 -0.000000 -0.000000
0.000000 0.000000 0.000000 0.000000 -0.000000 -0.000000 0.000000 -0.000000 -0.000000 -0.000000
0.000000 0.000000 0.000000 0.000000 -0.000000 -0.000000 0.000000 -0.000000 -0.000000 -0.000000
0.000000 0.000000 0.000000 0.000000 -0.000000 -0.000000 0.000000 -0.000000 -0.000000 -0.000000
0.000000 0.000000 0.000000 0.000000 -0.000000 -0.000000 0.000000 -0.000000 -0.000000 -0.000000
0.000000 0.000000 0.000000 0.000000 -0.000000 -0.000000 0.000000 -0.000000 -0.000000 -0.000000
0.000000 0.000000 0.000000 0.000000 -0.000000 -0.000000 0.000000 -0.000000 -0.000000 -0.000000
0.000000 0.000000 0.000000 0.000000 -0.000000 -0.000000 0.000000 -0.000000 -0.000000 -0.000000
0.000000 0.000000 0.000000 0.000000 -0.000000 -0.000000 0.000000 -0.000000 -0.000000 -0.000000
0.000000 0.000000 0.000000 0.000000 -0.000000 -0.000000 0.000000 -0.000000 -0.000000 -0.000000
0.000000 0.000000 0.000000 0.000000 -0.000000 -0.000000 0.000000 -0.000000 -0.000000 -0.000000
0.000000 0.000000 0.000000 0.000000 -0.000000 -0.000000 0.000000 -0.000000 -0.000000 -0.000000
0.000000 0.000000 0.000000 0.000000 -0.000000 -0.000000 0.000000 -0.000000 -0.000000 -0.000000
0.000000 0.000000 0.000000 0.000000 -0.000000 -0.000000 0.000000 -0.000000 -0.000000 -0.000000
0.000000 0.000000 0.000000 0.000000 -0.000000 -0.000000 0.000000 -0.000000 -0.000000 -0.000000
0.000000 0.000000 0.000000 0.000000 -0.000000 -0.000000 0.000000 -0.000000 -0.000000 -0.000000
0.000000 0.000000 0.000000 0.000000 -0.000000 -0.000000 0.000000 -0.000000 -0.000000 -0.000000
0.000000 0.000000 0.000000 0.000000 -0.000000 -0.000000 0.000000 -0.000000 -0.000000 -0.000000
0.000000 0.000000 0.000000 0.000000 -0.000000 -0.000000 0.000000 -0.000000 -0.000000 -0.000000
0.000000 0.000000 0.000000 0.000000 -0.000000 -0.000000 0.000000 -0.000000 -0.000000 -0.000000
0.000000 0.000000 0.000000 0.000000 -0.000000 -0.000000 0.000000 -0.000000 -0.000000 -0.000000
0.000000 0.000000 0.000000 0.000000 -0.000000 -0.000000 0.000000 -0.000000 -0.000000 -0.000000
0.000000 0.000000 0.000000 0.000000 -0.000000 -0.000000 0.000000 -0.000000 -0.000000 -0.000000
0.000000 0.000000 0.000000 0.000000 -0.000000 -0.000000 0.000000 -0.000000 -0.000000 -0.000000
0.000000 0.000000 0.000000 0.000000 -0.000000 -0.000000 0.000000 -0.000000 -0.000000 -0.000000
0.000000 0.000000 0.000000 0.000000 -0.000000 -0.000000 0.000000 -0.000000 -0.000000 -0.000000
0.000000 0.000000 0.000000 0.000000 -0.000000 -0.000000 0.000000 -0.000000 -0.000000 -0.000000
0.000000 0.000000 0.000000 0.000000 -0.000000 -0.000000 0.000000 -0.000000 -0.000000 -0.000000
0.000105 0.000546 0.000000 0.000000 0.000037 0.000000 0.001099 0.000000 0.000251 0.000000
0.000126 0.000658 0.000000 0.000000 0.000045 0.000000 0.001324 0.000000 0.000302 0.000000
0.000019 0.000099 0.000000 0.000000 0.000007 0.000000 0.000199 0.000000 0.000045 0.000000
0.000000 0.000000 0.000000 0.000000 -0.000000 -0.000000 0.000000 -0.000000 -0.000000 -0.000000
0.000000 0.000000 0.000000 0.000000 -0.000000 -0.000000 0.000000 -0.000000 -0.000000 -0.000000
0.000000 0.000000 0.000000 0.000000 -0.000000 -0.000000 0.000000 -0.000000 -0.000000 -0.000000
0.000000 0.000000 0.000000 0.000000 -0.000000 -0.000000 0.000000 -0.000000 -0.000000 -0.000000
0.000000 0.000000 0.000000 0.000000 -0.000000 -0.000000 0.000000 -0.000000 -0.000000 -0.000000
0.000000 0.000000 0.000000 0.000000 -0.000000 -0.000000 0.000000 -0.000000 -0.000000 -0.000000
0.000000 0.000000 0.000000 0.000000 -0.000000 -0.000000 0.000000 -0.000000 -0.000000 -0.000000
0.000000 0.000000 0.000000 0.000000 -0.000000 -0.000000 0.000000 -0.000000 -0.000000 -0.000000
0.000000 0.000000 0.000000 0.000000 -0.000000 -0.000000 0.000000 -0.000000 -0.000000 -0.000000
0.000000 0.000000 0.000000 0.000000 -0.000000 -0.000000 0.000000 -0.000000 -0.000000 -0.000000
0.000000 0.000000 0.000000 0.000000 -0.000000 -0.000000 0.000000 -0.000000 -0.000000 -0.000000
0.000000 0.000000 0.000000 0.000000 -0.000000 -0.000000 0.000000 -0.000000 -0.000000 -0.000000
0.000000 0.000000 0.000000 0.000000 -0.000000 -0.000000 0.000000 -0.000000 -0.000000 -0.000000
0.000000 0.000000 0.000000 0.000000 -0.000000 -0.000000 0.000000 -0.000000 -0.000000 -0.000000
0.000000 0.000000 0.000000 0.000000 -0.000000 -0.000000 0.000000 -0.000000 -0.000000 -0.000000
0.000000 0.000000 0.000000 0.000000 -0.000000 -0.000000 0.000000 -0.000000 -0.000000 -0.000000
0.000000 0.000000 0.000000 0.000000 -0.000000 -0.000000 0.000000 -0.000000 -0.000000 -0.000000
0.000000 0.000000 0.000000 0.000000 -0.000000 -0.000000 0.000000 -0.000000 -0.000000 -0.000000
0.000000 0.000000 0.000000 0.000000 -0.000000 -0.000000 0.000000 -0.000000 -0.000000 -0.000000
0.000000 0.000000 0.000000 0.000000 -0.000000 -0.000000 0.000000 -0.000000 -0.000000 -0.000000
0.000000 0.000000 0.000000 0.000000 -0.000000 -0.000000 0.000000 -0.000000 -0.000000 -0.000000
0.000000 0.000000 0.000000 0.000000 -0.000000 -0.000000 0.000000 -0.000000 -0.000000 -0.000000
0.000000 0.000022 0.000000 0.000007 0.000000 0.000000 0.000100 0.000001 0.000073 0.000000
0.000000 0.000361 0.000000 0.000122 0.000000 0.000000 0.001795 0.000000 0.001240 0.000000
0.000000 0.000949 0.000000 0.000315 0.000068 0.000000 0.007645 0.000000 0.004191 0.000000
0.000086 0.001498 0.000000 0.000350 0.000057 0.000000 0.009498 0.000000 0.003671 0.000000
0.000265 0.002372 0.000000 0.000450 0.000084 0.000000 0.012377 0.000000 0.005375 0.000000
0.000157 0.001267 0.000000 0.000167 0.000025 0.000000 0.005661 0.000000 0.003041 0.000000
0.000043 0.000108 0.000000 0.000063 0.000000 0.000000 0.001999 0.000327 0.001137 0.000000
0.000039 0.000131 0.000000 0.000014 0.000000 0.000000 0.000492 0.000290 0.000680 0.000000
0.000062 0.000273 0.000000 0.000004 0.000003 0.000000 0.000159 0.000450 0.000983 0.000000
0.000015 0.000065 0.000000 0.000001 0.000001 0.000000 0.000038 0.000107 0.000233 0.000000
0.000000 0.000000 0.000000 0.000000 -0.000000 -0.000000 0.000000 -0.000000 -0.000000 -0.000000
0.000000 0.000000 0.000000 0.000000 -0.000000 -0.000000 0.000000 -0.000000 -0.000000 -0.000000
0.000000 0.000000 0.000000 0.000000 -0.000000 -0.000000 0.000000 -0.000000 -0.000000 -0.000000
0.000000 0.000000 0.000000 0.000000 -0.000000 -0.000000 0.000000 -0.000000 -0.000000 -0.000000
0.000000 0.000000 0.000000 0.000000 -0.000000 -0.000000 0.000000 -0.000000 -0.000000 -0.000000
0.000000 0.000000 0.000000 0.000000 -0.000000 -0.000000 0.000000 -0.000000 -0.000000 -0.000000
0.000000 0.000000 0.000000 0.000000 -0.000000 -0.000000 0.000000 -0.000000 -0.000000 -0.000000
0.000000 0.000000 0.000000 0.000000 -0.000000 -0.000000 0.000000 -0.000000 -0.000000 -0.000000
0.000000 0.000000 0.000000 0.000000 -0.000000 -0.000000 0.000000 -0.000000 -0.000000 -0.000000
0.000000 0.000000 0.000000 0.000000 -0.000000 -0.000000 0.000000 -0.000000 -0.000000 -0.000000
0.000000 0.000000 0.000000 0.000000 -0.000000 -0.000000 0.000000 -0.000000 -0.000000 -0.000000
0.000000 0.000000 0.000000 0.000000 -0.000000 -0.000000 0.000000 -0.000000 -0.000000 -0.000000
0.000000 0.000000 0.000000 0.000000 -0.000000 -0.000000 0.000000 -0.000000 -0.000000 -0.000000
0.000000 0.000000 0.000000 0.000000 -0.000000 -0.000000 0.000000 -0.000000 -0.000000 -0.000000
0.000000 0.000000 0.000000 0.000000 -0.000000 -0.000000 0.000000 -0.000000 -0.000000 -0.000000
0.000003 0.000002 0.000000 0.000004 0.000000 0.000000 0.000132 0.000026 0.000071 0.000000
0.000013 0.000000 0.000000 0.000034 0.000000 0.000000 0.000000 0.000000 0.001646 0.000189
0.000000 0.000128 0.000000 0.000090 0.000142 0.000000 0.000000 0.000188 0.002210 0.000036
0.000000 0.000765 0.000000 0.000173 0.000044 0.000000 0.002893 0.000467 0.003323 0.000000
0.000000 0.001655 0.000000 0.000815 0.000000 0.000000 0.012803 0.000024 0.009205 0.000000
0.000000 0.003422 0.000000 0.001874 0.000000 0.000000 0.031803 0.000000 0.016193 0.000000
0.000000 0.006636 0.000000 0.002581 0.000000 0.000000 0.046628 0.000000 0.020828 0.000000
0.000000 0.010342 0.000000 0.002107 0.000000 0.000000 0.043316 0.000000 0.018842 0.000000
0.000000 0.006777 0.000000 0.000284 0.000739 0.000000 0.022891 0.000000 0.013001 0.000000
0.000000 0.003395 0.000000 0.000000 0.001682 0.002635 0.004659 0.000000 0.008183 0.000000
0.000000 0.001334 0.000000 0.000448 0.001193 0.000000 0.000588 0.000986 0.005011 0.000000
0.000000 0.000557 0.000000 0.001873 0.000000 0.000000 0.002033 0.003074 0.002728 0.000000
0.000000 0.000035 0.000000 0.001664 0.000000 0.000000 0.002670 0.002429 0.001713 0.000000
0.001104 0.000016 0.000000 0.000322 0.000000 0.000000 0.001753 0.001200 0.000701 0.000000
0.001249 0.000000 0.000001 0.000000 0.000051 0.000000 0.000081 0.000000 0.000000 0.000000
0.000350 0.000000 0.000000 0.000000 0.000017 0.000000 0.000006 0.000000 0.000000 0.000000
0.000000 0.000000 0.000000 0.000000 -0.000000 -0.000000 0.000000 -0.000000 -0.000000 -0.000000
0.000000 0.000000 0.000000 0.000000 -0.000000 -0.000000 0.000000 -0.000000 -0.000000 -0.000000
0.000000 0.000000 0.000000 0.000000 -0.000000 -0.000000 0.000000 -0.000000 -0.000000 -0.000000
0.000000 0.000000 0.000000 0.000000 -0.000000 -0.000000 0.000000 -0.000000 -0.000000 -0.000000
0.000000 0.000000 0.000000 0.000000 -0.000000 -0.000000 0.000000 -0.000000 -0.000000 -0.000000
0.000000 0.000000 0.000000 0.000000 -0.000000 -0.000000 0.000000 -0.000000 -0.000000 -0.000000
0.000000 0.000000 0.000000 0.000000 -0.000000 -0.000000 0.000000 -0.000000 -0.000000 -0.000000
0.000000 0.000000 0.000000 0.000000 -0.000000 -0.000000 0.000000 -0.000000 -0.000000 -0.000000
0.000067 0.000000 0.000000 0.000006 0.000000 0.000008 0.000000 0.000000 0.000004 0.000007
0.000005 0.000064 0.000000 0.000008 0.000000 0.000000 0.000285 0.000092 0.000306 0.000000
0.000000 0.000000 0.000001 0.000057 0.000000 0.000000 0.000138 0.000216 0.000026 0.000000
0.000017 0.000000 0.000000 0.000012 0.000000 0.000077 0.000000 0.000000 0.001069 0.000128
0.000070 0.000000 0.000000 0.000180 0.000000 0.000242 0.000000 0.000097 0.007167 0.000684
0.000119 0.000000 0.000000 0.000441 0.000000 0.000138 0.000000 0.000000 0.020690 0.001923
0.000436 0.000000 0.000000 0.000418 0.000139 0.000000 0.000000 0.000000 0.053759 0.004314
0.000893 0.000000 0.008537 0.000000 0.001707 0.000000 0.000000 0.000000 0.081817 0.003491
0.001200 0.000000 0.042081 0.000000 0.003571 0.000000 0.000000 0.000000 0.086000 0.000000
0.000000 0.024411 0.078068 0.000000 0.000000 0.000000 0.104654 0.002216 0.008916 0.000000
0.000000 0.087556 0.037587 0.005375 0.000000 0.000000 0.266974 0.000000 0.000000 0.000000
0.000000 0.094389 0.000000 0.000000 0.000000 0.008328 0.262159 0.000000 0.000000 0.026090
0.002476 0.038818 0.000000 0.000000 0.042142 0.083752 0.073815 0.000938 0.025288 0.037065
0.000000 0.007414 0.000000 0.000000 0.083874 0.105576 0.000000 0.000000 0.014287 0.000000
0.000000 0.000000 0.001546 0.043662 0.055527 0.051591 0.000000 0.000000 0.002858 0.000000
0.000000 0.000000 0.000600 0.115502 0.000000 0.003003 0.000000 0.011360 0.004344 0.003721
0.032627 0.000000 0.000000 0.088297 0.000000 0.000000 0.000000 0.007737 0.004434 0.010149
0.074755 0.000000 0.000000 0.023886 0.000000 0.000000 0.000000 0.000000 0.002435 0.003838
0.055842 0.000000 0.000000 0.000000 0.001167 0.000000 0.000000 0.000000 0.000000 0.000000
0.021380 0.000221 0.000000 0.000000 0.001589 0.000000 0.000000 0.000000 0.000000 0.000000
0.005305 0.000040 0.000000 0.000000 0.000467 0.000078 0.000000 0.000000 0.000000 0.000000
0.000000 0.000000 0.000000 0.000000 -0.000000 -0.000000 0.000000 -0.000000 -0.000000 -0.000000
0.000000 0.000000 0.000000 0.000000 -0.000000 -0.000000 0.000000 -0.000000 -0.000000 -0.000000
0.000000 0.000000 0.000000 0.000000 -0.000000 -0.000000 0.000000 -0.000000 -0.000000 -0.000000
0.000000 0.000000 0.000000 0.000000 -0.000000 -0.000000 0.000000 -0.000000 -0.000000 -0.000000
0.000000 0.000000 0.000000 0.000000 -0.000000 -0.000000 0.000000 -0.000000 -0.000000 -0.000000
0.000000 0.000000 0.000012 0.000023 0.000046 0.000000 0.000032 0.000116 0.000000 0.000000
0.000000 0.000000 0.000008 0.000015 0.000031 0.000000 0.000021 0.000076 0.000000 0.000000
0.000000 0.000000 0.000000 0.000000 -0.000000 -0.000000 0.000000 -0.000000 -0.000000 -0.000000
0.000021 0.000247 0.000000 0.000030 0.000000 0.000000 0.001107 0.000355 0.001186 0.000000
0.000000 0.000094 0.000000 0.000208 0.000030 0.000000 0.000591 0.000941 0.003339 0.000000
0.000009 0.000000 0.000000 0.000270 0.000000 0.000000 0.000000 0.000344 0.006614 0.000404
0.000269 0.000202 0.000000 0.000433 0.000000 0.000000 0.001463 0.000000 0.015655 0.000564
0.000423 0.000000 0.000000 0.001048 0.000000 0.000000 0.000000 0.002053 0.035867 0.001937
0.000769 0.000000 0.000000 0.000761 0.000203 0.000000 0.000000 0.000192 0.089038 0.005457
0.001513 0.000000 0.020652 0.000000 0.003592 0.000000 0.000000 0.000000 0.147050 0.004601
0.001878 0.000000 0.090111 0.000000 0.005211 0.000000 0.000000 0.003894 0.132117 0.000000
0.000000 0.040464 0.154676 0.000000 0.000000 0.000000 0.118058 0.011848 0.000000 0.000000
0.000000 0.148535 0.083264 0.006295 0.000000 0.000000 0.302073 0.014068 0.000000 0.011832
0.000000 0.151271 0.000000 0.000000 0.000000 0.061472 0.231734 0.024354 0.000000 0.106375
0.001660 0.049353 0.000000 0.000000 0.080859 0.148553 0.000000 0.036797 0.042744 0.107259
0.000000 0.000000 0.000000 0.000000 0.150723 0.136369 0.000000 0.036356 0.016110 0.010501
0.000000 0.000000 0.008473 0.095537 0.090329 0.054740 0.000000 0.050393 0.000000 0.000000
0.000000 0.000000 0.005256 0.188862 0.000000 0.000000 0.000000 0.048204 0.000000 0.002836
0.088768 0.000000 0.000000 0.133906 0.000000 0.000000 0.000000 0.022895 0.002664 0.012113
0.140587 0.000000 0.000000 0.032099 0.000000 0.000000 0.000000 0.000490 0.000886 0.002890
0.101319 0.000000 0.000000 0.000000 0.003953 0.000000 0.000000 0.000000 0.000000 0.000000
0.041273 0.000284 0.000000 0.000000 0.003248 0.000349 0.000000 0.000000 0.000000 0.000000
0.011075 0.000101 0.000017 0.000000 0.001057 0.000494 0.000000 0.000000 0.000000 0.000000
0.000324 0.000003 0.000001 0.000000 0.000037 0.000000 0.000002 0.000004 0.000000 0.000000
0.000012 0.000000 0.000012 0.000049 0.000020 0.000000 0.000000 0.000000 0.000000 0.000000
0.000000 0.000000 0.000000 0.000000 -0.000000 -0.000000 0.000000 -0.000000 -0.000000 -0.000000
0.000000 0.000000 0.000000 0.000000 -0.000000 -0.000000 0.000000 -0.000000 -0.000000 -0.000000
0.000000 0.000000 0.000000 0.000000 -0.000000 -0.000000 0.000000 -0.000000 -0.000000 -0.000000
0.000000 0.000000 0.000003 0.000006 0.000012 0.000000 0.000008 0.000029 0.000000 0.000000
0.000011 0.000000 0.000000 0.000000 0.000057 0.000000 0.000085 0.000000 0.000000 0.000000
0.000030 0.000000 0.000000 0.000000 0.000101 0.000013 0.000164 0.000000 0.000000 0.000000
0.000010 0.000169 0.000000 0.000026 0.000000 0.000000 0.000760 0.000236 0.000805 0.000000
0.000191 0.000077 0.000000 0.000095 0.000000 0.000000 0.000597 0.000843 0.005034 0.000109
0.000306 0.000309 0.000000 0.000280 0.000000 0.000000 0.000916 0.001268 0.007942 0.000224
0.000615 0.001027 0.000000 0.000385 0.000000 0.000000 0.003850 0.001117 0.015397 0.000021
0.000563 0.000000 0.000000 0.001034 0.000000 0.000000 0.003070 0.001151 0.036999 0.001341
0.000208 0.000000 0.000000 0.001490 0.000000 0.000000 0.000000 0.000053 0.097592 0.005779
0.000471 0.000000 0.018234 0.000000 0.002599 0.000000 0.000000 0.000000 0.172880 0.007380
0.000842 0.000000 0.100003 0.000000 0.004291 0.000000 0.000000 0.006334 0.161443 0.000000
0.000000 0.049300 0.177183 0.000000 0.000000 0.000000 0.120432 0.021400 0.003876 0.000000
0.000000 0.154542 0.105466 0.001286 0.000000 0.019925 0.267419 0.024613 0.000000 0.039418
0.000000 0.160513 0.000000 0.000000 0.000000 0.107936 0.157427 0.025052 0.000000 0.144685
0.000000 0.058512 0.000000 0.000000 0.114272 0.177006 0.000000 0.037987 0.053371 0.119330
0.000000 0.000000 0.000000 0.000000 0.159515 0.132148 0.000000 0.064161 0.010630 0.011199
0.000000 0.000000 0.009127 0.145576 0.075518 0.047059 0.000000 0.084484 0.000000 0.000000
0.042754 0.000000 0.005211 0.196405 0.000000 0.000000 0.000000 0.070636 0.000000 0.002990
0.133688 0.000000 0.000000 0.112918 0.000000 0.000000 0.000000 0.029611 0.000000 0.008273
0.153802 0.000000 0.000000 0.012792 0.000000 0.000000 0.000000 0.003772 0.000000 0.000000
0.094812 0.000000 0.000000 0.000000 0.005429 0.002343 0.000000 0.000000 0.000000 0.000000
0.034991 0.000102 0.000008 0.000000 0.003026 0.001735 0.000000 0.000000 0.000000 0.000000
0.007946 0.000031 0.000006 0.000000 0.000723 0.001435 0.000000 0.000000 0.000000 0.000000
0.000000 0.000000 0.000000 0.000000 -0.000000 -0.000000 0.000000 -0.000000 -0.000000 -0.000000
0.000000 0.000000 0.000000 0.000000 -0.000000 -0.000000 0.000000 -0.000000 -0.000000 -0.000000
0.000000 0.000000 0.000000 0.000000 -0.000000 -0.000000 0.000000 -0.000000 -0.000000 -0.000000
0.000000 0.000000 0.000000 0.000000 -0.000000 -0.000000 0.000000 -0.000000 -0.000000 -0.000000
0.000000 0.000000 0.000000 0.000000 -0.000000 -0.000000 0.000000 -0.000000 -0.000000 -0.000000
0.000128 0.000000 0.000003 0.000046 0.000000 0.000000 0.000000 0.000014 0.000000 0.000005
0.000000 0.000047 0.000028 0.000000 0.000011 0.000100 0.000078 0.000051 0.000021 0.000000
0.000225 0.000001 0.000050 0.000000 0.000000 0.000000 0.000014 0.001030 0.000059 0.000000
0.000281 0.000000 0.000000 0.000000 0.000000 0.000000 0.000054 0.001150 0.000143 0.000000
0.000310 0.000072 0.000000 0.000074 0.000000 0.000000 0.001420 0.001204 0.002375 0.000000
0.000352 0.000382 0.000000 0.000285 0.000000 0.000000 0.003957 0.001024 0.009414 0.000000
0.000419 0.001307 0.000000 0.000671 0.000000 0.000000 0.007206 0.001618 0.013624 0.000000
0.000000 0.000614 0.000000 0.001257 0.000000 0.000000 0.007094 0.000015 0.030440 0.000958
0.000000 0.000000 0.000000 0.001982 0.000000 0.000000 0.000000 0.000000 0.087492 0.005270
0.000000 0.000000 0.008550 0.000362 0.001191 0.000000 0.000000 0.000000 0.175323 0.009336
0.000000 0.000000 0.096448 0.000000 0.002303 0.000000 0.000000 0.007364 0.179137 0.000000
0.000000 0.045703 0.187020 0.000000 0.000000 0.004235 0.124376 0.029125 0.009209 0.000000
0.000000 0.145774 0.116331 0.000000 0.000000 0.061152 0.237591 0.030973 0.000000 0.059589
0.000000 0.160506 0.000000 0.000000 0.029132 0.145758 0.100576 0.017168 0.005225 0.155816
0.000000 0.067872 0.000000 0.000000 0.143005 0.167123 0.000000 0.042124 0.048053 0.104357
0.000000 0.000000 0.000000 0.062246 0.146632 0.101785 0.000000 0.083719 0.001348 0.002272
0.015491 0.000000 0.009124 0.178161 0.044516 0.023216 0.000000 0.106259 0.000000 0.000000
0.100044 0.000000 0.003552 0.168024 0.000000 0.000000 0.000000 0.082320 0.000000 0.003177
0.162455 0.000000 0.000000 0.060921 0.000000 0.000000 0.000000 0.031358 0.000000 0.001801
0.137027 0.000000 0.000000 0.000000 0.001311 0.000811 0.000000 0.004821 0.000000 0.000000
0.064849 0.000000 0.000027 0.000000 0.004682 0.003650 0.000000 0.000000 0.000000 0.000000
0.019144 0.000012 0.000007 0.000000 0.001685 0.002432 0.000000 0.000000 0.000000 0.000000
0.005013 0.000020 0.000000 0.000000 0.000471 0.000951 0.000000 0.000000 0.000000 0.000000
0.000000 0.000000 0.000000 0.000000 -0.000000 -0.000000 0.000000 -0.000000 -0.000000 -0.000000
0.000000 0.000001 0.000004 0.000050 0.000008 0.000000 0.000009 0.000000 0.000000 0.000001
0.000000 0.000000 0.000000 0.000000 -0.000000 -0.000000 0.000000 -0.000000 -0.000000 -0.000000
0.000000 0.000000 0.000000 0.000000 -0.000000 -0.000000 0.000000 -0.000000 -0.000000 -0.000000
0.000000 0.000000 0.000000 0.000000 -0.000000 -0.000000 0.000000 -0.000000 -0.000000 -0.000000
0.000030 0.000000 0.000001 0.000011 0.000000 0.000000 0.000000 0.000003 0.000000 0.000001
0.000014 0.000074 0.000077 0.000000 0.000004 0.000000 0.000000 0.000020 0.000133 0.000000
0.000218 0.000000 0.000049 0.000076 0.000000 0.000000 0.000000 0.000966 0.000066 0.000000
0.000370 0.000000 0.000000 0.000000 0.000000 0.000000 0.000000 0.001374 0.000063 0.000000
0.000070 0.000385 0.000000 0.000134 0.000000 0.000000 0.002271 0.000738 0.002971 0.000000
0.000151 0.000977 0.000000 0.000298 0.000000 0.000000 0.006560 0.000808 0.007922 0.000000
0.000112 0.001089 0.000000 0.000910 0.000000 0.000000 0.008652 0.001932 0.014550 0.000000
0.000000 0.000866 0.000000 0.001880 0.000000 0.000000 0.012973 0.000690 0.026273 0.000280
0.000000 0.000000 0.000000 0.002639 0.000000 0.000000 0.010802 0.000000 0.070161 0.003064
0.000000 0.000000 0.000350 0.001988 0.000000 0.000000 0.000000 0.000000 0.166707 0.006992
0.000000 0.000000 0.084902 0.000000 0.000000 0.003709 0.000000 0.015594 0.195450 0.000000
0.000000 0.039086 0.189341 0.000000 0.000000 0.033102 0.120697 0.041081 0.023633 0.000000
0.000000 0.134644 0.123065 0.000000 0.000000 0.117111 0.189246 0.027912 0.000000 0.081030
0.000000 0.159933 0.000000 0.000000 0.067576 0.172803 0.045880 0.003137 0.015648 0.157078
0.000000 0.072493 0.000000 0.011549 0.154899 0.133584 0.000000 0.051942 0.040679 0.086477
0.018475 0.000969 0.000000 0.115223 0.119784 0.061183 0.000000 0.107951 0.000000 0.000000
0.067810 0.000000 0.007768 0.183319 0.012504 0.000112 0.000000 0.123290 0.000000 0.000000
0.143562 0.000000 0.001467 0.111770 0.000000 0.000000 0.000000 0.077551 0.000000 0.001176
0.157794 0.000000 0.000000 0.007055 0.000000 0.000000 0.000000 0.023566 0.000000 0.000000
0.088565 0.000000 0.000000 0.000000 0.003685 0.001942 0.000000 0.003675 0.000000 0.000000
0.030025 0.000062 0.000035 0.000000 0.002033 0.003210 0.000000 0.000339 0.000000 0.000000
0.007286 0.000047 0.000050 0.000000 0.000828 0.001679 0.000000 0.000000 0.000000 0.000000
0.002808 0.000014 0.000003 0.000000 0.000280 0.000421 0.000000 0.000000 0.000000 0.000000
0.000000 0.000000 0.000000 0.000000 -0.000000 -0.000000 0.000000 -0.000000 -0.000000 -0.000000
0.000000 0.000000 0.000000 0.000000 -0.000000 -0.000000 0.000000 -0.000000 -0.000000 -0.000000
0.000000 0.000000 0.000000 0.000000 -0.000000 -0.000000 0.000000 -0.000000 -0.000000 -0.000000
0.000000 0.000000 0.000000 0.000000 -0.000000 -0.000000 0.000000 -0.000000 -0.000000 -0.000000
0.000064 0.000000 0.000004 0.000083 0.000000 0.000000 0.000079 0.000121 0.000000 0.000000
0.000000 0.000000 0.000000 0.000000 -0.000000 -0.000000 0.000000 -0.000000 -0.000000 -0.000000
0.000000 0.000000 0.000004 0.000088 0.000000 0.000000 0.000007 0.000009 0.000000 0.000009
0.000264 0.000000 0.000000 0.000000 0.000000 0.000000 0.000000 0.001112 0.000002 0.000000
0.000648 0.000237 0.000000 0.000000 0.000000 0.000000 0.000326 0.001020 0.000789 0.000000
0.000000 0.001048 0.000000 0.000400 0.000007 0.000000 0.003403 0.000000 0.004245 0.000000
0.000000 0.002255 0.000000 0.000907 0.000000 0.000000 0.010675 0.000302 0.010374 0.000000
0.000000 0.002610 0.000000 0.001724 0.000000 0.000000 0.015744 0.002188 0.018747 0.000000
0.000000 0.002777 0.000000 0.002401 0.000000 0.000000 0.020320 0.002578 0.029599 0.000000
0.000000 0.002667 0.000000 0.003881 0.000000 0.000000 0.026637 0.002052 0.061201 0.000146
0.000000 0.000000 0.000000 0.003285 0.000000 0.000000 0.009704 0.004996 0.147534 0.003796
0.000000 0.000000 0.076013 0.000000 0.000000 0.017191 0.000000 0.027257 0.193997 0.000000
0.000000 0.029837 0.190598 0.000000 0.000000 0.078752 0.108088 0.048076 0.029324 0.000000
0.000000 0.124317 0.124035 0.000000 0.000000 0.173834 0.129525 0.009589 0.000000 0.103209
0.000000 0.158597 0.000000 0.000000 0.106164 0.163856 0.010629 0.000000 0.027889 0.150943
0.019671 0.074386 0.000000 0.070615 0.150000 0.088317 0.000000 0.071956 0.034861 0.070868
0.066048 0.000000 0.000000 0.140421 0.085761 0.026836 0.000000 0.140507 0.000000 0.000000
0.111679 0.000000 0.005279 0.154695 0.000000 0.000000 0.000000 0.133150 0.000000 0.000000
0.161021 0.000000 0.000934 0.045220 0.000000 0.000000 0.000000 0.064455 0.000000 0.000000
0.110447 0.000000 0.000096 0.000000 0.002085 0.000000 0.000000 0.014747 0.000000 0.000000
0.038763 0.000049 0.000135 0.000000 0.002687 0.002727 0.000000 0.000739 0.000000 0.000000
0.009466 0.000038 0.000202 0.000000 0.000644 0.001666 0.000000 0.000375 0.000000 0.000000
0.002724 0.000000 0.000284 0.000000 0.000408 0.000678 0.000000 0.000104 0.000000 0.000000
0.001338 0.000012 0.000015 0.000000 0.000133 0.000175 0.000000 0.000100 0.000000 0.000000
0.000000 0.000000 0.000103 0.000008 0.000000 0.000018 0.000023 0.000083 0.000000 0.000046
0.000000 0.000000 0.000020 0.000096 0.000000 0.000000 0.000052 0.000000 0.000000 0.000008
0.000000 0.000000 0.000000 0.000000 -0.000000 -0.000000 0.000000 -0.000000 -0.000000 -0.000000
0.000000 0.000000 0.000000 0.000000 -0.000000 -0.000000 0.000000 -0.000000 -0.000000 -0.000000
0.000106 0.000000 0.000007 0.000137 0.000000 0.000000 0.000130 0.000199 0.000000 0.000000
0.000000 0.000000 0.000000 0.000000 -0.000000 -0.000000 0.000000 -0.000000 -0.000000 -0.000000
0.000000 0.000000 0.000000 0.000000 -0.000000 -0.000000 0.000000 -0.000000 -0.000000 -0.000000
0.000262 0.000000 0.000000 0.000000 0.000000 0.000000 0.000000 0.001117 0.000002 0.000000
0.000173 0.000218 0.000000 0.000000 0.000000 0.000000 0.000385 0.000708 0.000363 0.000000
0.000000 0.001097 0.000000 0.000468 0.000000 0.000000 0.004465 0.000762 0.003809 0.000000
0.000000 0.002319 0.000000 0.000865 0.000000 0.000000 0.011902 0.000000 0.010541 0.000000
0.000000 0.003234 0.000000 0.001867 0.000000 0.000000 0.021101 0.000631 0.017869 0.000000
0.000000 0.004580 0.000000 0.003042 0.000000 0.000000 0.027451 0.003642 0.029227 0.000000
0.000000 0.005318 0.000000 0.003814 0.000000 0.000000 0.029591 0.004514 0.057291 0.000000
0.000000 0.000331 0.000000 0.003169 0.000000 0.001810 0.013790 0.010780 0.123607 0.001988
0.000000 0.000000 0.069727 0.000000 0.000000 0.042439 0.000000 0.035778 0.181890 0.000000
0.000000 0.019306 0.187678 0.000000 0.000000 0.142084 0.095529 0.047694 0.031341 0.012583
0.000000 0.113885 0.121359 0.000000 0.034982 0.220196 0.054211 0.000000 0.013336 0.124084
0.020743 0.159984 0.000000 0.047547 0.131495 0.114986 0.000000 0.000000 0.041756 0.141689
0.075590 0.077140 0.000000 0.097207 0.138350 0.049696 0.000000 0.099656 0.028222 0.047988
0.095235 0.000000 0.000000 0.146541 0.046269 0.000103 0.000000 0.171674 0.000000 0.000000
0.142189 0.000000 0.002688 0.092655 0.000000 0.000000 0.007927 0.123612 0.000000 0.000000
0.133186 0.000000 0.000894 0.000000 0.000000 0.000000 0.004612 0.039798 0.000000 0.000000
0.050667 0.000000 0.000350 0.000000 0.002488 0.000072 0.001920 0.005924 0.000000 0.000000
0.010116 0.000115 0.000062 0.000000 0.000839 0.000766 0.001775 0.000207 0.000000 0.000000
0.002687 0.000000 0.000330 0.000000 0.000185 0.000294 0.001603 0.000441 0.000000 0.000000
0.001067 0.000000 0.000319 0.000000 0.000335 0.000011 0.000361 0.000000 0.000000 0.000000
0.000183 0.000000 0.000001 0.000000 0.000020 0.000017 0.000000 0.000003 0.000000 0.000000
0.000365 0.000000 0.000173 0.000000 0.000000 0.000316 0.000000 0.000032 0.000000 0.000061
0.000000 0.000000 0.000030 0.000078 0.000000 0.000000 0.000046 0.000000 0.000000 0.000013
0.000000 0.000000 0.000000 0.000000 -0.000000 -0.000000 0.000000 -0.000000 -0.000000 -0.000000
0.000000 0.000000 0.000000 0.000000 -0.000000 -0.000000 0.000000 -0.000000 -0.000000 -0.000000
0.000000 0.000000 0.000014 0.000051 0.000000 0.000000 0.000010 0.000180 0.000000 0.000000
0.000000 0.000000 0.000007 0.000031 0.000000 0.000000 0.000000 0.000102 0.000000 0.000000
0.000000 0.000002 0.000000 0.000072 0.000000 0.000235 0.000000 0.000106 0.000005 0.000000
0.000264 0.000000 0.000000 0.000000 0.000000 0.000000 0.000000 0.001124 0.000004 0.000000
0.000012 0.000000 0.000000 0.000129 0.000000 0.000000 0.000000 0.001373 0.000238 0.000235
0.000000 0.000190 0.000000 0.000488 0.000000 0.000000 0.002526 0.001811 0.002525 0.000000
0.000000 0.001655 0.000000 0.000805 0.000000 0.000000 0.009812 0.000458 0.008771 0.000000
0.000000 0.002994 0.000000 0.001537 0.000000 0.000000 0.018472 0.000732 0.014900 0.000000
0.000000 0.005984 0.000000 0.002980 0.000000 0.000000 0.026613 0.005080 0.025550 0.000000
0.000000 0.009335 0.000000 0.003285 0.000000 0.000000 0.025843 0.008109 0.051005 0.000000
0.000000 0.004245 0.000000 0.001681 0.000000 0.012478 0.013088 0.016737 0.095591 0.000099
0.000000 0.000000 0.066290 0.000000 0.000000 0.082895 0.001491 0.043472 0.148576 0.001099
0.000000 0.007022 0.181811 0.000000 0.000000 0.226144 0.062529 0.031516 0.029832 0.036373
0.020994 0.107774 0.121189 0.014444 0.081005 0.200635 0.004380 0.000000 0.031554 0.139115
0.075339 0.163506 0.012380 0.086988 0.142041 0.057040 0.000000 0.000000 0.051738 0.128325
0.101581 0.079795 0.000000 0.109381 0.114832 0.017066 0.000000 0.143071 0.030487 0.023860
0.117491 0.000000 0.000000 0.121907 0.007904 0.000000 0.012022 0.192122 0.000000 0.000000
0.137940 0.000000 0.000987 0.028951 0.000000 0.000000 0.009626 0.091670 0.000000 0.000000
0.070085 0.000000 0.000558 0.000000 0.000000 0.000553 0.008109 0.018299 0.000000 0.000000
0.014139 0.000000 0.000211 0.000000 0.000482 0.001428 0.003175 0.001651 0.000000 0.000000
0.003158 0.000023 0.000014 0.000000 0.000262 0.000439 0.002158 0.000093 0.000000 0.000000
0.000479 0.000000 0.000294 0.000000 0.000057 0.000000 0.001483 0.000167 0.000000 0.000000
0.000046 0.000000 0.000242 0.000000 0.000233 0.000003 0.000305 0.000000 0.000000 0.000000
0.000000 0.000000 0.000000 0.000000 -0.000000 -0.000000 0.000000 -0.000000 -0.000000 -0.000000
0.000551 0.000000 0.000175 0.000000 0.000000 0.000450 0.000000 0.000000 0.000000 0.000055
0.000000 0.000000 0.000029 0.000002 0.000000 0.000005 0.000006 0.000023 0.000000 0.000013
0.000000 0.000000 0.000000 0.000000 -0.000000 -0.000000 0.000000 -0.000000 -0.000000 -0.000000
0.000000 0.000000 0.000000 0.000000 -0.000000 -0.000000 0.000000 -0.000000 -0.000000 -0.000000
0.000000 0.000000 0.000000 0.000000 -0.000000 -0.000000 0.000000 -0.000000 -0.000000 -0.000000
0.000000 0.000000 0.000000 0.000011 0.000000 0.000035 0.000000 0.000016 0.000001 0.000000
0.000000 0.000006 0.000000 0.000185 0.000000 0.000609 0.000000 0.000276 0.000012 0.000000
0.000251 0.000000 0.000000 0.000000 0.000000 0.000000 0.000000 0.001063 0.000000 0.000000
0.000000 0.000000 0.000000 0.000110 0.000000 0.000000 0.000000 0.000982 0.000187 0.000070
0.000000 0.000000 0.000000 0.000527 0.000000 0.000000 0.001748 0.002683 0.001915 0.000000
0.000000 0.000866 0.000000 0.000741 0.000000 0.000000 0.004948 0.002950 0.006508 0.000000
0.000000 0.002620 0.000000 0.001117 0.000000 0.000000 0.010592 0.002860 0.011358 0.000000
0.000000 0.007233 0.000000 0.002029 0.000000 0.000000 0.021358 0.005377 0.023736 0.000000
0.000000 0.009472 0.000000 0.001648 0.000000 0.002439 0.017924 0.007898 0.040358 0.000000
0.000000 0.004554 0.000000 0.000000 0.000000 0.025622 0.006319 0.019327 0.066555 0.000000
0.000000 0.000000 0.061797 0.000000 0.000000 0.146188 0.000000 0.050220 0.104619 0.003869
0.014857 0.000000 0.172657 0.000000 0.004182 0.293459 0.015721 0.000000 0.031067 0.063877
0.071336 0.103777 0.123651 0.062024 0.117739 0.125632 0.000000 0.000000 0.038728 0.147063
0.108068 0.169495 0.021377 0.098295 0.144919 0.021524 0.000000 0.015945 0.069147 0.111271
0.109744 0.078907 0.000000 0.110419 0.076613 0.000000 0.000000 0.199834 0.035359 0.001246
0.125296 0.000000 0.000000 0.065446 0.000000 0.000000 0.021295 0.186510 0.000000 0.000000
0.082052 0.000000 0.000064 0.000000 0.000000 0.001767 0.008761 0.055860 0.000000 0.000000
0.020790 0.000000 0.000052 0.000000 0.000000 0.002226 0.006042 0.006522 0.000000 0.000000
0.003813 0.000000 0.000217 0.000000 0.000000 0.002007 0.002842 0.000000 0.000000 0.000000
0.001290 0.000000 0.000052 0.000000 0.000019 0.000552 0.003146 0.000000 0.000000 0.000000
0.000083 0.000000 0.000022 0.000000 0.000085 0.000118 0.000865 0.000000 0.000000 0.000000
0.000055 0.000051 0.000071 0.000000 0.000267 0.000121 0.000000 0.000000 0.000000 0.000000
0.000001 0.000039 0.000015 0.000000 0.000001 0.000000 0.000000 0.000000 0.000000 0.000000
0.000000 0.000000 0.000168 0.000012 0.000000 0.000029 0.000038 0.000135 0.000000 0.000075
0.000000 0.000000 0.000029 0.000002 0.000000 0.000005 0.000006 0.000023 0.000000 0.000013
0.000000 0.000000 0.000000 0.000000 -0.000000 -0.000000 0.000000 -0.000000 -0.000000 -0.000000
0.000000 0.000000 0.000000 0.000000 -0.000000 -0.000000 0.000000 -0.000000 -0.000000 -0.000000
0.000000 0.000000 0.000000 0.000000 -0.000000 -0.000000 0.000000 -0.000000 -0.000000 -0.000000
0.000000 0.000000 0.000000 0.000006 0.000000 0.000019 0.000000 0.000008 0.000000 0.000000
0.000000 0.000003 0.000000 0.000097 0.000000 0.000318 0.000000 0.000144 0.000006 0.000000
0.000157 0.000259 0.000000 0.000000 0.000000 0.000091 0.000000 0.000710 0.000000 0.000081
0.000000 0.000049 0.000000 0.000086 0.000000 0.000000 0.000050 0.000560 0.000115 0.000018
0.000000 0.000000 0.000000 0.000448 0.000000 0.000000 0.001013 0.002708 0.000972 0.000000
0.000000 0.000168 0.000000 0.000582 0.000000 0.000000 0.002374 0.002102 0.003423 0.000000
0.000000 0.002378 0.000000 0.000880 0.000000 0.000000 0.006210 0.001738 0.009794 0.000000
0.000000 0.005851 0.000000 0.000642 0.000000 0.000745 0.008767 0.003832 0.014876 0.000000
0.000000 0.007935 0.000000 0.000000 0.000000 0.008641 0.007666 0.007853 0.023360 0.000000
0.007158 0.002912 0.000000 0.000000 0.000000 0.054082 0.001651 0.021378 0.038830 0.000000
0.019002 0.000000 0.058021 0.000000 0.000000 0.239925 0.000000 0.037707 0.058487 0.004103
0.062569 0.000000 0.162035 0.041039 0.048615 0.268708 0.000000 0.000000 0.021994 0.090346
0.104647 0.101163 0.126326 0.089783 0.138174 0.059076 0.000000 0.000000 0.039933 0.150395
0.116900 0.174028 0.032212 0.096486 0.136212 0.000000 0.000000 0.051734 0.083349 0.088937
0.114298 0.073713 0.000000 0.079095 0.030994 0.000000 0.018345 0.253576 0.051100 0.000000
0.087404 0.000000 0.000000 0.018024 0.000000 0.000000 0.025509 0.142367 0.008561 0.000000
0.025148 0.000000 0.000000 0.000000 0.000000 0.006748 0.007920 0.024217 0.000387 0.000000
0.004237 0.000000 0.000258 0.000000 0.000000 0.002901 0.004518 0.000549 0.000000 0.000000
0.001057 0.000000 0.000276 0.000000 0.000000 0.001506 0.002548 0.000000 0.000000 0.000000
0.000456 0.000081 0.000000 0.000001 0.000085 0.000205 0.002051 0.000000 0.000000 0.000000
0.000192 0.000042 0.000000 0.000000 0.000095 0.000133 0.000648 0.000000 0.000000 0.000000
0.000038 0.000056 0.000056 0.000000 0.000186 0.000085 0.000000 0.000000 0.000000 0.000000
0.000000 0.000000 0.000000 0.000000 -0.000000 -0.000000 0.000000 -0.000000 -0.000000 -0.000000
0.000000 0.000000 0.000132 0.000010 0.000000 0.000023 0.000030 0.000106 0.000000 0.000058
0.000000 0.000000 0.000022 0.000002 0.000000 0.000004 0.000005 0.000018 0.000000 0.000010
0.000000 0.000000 0.000000 0.000000 -0.000000 -0.000000 0.000000 -0.000000 -0.000000 -0.000000
0.000000 0.000000 0.000000 0.000000 -0.000000 -0.000000 0.000000 -0.000000 -0.000000 -0.000000
0.000000 0.000000 0.000000 0.000000 -0.000000 -0.000000 0.000000 -0.000000 -0.000000 -0.000000
0.000000 0.000000 0.000000 0.000000 -0.000000 -0.000000 0.000000 -0.000000 -0.000000 -0.000000
0.000000 0.000000 0.000000 0.000000 -0.000000 -0.000000 0.000000 -0.000000 -0.000000 -0.000000
0.000101 0.000000 0.000000 0.000000 0.000000 0.000000 0.000000 0.000428 0.000000 0.000001
0.000000 0.000000 0.000000 0.000169 0.000000 0.000000 0.000234 0.000668 0.000165 0.000000
0.000000 0.000033 0.000000 0.000064 0.000000 0.000000 0.000523 0.000613 0.000061 0.000000
0.000175 0.000107 0.000000 0.000000 0.000000 0.000397 0.000000 0.000014 0.001184 0.000000
0.000036 0.002179 0.000000 0.000000 0.000000 0.001563 0.001835 0.001010 0.005769 0.000000
0.001236 0.005012 0.000000 0.000000 0.000000 0.005464 0.003155 0.003018 0.011705 0.000000
0.005480 0.003714 0.000000 0.000000 0.000000 0.019301 0.000000 0.010466 0.014008 0.000000
0.026416 0.000000 0.001235 0.000000 0.000000 0.099187 0.000000 0.026162 0.018283 0.000000
0.062305 0.000000 0.050519 0.029665 0.000000 0.299847 0.001906 0.011136 0.021548 0.007344
0.096535 0.000000 0.151089 0.081990 0.094965 0.175451 0.009927 0.000000 0.010081 0.113317
0.112429 0.103079 0.126251 0.095083 0.143439 0.030094 0.000000 0.000000 0.042099 0.150191
0.115545 0.176609 0.045646 0.078772 0.109968 0.000000 0.000000 0.124081 0.088926 0.063185
0.084291 0.068250 0.000000 0.035041 0.000000 0.000000 0.034367 0.263882 0.079513 0.000000
0.030252 0.000000 0.000000 0.002512 0.000000 0.008650 0.023476 0.081070 0.030198 0.000000
0.004963 0.000000 0.000000 0.000000 0.000000 0.004937 0.011401 0.009408 0.002699 0.000000
0.000000 0.000245 0.000249 0.000000 0.000000 0.003746 0.006836 0.000000 0.000000 0.000000
0.000000 0.000000 0.000268 0.000000 0.000000 0.001530 0.002937 0.000000 0.000000 0.000000
0.000000 0.000127 0.000000 0.000021 0.000000 0.000833 0.002770 0.000000 0.000000 0.000000
0.000000 0.000000 0.000000 0.000010 0.000000 0.001540 0.000149 0.000000 0.000000 0.000000
0.000000 0.000000 0.000000 0.000125 0.000000 0.001053 0.000000 0.000000 0.000050 0.000059
0.000000 0.000000 0.000000 0.000125 0.000000 0.001053 0.000000 0.000000 0.000050 0.000059
0.000000 0.000014 0.000000 0.000010 0.000000 0.000165 0.000112 0.000129 0.000000 0.000000
0.000000 0.000011 0.000000 0.000003 0.000000 0.000076 0.000087 0.000092 0.000000 0.000000
0.000000 0.000000 0.000000 0.000000 -0.000000 -0.000000 0.000000 -0.000000 -0.000000 -0.000000
0.000000 0.000000 0.000000 0.000000 -0.000000 -0.000000 0.000000 -0.000000 -0.000000 -0.000000
0.000000 0.000000 0.000000 0.000000 -0.000000 -0.000000 0.000000 -0.000000 -0.000000 -0.000000
0.000000 0.000000 0.000000 0.000000 -0.000000 -0.000000 0.000000 -0.000000 -0.000000 -0.000000
0.000003 0.000000 0.000000 0.000000 0.000008 0.000004 0.000000 0.000025 0.000003 0.000009
0.000000 0.000000 0.000000 0.000049 0.000000 0.000186 0.000000 0.000000 0.000015 0.000017
0.000000 0.000000 0.000001 0.000034 0.000000 0.000027 0.000000 0.000056 0.000000 0.000001
0.000000 0.000000 0.000003 0.000037 0.000000 0.000000 0.000000 0.000374 0.000000 0.000000
0.000000 0.000528 0.000000 0.000170 0.000000 0.000949 0.000000 0.001813 0.000906 0.000000
0.001434 0.001740 0.000000 0.000000 0.000000 0.004705 0.000000 0.002845 0.004140 0.000000
0.005395 0.002558 0.000000 0.000000 0.000000 0.010220 0.000000 0.006795 0.005427 0.000000
0.025831 0.001528 0.000000 0.000000 0.000000 0.040733 0.000000 0.013305 0.006732 0.000000
0.074887 0.000000 0.000000 0.016320 0.000000 0.165011 0.000000 0.013742 0.006916 0.000000
0.096803 0.000000 0.045363 0.077385 0.026870 0.274546 0.044713 0.000000 0.000000 0.009630
0.106916 0.000000 0.139244 0.093943 0.124571 0.104369 0.019390 0.000000 0.000000 0.134121
0.106872 0.104844 0.127020 0.089144 0.139704 0.003743 0.000000 0.021895 0.040296 0.146197
0.085522 0.178142 0.059990 0.041940 0.068474 0.000000 0.000000 0.205144 0.085804 0.035308
0.030827 0.065355 0.000000 0.006382 0.000000 0.011503 0.024734 0.205789 0.124446 0.000000
0.005245 0.001388 0.000000 0.000339 0.000000 0.009141 0.016559 0.040439 0.045216 0.000000
0.000671 0.000170 0.000000 0.000054 0.000000 0.002280 0.009556 0.004200 0.008472 0.000000
0.000000 0.000084 0.000000 0.000000 0.000000 0.002282 0.004023 0.000000 0.000993 0.000000
0.000000 0.000000 0.000271 0.000016 0.000000 0.001167 0.002648 0.000000 0.000000 0.000000
0.000124 0.000095 0.000006 0.000001 0.000000 0.000998 0.002527 0.000000 0.000000 0.000000
0.000118 0.000016 0.000000 0.000000 0.000000 0.000899 0.000000 0.000000 0.000007 0.000044
0.000000 0.000000 0.000000 0.000036 0.000000 0.000302 0.000000 0.000000 0.000014 0.000017
0.000000 0.000000 0.000000 0.000036 0.000000 0.000302 0.000000 0.000000 0.000014 0.000017
0.000000 0.000006 0.000000 0.000004 0.000000 0.000065 0.000049 0.000055 0.000000 0.000000
0.000000 0.000005 0.000000 0.000001 0.000000 0.000030 0.000035 0.000037 0.000000 0.000000
0.000000 0.000000 0.000000 0.000000 -0.000000 -0.000000 0.000000 -0.000000 -0.000000 -0.000000
0.000000 0.000000 0.000000 0.000000 -0.000000 -0.000000 0.000000 -0.000000 -0.000000 -0.000000
0.000000 0.000001 0.000000 0.000011 0.000000 0.000019 0.000000 0.000000 0.000002 0.000001
0.000000 0.000000 0.000000 0.000005 0.000000 0.000008 0.000000 0.000000 0.000001 0.000000
0.000001 0.000000 0.000000 0.000000 0.000002 0.000001 0.000000 0.000006 0.000001 0.000002
0.000010 0.000000 0.000001 0.000000 0.000069 0.000240 0.000000 0.000000 0.000009 0.000000
0.000000 0.000000 0.000015 0.000169 0.000000 0.000000 0.000000 0.001101 0.000000 0.000000
0.000000 0.000000 0.000030 0.000146 0.000000 0.000000 0.000000 0.002344 0.000000 0.000060
0.000038 0.000356 0.000000 0.000146 0.000000 0.001121 0.000000 0.003870 0.000000 0.000000
0.003654 0.001218 0.000000 0.000000 0.000000 0.006704 0.000000 0.003200 0.002587 0.000000
0.025253 0.001949 0.000000 0.000000 0.000000 0.019315 0.000000 0.006570 0.003357 0.000000
0.078717 0.000883 0.000000 0.000775 0.000000 0.078908 0.000000 0.007677 0.004401 0.000000
0.112347 0.000000 0.000000 0.070087 0.000000 0.199841 0.000000 0.000000 0.000000 0.000000
0.099238 0.000000 0.040164 0.105791 0.079567 0.200595 0.103093 0.000000 0.000000 0.016758
0.103000 0.000000 0.123855 0.092915 0.135270 0.061518 0.025599 0.016547 0.000000 0.153642
0.082589 0.102749 0.131231 0.059037 0.122270 0.000000 0.000000 0.087382 0.025395 0.139350
0.035954 0.177388 0.075130 0.004331 0.022040 0.000000 0.000000 0.244044 0.087034 0.015070
0.005151 0.065914 0.002288 0.000000 0.000000 0.026795 0.007642 0.121545 0.166146 0.000000
0.000878 0.002856 0.000000 0.000092 0.000000 0.007748 0.008642 0.021487 0.066732 0.000000
0.000000 0.000417 0.000000 0.000557 0.000000 0.001786 0.010069 0.001302 0.014409 0.000000
0.000000 0.000461 0.000000 0.000324 0.000000 0.000837 0.007712 0.000000 0.004332 0.000000
0.000000 0.000004 0.000026 0.000053 0.000004 0.000000 0.004457 0.000000 0.000941 0.000000
0.000194 0.000212 0.000000 0.000000 0.000016 0.000293 0.004051 0.000000 0.000565 0.000000
0.000033 0.000040 0.000000 0.000061 0.000000 0.000000 0.001889 0.000000 0.000186 0.000000
0.000089 0.000007 0.000000 0.000000 0.000000 0.000533 0.000000 0.000000 0.000043 0.000000
0.000221 0.000042 0.000000 0.000000 0.000000 0.001315 0.000000 0.000000 0.000199 0.000000
0.000071 0.000004 0.000000 0.000000 0.000000 0.000443 0.000000 0.000000 0.000028 0.000000
0.000000 0.000000 0.000000 0.000000 -0.000000 -0.000000 0.000000 -0.000000 -0.000000 -0.000000
0.000000 0.000000 0.000000 0.000000 -0.000000 -0.000000 0.000000 -0.000000 -0.000000 -0.000000
0.000000 0.000000 0.000000 0.000000 -0.000000 -0.000000 0.000000 -0.000000 -0.000000 -0.000000
0.000000 0.000016 0.000000 0.000160 0.000000 0.000282 0.000000 0.000000 0.000030 0.000013
0.000000 0.000007 0.000000 0.000067 0.000000 0.000117 0.000000 0.000000 0.000012 0.000006
0.000000 0.000000 0.000000 0.000000 -0.000000 -0.000000 0.000000 -0.000000 -0.000000 -0.000000
0.000004 0.000000 0.000001 0.000000 0.000031 0.000113 0.000000 0.000000 0.000004 0.000000
0.000046 0.000000 0.000000 0.000149 0.000000 0.000000 0.000000 0.001617 0.000027 0.000024
0.000392 0.000000 0.000000 0.000073 0.000000 0.000043 0.000000 0.002758 0.000554 0.000000
0.003359 0.000096 0.000000 0.000000 0.000000 0.002385 0.000000 0.002069 0.001004 0.000000
0.020750 0.000666 0.000000 0.000000 0.000000 0.010153 0.000000 0.001244 0.004106 0.000000
0.072828 0.001864 0.000000 0.000000 0.000000 0.038424 0.000000 0.000000 0.004925 0.000000
0.130908 0.001353 0.000000 0.040434 0.000000 0.115756 0.000000 0.000000 0.005411 0.000000
0.105452 0.001130 0.000000 0.124638 0.019174 0.186707 0.024673 0.000000 0.000000 0.000000
0.098701 0.000000 0.031552 0.099875 0.124421 0.131013 0.148542 0.000000 0.000000 0.028923
0.071516 0.000000 0.107708 0.080282 0.134177 0.030906 0.039230 0.053423 0.000000 0.166104
0.034964 0.101102 0.133874 0.013976 0.082687 0.000000 0.000000 0.171146 0.004296 0.133958
0.005499 0.180192 0.088598 0.000000 0.000000 0.015858 0.000000 0.203627 0.092602 0.000000
0.001491 0.064775 0.012411 0.000000 0.000000 0.024740 0.000000 0.058502 0.197745 0.000000
0.000000 0.002039 0.000000 0.000272 0.000000 0.006478 0.002710 0.008578 0.101452 0.000438
0.000000 0.000754 0.000000 0.000938 0.000000 0.001034 0.016284 0.000000 0.026079 0.000000
0.000000 0.001153 0.000000 0.000442 0.000000 0.000000 0.015100 0.000000 0.009871 0.000000
0.000236 0.000883 0.000000 0.000188 0.000044 0.000000 0.010583 0.000000 0.004071 0.000000
0.000079 0.001588 0.000000 0.000294 0.000069 0.000000 0.009977 0.000000 0.004078 0.000000
0.000000 0.001177 0.000000 0.000312 0.000026 0.000000 0.007440 0.000000 0.003021 0.000000
0.000008 0.001137 0.000000 0.000065 0.000068 0.000116 0.004006 0.000000 0.002116 0.000000
0.000282 0.000923 0.000000 0.000000 0.000000 0.001075 0.001961 0.000000 0.002108 0.000000
0.000282 0.000099 0.000000 0.000000 0.000000 0.001750 0.000000 0.000000 0.000265 0.000000
0.000000 0.000006 0.000000 0.000010 0.000000 0.000000 0.000010 0.000000 0.000012 0.000040
0.000000 0.000001 0.000000 0.000003 0.000000 0.000000 0.000003 0.000000 0.000003 0.000010
0.000000 0.000000 0.000000 0.000000 -0.000000 -0.000000 0.000000 -0.000000 -0.000000 -0.000000
0.000000 0.000002 0.000000 0.000018 0.000000 0.000032 0.000000 0.000000 0.000003 0.000002
0.000000 0.000001 0.000000 0.000008 0.000000 0.000013 0.000000 0.000000 0.000001 0.000001
0.000000 0.000000 0.000000 0.000000 -0.000000 -0.000000 0.000000 -0.000000 -0.000000 -0.000000
0.000000 0.000000 0.000000 0.000000 -0.000000 -0.000000 0.000000 -0.000000 -0.000000 -0.000000
0.000231 0.000236 0.000000 0.000000 0.000000 0.000000 0.000043 0.000442 0.000898 0.000000
0.002507 0.000357 0.000000 0.000000 0.000000 0.001427 0.000000 0.000446 0.001091 0.000000
0.017785 0.000634 0.000000 0.000000 0.000947 0.005273 0.000000 0.000000 0.001632 0.000000
0.061796 0.000868 0.000000 0.000000 0.000949 0.016818 0.000000 0.000000 0.003233 0.000000
0.130301 0.001175 0.000000 0.009979 0.000000 0.065437 0.000000 0.000000 0.005399 0.000000
0.125741 0.002056 0.000000 0.109549 0.000000 0.129151 0.000000 0.000000 0.000170 0.000000
0.089355 0.003023 0.000722 0.140467 0.065734 0.149098 0.078081 0.000000 0.000000 0.000000
0.075396 0.000000 0.022583 0.086289 0.148644 0.078713 0.182788 0.019479 0.000000 0.043393
0.025645 0.000000 0.092729 0.039761 0.121639 0.012343 0.053754 0.114001 0.000000 0.174207
0.007631 0.105210 0.132128 0.000000 0.030858 0.000000 0.000000 0.216362 0.000000 0.131665
0.000195 0.182476 0.102494 0.000000 0.000000 0.034659 0.000000 0.132367 0.086164 0.000000
0.002952 0.067517 0.024483 0.000000 0.000000 0.019836 0.000000 0.027062 0.210241 0.000000
0.000257 0.003230 0.000000 0.000463 0.000000 0.004975 0.002140 0.000335 0.144484 0.001595
0.000000 0.002182 0.000000 0.001610 0.000000 0.000000 0.025996 0.000000 0.050080 0.000000
0.000000 0.003587 0.000000 0.001099 0.000022 0.000000 0.025760 0.000000 0.020241 0.000000
0.000000 0.004403 0.000000 0.000962 0.000000 0.000000 0.024657 0.000000 0.013598 0.000000
0.000000 0.004112 0.000000 0.000855 0.000133 0.000000 0.018405 0.000000 0.010370 0.000000
0.000000 0.002874 0.000000 0.000512 0.000193 0.000000 0.010408 0.000000 0.006692 0.000000
0.000036 0.001955 0.000000 0.000283 0.000000 0.000313 0.006352 0.000000 0.005026 0.000000
0.000299 0.001166 0.000000 0.000000 0.000002 0.000740 0.003684 0.000000 0.003129 0.000000
0.000270 0.000238 0.000000 0.000000 0.000000 0.001644 0.000241 0.000000 0.000508 0.000000
0.000000 0.000023 0.000000 0.000040 0.000000 0.000000 0.000040 0.000000 0.000048 0.000159
0.000000 0.000083 0.000000 0.000000 0.000000 0.000084 0.000194 0.000318 0.000000 0.000052
0.000000 0.000000 0.000000 0.000000 -0.000000 -0.000000 0.000000 -0.000000 -0.000000 -0.000000
0.000000 0.000000 0.000000 0.000000 -0.000000 -0.000000 0.000000 -0.000000 -0.000000 -0.000000
0.000000 0.000017 0.000007 0.000000 0.000000 0.000097 0.000000 0.000117 0.000000 0.000000
0.000144 0.000000 0.000017 0.000040 0.000000 0.000110 0.000000 0.000046 0.000000 0.000000
0.000061 0.000000 0.000003 0.000000 0.000016 0.000103 0.000000 0.000000 0.000000 0.000000
0.000919 0.000209 0.000000 0.000000 0.000081 0.000000 0.000000 0.000409 0.000776 0.000000
0.013859 0.001282 0.000000 0.000000 0.000908 0.003327 0.000094 0.000000 0.002466 0.000000
0.053340 0.001995 0.000000 0.000000 0.002648 0.009037 0.000000 0.000000 0.004307 0.000000
0.123680 0.002701 0.000000 0.000000 0.000000 0.027891 0.000000 0.000000 0.008193 0.000000
0.149621 0.004666 0.000000 0.066532 0.000000 0.076146 0.000000 0.000000 0.014032 0.000000
0.095222 0.010665 0.000000 0.162575 0.001687 0.112753 0.022300 0.000000 0.003610 0.000000
0.062303 0.006932 0.000000 0.131543 0.110195 0.097115 0.160511 0.000000 0.000000 0.000000
0.027955 0.000000 0.009837 0.058049 0.159819 0.039291 0.229294 0.056141 0.000000 0.054395
0.003855 0.000000 0.069095 0.000000 0.086817 0.006522 0.073176 0.181380 0.000000 0.185355
0.000000 0.120178 0.123410 0.000000 0.000000 0.018840 0.000000 0.206376 0.000000 0.125776
0.000000 0.183779 0.112746 0.000000 0.000000 0.036950 0.000000 0.082260 0.081812 0.000000
0.003185 0.073979 0.036901 0.000000 0.001565 0.013060 0.010806 0.010625 0.220982 0.000000
0.000000 0.008044 0.000000 0.001670 0.000000 0.000000 0.012223 0.000000 0.186469 0.000000
0.000000 0.005085 0.000000 0.003384 0.000000 0.000000 0.041201 0.000000 0.087584 0.000000
0.000000 0.007232 0.000000 0.002662 0.000000 0.000000 0.045804 0.000000 0.043549 0.000000
0.000000 0.007416 0.000000 0.001911 0.000000 0.000000 0.036472 0.000000 0.027632 0.000000
0.000000 0.006067 0.000000 0.001316 0.000000 0.000000 0.025594 0.000000 0.018587 0.000000
0.000000 0.004411 0.000000 0.000687 0.000165 0.000000 0.015744 0.000000 0.012576 0.000000
0.000000 0.002670 0.000000 0.000485 0.000000 0.000000 0.010305 0.000000 0.008151 0.000000
0.000061 0.001593 0.000000 0.000151 0.000000 0.001597 0.005606 0.000000 0.004416 0.000000
0.000193 0.000303 0.000000 0.000000 0.000000 0.001625 0.000362 0.000000 0.000908 0.000000
0.000000 0.000000 0.000000 0.000000 -0.000000 -0.000000 0.000000 -0.000000 -0.000000 -0.000000
0.000000 0.000044 0.000000 0.000005 0.000000 0.000011 0.000097 0.000122 0.000000 0.000078
0.000000 0.000000 0.000000 0.000000 -0.000000 -0.000000 0.000000 -0.000000 -0.000000 -0.000000
0.000000 0.000000 0.000000 0.000000 -0.000000 -0.000000 0.000000 -0.000000 -0.000000 -0.000000
0.000000 0.000004 0.000002 0.000000 0.000000 0.000023 0.000000 0.000028 0.000000 0.000000
0.000001 0.000001 0.000000 0.000049 0.000000 0.000000 0.000220 0.000284 0.000232 0.000000
0.001331 0.000000 0.000000 0.000000 0.000090 0.000000 0.000148 0.000329 0.000236 0.000000
0.009956 0.000000 0.000000 0.000000 0.000718 0.000522 0.000000 0.000554 0.000887 0.000000
0.042877 0.001208 0.000000 0.000000 0.002308 0.004237 0.000904 0.000000 0.005838 0.000000
0.106785 0.003026 0.000000 0.000000 0.002119 0.011079 0.000000 0.000000 0.009553 0.000000
0.155961 0.005767 0.000000 0.029177 0.000000 0.037242 0.000000 0.000000 0.018356 0.000000
0.119805 0.011038 0.000000 0.137548 0.000000 0.068445 0.013205 0.000000 0.028476 0.000000
0.055772 0.021194 0.000000 0.181879 0.038582 0.081244 0.098209 0.000000 0.013951 0.000000
0.019001 0.013996 0.000000 0.106076 0.145127 0.049368 0.253476 0.000870 0.000000 0.000000
0.006816 0.000000 0.000000 0.006512 0.155926 0.018462 0.264367 0.104173 0.000000 0.063565
0.000000 0.000000 0.042468 0.000000 0.038501 0.015349 0.079152 0.217577 0.000000 0.199548
0.000000 0.132435 0.113677 0.000000 0.000000 0.040598 0.000000 0.170558 0.000000 0.118094
0.000000 0.182215 0.120744 0.000000 0.000000 0.037595 0.003916 0.047905 0.072974 0.000000
0.002693 0.075874 0.054266 0.000000 0.004277 0.008809 0.022259 0.000812 0.216318 0.000000
0.000000 0.011081 0.000000 0.002100 0.000040 0.000000 0.022391 0.000000 0.225952 0.000000
0.000000 0.006498 0.000000 0.005960 0.000000 0.000000 0.051825 0.001815 0.129276 0.000000
0.000000 0.007532 0.000000 0.005014 0.000000 0.000000 0.056284 0.002208 0.065841 0.000000
0.000000 0.007056 0.000000 0.003480 0.000000 0.000000 0.042455 0.000488 0.039696 0.000000
0.000000 0.005122 0.000000 0.001885 0.000000 0.000000 0.027387 0.001083 0.023825 0.000000
0.000000 0.003376 0.000000 0.000827 0.000000 0.000000 0.015018 0.000238 0.012778 0.000000
0.000000 0.001811 0.000000 0.000379 0.000000 0.000026 0.009143 0.000000 0.008051 0.000000
0.000000 0.001502 0.000000 0.000216 0.000000 0.001741 0.004978 0.000000 0.005030 0.000000
0.000133 0.000273 0.000000 0.000071 0.000000 0.001175 0.000569 0.000000 0.001128 0.000000
0.000000 0.000000 0.000000 0.000000 -0.000000 -0.000000 0.000000 -0.000000 -0.000000 -0.000000
0.000000 0.000000 0.000000 0.000000 -0.000000 -0.000000 0.000000 -0.000000 -0.000000 -0.000000
0.000004 0.000000 0.000003 0.000000 0.000022 0.000000 0.000000 0.000067 0.000000 0.000003
0.000001 0.000000 0.000001 0.000000 0.000007 0.000000 0.000000 0.000021 0.000000 0.000001
0.000000 0.000000 0.000000 0.000000 -0.000000 -0.000000 0.000000 -0.000000 -0.000000 -0.000000
0.000873 0.000006 0.000000 0.000000 0.000000 0.000000 0.001109 0.001216 0.001036 0.000000
0.004918 0.000053 0.000000 0.000000 0.000000 0.000000 0.002156 0.002352 0.001887 0.000000
0.027682 0.000219 0.000000 0.000000 0.001480 0.000000 0.002037 0.003025 0.005167 0.000000
0.084724 0.001162 0.000000 0.000000 0.002706 0.003485 0.000000 0.004110 0.009999 0.000000
0.145695 0.003371 0.000000 0.000000 0.000000 0.009285 0.000000 0.002210 0.017153 0.000000
0.145566 0.007966 0.000000 0.083879 0.000000 0.031815 0.000000 0.000000 0.029049 0.000730
0.074115 0.018273 0.000000 0.183713 0.000000 0.052523 0.037644 0.000000 0.032496 0.000000
0.009544 0.027899 0.000000 0.171471 0.076525 0.055544 0.153755 0.000000 0.013585 0.000000
0.000000 0.014473 0.000000 0.060359 0.167003 0.018417 0.302050 0.026541 0.000000 0.000000
0.000000 0.000000 0.000000 0.000000 0.134936 0.011551 0.258738 0.145061 0.006757 0.081132
0.000000 0.000000 0.023555 0.000000 0.000000 0.029678 0.049159 0.220727 0.004286 0.213023
0.000000 0.132627 0.105076 0.000000 0.000000 0.058144 0.000000 0.139212 0.000000 0.117166
0.000000 0.171593 0.132887 0.000000 0.000000 0.042103 0.000000 0.026408 0.044893 0.000000
0.002886 0.078752 0.080791 0.000000 0.006237 0.011985 0.016198 0.000000 0.172572 0.000000
0.000000 0.009370 0.011356 0.000000 0.001916 0.000000 0.011316 0.000000 0.221541 0.000000
0.000000 0.000357 0.000000 0.004935 0.000000 0.000000 0.029446 0.001023 0.138972 0.001784
0.000000 0.002173 0.000000 0.004417 0.000000 0.000000 0.036962 0.001587 0.075150 0.000000
0.000000 0.003264 0.000000 0.002989 0.000000 0.000000 0.027441 0.001389 0.043402 0.000000
0.000000 0.002443 0.000000 0.001422 0.000000 0.000000 0.017704 0.001128 0.022101 0.000000
0.000000 0.001272 0.000000 0.000500 0.000000 0.000000 0.008356 0.000289 0.007175 0.000000
0.000000 0.000805 0.000000 0.000171 0.000000 0.000889 0.003954 0.000000 0.004317 0.000000
0.000086 0.000864 0.000000 0.000000 0.000000 0.002007 0.002712 0.000000 0.003784 0.000000
0.000000 0.000412 0.000000 0.000008 0.000000 0.000048 0.002186 0.000132 0.002027 0.000000
0.000000 0.000000 0.000000 0.000000 0.000000 0.000269 0.000000 0.000424 0.000000 0.000073
0.000000 0.000000 0.000000 0.000000 -0.000000 -0.000000 0.000000 -0.000000 -0.000000 -0.000000
0.000004 0.000000 0.000003 0.000000 0.000021 0.000000 0.000000 0.000065 0.000000 0.000003
0.000001 0.000000 0.000001 0.000000 0.000007 0.000000 0.000000 0.000021 0.000000 0.000001
0.000000 0.000000 0.000000 0.000000 -0.000000 -0.000000 0.000000 -0.000000 -0.000000 -0.000000
0.000819 0.000002 0.000000 0.000000 0.000000 0.000000 0.000439 0.000545 0.000443 0.000000
0.007247 0.000070 0.000000 0.000000 0.000177 0.000000 0.001991 0.002169 0.002017 0.000000
0.045508 0.000288 0.000000 0.000000 0.002700 0.000478 0.000000 0.001730 0.004397 0.000000
0.106931 0.000434 0.000000 0.000000 0.002511 0.001282 0.000000 0.003378 0.006920 0.000000
0.150100 0.002275 0.000000 0.019838 0.000000 0.007578 0.000000 0.000000 0.013687 0.000962
0.114242 0.008459 0.000000 0.126382 0.000000 0.021208 0.000000 0.000000 0.022208 0.003700
0.028483 0.020132 0.000000 0.197285 0.009086 0.040689 0.035319 0.000000 0.016919 0.000000
0.000000 0.026570 0.000000 0.142305 0.101164 0.042143 0.158963 0.000000 0.000000 0.000000
0.000000 0.005648 0.000000 0.009466 0.169876 0.013068 0.285404 0.049463 0.000000 0.000000
0.000807 0.000000 0.000000 0.000000 0.107327 0.012463 0.209750 0.165496 0.000000 0.094625
0.000000 0.000000 0.013974 0.000000 0.000000 0.046071 0.000000 0.207526 0.000000 0.219691
0.000000 0.119509 0.099292 0.004201 0.000000 0.071062 0.000000 0.110995 0.000000 0.123993
0.000000 0.153982 0.145112 0.000000 0.000000 0.046911 0.000000 0.007210 0.000000 0.000000
0.005831 0.072864 0.106526 0.000000 0.009373 0.021587 0.000000 0.000000 0.113331 0.000000
0.002239 0.004181 0.032622 0.000000 0.005401 0.008260 0.000000 0.000000 0.186336 0.000000
0.000000 0.000000 0.000000 0.001317 0.000000 0.002591 0.001934 0.000000 0.125940 0.003099
0.000000 0.000000 0.000000 0.001636 0.000000 0.002763 0.008123 0.000000 0.063929 0.002192
0.000000 0.000000 0.000000 0.001144 0.000000 0.002306 0.004496 0.000000 0.036285 0.001240
0.000000 0.000637 0.000000 0.000664 0.000000 0.001332 0.005500 0.000000 0.017875 0.000000
0.000000 0.000310 0.000000 0.000132 0.000000 0.001578 0.002212 0.000000 0.002626 0.000000
0.000000 0.000222 0.000000 0.000055 0.000000 0.001413 0.001299 0.000000 0.001417 0.000000
0.000000 0.000247 0.000000 0.000035 0.000000 0.000001 0.001194 0.000000 0.001218 0.000000
0.000000 0.000180 0.000000 0.000000 0.000000 0.000157 0.001133 0.000287 0.001012 0.000000
0.000000 0.000000 0.000006 0.000065 0.000000 0.000761 0.000000 0.000118 0.000006 0.000011
0.000000 0.000000 0.000000 0.000000 -0.000000 -0.000000 0.000000 -0.000000 -0.000000 -0.000000
0.000000 0.000000 0.000000 0.000000 -0.000000 -0.000000 0.000000 -0.000000 -0.000000 -0.000000
0.000000 0.000000 0.000000 0.000000 -0.000000 -0.000000 0.000000 -0.000000 -0.000000 -0.000000
0.000000 0.000000 0.000000 0.000000 -0.000000 -0.000000 0.000000 -0.000000 -0.000000 -0.000000
0.000045 0.000001 0.000000 0.000000 0.000003 0.000024 0.000000 0.000000 0.000000 0.000000
0.011847 0.000042 0.000000 0.000000 0.000904 0.000753 0.000000 0.000000 0.000208 0.000000
0.045857 0.000000 0.000000 0.000000 0.003209 0.002629 0.000000 0.000000 0.000000 0.000000
0.100259 0.000000 0.000000 0.000000 0.003658 0.002409 0.000000 0.000000 0.000158 0.000000
0.127504 0.000153 0.000000 0.023550 0.000000 0.002381 0.000000 0.000000 0.003583 0.003317
0.078813 0.004221 0.000000 0.121025 0.000000 0.005952 0.000000 0.000000 0.005081 0.006231
0.000000 0.012051 0.000000 0.174026 0.016186 0.023468 0.013311 0.000000 0.000000 0.000000
0.000000 0.013066 0.003196 0.096519 0.100813 0.030763 0.106274 0.000000 0.000000 0.000000
0.000000 0.000000 0.000000 0.000000 0.148242 0.010435 0.206252 0.051972 0.000000 0.000000
0.008271 0.000000 0.000000 0.000000 0.070851 0.008784 0.132877 0.161155 0.000000 0.089624
0.000000 0.000000 0.004144 0.000000 0.000000 0.043774 0.000000 0.173411 0.000000 0.196624
0.000000 0.095513 0.072708 0.009141 0.000000 0.064051 0.000000 0.078405 0.000000 0.117303
0.000000 0.122401 0.127629 0.000000 0.000000 0.041718 0.000000 0.000000 0.000000 0.000000
0.007398 0.049306 0.098907 0.000000 0.012044 0.024463 0.000000 0.000000 0.071862 0.000000
0.003981 0.000000 0.034667 0.000000 0.006922 0.012662 0.000000 0.000000 0.119142 0.000000
0.000825 0.000000 0.002733 0.000000 0.001462 0.003855 0.000000 0.000000 0.068639 0.002729
0.000258 0.000000 0.000000 0.000416 0.000000 0.003059 0.000000 0.000000 0.035478 0.002810
0.000093 0.000000 0.000000 0.000307 0.000000 0.002116 0.000000 0.000000 0.021863 0.001998
0.000268 0.000191 0.000000 0.000111 0.000000 0.001171 0.000000 0.000000 0.009624 0.000477
0.000686 0.000078 0.000000 0.000000 0.000000 0.000681 0.000000 0.000000 0.001333 0.000034
0.000225 0.000000 0.000000 0.000000 0.000000 0.000030 0.000000 0.000000 0.000004 0.000003
0.000000 0.000000 0.000033 0.000193 0.000000 0.000156 0.000000 0.000645 0.000000 0.000011
0.000000 0.000000 0.000013 0.000215 0.000000 0.000462 0.000000 0.000791 0.000000 0.000029
0.000000 0.000000 0.000003 0.000034 0.000000 0.000222 0.000000 0.000094 0.000000 0.000005
0.000000 0.000000 0.000000 0.000000 -0.000000 -0.000000 0.000000 -0.000000 -0.000000 -0.000000
0.000000 0.000000 0.000000 0.000000 -0.000000 -0.000000 0.000000 -0.000000 -0.000000 -0.000000
0.000000 0.000000 0.000000 0.000000 -0.000000 -0.000000 0.000000 -0.000000 -0.000000 -0.000000
0.000000 0.000000 0.000000 0.000000 -0.000000 -0.000000 0.000000 -0.000000 -0.000000 -0.000000
0.000004 0.000000 0.000000 0.000000 0.000000 0.000002 0.000000 0.000000 0.000000 0.000000
0.000735 0.000005 0.000004 0.000000 0.000075 0.000162 0.000000 0.000000 0.000000 0.000000
0.012581 0.000061 0.000051 0.000000 0.001175 0.000674 0.000000 0.000000 0.000000 0.000000
0.029532 0.000030 0.000051 0.000000 0.001925 0.000000 0.000000 0.000000 0.000000 0.000000
0.038991 0.000061 0.000000 0.002202 0.000169 0.000000 0.000000 0.000000 0.000000 0.000000
0.025721 0.000791 0.000000 0.026501 0.000000 0.000000 0.000000 0.000295 0.000000 0.000073
0.004838 0.001411 0.002092 0.042759 0.007423 0.000000 0.010697 0.005382 0.000000 0.000000
0.000000 0.000000 0.005895 0.021964 0.030737 0.000000 0.033012 0.018856 0.000000 0.000000
0.005977 0.000000 0.005200 0.000000 0.041834 0.000000 0.031318 0.040806 0.000000 0.000000
0.005506 0.000000 0.000000 0.000000 0.015820 0.000000 0.000000 0.070159 0.000819 0.038738
0.000000 0.000000 0.001868 0.001716 0.000000 0.017056 0.000000 0.067376 0.007535 0.082575
0.000000 0.016314 0.021250 0.006304 0.000000 0.028923 0.000000 0.035621 0.000000 0.055954
0.000000 0.032220 0.036446 0.000000 0.000000 0.018600 0.000000 0.002764 0.000000 0.003689
0.001947 0.017613 0.026012 0.000000 0.003767 0.009268 0.000000 0.000000 0.004779 0.000000
0.001003 0.000501 0.008091 0.000000 0.001764 0.004587 0.000000 0.000000 0.019517 0.000000
0.000248 0.000000 0.001209 0.000000 0.000210 0.001659 0.000000 0.000000 0.012406 0.000955
0.000000 0.000000 0.000000 0.000172 0.000000 0.001014 0.000000 0.000000 0.007470 0.000738
0.000023 0.000000 0.000000 0.000042 0.000000 0.000443 0.000000 0.000000 0.003760 0.000482
0.000291 0.000000 0.000000 0.000000 0.000000 0.001236 0.000000 0.000000 0.000937 0.000077
0.000164 0.000008 0.000000 0.000000 0.000000 0.000680 0.000000 0.000000 0.000015 0.000000
0.000000 0.000001 0.000006 0.000033 0.000017 0.000000 0.000010 0.000000 0.000000 0.000000
0.000000 0.000000 0.000000 0.000000 -0.000000 -0.000000 0.000000 -0.000000 -0.000000 -0.000000
0.000000 0.000000 0.000165 0.000012 0.000000 0.000028 0.000037 0.000132 0.000000 0.000073
0.000000 0.000000 0.000029 0.000002 0.000000 0.000005 0.000006 0.000023 0.000000 0.000013
0.000000 0.000000 0.000000 0.000000 -0.000000 -0.000000 0.000000 -0.000000 -0.000000 -0.000000
0.000000 0.000000 0.000000 0.000000 -0.000000 -0.000000 0.000000 -0.000000 -0.000000 -0.000000
0.000000 0.000000 0.000000 0.000000 -0.000000 -0.000000 0.000000 -0.000000 -0.000000 -0.000000
0.000000 0.000000 0.000000 0.000000 -0.000000 -0.000000 0.000000 -0.000000 -0.000000 -0.000000
0.000000 0.000000 0.000000 0.000000 -0.000000 -0.000000 0.000000 -0.000000 -0.000000 -0.000000
0.000000 0.000000 0.000000 0.000000 -0.000000 -0.000000 0.000000 -0.000000 -0.000000 -0.000000
0.000332 0.000000 0.000003 0.000000 0.000021 0.000000 0.000000 0.000000 0.000000 0.000000
0.000943 0.000000 0.000008 0.000000 0.000059 0.000000 0.000000 0.000000 0.000000 0.000000
0.000240 0.000000 0.000000 0.000125 0.000000 0.000124 0.000000 0.000092 0.000000 0.000007
0.000295 0.000000 0.000083 0.000303 0.000000 0.000000 0.000743 0.001205 0.000000 0.000000
0.000340 0.000000 0.000257 0.000472 0.000003 0.000000 0.001016 0.001917 0.000000 0.000000
0.000185 0.000000 0.000303 0.000466 0.000188 0.000603 0.000685 0.000632 0.000000 0.000000
0.000165 0.000000 0.000153 0.000000 0.000561 0.000353 0.000000 0.000295 0.000000 0.000356
0.000468 0.000000 0.000017 0.000000 0.000000 0.000478 0.000000 0.003888 0.000769 0.002229
0.000000 0.000000 0.000294 0.000278 0.000000 0.002628 0.000000 0.002734 0.001708 0.005004
0.000000 0.000159 0.000000 0.000556 0.000000 0.001770 0.000000 0.002028 0.001211 0.003818
0.000000 0.001152 0.000000 0.000045 0.000000 0.000153 0.000000 0.001062 0.000846 0.000173
0.000000 0.000095 0.000055 0.000000 0.000000 0.000074 0.000000 0.000124 0.000231 0.000003
0.000000 0.000000 0.000000 0.000000 -0.000000 -0.000000 0.000000 -0.000000 -0.000000 -0.000000
0.000000 0.000000 0.000000 0.000000 -0.000000 -0.000000 0.000000 -0.000000 -0.000000 -0.000000
0.000000 0.000000 0.000000 0.000000 -0.000000 -0.000000 0.000000 -0.000000 -0.000000 -0.000000
0.000000 0.000000 0.000000 0.000000 -0.000000 -0.000000 0.000000 -0.000000 -0.000000 -0.000000
0.000000 0.000000 0.000000 0.000000 -0.000000 -0.000000 0.000000 -0.000000 -0.000000 -0.000000
0.000000 0.000000 0.000000 0.000000 -0.000000 -0.000000 0.000000 -0.000000 -0.000000 -0.000000
0.000000 0.000000 0.000000 0.000000 -0.000000 -0.000000 0.000000 -0.000000 -0.000000 -0.000000
0.000000 0.000000 0.000000 0.000000 -0.000000 -0.000000 0.000000 -0.000000 -0.000000 -0.000000
0.000000 0.000000 0.000000 0.000000 -0.000000 -0.000000 0.000000 -0.000000 -0.000000 -0.000000
0.000000 0.000000 0.000000 0.000000 -0.000000 -0.000000 0.000000 -0.000000 -0.000000 -0.000000
0.000000 0.000000 0.000000 0.000000 -0.000000 -0.000000 0.000000 -0.000000 -0.000000 -0.000000
0.000000 0.000000 0.000000 0.000000 -0.000000 -0.000000 0.000000 -0.000000 -0.000000 -0.000000
0.000000 0.000000 0.000000 0.000000 -0.000000 -0.000000 0.000000 -0.000000 -0.000000 -0.000000
0.000000 0.000000 0.000000 0.000000 -0.000000 -0.000000 0.000000 -0.000000 -0.000000 -0.000000
0.000000 0.000000 0.000000 0.000000 -0.000000 -0.000000 0.000000 -0.000000 -0.000000 -0.000000
0.000000 0.000000 0.000000 0.000000 -0.000000 -0.000000 0.000000 -0.000000 -0.000000 -0.000000
0.000000 0.000000 0.000000 0.000000 -0.000000 -0.000000 0.000000 -0.000000 -0.000000 -0.000000
0.000000 0.000000 0.000000 0.000000 -0.000000 -0.000000 0.000000 -0.000000 -0.000000 -0.000000
0.000000 0.000000 0.000000 0.000000 -0.000000 -0.000000 0.000000 -0.000000 -0.000000 -0.000000
0.000000 0.000000 0.000000 0.000000 -0.000000 -0.000000 0.000000 -0.000000 -0.000000 -0.000000
0.000000 0.000000 0.000000 0.000000 -0.000000 -0.000000 0.000000 -0.000000 -0.000000 -0.000000
0.000010 0.000002 0.000016 0.000017 0.000044 0.000000 0.000013 0.000000 0.000000 0.000000
0.000006 0.000001 0.000009 0.000010 0.000025 0.000000 0.000007 0.000000 0.000000 0.000000
0.000000 0.000000 0.000000 0.000000 -0.000000 -0.000000 0.000000 -0.000000 -0.000000 -0.000000
0.000000 0.000000 0.000000 0.000000 -0.000000 -0.000000 0.000000 -0.000000 -0.000000 -0.000000
0.000000 0.000000 0.000000 0.000000 -0.000000 -0.000000 0.000000 -0.000000 -0.000000 -0.000000
0.000000 0.000000 0.000000 0.000000 -0.000000 -0.000000 0.000000 -0.000000 -0.000000 -0.000000
0.000000 0.000000 0.000000 0.000000 -0.000000 -0.000000 0.000000 -0.000000 -0.000000 -0.000000
0.000000 0.000000 0.000000 0.000000 -0.000000 -0.000000 0.000000 -0.000000 -0.000000 -0.000000
0.000000 0.000000 0.000000 0.000000 -0.000000 -0.000000 0.000000 -0.000000 -0.000000 -0.000000
0.000000 0.000000 0.000000 0.000000 -0.000000 -0.000000 0.000000 -0.000000 -0.000000 -0.000000
0.000000 0.000000 0.000000 0.000000 -0.000000 -0.000000 0.000000 -0.000000 -0.000000 -0.000000
0.000000 0.000000 0.000000 0.000000 -0.000000 -0.000000 0.000000 -0.000000 -0.000000 -0.000000
0.000000 0.000000 0.000000 0.000000 -0.000000 -0.000000 0.000000 -0.000000 -0.000000 -0.000000
0.000000 0.000000 0.000000 0.000000 -0.000000 -0.000000 0.000000 -0.000000 -0.000000 -0.000000
0.000000 0.000000 0.000000 0.000000 -0.000000 -0.000000 0.000000 -0.000000 -0.000000 -0.000000
0.000000 0.000000 0.000000 0.000000 -0.000000 -0.000000 0.000000 -0.000000 -0.000000 -0.000000
0.000000 0.000000 0.000000 0.000000 -0.000000 -0.000000 0.000000 -0.000000 -0.000000 -0.000000
0.000000 0.000000 0.000000 0.000000 -0.000000 -0.000000 0.000000 -0.000000 -0.000000 -0.000000
0.000000 0.000000 0.000000 0.000000 -0.000000 -0.000000 0.000000 -0.000000 -0.000000 -0.000000
0.000000 0.000000 0.000000 0.000000 -0.000000 -0.000000 0.000000 -0.000000 -0.000000 -0.000000
0.000000 0.000000 0.000000 0.000000 -0.000000 -0.000000 0.000000 -0.000000 -0.000000 -0.000000
0.000000 0.000000 0.000000 0.000000 -0.000000 -0.000000 0.000000 -0.000000 -0.000000 -0.000000
0.000000 0.000000 0.000000 0.000000 -0.000000 -0.000000 0.000000 -0.000000 -0.000000 -0.000000
0.000000 0.000000 0.000000 0.000000 -0.000000 -0.000000 0.000000 -0.000000 -0.000000 -0.000000
0.000000 0.000000 0.000000 0.000000 -0.000000 -0.000000 0.000000 -0.000000 -0.000000 -0.000000
0.000000 0.000000 0.000000 0.000000 -0.000000 -0.000000 0.000000 -0.000000 -0.000000 -0.000000
0.000000 0.000000 0.000000 0.000000 -0.000000 -0.000000 0.000000 -0.000000 -0.000000 -0.000000
0.000000 0.000000 0.000000 0.000000 -0.000000 -0.000000 0.000000 -0.000000 -0.000000 -0.000000
0.000000 0.000000 0.000000 0.000000 -0.000000 -0.000000 0.000000 -0.000000 -0.000000 -0.000000
0.000000 0.000000 0.000000 0.000000 -0.000000 -0.000000 0.000000 -0.000000 -0.000000 -0.000000
0.000000 0.000000 0.000000 0.000000 -0.000000 -0.000000 0.000000 -0.000000 -0.000000 -0.000000
0.000000 0.000000 0.000000 0.000000 -0.000000 -0.000000 0.000000 -0.000000 -0.000000 -0.000000
0.000000 0.000000 0.000000 0.000000 -0.000000 -0.000000 0.000000 -0.000000 -0.000000 -0.000000
0.000000 0.000000 0.000000 0.000000 -0.000000 -0.000000 0.000000 -0.000000 -0.000000 -0.000000
0.000000 0.000000 0.000000 0.000000 -0.000000 -0.000000 0.000000 -0.000000 -0.000000 -0.000000
0.000000 0.000000 0.000000 0.000000 -0.000000 -0.000000 0.000000 -0.000000 -0.000000 -0.000000
0.000000 0.000000 0.000000 0.000000 -0.000000 -0.000000 0.000000 -0.000000 -0.000000 -0.000000
0.000000 0.000000 0.000000 0.000000 -0.000000 -0.000000 0.000000 -0.000000 -0.000000 -0.000000
0.000000 0.000000 0.000000 0.000000 -0.000000 -0.000000 0.000000 -0.000000 -0.000000 -0.000000
0.000000 0.000000 0.000000 0.000000 -0.000000 -0.000000 0.000000 -0.000000 -0.000000 -0.000000
0.000000 0.000000 0.000000 0.000000 -0.000000 -0.000000 0.000000 -0.000000 -0.000000 -0.000000
0.000000 0.000000 0.000000 0.000000 -0.000000 -0.000000 0.000000 -0.000000 -0.000000 -0.000000
0.000000 0.000000 0.000000 0.000000 -0.000000 -0.000000 0.000000 -0.000000 -0.000000 -0.000000
0.000000 0.000000 0.000000 0.000000 -0.000000 -0.000000 0.000000 -0.000000 -0.000000 -0.000000
0.000000 0.000000 0.000000 0.000000 -0.000000 -0.000000 0.000000 -0.000000 -0.000000 -0.000000
0.000000 0.000000 0.000000 0.000000 -0.000000 -0.000000 0.000000 -0.000000 -0.000000 -0.000000
