0.000000 -0.000000 -0.000000 0.000000 0.000000
0.000000 0.000000 -0.000000 0.000000 0.000000
0.000000 0.000000 -0.000000 0.000000 0.000000
0.000000 0.000000 -0.000000 -0.000000 0.000000
0.000000 0.000000 -0.000000 -0.000000 0.000000
0.000000 0.000000 -0.000000 -0.000000 0.000000
0.000000 0.000000 -0.000000 -0.000000 0.000000
0.000000 0.000000 -0.000000 -0.000000 0.000000
0.000000 0.000000 -0.000000 -0.000000 0.000000
0.000000 0.000000 -0.000000 -0.000000 0.000000
0.000000 0.000000 -0.000000 -0.000000 0.000000
0.000000 0.000000 -0.000000 -0.000000 0.000000
0.000000 0.000000 0.000000 0.000000 0.000009
0.000000 0.000000 0.000000 0.000000 0.000202
0.000000 0.000000 0.000000 0.000000 0.000202
0.000000 0.000000 0.000000 0.000000 0.000008
0.000000 0.000000 -0.000000 -0.000000 0.000000
0.000000 0.000000 -0.000000 -0.000000 0.000000
0.000000 0.000000 -0.000000 -0.000000 0.000000
0.000000 0.000000 -0.000000 -0.000000 0.000000
0.000000 0.000000 -0.000000 -0.000000 0.000000
0.000000 0.000000 -0.000000 -0.000000 0.000000
0.000000 0.000000 -0.000000 -0.000000 0.000000
0.000000 0.000000 -0.000000 -0.000000 0.000000
0.000000 0.000000 -0.000000 -0.000000 0.000000
0.000000 0.000000 -0.000000 -0.000000 0.000000
0.000000 0.000000 -0.000000 -0.000000 0.000000
0.000000 0.000000 -0.000000 -0.000000 0.000000
0.000000 0.000000 -0.000000 -0.000000 0.000000
0.000000 0.000000 -0.000000 -0.000000 0.000000
0.000000 0.000000 -0.000000 -0.000000 0.000000
0.000000 0.000000 -0.000000 -0.000000 0.000000
0.000000 0.000000 -0.000000 -0.000000 0.000000
0.000000 0.000000 -0.000000 -0.000000 0.000000
0.000000 0.000000 -0.000000 -0.000000 0.000000
0.000000 0.000001 0.000000 0.000000 0.000001
0.000000 0.000067 0.000000 0.000000 0.000032
0.000000 0.000083 0.000000 0.000012 0.000087
0.000000 0.000175 0.000000 0.000033 0.000295
0.000000 0.000185 0.000000 0.000061 0.000351
0.000000 0.000079 0.000000 0.000073 0.000163
0.000000 0.000010 0.000000 0.000019 0.000297
0.000000 0.000000 0.000000 0.000000 0.000855
0.000000 0.000000 0.000000 0.000045 0.000964
0.000000 0.000000 0.000000 0.000091 0.000949
0.000000 0.000000 0.000000 0.000037 0.000151
0.000000 0.000000 0.000000 0.000003 0.000007
0.000000 0.000000 -0.000000 -0.000000 0.000000
0.000000 0.000000 -0.000000 -0.000000 0.000000
0.000000 0.000000 -0.000000 -0.000000 0.000000
0.000000 0.000000 -0.000000 -0.000000 0.000000
0.000000 0.000000 -0.000000 -0.000000 0.000000
0.000000 0.000000 -0.000000 -0.000000 0.000000
0.000000 0.000000 -0.000000 -0.000000 0.000000
0.000000 0.000000 -0.000000 -0.000000 0.000000
0.000000 0.000000 -0.000000 -0.000000 0.000000
0.000000 0.000000 -0.000000 -0.000000 0.000000
0.000000 0.000000 -0.000000 -0.000000 0.000000
0.000000 0.000000 -0.000000 -0.000000 0.000000
0.000000 0.000000 -0.000000 -0.000000 0.000000
0.000000 0.000000 -0.000000 -0.000000 0.000000
0.000002 0.000016 0.000000 0.000011 0.000009
0.000000 0.000100 0.000000 0.000047 0.000063
0.000000 0.000191 0.000226 0.000003 0.000224
0.000000 0.000571 0.000317 0.000000 0.000514
0.000000 0.000913 0.000185 0.000107 0.001823
0.000000 0.000986 0.000017 0.000308 0.003610
0.000000 0.000736 0.000000 0.000802 0.005427
0.000000 0.000265 0.000000 0.001456 0.006323
0.000000 0.000000 0.000000 0.001759 0.006783
0.000901 0.000000 0.000000 0.001543 0.008024
0.001316 0.000000 0.000000 0.001209 0.009006
0.001339 0.000000 0.000000 0.000663 0.007456
0.001313 0.000000 0.000000 0.000278 0.003968
0.001153 0.000000 0.000000 0.000000 0.001666
0.001071 0.000000 0.000000 0.000000 0.000711
0.000546 0.000000 0.000000 0.000000 0.000000
0.000104 0.000000 0.000000 0.000000 0.000025
0.000004 0.000000 0.000000 0.000000 0.000005
0.000135 0.000107 0.000000 0.000000 0.000000
0.000059 0.000238 0.000000 0.000000 0.000079
0.000000 0.000129 0.000000 0.000000 0.000083
0.000000 0.000000 -0.000000 -0.000000 0.000000
0.000000 0.000000 -0.000000 -0.000000 0.000000
0.000000 0.000000 -0.000000 -0.000000 0.000000
0.000000 0.000000 -0.000000 -0.000000 0.000000
0.000007 0.000000 0.000000 0.000003 0.000002
0.000000 0.000000 -0.000000 -0.000000 0.000000
0.000000 0.000030 0.000004 0.000010 0.000008
0.000000 0.000300 0.000241 0.000067 0.000087
0.000000 0.000776 0.000632 0.000820 0.000606
0.000000 0.001057 0.001715 0.002333 0.002728
0.000000 0.000286 0.003939 0.005346 0.008001
0.000000 0.000000 0.006226 0.009886 0.017206
0.000000 0.000000 0.010489 0.016280 0.026543
0.000000 0.000000 0.013516 0.025207 0.035899
0.000000 0.000000 0.015610 0.031993 0.047426
0.000000 0.000000 0.017136 0.037683 0.056421
0.000000 0.000000 0.014859 0.037664 0.056982
0.009465 0.000000 0.008464 0.033193 0.051298
0.024159 0.000000 0.000056 0.022198 0.036646
0.031823 0.000000 0.000000 0.010255 0.020647
0.030180 0.000000 0.000000 0.001842 0.008113
0.022452 0.000000 0.000000 0.000000 0.002350
0.013578 0.000000 0.000000 0.000000 0.000958
0.006515 0.000000 0.000000 0.000000 0.000676
0.002210 0.000000 0.000000 0.000000 0.000238
0.000468 0.000136 0.000000 0.000000 0.000000
0.000020 0.000213 0.000000 0.000000 0.000110
0.000000 0.000128 0.000000 0.000000 0.000083
0.000000 0.000000 -0.000000 -0.000000 0.000000
0.000000 0.000000 -0.000000 -0.000000 0.000000
0.000000 0.000000 -0.000000 -0.000000 0.000000
0.000000 0.000000 -0.000000 -0.000000 0.000000
0.000029 0.000000 0.000000 0.000010 0.000006
0.000000 0.000000 -0.000000 -0.000000 0.000000
0.000000 0.000202 0.000310 0.000113 0.000035
0.000000 0.000861 0.002006 0.001772 0.000000
0.000000 0.001047 0.004119 0.005089 0.001535
0.000000 0.000741 0.010111 0.011542 0.005623
0.000000 0.000000 0.019534 0.022747 0.014637
0.000000 0.000000 0.033729 0.039533 0.029960
0.000000 0.000000 0.051855 0.058895 0.044496
0.000000 0.000000 0.070225 0.079754 0.061490
0.000000 0.000000 0.083708 0.095615 0.073271
0.000000 0.000000 0.089273 0.105802 0.079108
0.002710 0.000000 0.083884 0.107563 0.079636
0.033605 0.000000 0.066965 0.099372 0.070467
0.065308 0.000000 0.041921 0.080027 0.053337
0.088224 0.000000 0.015518 0.049140 0.028543
0.094759 0.000000 0.000000 0.021224 0.004604
0.081199 0.000000 0.000000 0.005193 0.000000
0.052760 0.000000 0.000000 0.000000 0.000000
0.026915 0.000000 0.000000 0.000000 0.000000
0.009859 0.000000 0.000000 0.000000 0.000007
0.001633 0.000167 0.000000 0.000000 0.000000
0.000051 0.000230 0.000000 0.000000 0.000113
0.000029 0.000151 0.000000 0.000000 0.000072
0.000000 0.000000 -0.000000 -0.000000 0.000000
0.000000 0.000000 -0.000000 -0.000000 0.000000
0.000000 0.000000 -0.000000 -0.000000 0.000000
0.000000 0.000000 -0.000000 -0.000000 0.000000
0.000000 0.000000 -0.000000 -0.000000 0.000000
0.000016 0.000027 0.000011 0.000048 0.000000
0.000000 0.000252 0.001875 0.000599 0.000000
0.000000 0.001680 0.006267 0.004478 0.000000
0.000000 0.004220 0.014486 0.012374 0.000000
0.000000 0.005182 0.030342 0.025354 0.002938
0.000000 0.003178 0.050135 0.044043 0.014381
0.000000 0.000000 0.074786 0.068859 0.024872
0.000000 0.000000 0.097885 0.090968 0.037182
0.000000 0.000000 0.116272 0.106796 0.045179
0.000000 0.000000 0.122552 0.115381 0.046284
0.009139 0.000000 0.119533 0.117393 0.045534
0.032692 0.000000 0.111783 0.116533 0.046822
0.055231 0.000000 0.099214 0.114434 0.048416
0.079009 0.000000 0.079051 0.105497 0.050172
0.103515 0.000000 0.052253 0.083346 0.041217
0.123451 0.000000 0.019525 0.047874 0.015620
0.123093 0.000000 0.000000 0.016655 0.000000
0.095199 0.000000 0.000000 0.001513 0.000000
0.054690 0.000000 0.000000 0.000000 0.000000
0.023483 0.000127 0.000000 0.000000 0.000000
0.004717 0.000118 0.000000 0.000000 0.000000
0.000262 0.000149 0.000000 0.000000 0.000000
0.000099 0.000139 0.000000 0.000000 0.000006
0.000000 0.000000 -0.000000 -0.000000 0.000000
0.000000 0.000000 -0.000000 -0.000000 0.000000
0.000000 0.000000 -0.000000 -0.000000 0.000000
0.000000 0.000000 -0.000000 -0.000000 0.000000
0.000000 0.000003 0.000007 0.000000 0.000000
0.000027 0.000106 0.000101 0.000125 0.000000
0.000000 0.000487 0.003747 0.001342 0.000000
0.000000 0.005212 0.013123 0.005544 0.000000
0.000000 0.012656 0.026355 0.017405 0.000000
0.000000 0.020093 0.048861 0.033624 0.000000
0.000000 0.024875 0.074107 0.053237 0.000000
0.000000 0.029776 0.096938 0.070870 0.004403
0.000000 0.040095 0.109901 0.079417 0.007929
0.000705 0.050974 0.111284 0.080842 0.005056
0.030318 0.067556 0.098844 0.075336 0.000000
0.053755 0.078879 0.085172 0.067019 0.000000
0.064875 0.081888 0.076893 0.063587 0.000000
0.063251 0.063205 0.077619 0.073252 0.017790
0.060188 0.024616 0.082546 0.088607 0.038734
0.073063 0.000000 0.076821 0.089745 0.048946
0.103933 0.000000 0.051496 0.065773 0.036846
0.128940 0.000000 0.015297 0.027804 0.006662
0.120818 0.000000 0.000000 0.004506 0.000000
0.081657 0.000000 0.000000 0.000000 0.000000
0.037340 0.000712 0.000000 0.000000 0.000000
0.008565 0.000503 0.000000 0.000000 0.000000
0.000491 0.000048 0.000000 0.000091 0.000000
0.000027 0.000021 0.000000 0.000000 0.000000
0.000000 0.000000 -0.000000 -0.000000 0.000000
0.000000 0.000000 -0.000000 -0.000000 0.000000
0.000000 0.000000 -0.000000 -0.000000 0.000000
0.000000 0.000000 -0.000000 -0.000000 0.000000
0.000000 0.000051 0.000122 0.000000 0.000000
0.000000 0.000342 0.000611 0.000004 0.000000
0.000000 0.001867 0.006008 0.000734 0.000000
0.000000 0.012258 0.016650 0.005484 0.000000
0.000000 0.027726 0.033803 0.016344 0.000000
0.000000 0.040843 0.057419 0.028566 0.000000
0.000000 0.054630 0.073568 0.040543 0.000000
0.000000 0.068390 0.084379 0.046119 0.000000
0.006091 0.086703 0.080639 0.042758 0.000000
0.037202 0.106437 0.065050 0.031337 0.000000
0.064754 0.124455 0.042861 0.016131 0.000000
0.078594 0.139842 0.023894 0.004973 0.000000
0.070454 0.145754 0.018830 0.007491 0.000000
0.048338 0.132758 0.028949 0.026328 0.002279
0.023103 0.089026 0.055581 0.061500 0.029030
0.022989 0.025092 0.078662 0.085691 0.053613
0.059003 0.000000 0.076781 0.076496 0.048108
0.109516 0.000000 0.042746 0.039453 0.019010
0.126023 0.000000 0.003141 0.005803 0.000000
0.097097 0.000000 0.000000 0.000000 0.000000
0.047960 0.001563 0.000000 0.000000 0.000000
0.011515 0.000679 0.000000 0.000000 0.000000
0.000564 0.000092 0.000000 0.000097 0.000000
0.000068 0.000049 0.000000 0.000000 0.000000
0.000000 0.000000 -0.000000 -0.000000 0.000000
0.000000 0.000000 -0.000000 -0.000000 0.000000
0.000000 0.000000 -0.000000 -0.000000 0.000000
0.000000 0.000000 -0.000000 -0.000000 0.000000
0.000000 0.000164 0.000201 0.000000 0.000000
0.000000 0.000547 0.001253 0.000000 0.000000
0.000000 0.003563 0.007270 0.000135 0.000000
0.000000 0.018950 0.016742 0.002808 0.000000
0.000000 0.039917 0.032227 0.009726 0.000000
0.000000 0.057731 0.047200 0.015072 0.000000
0.000000 0.072461 0.055613 0.018797 0.000000
0.004591 0.089211 0.051639 0.017044 0.000000
0.028318 0.107642 0.038168 0.007529 0.000000
0.053130 0.119965 0.018477 0.000000 0.000000
0.071996 0.126871 0.000000 0.000000 0.000000
0.072439 0.136048 0.000000 0.000000 0.000000
0.053662 0.147308 0.000000 0.000000 0.000000
0.021261 0.149394 0.000000 0.004732 0.005909
0.000000 0.117934 0.029442 0.050034 0.028238
0.000000 0.053681 0.070123 0.089131 0.047169
0.025956 0.000000 0.090533 0.085889 0.050336
0.091322 0.000000 0.066622 0.043660 0.023834
0.124193 0.000000 0.020245 0.003806 0.001295
0.098584 0.000000 0.000000 0.000000 0.000000
0.049879 0.001146 0.000000 0.000000 0.001799
0.011962 0.001118 0.000000 0.000000 0.000532
0.000318 0.000130 0.000000 0.000038 0.000000
0.000000 0.000049 0.000000 0.000004 0.000021
0.000000 0.000000 -0.000000 -0.000000 0.000000
0.000000 0.000000 -0.000000 -0.000000 0.000000
0.000000 0.000000 -0.000000 -0.000000 0.000000
0.000000 0.000000 -0.000000 -0.000000 0.000000
0.000018 0.000206 0.000219 0.000000 0.000000
0.000000 0.000629 0.000797 0.000000 0.000000
0.000000 0.003956 0.006561 0.000000 0.000000
0.000000 0.019223 0.014892 0.000016 0.000000
0.000000 0.041749 0.024688 0.001787 0.000000
0.000000 0.057341 0.032720 0.002768 0.000000
0.003736 0.068715 0.034557 0.000840 0.000000
0.016084 0.079564 0.029637 0.000000 0.000000
0.033176 0.088770 0.017739 0.000000 0.000000
0.047328 0.091945 0.001396 0.000000 0.000000
0.050624 0.091234 0.000000 0.000000 0.000000
0.043757 0.093819 0.000000 0.000000 0.000000
0.023140 0.106464 0.000000 0.000000 0.008148
0.000000 0.124368 0.000000 0.012057 0.019348
0.000000 0.113776 0.008698 0.061278 0.032018
0.000000 0.063052 0.057063 0.100214 0.038564
0.021423 0.001473 0.090741 0.089455 0.040203
0.087934 0.000000 0.081820 0.039499 0.021532
0.120430 0.000000 0.036463 0.000000 0.002386
0.092253 0.000000 0.002606 0.000000 0.002192
0.043586 0.000345 0.000000 0.000000 0.006123
0.009951 0.001135 0.000000 0.000000 0.001957
0.000135 0.000188 0.000000 0.000000 0.000000
0.000000 0.000020 0.000000 0.000000 0.000017
0.000000 0.000000 0.000000 0.000000 0.000001
0.000000 0.000000 -0.000000 -0.000000 0.000000
0.000000 0.000000 -0.000000 -0.000000 0.000000
0.000000 0.000000 -0.000000 -0.000000 0.000000
0.000001 0.000112 0.000110 0.000000 0.000000
0.000056 0.000545 0.000498 0.000000 0.000000
0.000000 0.003582 0.003786 0.000000 0.000000
0.000000 0.015107 0.009649 0.000000 0.000000
0.000000 0.032876 0.015516 0.000000 0.000000
0.001871 0.042286 0.018309 0.000000 0.000000
0.009056 0.049458 0.018611 0.000000 0.000000
0.016978 0.054725 0.015366 0.000000 0.000000
0.026929 0.057130 0.007237 0.000000 0.000000
0.030529 0.053364 0.000000 0.000000 0.000000
0.027065 0.050934 0.000000 0.000000 0.000000
0.016367 0.052154 0.000000 0.000000 0.008360
0.000000 0.071155 0.000000 0.000815 0.021679
0.000000 0.099435 0.000000 0.034524 0.029443
0.000000 0.102370 0.000000 0.085383 0.031576
0.000000 0.067176 0.039768 0.108554 0.026951
0.039243 0.011778 0.085893 0.079840 0.025651
0.096419 0.000000 0.089479 0.023773 0.019285
0.112069 0.000000 0.048450 0.000000 0.007468
0.078095 0.000000 0.011792 0.000000 0.007104
0.032347 0.000000 0.001012 0.000000 0.008828
0.006524 0.000762 0.000348 0.000000 0.003042
0.000028 0.000422 0.000086 0.000000 0.000198
0.000000 0.000164 0.000000 0.000000 0.000167
0.000000 0.000066 0.000051 0.000000 0.000094
0.000000 0.000000 -0.000000 -0.000000 0.000000
0.000000 0.000000 -0.000000 -0.000000 0.000000
0.000000 0.000000 -0.000000 -0.000000 0.000000
0.000000 0.000000 -0.000000 -0.000000 0.000000
0.000092 0.000300 0.000352 0.000000 0.000000
0.000271 0.002552 0.001991 0.000000 0.000000
0.000610 0.010389 0.005254 0.000000 0.000000
0.000955 0.019859 0.007035 0.000000 0.000000
0.002487 0.023733 0.008212 0.000000 0.000000
0.007348 0.025134 0.009379 0.000000 0.000000
0.011528 0.028122 0.007800 0.000000 0.000000
0.014723 0.028220 0.003117 0.000000 0.000000
0.013518 0.026388 0.000000 0.000000 0.000000
0.006370 0.025190 0.000000 0.000000 0.011167
0.000000 0.030681 0.000000 0.002758 0.027120
0.000000 0.054042 0.000000 0.024163 0.036554
0.000000 0.083357 0.000000 0.067307 0.037739
0.000000 0.093852 0.000000 0.106555 0.025674
0.016938 0.070263 0.030034 0.102699 0.011264
0.067268 0.020469 0.083321 0.055078 0.012649
0.102032 0.000000 0.093959 0.002483 0.020528
0.095114 0.000000 0.057367 0.000000 0.016533
0.055168 0.000000 0.019103 0.000000 0.015748
0.019692 0.000000 0.004764 0.000000 0.009671
0.003392 0.000107 0.001292 0.000000 0.003821
0.000000 0.000817 0.000000 0.000000 0.000969
0.000000 0.000688 0.000000 0.000000 0.000518
0.000000 0.000018 0.000000 0.000000 0.000014
0.000000 0.000000 -0.000000 -0.000000 0.000000
0.000000 0.000000 -0.000000 -0.000000 0.000000
0.000000 0.000000 -0.000000 -0.000000 0.000000
0.000000 0.000000 -0.000000 -0.000000 0.000000
0.000033 0.000083 0.000310 0.000000 0.000000
0.000390 0.001623 0.000846 0.000000 0.000000
0.000538 0.006425 0.002330 0.000000 0.000000
0.001199 0.009082 0.003101 0.000000 0.000000
0.002156 0.009931 0.003830 0.000000 0.000000
0.004543 0.009708 0.005266 0.000000 0.000000
0.005478 0.009657 0.003992 0.000000 0.004362
0.003461 0.008828 0.001437 0.000000 0.014298
0.000000 0.009266 0.000000 0.000000 0.027074
0.000000 0.013149 0.000000 0.004521 0.041400
0.000000 0.023635 0.000000 0.021624 0.053579
0.000000 0.046392 0.000000 0.057334 0.054694
0.000000 0.076295 0.000000 0.097306 0.041372
0.008567 0.091615 0.000000 0.110084 0.016004
0.053116 0.070872 0.032351 0.078439 0.000000
0.089799 0.023096 0.090073 0.022222 0.008556
0.095303 0.000000 0.099500 0.000000 0.026447
0.069145 0.000000 0.061689 0.000000 0.027954
0.032148 0.000000 0.022376 0.000000 0.022605
0.009187 0.000000 0.006286 0.000000 0.010547
0.000928 0.000486 0.001096 0.000000 0.004749
0.000000 0.002016 0.000000 0.000000 0.001930
0.000000 0.001444 0.000000 0.000000 0.001371
0.000000 0.000133 0.000000 0.000000 0.000376
0.000000 0.000010 0.000000 0.000000 0.000038
0.000000 0.000000 -0.000000 -0.000000 0.000000
0.000000 0.000000 -0.000000 -0.000000 0.000000
0.000000 0.000000 -0.000000 -0.000000 0.000000
0.000035 0.000000 0.000293 0.000000 0.000000
0.000165 0.000447 0.000442 0.000000 0.000008
0.000796 0.002445 0.000917 0.000000 0.000000
0.001612 0.002552 0.001002 0.000000 0.003913
0.001415 0.001485 0.001112 0.000000 0.013207
0.000906 0.000000 0.002006 0.000000 0.026414
0.000000 0.000000 0.000881 0.000000 0.042411
0.000000 0.000000 0.000000 0.000000 0.063181
0.000000 0.000000 0.000000 0.006018 0.084811
0.000000 0.003701 0.000000 0.021799 0.100665
0.000000 0.018952 0.000000 0.052406 0.100695
0.000000 0.044102 0.000000 0.090039 0.080107
0.005407 0.076822 0.000000 0.107292 0.046393
0.047183 0.090146 0.000000 0.089647 0.011425
0.085357 0.066344 0.048341 0.039496 0.000000
0.093383 0.015851 0.102718 0.000000 0.018115
0.073109 0.000000 0.101791 0.000000 0.037578
0.038975 0.000000 0.059571 0.000000 0.038900
0.013154 0.000000 0.021535 0.000000 0.026029
0.002274 0.000222 0.005797 0.000000 0.011725
0.000000 0.002221 0.000008 0.000000 0.007982
0.000000 0.003218 0.000000 0.000000 0.005586
0.000000 0.002095 0.000000 0.000000 0.002747
0.000000 0.000535 0.000000 0.000000 0.000864
0.000000 0.000040 0.000000 0.000000 0.000158
0.000000 0.000000 -0.000000 -0.000000 0.000000
0.000000 0.000000 -0.000000 -0.000000 0.000000
0.000000 0.000000 -0.000000 -0.000000 0.000000
0.000090 0.000000 0.000055 0.000000 0.000173
0.000700 0.000000 0.000001 0.000000 0.001608
0.001954 0.000000 0.000000 0.000000 0.007124
0.002786 0.000000 0.000000 0.000000 0.024232
0.002407 0.000000 0.000000 0.000000 0.052545
0.001523 0.000000 0.000000 0.000000 0.082874
0.000000 0.000000 0.000000 0.000000 0.113982
0.000000 0.000000 0.000000 0.004148 0.144607
0.000000 0.000000 0.000000 0.018311 0.165010
0.000000 0.001678 0.000000 0.044613 0.166599
0.000000 0.023048 0.000000 0.077744 0.145310
0.007961 0.053050 0.000000 0.098368 0.106023
0.042604 0.080989 0.000000 0.089930 0.055450
0.079650 0.084473 0.016692 0.050006 0.020511
0.091991 0.051790 0.076893 0.002414 0.020372
0.075080 0.005728 0.112979 0.000000 0.042924
0.041754 0.000000 0.097281 0.000000 0.057505
0.014915 0.000000 0.052311 0.000000 0.049288
0.002052 0.000000 0.017060 0.000000 0.030884
0.000000 0.004135 0.003295 0.000000 0.016812
0.000000 0.006216 0.000000 0.000000 0.012274
0.000000 0.006495 0.000000 0.000000 0.009854
0.000000 0.004384 0.000000 0.000000 0.005128
0.000000 0.001589 0.000000 0.000000 0.001911
0.000000 0.000045 0.000000 0.000000 0.000042
0.000000 0.000000 -0.000000 -0.000000 0.000000
0.000000 0.000000 -0.000000 -0.000000 0.000000
0.000016 0.000014 0.000000 0.000000 0.000080
0.000543 0.000000 0.000000 0.000000 0.001185
0.002352 0.000000 0.000000 0.000000 0.006224
0.006338 0.000000 0.000000 0.000000 0.026250
0.009301 0.000000 0.000000 0.000000 0.065537
0.011636 0.000000 0.000000 0.000000 0.111706
0.010229 0.000000 0.000000 0.000000 0.152476
0.009749 0.000000 0.000000 0.000000 0.182119
0.012217 0.000000 0.000000 0.011122 0.194973
0.015538 0.006553 0.000000 0.033453 0.190513
0.020988 0.026928 0.000000 0.062622 0.170331
0.034012 0.051714 0.000000 0.084560 0.133892
0.054448 0.073363 0.000000 0.081287 0.093888
0.079985 0.088500 0.012219 0.048516 0.055653
0.089290 0.073725 0.057377 0.007371 0.043176
0.076402 0.036881 0.100836 0.000000 0.057648
0.043333 0.001759 0.115063 0.000000 0.076960
0.012194 0.000000 0.084715 0.000000 0.082419
0.000000 0.000000 0.042477 0.000000 0.063959
0.000000 0.009332 0.011946 0.000000 0.042870
0.000000 0.015109 0.000234 0.000000 0.030420
0.000000 0.016984 0.000000 0.000000 0.025072
0.000000 0.015347 0.000000 0.000000 0.016719
0.000000 0.009418 0.000000 0.000000 0.008930
0.000000 0.003373 0.000000 0.000000 0.002758
0.000000 0.000300 0.000000 0.000000 0.000238
0.000000 0.000000 -0.000000 -0.000000 0.000000
0.000000 0.000000 -0.000000 -0.000000 0.000000
0.000104 0.000079 0.000037 0.000000 0.000095
0.001891 0.000000 0.000000 0.000000 0.002887
0.008435 0.000000 0.000000 0.000000 0.016170
0.018957 0.000000 0.000000 0.000000 0.054527
0.026854 0.000000 0.000000 0.000000 0.111966
0.031262 0.000000 0.000000 0.000000 0.158485
0.033667 0.000000 0.000000 0.000000 0.180648
0.037990 0.008149 0.000000 0.006658 0.175179
0.042617 0.031256 0.000000 0.028486 0.153129
0.052438 0.053893 0.000000 0.054481 0.123902
0.064244 0.074467 0.000000 0.073158 0.093957
0.078944 0.092706 0.000000 0.071217 0.067292
0.091530 0.100606 0.019232 0.044726 0.054087
0.093502 0.094354 0.051922 0.008162 0.054299
0.080328 0.067627 0.088128 0.000000 0.071221
0.049422 0.036825 0.106717 0.000000 0.098648
0.014200 0.019691 0.099541 0.000000 0.113609
0.000000 0.020193 0.063927 0.000000 0.108688
0.000000 0.028597 0.030018 0.000000 0.088430
0.000000 0.035477 0.006487 0.000000 0.066123
0.000000 0.040242 0.000000 0.000000 0.049839
0.000000 0.039004 0.000000 0.000000 0.039779
0.000000 0.031286 0.000000 0.000000 0.027392
0.000000 0.018318 0.000000 0.000000 0.012692
0.000000 0.004060 0.000000 0.000000 0.002863
0.000000 0.000195 0.000000 0.000000 0.000244
0.000000 0.000000 -0.000000 -0.000000 0.000000
0.000000 0.000000 -0.000000 -0.000000 0.000000
0.000195 0.000049 0.000028 0.000000 0.000134
0.005873 0.000000 0.000000 0.000000 0.006557
0.021676 0.000000 0.000000 0.000000 0.029329
0.041748 0.000000 0.000000 0.000000 0.075839
0.051004 0.000000 0.000000 0.000000 0.136478
0.054713 0.000117 0.000000 0.000000 0.163408
0.053284 0.019950 0.001278 0.004677 0.152131
0.054768 0.048565 0.001718 0.028625 0.114302
0.062922 0.074856 0.000000 0.054772 0.070096
0.077358 0.097448 0.000000 0.073625 0.033924
0.094685 0.117098 0.000000 0.070196 0.009140
0.104132 0.126442 0.011604 0.046709 0.008866
0.102430 0.120912 0.043020 0.012906 0.024393
0.088079 0.099922 0.076510 0.000000 0.052799
0.064345 0.074724 0.096110 0.000000 0.081789
0.035931 0.056184 0.096233 0.000000 0.106938
0.009414 0.051042 0.075434 0.000000 0.120690
0.000000 0.055379 0.045248 0.000000 0.117833
0.000000 0.062320 0.020676 0.000000 0.103160
0.000000 0.067019 0.001113 0.000000 0.084219
0.000000 0.066448 0.000000 0.000000 0.066601
0.000000 0.059739 0.000000 0.000000 0.050267
0.000000 0.046401 0.000000 0.000000 0.034754
0.000000 0.024312 0.000000 0.000000 0.015658
0.000000 0.004715 0.000000 0.000000 0.002503
0.000000 0.000212 0.000000 0.000000 0.000112
0.000000 0.000000 -0.000000 -0.000000 0.000000
0.000000 0.000000 -0.000000 -0.000000 0.000000
0.000322 0.000042 0.000000 0.000000 0.000018
0.012188 0.000000 0.000000 0.000000 0.008313
0.040584 0.000000 0.000000 0.000000 0.032249
0.068640 0.000000 0.000000 0.000000 0.077217
0.075114 0.000000 0.000000 0.000000 0.128226
0.067844 0.013114 0.000000 0.001711 0.144514
0.057927 0.038886 0.005965 0.027013 0.118745
0.059238 0.071543 0.001113 0.055950 0.070850
0.071541 0.098852 0.000000 0.077182 0.028523
0.090309 0.120265 0.000000 0.075727 0.000000
0.105942 0.133438 0.000000 0.055778 0.000000
0.106791 0.135595 0.026967 0.025613 0.000000
0.092016 0.118445 0.066827 0.002606 0.018233
0.071715 0.094854 0.095395 0.000000 0.038447
0.056342 0.080182 0.097559 0.000000 0.056484
0.042691 0.074141 0.078363 0.000000 0.076264
0.030012 0.075361 0.054136 0.000000 0.089053
0.014197 0.076190 0.035088 0.000000 0.094966
0.002471 0.079420 0.019354 0.000000 0.091347
0.000000 0.081462 0.005651 0.000000 0.082577
0.000000 0.078939 0.000000 0.000000 0.067208
0.000000 0.068148 0.000000 0.001823 0.051027
0.000000 0.049725 0.000000 0.001869 0.033756
0.000000 0.020592 0.000000 0.001264 0.014596
0.000000 0.002509 0.000000 0.000481 0.001667
0.000000 0.000093 0.000000 0.000007 0.000040
0.000000 0.000000 -0.000000 -0.000000 0.000000
0.000000 0.000000 -0.000000 -0.000000 0.000000
0.000762 0.000140 0.000000 0.000000 0.000000
0.019088 0.000000 0.000000 0.000000 0.005776
0.058343 0.000000 0.000000 0.000000 0.021358
0.091694 0.000000 0.000000 0.000000 0.056894
0.098305 0.002162 0.000000 0.000000 0.099900
0.083485 0.015000 0.007674 0.017154 0.117557
0.067988 0.037924 0.017092 0.049049 0.100633
0.067504 0.069492 0.012863 0.076164 0.060156
0.081839 0.095840 0.005914 0.083053 0.021999
0.095465 0.112863 0.012642 0.071177 0.000000
0.096142 0.117814 0.035992 0.051666 0.000000
0.080446 0.106129 0.073805 0.035685 0.000000
0.056315 0.084141 0.107637 0.031170 0.005203
0.044649 0.069165 0.112915 0.034781 0.008716
0.044924 0.062482 0.092839 0.040032 0.013359
0.049114 0.063544 0.064607 0.042095 0.020719
0.049276 0.065318 0.043511 0.043211 0.028792
0.034715 0.064786 0.033516 0.044294 0.042068
0.017198 0.064371 0.026024 0.044885 0.051265
0.004186 0.063132 0.016522 0.040448 0.054111
0.000000 0.058357 0.006663 0.031809 0.052891
0.000000 0.053282 0.000000 0.020769 0.041119
0.000000 0.034956 0.000000 0.012889 0.024637
0.000000 0.012385 0.000000 0.004999 0.010508
0.000000 0.001324 0.000000 0.000645 0.001166
0.000000 0.000000 0.000014 0.000035 0.000030
0.000000 0.000000 -0.000000 -0.000000 0.000000
0.000003 0.000000 0.000008 0.000000 0.000000
0.001525 0.000244 0.000000 0.000000 0.000000
0.023350 0.001002 0.000000 0.000000 0.000000
0.068279 0.001839 0.000000 0.000000 0.004538
0.105180 0.001879 0.000000 0.000000 0.020906
0.118104 0.000811 0.000084 0.001778 0.051448
0.104445 0.002967 0.025280 0.028806 0.074214
0.087259 0.017190 0.047796 0.061713 0.068740
0.080303 0.041886 0.057725 0.084128 0.042518
0.077510 0.059874 0.069004 0.089394 0.015310
0.070214 0.070000 0.085293 0.084481 0.000000
0.049371 0.063129 0.112362 0.077787 0.000000
0.024221 0.044457 0.137013 0.076959 0.000000
0.008859 0.030382 0.139047 0.081766 0.000000
0.012116 0.023859 0.114858 0.089981 0.000000
0.028110 0.026550 0.080087 0.097018 0.000000
0.042244 0.032249 0.053486 0.098646 0.000000
0.048375 0.032099 0.040199 0.099217 0.000000
0.040265 0.030247 0.032701 0.096165 0.000061
0.024496 0.029222 0.029235 0.087494 0.016431
0.008393 0.027678 0.024607 0.071832 0.029265
0.000000 0.028089 0.015997 0.052546 0.031959
0.000000 0.026513 0.005724 0.033739 0.025630
0.000000 0.017291 0.000000 0.018248 0.016518
0.000000 0.006066 0.000000 0.005393 0.005017
0.000000 0.000909 0.000053 0.000325 0.000562
0.000000 0.000000 -0.000000 -0.000000 0.000000
0.000000 0.000000 -0.000000 -0.000000 0.000000
0.000048 0.000000 0.000110 0.000000 0.000000
0.001957 0.000254 0.000000 0.000000 0.000000
0.019503 0.001868 0.000000 0.000000 0.000000
0.058309 0.004158 0.000000 0.000000 0.000000
0.098756 0.004620 0.000000 0.000000 0.000000
0.119413 0.000293 0.009524 0.006655 0.000000
0.113664 0.000000 0.044999 0.034115 0.011702
0.094288 0.000000 0.083048 0.063728 0.012842
0.071132 0.005216 0.114376 0.086037 0.002061
0.046921 0.012445 0.136536 0.097426 0.000000
0.019997 0.014121 0.155039 0.101259 0.000000
0.000000 0.006061 0.162450 0.102749 0.000000
0.000000 0.000000 0.150195 0.104270 0.000000
0.000000 0.000000 0.123131 0.108839 0.000000
0.000000 0.000000 0.086840 0.113223 0.000000
0.012650 0.000000 0.060222 0.115105 0.000000
0.027316 0.001146 0.044110 0.115103 0.000000
0.033611 0.001222 0.034786 0.113619 0.000000
0.030570 0.000805 0.031377 0.105606 0.000000
0.020488 0.001254 0.027730 0.090355 0.000000
0.007629 0.003570 0.025182 0.068559 0.010841
0.000000 0.006314 0.018647 0.047503 0.014548
0.000000 0.008513 0.009587 0.029137 0.012481
0.000000 0.005514 0.002035 0.014687 0.009908
0.000000 0.002177 0.000152 0.003579 0.002842
0.000000 0.000305 0.000073 0.000117 0.000391
0.000000 0.000000 -0.000000 -0.000000 0.000000
0.000000 0.000000 -0.000000 -0.000000 0.000000
0.000000 0.000000 -0.000000 -0.000000 0.000000
0.000948 0.000085 0.000053 0.000046 0.000000
0.010413 0.001253 0.000000 0.000000 0.000000
0.033652 0.003937 0.000000 0.000000 0.000000
0.065156 0.006584 0.000000 0.000000 0.000000
0.087096 0.006055 0.013316 0.003668 0.000000
0.089889 0.000000 0.046236 0.023786 0.000000
0.070776 0.000000 0.091058 0.047607 0.000000
0.041034 0.000000 0.128143 0.068487 0.000000
0.010215 0.000000 0.149712 0.083480 0.000000
0.000000 0.000000 0.150462 0.089733 0.000000
0.000000 0.000000 0.133357 0.089990 0.000000
0.000000 0.000000 0.102391 0.088406 0.000000
0.000000 0.000000 0.072943 0.086260 0.000000
0.000000 0.000000 0.050096 0.083783 0.000000
0.006650 0.000000 0.038447 0.080992 0.000000
0.016779 0.000000 0.030862 0.077067 0.000000
0.021960 0.000000 0.027626 0.072473 0.000000
0.020584 0.000000 0.025067 0.064359 0.000000
0.014668 0.000000 0.023833 0.052626 0.000000
0.005655 0.000000 0.020150 0.039085 0.000000
0.000000 0.001469 0.015208 0.026549 0.005010
0.000000 0.002691 0.007560 0.014540 0.005482
0.000000 0.002564 0.002472 0.006195 0.003424
0.000000 0.000908 0.001042 0.001206 0.000335
0.000000 0.000014 0.000088 0.000016 0.000000
0.000000 0.000000 -0.000000 -0.000000 0.000000
0.000000 0.000000 -0.000000 -0.000000 0.000000
0.000000 0.000000 -0.000000 -0.000000 0.000000
0.000005 0.000002 0.000000 0.000000 0.000000
0.002377 0.000469 0.000000 0.000000 0.000000
0.009822 0.002330 0.000025 0.000000 0.000000
0.021660 0.004875 0.003489 0.000000 0.000000
0.032875 0.006957 0.012194 0.000000 0.000000
0.035362 0.005393 0.029906 0.006941 0.000000
0.026956 0.001154 0.052598 0.017754 0.000000
0.013175 0.000000 0.070281 0.027957 0.000000
0.000000 0.000000 0.077652 0.035233 0.000000
0.000000 0.000000 0.070897 0.039146 0.000000
0.000000 0.000000 0.056989 0.039826 0.000000
0.000000 0.000000 0.040800 0.037631 0.000000
0.000000 0.000488 0.028407 0.034074 0.000000
0.000234 0.002374 0.020615 0.030107 0.000000
0.005131 0.003289 0.016181 0.027221 0.000000
0.009038 0.004120 0.014287 0.023420 0.000000
0.010144 0.005339 0.013123 0.020685 0.000000
0.009418 0.005440 0.012888 0.017781 0.000000
0.005880 0.004899 0.013338 0.015195 0.000000
0.002780 0.003491 0.012157 0.011236 0.000000
0.000265 0.003071 0.008064 0.007672 0.000000
0.000000 0.002876 0.004380 0.003663 0.000000
0.000000 0.001870 0.001057 0.000873 0.000000
0.000074 0.000485 0.000412 0.000071 0.000000
0.000000 0.000055 0.000076 0.000000 0.000000
0.000000 0.000000 -0.000000 -0.000000 0.000000
0.000000 0.000000 -0.000000 -0.000000 0.000000
0.000000 0.000000 -0.000000 -0.000000 0.000000
0.000000 0.000000 -0.000000 -0.000000 0.000000
0.000077 0.000030 0.000000 0.000000 0.000000
0.000521 0.000236 0.000106 0.000000 0.000000
0.001330 0.000856 0.001177 0.000000 0.000000
0.002362 0.001694 0.002747 0.000000 0.000000
0.003095 0.002139 0.004730 0.000000 0.000000
0.002722 0.002275 0.006738 0.000051 0.000000
0.002016 0.002508 0.008543 0.000452 0.000000
0.001662 0.003857 0.008761 0.001067 0.000000
0.001555 0.004375 0.007892 0.002190 0.000000
0.001227 0.005180 0.007160 0.002633 0.000000
0.001044 0.005730 0.006145 0.003099 0.000000
0.001139 0.005361 0.004949 0.003080 0.000000
0.001518 0.004992 0.003857 0.002281 0.000000
0.001753 0.004832 0.003346 0.001552 0.000000
0.001606 0.004573 0.003247 0.001116 0.000000
0.001354 0.004071 0.003248 0.000873 0.000000
0.001215 0.003459 0.002646 0.000663 0.000000
0.001185 0.003047 0.001623 0.000534 0.000000
0.000778 0.002321 0.001291 0.000085 0.000000
0.000343 0.001506 0.001493 0.000171 0.000000
0.000087 0.001066 0.001151 0.000000 0.000000
0.000000 0.001034 0.000519 0.000000 0.000000
0.000000 0.000514 0.000057 0.000000 0.000000
0.000000 0.000055 0.000000 0.000000 0.000036
0.000000 0.000000 -0.000000 -0.000000 0.000000
0.000000 0.000000 -0.000000 -0.000000 0.000000
0.000000 0.000000 -0.000000 -0.000000 0.000000
0.000000 0.000000 -0.000000 -0.000000 0.000000
0.000000 0.000000 -0.000000 -0.000000 0.000000
0.000000 0.000000 -0.000000 -0.000000 0.000000
0.000000 0.000000 -0.000000 -0.000000 0.000000
0.000143 0.000121 0.000007 0.000000 0.000000
0.000171 0.000146 0.000104 0.000000 0.000000
0.000171 0.000146 0.000104 0.000000 0.000000
0.000174 0.000151 0.000108 0.000000 0.000000
0.000223 0.000279 0.000195 0.000000 0.000000
0.000222 0.000398 0.000276 0.000000 0.000000
0.000197 0.000503 0.000283 0.000000 0.000000
0.000230 0.000908 0.000340 0.000000 0.000000
0.000196 0.001254 0.000506 0.000000 0.000000
0.000201 0.001374 0.000452 0.000000 0.000000
0.000210 0.001193 0.000462 0.000000 0.000000
0.000158 0.001062 0.000387 0.000000 0.000000
0.000045 0.000774 0.000330 0.000000 0.000000
0.000010 0.000468 0.000352 0.000000 0.000000
0.000056 0.000540 0.000258 0.000000 0.000000
0.000063 0.000447 0.000051 0.000000 0.000000
0.000005 0.000267 0.000121 0.000000 0.000000
0.000000 0.000044 0.000026 0.000000 0.000000
0.000000 0.000011 0.000000 0.000000 0.000007
0.000000 0.000049 0.000000 0.000000 0.000032
0.000000 0.000058 0.000000 0.000000 0.000038
0.000000 0.000000 -0.000000 -0.000000 0.000000
0.000000 0.000000 -0.000000 -0.000000 0.000000
0.000000 0.000000 -0.000000 -0.000000 0.000000
0.000000 0.000000 -0.000000 -0.000000 0.000000
0.000000 0.000000 -0.000000 -0.000000 0.000000
0.000000 0.000000 -0.000000 -0.000000 0.000000
0.000000 0.000000 -0.000000 -0.000000 0.000000
0.000000 0.000000 -0.000000 -0.000000 0.000000
0.000000 0.000000 -0.000000 -0.000000 0.000000
0.000000 0.000000 -0.000000 -0.000000 0.000000
0.000000 0.000000 -0.000000 -0.000000 0.000000
0.000000 0.000000 -0.000000 -0.000000 0.000000
0.000000 0.000000 -0.000000 -0.000000 0.000000
0.000000 0.000000 -0.000000 -0.000000 0.000000
0.000000 0.000000 -0.000000 -0.000000 0.000000
0.000000 0.000000 -0.000000 -0.000000 0.000000
0.000000 0.000000 -0.000000 -0.000000 0.000000
0.000000 0.000000 -0.000000 -0.000000 0.000000
0.000000 0.000000 -0.000000 -0.000000 0.000000
0.000000 0.000000 -0.000000 -0.000000 0.000000
0.000000 0.000000 -0.000000 -0.000000 0.000000
0.000000 0.000000 -0.000000 -0.000000 0.000000
0.000000 0.000000 -0.000000 -0.000000 0.000000
0.000000 0.000000 -0.000000 -0.000000 0.000000
0.000000 0.000000 -0.000000 -0.000000 0.000000
0.000000 0.000000 -0.000000 -0.000000 0.000000
0.000000 0.000000 -0.000000 -0.000000 0.000000
0.000000 0.000000 -0.000000 -0.000000 0.000000
0.000000 0.000000 -0.000000 -0.000000 0.000000
0.000000 0.000000 -0.000000 -0.000000 0.000000
0.000000 0.000000 -0.000000 -0.000000 0.000000
0.000000 0.000000 -0.000000 -0.000000 0.000000
0.000000 0.000000 -0.000000 -0.000000 0.000000
0.000000 0.000000 -0.000000 -0.000000 0.000000
0.000000 0.000000 -0.000000 -0.000000 0.000000
0.000000 0.000000 -0.000000 -0.000000 0.000000
0.000000 0.000000 -0.000000 -0.000000 0.000000
0.000000 0.000000 -0.000000 -0.000000 0.000000
0.000000 0.000000 -0.000000 -0.000000 0.000000
0.000000 0.000000 -0.000000 -0.000000 0.000000
0.000000 0.000000 -0.000000 -0.000000 0.000000
0.000000 0.000000 -0.000000 -0.000000 0.000000
0.000000 0.000000 -0.000000 -0.000000 0.000000
0.000000 0.000000 -0.000000 -0.000000 0.000000
0.000000 0.000000 -0.000000 -0.000000 0.000000
0.000000 0.000000 -0.000000 -0.000000 0.000000
0.000000 0.000000 -0.000000 -0.000000 0.000000
0.000000 0.000000 -0.000000 -0.000000 0.000000
0.000000 0.000000 -0.000000 -0.000000 0.000000
0.000000 0.000000 -0.000000 -0.000000 0.000000
0.000000 0.000000 -0.000000 -0.000000 0.000000
0.000000 0.000000 -0.000000 -0.000000 0.000000
0.000000 0.000000 -0.000000 -0.000000 0.000000
0.000000 0.000000 -0.000000 -0.000000 0.000000
0.000000 0.000000 -0.000000 -0.000000 0.000000
0.000000 0.000000 -0.000000 -0.000000 0.000000
0.000000 0.000000 -0.000000 -0.000000 0.000000
