0.000000 0.000000 0.000000 -0.000000 -0.000000
0.000000 0.000000 0.000000 -0.000000 -0.000000
0.000000 0.000000 0.000000 -0.000000 -0.000000
0.000000 0.000000 0.000000 -0.000000 -0.000000
0.000000 0.000000 0.000000 -0.000000 0.000000
0.000000 0.000000 0.000000 -0.000000 0.000000
0.000000 0.000000 0.000000 -0.000000 0.000000
0.000000 0.000000 0.000000 -0.000000 0.000000
0.000000 0.000000 0.000000 -0.000000 0.000000
0.000000 0.000000 0.000000 -0.000000 0.000000
0.000000 0.000000 0.000000 -0.000000 0.000000
0.000000 0.000000 0.000000 -0.000000 0.000000
0.000000 0.000000 0.000000 -0.000000 0.000000
0.000000 0.000000 0.000000 -0.000000 0.000000
0.000000 0.000000 0.000000 -0.000000 0.000000
0.000000 0.000000 0.000000 -0.000000 0.000000
0.000000 0.000000 0.000000 -0.000000 0.000000
0.000000 0.000000 0.000000 -0.000000 0.000000
0.000000 0.000000 0.000000 -0.000000 0.000000
0.000000 0.000000 0.000000 -0.000000 0.000000
0.000000 0.000000 0.000000 -0.000000 0.000000
0.000000 0.000000 0.000000 -0.000000 0.000000
0.000000 0.000000 0.000000 -0.000000 0.000000
0.000000 0.000000 0.000000 -0.000000 0.000000
0.000000 0.000000 0.000000 -0.000000 0.000000
0.000000 0.000000 0.000000 -0.000000 0.000000
0.000000 0.000000 0.000000 -0.000000 0.000000
0.000000 0.000000 0.000000 -0.000000 0.000000
0.000000 0.000000 0.000000 -0.000000 0.000000
0.000000 0.000000 0.000000 -0.000000 0.000000
0.000000 0.000000 0.000000 -0.000000 0.000000
0.000000 0.000000 0.000000 -0.000000 0.000000
0.000000 0.000000 0.000000 -0.000000 0.000000
0.000000 0.000000 0.000000 -0.000000 0.000000
0.000000 0.000000 0.000000 -0.000000 0.000000
0.000000 0.000000 0.000000 -0.000000 0.000000
0.000000 0.000000 0.000000 -0.000000 0.000000
0.000000 0.000000 0.000000 -0.000000 0.000000
0.000000 0.000000 0.000000 -0.000000 0.000000
0.000000 0.000000 0.000000 -0.000000 0.000000
0.000000 0.000000 0.000000 -0.000000 0.000000
0.000000 0.000000 0.000000 -0.000000 0.000000
0.000000 0.000000 0.000000 -0.000000 0.000000
0.000000 0.000000 0.000000 -0.000000 0.000000
0.000000 0.000000 0.000000 -0.000000 0.000000
0.000000 0.000000 0.000000 -0.000000 0.000000
0.000000 0.000000 0.000000 -0.000000 0.000000
0.000000 0.000000 0.000000 -0.000000 0.000000
0.000000 0.000000 0.000000 -0.000000 0.000000
0.000000 0.000000 0.000000 -0.000000 0.000000
0.000000 0.000000 0.000000 -0.000000 0.000000
0.000000 0.000000 0.000000 -0.000000 0.000000
0.000000 0.000000 0.000000 -0.000000 0.000000
0.000000 0.000000 0.000000 -0.000000 0.000000
0.000000 0.000000 0.000000 -0.000000 0.000000
0.000000 0.000000 0.000000 -0.000000 0.000000
0.000000 0.000000 0.000000 -0.000000 0.000000
0.000000 0.000000 0.000000 -0.000000 0.000000
0.000000 0.000000 0.000000 -0.000000 0.000000
0.000000 0.000000 0.000000 -0.000000 0.000000
0.000000 0.000000 0.000000 -0.000000 0.000000
0.000000 0.000000 0.000000 -0.000000 0.000000
0.000000 0.000000 0.000000 -0.000000 0.000000
0.000000 0.000000 0.000000 -0.000000 0.000000
0.000000 0.000000 0.000000 -0.000000 0.000000
0.000000 0.000000 0.000000 -0.000000 0.000000
0.000000 0.000000 0.000000 -0.000000 0.000000
0.000406 0.000000 0.000515 0.000249 0.000000
0.001873 0.000000 0.004283 0.002558 0.000000
0.001887 0.000000 0.004823 0.002946 0.000000
0.004164 0.000000 0.005603 0.001930 0.000000
0.002427 0.000000 0.002267 0.000138 0.000000
0.003611 0.000000 0.002103 0.000000 0.000000
0.003957 0.000000 0.002305 0.000000 0.000000
0.000714 0.000000 0.000416 0.000000 0.000000
0.000000 0.000000 0.000000 -0.000000 0.000000
0.000000 0.000000 0.000000 -0.000000 0.000000
0.000000 0.000000 0.000000 -0.000000 0.000000
0.000000 0.000000 0.000000 -0.000000 0.000000
0.000000 0.000000 0.000000 -0.000000 0.000000
0.000000 0.000000 0.000000 -0.000000 0.000000
0.000000 0.000000 0.000000 -0.000000 0.000000
0.000000 0.000000 0.000000 -0.000000 0.000000
0.000000 0.000000 0.000000 -0.000000 0.000000
0.000000 0.000000 0.000000 -0.000000 0.000000
0.000000 0.000000 0.000000 -0.000000 0.000000
0.000000 0.000000 0.000000 -0.000000 0.000000
0.000000 0.000000 0.000000 -0.000000 0.000000
0.000000 0.000000 0.000000 -0.000000 0.000000
0.000000 0.000000 0.000000 -0.000000 0.000000
0.000000 0.000000 0.000852 0.000312 0.000557
0.000000 0.000000 0.004005 0.000820 0.001187
0.000000 0.000000 0.019082 0.000148 0.000000
0.000000 0.000000 0.028435 0.000324 0.000000
0.000000 0.000000 0.032032 0.001901 0.000000
0.000000 0.000000 0.045551 0.006536 0.000000
0.000000 0.000000 0.048269 0.008274 0.000000
0.000000 0.000000 0.044039 0.018034 0.000000
0.000000 0.000000 0.041900 0.028744 0.000000
0.000000 0.000000 0.029764 0.040390 0.000000
0.000000 0.000000 0.014089 0.051951 0.000000
0.000000 0.000000 0.000000 0.064964 0.001443
0.000000 0.000000 0.000000 0.061711 0.000739
0.000000 0.000000 0.000000 0.040932 0.002405
0.000000 0.000000 0.000000 0.026335 0.003608
0.000000 0.003442 0.000000 0.006546 0.000020
0.000301 0.000000 0.000000 0.000697 0.000000
0.000000 0.000000 0.000000 -0.000000 0.000000
0.000000 0.000000 0.000000 -0.000000 0.000000
0.000000 0.000000 0.000000 -0.000000 0.000000
0.000000 0.000000 0.000000 -0.000000 0.000000
0.000000 0.000000 0.000000 -0.000000 0.000000
0.000000 0.000000 0.000000 -0.000000 0.000000
0.000000 0.000000 0.000000 -0.000000 0.000000
0.000000 0.000000 0.000000 -0.000000 0.000000
0.000000 0.000000 0.000000 -0.000000 0.000000
0.000000 0.000095 0.000213 0.000101 0.000015
0.000000 0.001710 0.004915 0.001519 0.000006
0.000000 0.000000 0.010972 0.003347 0.002105
0.000000 0.000000 0.019012 0.003387 0.000000
0.000000 0.000000 0.044506 0.003594 0.000000
0.000000 0.000000 0.060022 0.005363 0.000000
0.000000 0.000000 0.067979 0.010316 0.000000
0.000000 0.003731 0.085006 0.017116 0.000000
0.000000 0.006136 0.097665 0.036101 0.000000
0.000000 0.005618 0.114441 0.055864 0.000000
0.000000 0.000000 0.107832 0.073799 0.000000
0.000000 0.009056 0.086132 0.092485 0.000000
0.003046 0.017304 0.065862 0.100014 0.000000
0.008539 0.029630 0.022688 0.103244 0.000000
0.007836 0.041979 0.000000 0.098629 0.000000
0.004452 0.035499 0.000000 0.088255 0.000000
0.000000 0.026972 0.000000 0.058065 0.000000
0.000000 0.016631 0.000000 0.029485 0.000000
0.000473 0.004523 0.000000 0.004474 0.000000
0.000000 0.000000 0.000000 -0.000000 0.000000
0.000000 0.000000 0.000000 -0.000000 0.000000
0.000000 0.000000 0.000000 -0.000000 0.000000
0.000000 0.000000 0.000000 -0.000000 0.000000
0.000000 0.000000 0.000000 -0.000000 0.000000
0.000000 0.000000 0.000000 -0.000000 0.000000
0.000000 0.000000 0.000000 -0.000000 0.000000
0.000000 0.000000 0.000000 -0.000000 0.000000
0.000000 0.000000 0.000000 -0.000000 0.000000
0.000000 0.004506 0.003399 0.000000 0.000775
0.000000 0.010866 0.018289 0.001468 0.006528
0.000000 0.010975 0.034316 0.001483 0.009198
0.000000 0.009517 0.046978 0.002167 0.008062
0.000000 0.005032 0.063949 0.003527 0.007184
0.000000 0.006089 0.086169 0.005100 0.002866
0.000000 0.010146 0.118102 0.013003 0.004553
0.000000 0.025572 0.137128 0.031915 0.003377
0.000000 0.032974 0.139995 0.054379 0.000367
0.000000 0.036511 0.138090 0.071885 0.000000
0.003214 0.044403 0.136064 0.083440 0.000000
0.023867 0.066192 0.116454 0.080435 0.000000
0.047468 0.088568 0.094059 0.076532 0.000000
0.045993 0.093269 0.064200 0.086132 0.000000
0.032827 0.082806 0.027875 0.095300 0.000000
0.019720 0.075746 0.000000 0.095196 0.000000
0.008726 0.072412 0.000000 0.081603 0.000000
0.001193 0.060770 0.000000 0.044575 0.000000
0.003268 0.024605 0.000000 0.010741 0.000000
0.000388 0.001094 0.000085 0.000000 0.000000
0.000000 0.000000 0.000000 -0.000000 0.000000
0.000000 0.000000 0.000000 -0.000000 0.000000
0.000000 0.000000 0.000000 -0.000000 0.000000
0.000000 0.000000 0.000000 -0.000000 0.000000
0.000000 0.000000 0.000000 -0.000000 0.000000
0.000000 0.000000 0.000000 -0.000000 0.000000
0.000000 0.000000 0.000000 -0.000000 0.000000
0.000000 0.000000 0.000000 -0.000000 0.000000
0.000000 0.008333 0.004757 0.000000 0.004346
0.000000 0.012620 0.020501 0.000809 0.021396
0.000000 0.009549 0.042511 0.000000 0.021361
0.000000 0.004724 0.058052 0.000000 0.028669
0.000000 0.000000 0.073420 0.000000 0.034099
0.000000 0.002246 0.087630 0.011460 0.041114
0.000000 0.018446 0.102281 0.021880 0.041422
0.000000 0.035259 0.105829 0.042433 0.043496
0.000000 0.054910 0.099812 0.057730 0.034350
0.032340 0.076441 0.085033 0.051817 0.023017
0.058198 0.093393 0.075974 0.028629 0.022751
0.076060 0.102049 0.087306 0.010692 0.016647
0.087964 0.103022 0.092319 0.007348 0.003687
0.089099 0.103652 0.077549 0.028484 0.000000
0.078397 0.102196 0.053491 0.046408 0.000000
0.052650 0.091340 0.014803 0.080773 0.000000
0.024748 0.085167 0.000000 0.090105 0.000000
0.007547 0.083803 0.000000 0.056508 0.000000
0.008882 0.047250 0.000000 0.020937 0.000000
0.003462 0.016150 0.000000 0.000000 0.000000
0.000000 0.000000 0.000000 -0.000000 0.000000
0.000000 0.000000 0.000000 -0.000000 0.000000
0.000000 0.000000 0.000000 -0.000000 0.000000
0.000000 0.000000 0.000000 -0.000000 0.000000
0.000000 0.000000 0.000000 -0.000000 0.000000
0.000000 0.000000 0.000000 -0.000000 0.000000
0.000000 0.000000 0.000000 -0.000000 0.000000
0.000000 0.000000 0.000000 -0.000000 0.000000
0.000000 0.005455 0.003234 0.000000 0.014169
0.000000 0.004663 0.017206 0.000000 0.040180
0.000000 0.000000 0.039492 0.000000 0.058303
0.000000 0.000000 0.046345 0.000000 0.066192
0.000000 0.000000 0.048779 0.000000 0.070097
0.000000 0.007169 0.056118 0.002173 0.081235
0.000000 0.033346 0.058265 0.007619 0.077429
0.017962 0.055667 0.039197 0.009627 0.076315
0.039873 0.066606 0.016942 0.026523 0.087187
0.066462 0.069973 0.005513 0.016653 0.099344
0.083465 0.069164 0.005986 0.003266 0.095981
0.079885 0.052269 0.026058 0.000000 0.099633
0.091400 0.048845 0.065024 0.000000 0.080742
0.099670 0.052160 0.080834 0.000000 0.047188
0.093964 0.057309 0.073797 0.016277 0.006411
0.079292 0.080457 0.028943 0.052792 0.000000
0.032347 0.092216 0.000000 0.088663 0.000000
0.013886 0.099716 0.000000 0.060917 0.000000
0.009289 0.070096 0.000000 0.024612 0.000000
0.004539 0.023251 0.000000 0.000000 0.000000
0.000000 0.000000 0.000000 -0.000000 0.000000
0.000000 0.000000 0.000000 -0.000000 0.000000
0.000000 0.000000 0.000000 -0.000000 0.000000
0.000000 0.000000 0.000000 -0.000000 0.000000
0.000000 0.000000 0.000000 -0.000000 0.000000
0.000000 0.000000 0.000000 -0.000000 0.000000
0.000000 0.000000 0.000000 -0.000000 0.000000
0.000000 0.000000 0.000000 -0.000000 0.000000
0.000000 0.004228 0.004642 0.000000 0.047278
0.000000 0.000000 0.017524 0.000000 0.060286
0.000000 0.000000 0.023170 0.000000 0.071218
0.000000 0.000000 0.022964 0.000000 0.083787
0.007745 0.000000 0.015386 0.000000 0.098544
0.019771 0.021665 0.011686 0.000000 0.106794
0.030846 0.037586 0.004547 0.000000 0.112945
0.045416 0.050454 0.000000 0.000000 0.123329
0.049368 0.050336 0.000000 0.006599 0.128176
0.051827 0.045368 0.000000 0.000018 0.125101
0.040123 0.017388 0.000000 0.005004 0.139957
0.027234 0.000000 0.020463 0.008469 0.142294
0.054686 0.000000 0.058107 0.000000 0.114859
0.089087 0.000000 0.090055 0.000000 0.071555
0.110143 0.009729 0.067820 0.014693 0.042504
0.085346 0.041527 0.030251 0.048871 0.012788
0.041111 0.092802 0.000000 0.082490 0.000000
0.007113 0.117037 0.000000 0.058597 0.000000
0.004329 0.079569 0.000000 0.021951 0.000000
0.004516 0.025513 0.000000 0.000000 0.000000
0.000000 0.000000 0.000000 -0.000000 0.000000
0.000000 0.000000 0.000000 -0.000000 0.000000
0.000000 0.000000 0.000000 -0.000000 0.000000
0.000000 0.000000 0.000000 -0.000000 0.000000
0.000000 0.000000 0.000000 -0.000000 0.000000
0.000000 0.000000 0.000000 -0.000000 0.000000
0.000000 0.000000 0.000000 -0.000000 0.000000
0.000000 0.000000 0.000000 -0.000000 0.000000
0.000000 0.001074 0.004051 0.000407 0.043595
0.000000 0.000000 0.012001 0.000000 0.064083
0.001521 0.000000 0.000403 0.000000 0.090539
0.010308 0.000000 0.000000 0.000000 0.090019
0.011508 0.000000 0.000000 0.000000 0.099273
0.023749 0.020998 0.000000 0.000000 0.105601
0.033560 0.032978 0.000000 0.000000 0.111861
0.029400 0.036753 0.000000 0.000000 0.115353
0.021806 0.033471 0.000000 0.000000 0.105306
0.011217 0.020631 0.000000 0.001336 0.106976
0.000000 0.000000 0.006490 0.012973 0.108342
0.000000 0.000000 0.045353 0.010331 0.109579
0.020735 0.000000 0.076028 0.000000 0.093454
0.086137 0.000000 0.095765 0.000000 0.073260
0.103259 0.000000 0.067110 0.023867 0.042823
0.066355 0.028079 0.021802 0.066627 0.044085
0.039162 0.093294 0.000000 0.081404 0.000286
0.000000 0.117057 0.000000 0.061964 0.000000
0.000000 0.080979 0.000000 0.015618 0.000000
0.005403 0.025415 0.000000 0.000000 0.000000
0.000000 0.000000 0.000000 -0.000000 0.000000
0.000000 0.000000 0.000000 -0.000000 0.000000
0.000000 0.000000 0.000000 -0.000000 0.000000
0.000000 0.000000 0.000000 -0.000000 0.000000
0.000000 0.000000 0.000000 -0.000000 0.000000
0.000000 0.000000 0.000000 -0.000000 0.000000
0.000000 0.000000 0.000000 -0.000000 0.000000
0.000000 0.000000 0.000000 -0.000000 0.000000
0.000000 0.001101 0.000000 0.000000 0.028770
0.000000 0.000000 0.000000 0.001880 0.058155
0.005992 0.000000 0.000000 0.000000 0.074805
0.012047 0.000000 0.000000 0.000000 0.069425
0.004849 0.005310 0.000000 0.000000 0.067331
0.008271 0.009859 0.000000 0.000000 0.058792
0.019470 0.014488 0.000000 0.000000 0.055272
0.019094 0.016350 0.000000 0.000000 0.039487
0.008967 0.002148 0.000000 0.003431 0.025476
0.000000 0.000000 0.000308 0.006971 0.041392
0.000000 0.000000 0.015428 0.007991 0.052896
0.000000 0.000000 0.060927 0.004647 0.073363
0.065969 0.000000 0.097858 0.000000 0.053579
0.094711 0.000000 0.094984 0.000000 0.067151
0.091085 0.000000 0.048782 0.048481 0.062143
0.045973 0.035351 0.008774 0.088475 0.059053
0.015117 0.106587 0.000000 0.082220 0.014159
0.000000 0.125121 0.000000 0.047929 0.000000
0.000000 0.073823 0.000000 0.008444 0.000000
0.004238 0.013257 0.000000 0.000000 0.000000
0.000000 0.000000 0.000000 -0.000000 0.000000
0.000000 0.000000 0.000000 -0.000000 0.000000
0.000000 0.000000 0.000000 -0.000000 0.000000
0.000000 0.000000 0.000000 -0.000000 0.000000
0.000000 0.000000 0.000000 -0.000000 0.000000
0.000000 0.000000 0.000000 -0.000000 0.000000
0.000000 0.000000 0.000000 -0.000000 0.000000
0.000000 0.000000 0.000000 -0.000000 0.000000
0.000000 0.000397 0.000000 0.000000 0.007477
0.000000 0.000000 0.000000 0.002341 0.034381
0.000000 0.000000 0.000000 0.001964 0.036808
0.001265 0.000000 0.000000 0.000713 0.034625
0.000000 0.007684 0.000000 0.000000 0.021911
0.000000 0.010373 0.000612 0.000000 0.015527
0.000000 0.003663 0.001251 0.000605 0.013823
0.000000 0.000000 0.005691 0.002534 0.008777
0.000000 0.000000 0.010404 0.003039 0.007627
0.004858 0.000000 0.013528 0.001529 0.018104
0.016668 0.000000 0.035343 0.000000 0.021290
0.052960 0.000000 0.087591 0.000000 0.028439
0.105805 0.000000 0.101954 0.000000 0.026920
0.110028 0.000000 0.068709 0.021820 0.063160
0.069307 0.000000 0.012641 0.078259 0.076368
0.023588 0.069763 0.001938 0.093973 0.054653
0.000000 0.127625 0.000000 0.070812 0.023335
0.000000 0.126972 0.000000 0.029883 0.000000
0.000000 0.049798 0.000000 0.001247 0.000000
0.002423 0.004276 0.000000 0.000000 0.000000
0.000000 0.000000 0.000000 -0.000000 0.000000
0.000000 0.000000 0.000000 -0.000000 0.000000
0.000000 0.000000 0.000000 -0.000000 0.000000
0.000000 0.000000 0.000000 -0.000000 0.000000
0.000000 0.000000 0.000000 -0.000000 0.000000
0.000000 0.000000 0.000000 -0.000000 0.000000
0.000000 0.000000 0.000000 -0.000000 0.000000
0.000000 0.000000 0.000000 -0.000000 0.000000
0.000000 0.000000 0.000000 -0.000000 0.000000
0.000000 0.000000 0.000000 0.003117 0.022585
0.000000 0.000000 0.000000 0.001796 0.016834
0.000000 0.000000 0.000000 0.000881 0.009913
0.000000 0.002641 0.000000 0.000195 0.010459
0.000000 0.000000 0.002168 0.002849 0.012624
0.000000 0.000000 0.003572 0.005011 0.007822
0.000000 0.000000 0.005001 0.004169 0.006055
0.008229 0.000000 0.004349 0.003473 0.016055
0.024768 0.000000 0.023518 0.000000 0.015257
0.063245 0.000000 0.075712 0.000000 0.005689
0.105421 0.000000 0.098316 0.000000 0.007651
0.123712 0.000000 0.087044 0.002721 0.022282
0.086401 0.000000 0.032055 0.063663 0.076918
0.038154 0.005871 0.000000 0.102635 0.077526
0.000000 0.087261 0.000000 0.099686 0.056576
0.000000 0.141128 0.000000 0.057199 0.018757
0.000000 0.108333 0.000000 0.012196 0.000000
0.000000 0.022233 0.000000 0.000000 0.000000
0.000392 0.000996 0.000000 0.000012 0.000000
0.000000 0.000000 0.000000 -0.000000 0.000000
0.000000 0.000000 0.000000 -0.000000 0.000000
0.000000 0.000000 0.000000 -0.000000 0.000000
0.000000 0.000000 0.000000 -0.000000 0.000000
0.000000 0.000000 0.000000 -0.000000 0.000000
0.000000 0.000000 0.000000 -0.000000 0.000000
0.000000 0.000000 0.000000 -0.000000 0.000000
0.000000 0.000000 0.000000 -0.000000 0.000000
0.000000 0.000000 0.000000 -0.000000 0.000000
0.000000 0.000000 0.000000 0.000686 0.007522
0.000000 0.000000 0.000000 0.001087 0.011455
0.000000 0.002301 0.000000 0.001153 0.009751
0.000000 0.007029 0.000000 0.003140 0.010116
0.000000 0.000000 0.005014 0.016985 0.014284
0.001252 0.000000 0.003638 0.018162 0.014840
0.027030 0.000000 0.000000 0.017014 0.010834
0.046604 0.003189 0.000000 0.010715 0.007417
0.081556 0.002346 0.034120 0.000000 0.000000
0.130059 0.000000 0.072680 0.000000 0.000000
0.148132 0.000000 0.078143 0.000000 0.000000
0.113387 0.000000 0.043758 0.050252 0.027564
0.044777 0.000000 0.006642 0.099028 0.069670
0.011671 0.049750 0.000000 0.109781 0.075554
0.000000 0.114222 0.000000 0.089501 0.039097
0.000000 0.135899 0.000000 0.026700 0.013303
0.000000 0.070693 0.002708 0.000000 0.000000
0.003351 0.006859 0.003832 0.000063 0.000000
0.000000 0.000772 0.001500 0.000716 0.000081
0.000000 0.000000 0.000000 -0.000000 0.000000
0.000000 0.000000 0.000000 -0.000000 0.000000
0.000000 0.000000 0.000000 -0.000000 0.000000
0.000000 0.000000 0.000000 -0.000000 0.000000
0.000000 0.000000 0.000000 -0.000000 0.000000
0.000000 0.000000 0.000000 -0.000000 0.000000
0.000000 0.000000 0.000000 -0.000000 0.000000
0.000000 0.000000 0.000000 -0.000000 0.000000
0.000000 0.000000 0.000000 -0.000000 0.000000
0.000000 0.000000 0.000000 -0.000000 0.000000
0.000000 0.004351 0.000000 0.001613 0.000177
0.000000 0.000000 0.000000 0.021092 0.009969
0.004023 0.000000 0.000000 0.050116 0.018577
0.024589 0.000000 0.000000 0.067283 0.012418
0.056208 0.000000 0.000000 0.053499 0.009485
0.081405 0.015541 0.000000 0.047823 0.000000
0.114298 0.032998 0.007012 0.030614 0.000000
0.144177 0.036310 0.046097 0.016678 0.000000
0.158890 0.041514 0.060394 0.007701 0.000000
0.128136 0.032441 0.044526 0.039795 0.000000
0.075187 0.034298 0.002899 0.086857 0.019159
0.020642 0.055277 0.000000 0.108220 0.060793
0.000000 0.101922 0.000000 0.099712 0.050564
0.000000 0.131455 0.000000 0.050303 0.016624
0.000000 0.117611 0.000321 0.000320 0.008142
0.008264 0.034014 0.000000 0.000286 0.000000
0.005995 0.004496 0.002827 0.000000 0.000000
0.001925 0.002017 0.000000 0.000000 0.000000
0.000000 0.001961 0.000479 0.000000 0.000978
0.000001 0.000548 0.000027 0.000000 0.000797
0.000008 0.000000 0.000000 0.000012 0.000355
0.000000 0.000000 0.000000 -0.000000 0.000000
0.000000 0.000000 0.000000 -0.000000 0.000000
0.000000 0.000000 0.000000 -0.000000 0.000000
0.000000 0.000000 0.000000 -0.000000 0.000000
0.000000 0.000000 0.000000 -0.000000 0.000000
0.000847 0.000379 0.000000 0.001071 0.000000
0.001811 0.001396 0.000000 0.008632 0.000000
0.006914 0.000000 0.000000 0.029337 0.000000
0.017053 0.000000 0.000000 0.070453 0.007897
0.037805 0.000000 0.000000 0.088585 0.017001
0.062006 0.015309 0.000000 0.084258 0.007393
0.095143 0.058159 0.000000 0.066897 0.000000
0.122883 0.071420 0.001590 0.054287 0.000000
0.147242 0.060984 0.031393 0.052431 0.000000
0.140000 0.054921 0.053730 0.056035 0.000000
0.118641 0.049927 0.047277 0.066869 0.000000
0.077659 0.045800 0.008441 0.088518 0.025822
0.038274 0.062101 0.000000 0.102072 0.042305
0.009475 0.094455 0.000000 0.105734 0.055257
0.001326 0.126162 0.000000 0.073684 0.044576
0.020914 0.137878 0.000000 0.012321 0.016433
0.030525 0.096011 0.000000 0.000000 0.002379
0.027121 0.035740 0.000000 0.000000 0.000000
0.019277 0.020172 0.000000 0.000000 0.000000
0.012758 0.013033 0.000000 0.000000 0.000000
0.000050 0.003080 0.000000 0.000000 0.007112
0.000098 0.001620 0.000000 0.000000 0.007742
0.000128 0.000000 0.000000 0.000194 0.005955
0.000000 0.000000 0.000000 -0.000000 0.000000
0.000000 0.000000 0.000000 -0.000000 0.000000
0.000000 0.000000 0.000000 -0.000000 0.000000
0.000000 0.000000 0.000000 -0.000000 0.000000
0.000579 0.000190 0.000000 0.000336 0.000000
0.000000 0.000000 0.000000 0.011260 0.000937
0.009084 0.000000 0.000000 0.037450 0.000000
0.030220 0.000000 0.000000 0.070801 0.000000
0.062946 0.002119 0.000000 0.084943 0.000000
0.094090 0.038902 0.000000 0.074515 0.000000
0.116910 0.074222 0.000000 0.054123 0.000000
0.131605 0.084132 0.012814 0.025455 0.000000
0.139862 0.081707 0.053361 0.019583 0.000000
0.113458 0.057559 0.080489 0.045668 0.000000
0.071790 0.032571 0.077987 0.080724 0.010431
0.038921 0.040522 0.031049 0.100929 0.043586
0.026537 0.047748 0.000000 0.114456 0.064166
0.009061 0.077066 0.000000 0.112441 0.079022
0.003574 0.099184 0.000000 0.102872 0.075297
0.018143 0.127434 0.000000 0.048990 0.054216
0.057196 0.117276 0.000000 0.000000 0.031896
0.063536 0.076346 0.000000 0.000000 0.025913
0.054393 0.049645 0.000000 0.000000 0.021265
0.050363 0.019788 0.000000 0.000000 0.029618
0.040418 0.000575 0.000000 0.000000 0.025948
0.037510 0.000000 0.000000 0.000000 0.022721
0.009074 0.000000 0.000000 0.000000 0.014688
0.000065 0.000000 0.000000 0.000099 0.003032
0.000000 0.000000 0.000000 -0.000000 0.000000
0.000000 0.000000 0.000000 -0.000000 0.000000
0.000000 0.000000 0.000000 -0.000000 0.000000
0.000000 0.000000 0.000000 -0.000000 0.000000
0.000515 0.000000 0.000000 0.006583 0.000000
0.000000 0.000000 0.000000 0.032809 0.001609
0.034183 0.000000 0.000000 0.071167 0.000000
0.080885 0.022037 0.000000 0.077781 0.000000
0.112577 0.053678 0.000000 0.060894 0.000000
0.123279 0.093151 0.000000 0.027487 0.000000
0.124343 0.093073 0.017319 0.006354 0.000000
0.131060 0.064524 0.052955 0.000000 0.000000
0.109276 0.026886 0.087236 0.014932 0.011539
0.060056 0.010769 0.085702 0.060626 0.045703
0.014512 0.030951 0.063069 0.097092 0.071136
0.000000 0.065987 0.003855 0.115603 0.090337
0.000000 0.076276 0.000000 0.117896 0.095893
0.000000 0.080275 0.000000 0.104213 0.095552
0.000000 0.083806 0.000000 0.090527 0.081983
0.032614 0.080876 0.000000 0.052402 0.061309
0.083140 0.059213 0.000000 0.012148 0.060587
0.105244 0.032491 0.000000 0.000000 0.061982
0.108495 0.019304 0.000000 0.000000 0.058172
0.087891 0.000000 0.000000 0.000000 0.069272
0.079613 0.000000 0.000000 0.000000 0.064447
0.052052 0.000000 0.000000 0.000000 0.044904
0.023978 0.000000 0.000000 0.000000 0.019008
0.000000 0.000000 0.000000 -0.000000 0.000000
0.000000 0.000000 0.000000 -0.000000 0.000000
0.000000 0.000000 0.000000 -0.000000 0.000000
0.000000 0.000000 0.000000 -0.000000 0.000000
0.000000 0.000000 0.000000 -0.000000 0.000000
0.000844 0.000000 0.000000 0.013914 0.000000
0.005202 0.000423 0.000000 0.058583 0.000000
0.056966 0.034190 0.000000 0.082545 0.000000
0.117388 0.065456 0.000000 0.060450 0.000000
0.136703 0.082650 0.000000 0.036355 0.000000
0.134641 0.077373 0.011244 0.010052 0.000000
0.111660 0.030463 0.052031 0.025128 0.007395
0.100762 0.005614 0.071387 0.035308 0.021656
0.074237 0.000000 0.072715 0.063648 0.059194
0.034913 0.000000 0.063073 0.102318 0.110701
0.018695 0.021839 0.020740 0.116845 0.124814
0.000000 0.055498 0.000000 0.110537 0.128052
0.000000 0.057703 0.009668 0.098099 0.134928
0.000000 0.050395 0.017623 0.087359 0.120613
0.000000 0.024458 0.011150 0.088418 0.109769
0.014968 0.002178 0.004093 0.079390 0.095961
0.049985 0.000000 0.009369 0.040314 0.090635
0.084064 0.000000 0.020322 0.009163 0.080460
0.093659 0.000000 0.028705 0.000000 0.067719
0.070980 0.000005 0.019611 0.000000 0.069089
0.042798 0.000000 0.012082 0.000000 0.069152
0.031980 0.000000 0.011761 0.000000 0.030937
0.004332 0.000000 0.005697 0.000000 0.006505
0.000000 0.000000 0.000000 -0.000000 0.000000
0.000000 0.000000 0.000000 -0.000000 0.000000
0.000000 0.000000 0.000000 -0.000000 0.000000
0.000000 0.000000 0.000000 -0.000000 0.000000
0.001842 0.000000 0.000000 0.000933 0.000000
0.004130 0.000000 0.000000 0.030675 0.000000
0.013004 0.029246 0.000000 0.071670 0.000000
0.068634 0.067644 0.000000 0.082400 0.000000
0.127161 0.094994 0.000000 0.055077 0.000000
0.132523 0.086442 0.013445 0.037036 0.000000
0.128793 0.030478 0.027619 0.047682 0.000000
0.113987 0.000000 0.053456 0.062471 0.028026
0.083596 0.000000 0.064797 0.084719 0.055061
0.044061 0.000000 0.067204 0.101993 0.102619
0.013093 0.016468 0.059227 0.110776 0.132057
0.002003 0.037006 0.053101 0.098007 0.128635
0.000000 0.050519 0.072265 0.059401 0.132642
0.000000 0.046602 0.071484 0.050189 0.117242
0.000000 0.010142 0.073955 0.072334 0.105496
0.000000 0.000000 0.076343 0.093704 0.089547
0.000000 0.000000 0.066358 0.095584 0.089515
0.018017 0.000000 0.067754 0.062010 0.081374
0.034849 0.000000 0.074221 0.020130 0.058851
0.033219 0.000000 0.071335 0.000233 0.052208
0.018567 0.002325 0.055732 0.000000 0.046235
0.020770 0.000000 0.038561 0.000000 0.018371
0.007975 0.000000 0.025299 0.000000 0.000000
0.001626 0.000000 0.009630 0.000673 0.000000
0.000000 0.000000 0.000000 -0.000000 0.000000
0.000000 0.000000 0.000000 -0.000000 0.000000
0.000000 0.000000 0.000000 -0.000000 0.000000
0.000000 0.000000 0.000000 -0.000000 0.000000
0.005569 0.000000 0.000000 0.002821 0.000000
0.004837 0.010362 0.000000 0.032597 0.000000
0.011688 0.047893 0.000000 0.067856 0.000000
0.038761 0.083833 0.000000 0.086354 0.000000
0.078073 0.093008 0.000000 0.083727 0.000000
0.073787 0.066212 0.019342 0.087570 0.000000
0.073788 0.021817 0.032162 0.096879 0.015099
0.055001 0.013849 0.062917 0.100458 0.040120
0.022329 0.025198 0.086263 0.102978 0.064891
0.000000 0.044737 0.095218 0.094219 0.098999
0.000000 0.052705 0.103992 0.068937 0.111131
0.000000 0.062360 0.121937 0.031762 0.108361
0.000000 0.062418 0.129460 0.009449 0.092709
0.000000 0.026107 0.133001 0.009965 0.073898
0.000000 0.000000 0.131262 0.039113 0.055511
0.000000 0.000000 0.122273 0.066248 0.041269
0.000000 0.000000 0.112008 0.085150 0.036859
0.000000 0.000000 0.113028 0.069710 0.020667
0.008447 0.000000 0.095275 0.047881 0.006829
0.008114 0.000000 0.073497 0.014292 0.001272
0.003327 0.000000 0.066323 0.005428 0.000000
0.004216 0.000000 0.050010 0.000008 0.000150
0.000000 0.000000 0.030432 0.000000 0.000128
0.000621 0.000000 0.013501 0.000000 0.000000
0.000000 0.000000 0.000000 -0.000000 0.000000
0.000000 0.000000 0.000000 -0.000000 0.000000
0.000000 0.000000 0.000000 -0.000000 0.000000
0.000000 0.000000 0.000000 -0.000000 0.000000
0.003969 0.000000 0.000000 0.002010 0.000000
0.008475 0.013767 0.000000 0.017942 0.000000
0.003649 0.044932 0.000000 0.056777 0.000000
0.011394 0.093275 0.000000 0.076166 0.000000
0.015406 0.105681 0.000000 0.087533 0.000000
0.011071 0.102180 0.026809 0.092963 0.000000
0.007313 0.083398 0.047626 0.092812 0.000000
0.005066 0.078571 0.076382 0.087190 0.016286
0.000000 0.080668 0.104326 0.062577 0.048279
0.000000 0.079986 0.130002 0.035279 0.071554
0.000000 0.074906 0.141476 0.010559 0.074599
0.000000 0.062614 0.137445 0.000000 0.072273
0.000000 0.038867 0.131574 0.000000 0.056246
0.000000 0.011678 0.130095 0.000000 0.035281
0.000000 0.000000 0.123531 0.008310 0.021803
0.000000 0.000000 0.116146 0.037238 0.016065
0.000000 0.000000 0.101273 0.058983 0.000000
0.000000 0.000000 0.083943 0.057587 0.000000
0.000000 0.000000 0.072786 0.050086 0.000000
0.000000 0.000000 0.053667 0.018393 0.002850
0.000000 0.000000 0.050011 0.014486 0.003760
0.000000 0.000000 0.039502 0.004375 0.007207
0.000138 0.002169 0.022917 0.000000 0.000000
0.000197 0.000000 0.004640 0.000000 0.000000
0.000000 0.000000 0.000000 -0.000000 0.000000
0.000000 0.000000 0.000000 -0.000000 0.000000
0.000000 0.000000 0.000000 -0.000000 0.000000
0.000000 0.000000 0.000000 -0.000000 0.000000
0.000000 0.000000 0.000000 -0.000000 0.000000
0.000495 0.010944 0.000000 0.001653 0.000616
0.001949 0.044772 0.000000 0.013536 0.000000
0.000000 0.086295 0.000000 0.033446 0.000000
0.000000 0.096449 0.000000 0.046927 0.000000
0.000000 0.102183 0.009826 0.054560 0.000000
0.000000 0.117787 0.038640 0.044043 0.000000
0.000000 0.116108 0.069285 0.026560 0.000000
0.000000 0.101905 0.104331 0.007762 0.019294
0.000000 0.082879 0.108760 0.000000 0.026816
0.000000 0.065398 0.102055 0.000000 0.028723
0.000000 0.041177 0.090005 0.000000 0.017944
0.000000 0.028477 0.082948 0.000000 0.012385
0.000000 0.020842 0.078573 0.000000 0.008488
0.000000 0.020683 0.067818 0.000000 0.022698
0.000000 0.012057 0.056974 0.014395 0.018026
0.000000 0.000000 0.049582 0.034468 0.015979
0.000000 0.000000 0.045752 0.035906 0.012914
0.000000 0.003659 0.035510 0.020065 0.007588
0.000000 0.003759 0.024763 0.012069 0.005722
0.000000 0.003771 0.021564 0.006554 0.010473
0.000000 0.006150 0.014092 0.000014 0.002933
0.000000 0.002692 0.005802 0.000555 0.000000
0.000000 0.000000 0.000000 -0.000000 0.000000
0.000000 0.000000 0.000000 -0.000000 0.000000
0.000000 0.000000 0.000000 -0.000000 0.000000
0.000000 0.000000 0.000000 -0.000000 0.000000
0.000000 0.000000 0.000000 -0.000000 0.000000
0.000000 0.000000 0.000000 -0.000000 0.000000
0.000775 0.002426 0.000000 0.000687 0.000000
0.001873 0.021984 0.000000 0.000000 0.000193
0.005419 0.049435 0.000000 0.000000 0.000000
0.009792 0.070401 0.000000 0.000000 0.000000
0.009381 0.081043 0.000000 0.000000 0.000000
0.002154 0.071834 0.010204 0.000000 0.000000
0.000000 0.052815 0.031866 0.000000 0.000000
0.000000 0.046581 0.040600 0.000000 0.013745
0.000000 0.040518 0.042624 0.000000 0.015098
0.000000 0.027093 0.042885 0.000000 0.013018
0.000000 0.017545 0.034328 0.000000 0.018051
0.000000 0.014120 0.025560 0.000000 0.021292
0.000000 0.015243 0.022144 0.000000 0.020366
0.000000 0.015337 0.018456 0.001367 0.021081
0.000000 0.012283 0.016803 0.006192 0.021176
0.000000 0.009802 0.016084 0.007264 0.021073
0.000000 0.011644 0.016608 0.000000 0.015593
0.000000 0.012086 0.013221 0.000000 0.011462
0.000000 0.009798 0.008119 0.000773 0.010732
0.000000 0.010059 0.006558 0.000000 0.007795
0.000000 0.010878 0.006922 0.000000 0.009168
0.000000 0.000433 0.000759 0.000111 0.000000
0.000000 0.000000 0.000000 -0.000000 0.000000
0.000000 0.000000 0.000000 -0.000000 0.000000
0.000000 0.000000 0.000000 -0.000000 0.000000
0.000000 0.000000 0.000000 -0.000000 0.000000
0.000000 0.000000 0.000000 -0.000000 0.000000
0.000000 0.000000 0.000000 -0.000000 0.000000
0.000000 0.001332 0.000000 0.000392 0.000192
0.000000 0.006151 0.000000 0.000550 0.000636
0.000231 0.014820 0.000000 0.000000 0.000743
0.002967 0.015653 0.000000 0.000000 0.002302
0.003264 0.015730 0.000000 0.000000 0.003566
0.000015 0.017825 0.002510 0.000000 0.002990
0.000000 0.017240 0.001552 0.000000 0.002353
0.000000 0.012100 0.001642 0.000000 0.010897
0.000000 0.004109 0.002206 0.000000 0.010314
0.000000 0.004146 0.002655 0.000000 0.017849
0.000000 0.005015 0.004152 0.000000 0.019945
0.000000 0.004207 0.005136 0.000000 0.003850
0.000000 0.005594 0.006755 0.000000 0.006268
0.000000 0.007186 0.006441 0.000000 0.010216
0.000000 0.006212 0.004197 0.000000 0.018021
0.000000 0.004332 0.001730 0.000000 0.020355
0.000000 0.001800 0.002897 0.000078 0.019026
0.000000 0.000154 0.002455 0.000169 0.009899
0.000000 0.000489 0.001868 0.000000 0.005245
0.000000 0.000447 0.000184 0.000000 0.000841
0.000000 0.002014 0.000829 0.000000 0.003783
0.000000 0.000000 0.000000 -0.000000 0.000000
0.000000 0.000000 0.000000 -0.000000 0.000000
0.000000 0.000000 0.000000 -0.000000 0.000000
0.000000 0.000000 0.000000 -0.000000 0.000000
0.000000 0.000000 0.000000 -0.000000 0.000000
0.000000 0.000000 0.000000 -0.000000 0.000000
0.000000 0.000000 0.000000 -0.000000 0.000000
0.000000 0.000000 0.000000 -0.000000 0.000000
0.000000 0.000000 0.000000 -0.000000 0.000000
0.000000 0.000000 0.000000 -0.000000 0.000000
0.000000 0.000000 0.000000 -0.000000 0.000000
0.000000 0.000000 0.000000 -0.000000 0.000000
0.000000 0.000000 0.000000 -0.000000 0.000000
0.000000 0.000000 0.000000 -0.000000 0.000000
0.000000 0.000000 0.000000 -0.000000 0.000000
0.000000 0.000000 0.000000 -0.000000 0.000000
0.000000 0.000000 0.000000 -0.000000 0.000000
0.000000 0.000000 0.000000 -0.000000 0.000000
0.000000 0.000000 0.000000 -0.000000 0.000000
0.000000 0.000000 0.000000 -0.000000 0.000000
0.000000 0.000000 0.000000 -0.000000 0.000000
0.000000 0.000000 0.000000 0.000111 0.001211
0.000000 0.000000 0.000000 0.000783 0.008553
0.000000 0.000000 0.000000 0.000905 0.009881
0.000000 0.000000 0.000000 0.000397 0.004335
0.000000 0.000000 0.000000 -0.000000 0.000000
0.000000 0.000000 0.000000 -0.000000 0.000000
0.000000 0.000000 0.000000 -0.000000 0.000000
0.000000 0.000000 0.000000 -0.000000 0.000000
0.000000 0.000000 0.000000 -0.000000 0.000000
0.000000 0.000000 0.000000 -0.000000 0.000000
0.000000 0.000000 0.000000 -0.000000 0.000000
0.000000 0.000000 0.000000 -0.000000 0.000000
0.000000 0.000000 0.000000 -0.000000 0.000000
0.000000 0.000000 0.000000 -0.000000 0.000000
0.000000 0.000000 0.000000 -0.000000 0.000000
0.000000 0.000000 0.000000 -0.000000 0.000000
0.000000 0.000000 0.000000 -0.000000 0.000000
0.000000 0.000000 0.000000 -0.000000 0.000000
0.000000 0.000000 0.000000 -0.000000 0.000000
0.000000 0.000000 0.000000 -0.000000 0.000000
0.000000 0.000000 0.000000 -0.000000 0.000000
0.000000 0.000000 0.000000 -0.000000 0.000000
0.000000 0.000000 0.000000 -0.000000 0.000000
0.000000 0.000000 0.000000 -0.000000 0.000000
0.000000 0.000000 0.000000 -0.000000 0.000000
0.000000 0.000000 0.000000 -0.000000 0.000000
0.000000 0.000000 0.000000 -0.000000 0.000000
0.000000 0.000000 0.000000 -0.000000 0.000000
0.000000 0.000000 0.000000 -0.000000 0.000000
0.000000 0.000000 0.000000 -0.000000 0.000000
0.000000 0.000000 0.000000 -0.000000 0.000000
0.000000 0.000000 0.000000 -0.000000 0.000000
0.000000 0.000000 0.000000 -0.000000 0.000000
0.000000 0.000000 0.000000 -0.000000 0.000000
0.000000 0.000000 0.000000 -0.000000 0.000000
0.000000 0.000000 0.000000 -0.000000 0.000000
0.000000 0.000000 0.000000 -0.000000 0.000000
0.000000 0.000000 0.000000 -0.000000 0.000000
0.000000 0.000000 0.000000 -0.000000 0.000000
0.000000 0.000000 0.000000 -0.000000 0.000000
0.000000 0.000000 0.000000 -0.000000 0.000000
0.000000 0.000000 0.000000 -0.000000 0.000000
0.000000 0.000000 0.000000 -0.000000 0.000000
0.000000 0.000000 0.000000 -0.000000 0.000000
0.000000 0.000000 0.000000 -0.000000 0.000000
0.000000 0.000000 0.000000 -0.000000 0.000000
0.000000 0.000000 0.000000 -0.000000 0.000000
0.000000 0.000000 0.000000 -0.000000 0.000000
0.000000 0.000000 0.000000 -0.000000 0.000000
0.000000 0.000000 0.000000 -0.000000 0.000000
0.000000 0.000000 0.000000 -0.000000 0.000000
0.000000 0.000000 0.000000 -0.000000 0.000000
0.000000 0.000000 0.000000 -0.000000 0.000000
0.000000 0.000000 0.000000 -0.000000 0.000000
0.000000 0.000000 0.000000 -0.000000 0.000000
0.000000 0.000000 0.000000 -0.000000 0.000000
0.000000 0.000000 0.000000 -0.000000 0.000000
0.000000 0.000000 0.000000 -0.000000 0.000000
0.000000 0.000000 0.000000 -0.000000 0.000000
0.000000 0.000000 0.000000 -0.000000 0.000000
0.000000 0.000000 0.000000 -0.000000 0.000000
0.000000 0.000000 0.000000 -0.000000 0.000000
0.000000 0.000000 0.000000 -0.000000 0.000000
0.000000 0.000000 0.000000 -0.000000 0.000000
0.000000 0.000000 0.000000 -0.000000 0.000000
0.000000 0.000000 0.000000 -0.000000 0.000000
0.000000 0.000000 0.000000 -0.000000 0.000000
