0.000000 0.000000 -0.000000 0.000000 -0.000000 0.000000 -0.000000 0.000000 -0.000000 -0.000000
0.000000 0.000000 -0.000000 0.000000 -0.000000 0.000000 -0.000000 0.000000 -0.000000 -0.000000
0.000000 0.000000 -0.000000 0.000000 -0.000000 0.000000 -0.000000 0.000000 -0.000000 -0.000000
0.000000 0.000000 -0.000000 -0.000000 -0.000000 0.000000 -0.000000 0.000000 -0.000000 -0.000000
0.000000 0.000000 -0.000000 -0.000000 -0.000000 0.000000 -0.000000 0.000000 -0.000000 -0.000000
0.000000 0.000000 -0.000000 -0.000000 -0.000000 -0.000000 -0.000000 0.000000 -0.000000 -0.000000
0.000000 0.000000 -0.000000 -0.000000 -0.000000 -0.000000 0.000000 0.000000 -0.000000 -0.000000
0.000000 0.000000 -0.000000 -0.000000 -0.000000 -0.000000 0.000000 0.000000 -0.000000 -0.000000
0.000000 0.000000 -0.000000 -0.000000 -0.000000 -0.000000 0.000000 0.000000 -0.000000 -0.000000
0.000000 0.000000 -0.000000 -0.000000 -0.000000 -0.000000 0.000000 0.000000 -0.000000 -0.000000
0.000000 0.000000 -0.000000 -0.000000 -0.000000 -0.000000 0.000000 0.000000 -0.000000 -0.000000
0.000000 0.000000 -0.000000 -0.000000 -0.000000 -0.000000 0.000000 0.000000 -0.000000 -0.000000
0.000000 0.000005 0.000000 0.000004 0.000000 0.000000 0.000010 0.000005 0.000000 0.000000
0.000000 0.000111 0.000000 0.000077 0.000000 0.000000 0.000225 0.000110 0.000003 0.000000
0.000000 0.000111 0.000000 0.000077 0.000000 0.000000 0.000225 0.000110 0.000003 0.000000
0.000000 0.000005 0.000000 0.000003 0.000000 0.000000 0.000009 0.000005 0.000000 0.000000
0.000000 0.000000 -0.000000 -0.000000 -0.000000 -0.000000 0.000000 0.000000 -0.000000 -0.000000
0.000000 0.000000 -0.000000 -0.000000 -0.000000 -0.000000 0.000000 0.000000 -0.000000 -0.000000
0.000000 0.000000 -0.000000 -0.000000 -0.000000 -0.000000 0.000000 0.000000 -0.000000 -0.000000
0.000000 0.000000 -0.000000 -0.000000 -0.000000 -0.000000 0.000000 0.000000 -0.000000 -0.000000
0.000000 0.000000 -0.000000 -0.000000 -0.000000 -0.000000 0.000000 0.000000 -0.000000 -0.000000
0.000000 0.000000 -0.000000 -0.000000 -0.000000 -0.000000 0.000000 0.000000 -0.000000 -0.000000
0.000000 0.000000 -0.000000 -0.000000 -0.000000 -0.000000 0.000000 0.000000 -0.000000 -0.000000
0.000000 0.000000 -0.000000 -0.000000 -0.000000 -0.000000 0.000000 0.000000 -0.000000 -0.000000
0.000000 0.000000 -0.000000 -0.000000 -0.000000 -0.000000 0.000000 0.000000 -0.000000 -0.000000
0.000000 0.000000 -0.000000 -0.000000 -0.000000 -0.000000 0.000000 0.000000 -0.000000 -0.000000
0.000000 0.000000 -0.000000 -0.000000 -0.000000 -0.000000 0.000000 0.000000 -0.000000 -0.000000
0.000000 0.000000 -0.000000 -0.000000 -0.000000 -0.000000 0.000000 0.000000 -0.000000 -0.000000
0.000000 0.000000 -0.000000 -0.000000 -0.000000 -0.000000 0.000000 0.000000 -0.000000 -0.000000
0.000000 0.000000 -0.000000 -0.000000 -0.000000 -0.000000 0.000000 0.000000 -0.000000 -0.000000
0.000000 0.000000 -0.000000 -0.000000 -0.000000 -0.000000 0.000000 0.000000 -0.000000 -0.000000
0.000000 0.000000 -0.000000 -0.000000 -0.000000 -0.000000 0.000000 0.000000 -0.000000 -0.000000
0.000000 0.000000 -0.000000 -0.000000 -0.000000 -0.000000 0.000000 0.000000 -0.000000 -0.000000
0.000000 0.000000 -0.000000 -0.000000 -0.000000 -0.000000 0.000000 0.000000 -0.000000 -0.000000
0.000000 0.000000 -0.000000 -0.000000 -0.000000 -0.000000 0.000000 0.000000 -0.000000 -0.000000
0.000000 0.000000 0.000000 0.000000 0.000001 0.000000 0.000000 0.000000 0.000002 0.000000
0.000000 0.000019 0.000014 0.000000 0.000029 0.000000 0.000007 0.000000 0.000102 0.000004
0.000000 0.000000 0.000077 0.000000 0.000013 0.000000 0.000000 0.000000 0.000177 0.000104
0.000000 0.000000 0.000125 0.000000 0.000000 0.000000 0.000020 0.000021 0.000437 0.000197
0.000000 0.000000 0.000175 0.000000 0.000000 0.000000 0.000003 0.000029 0.000502 0.000280
0.000000 0.000000 0.000184 0.000000 0.000000 0.000000 0.000000 0.000000 0.000255 0.000277
0.000000 0.000107 0.000000 0.000128 0.000000 0.000000 0.000141 0.000143 0.000093 0.000000
0.000000 0.000555 0.000000 0.000743 0.000000 0.000000 0.000395 0.000569 0.000289 0.000000
0.000000 0.000665 0.000000 0.001039 0.000000 0.000000 0.000296 0.000777 0.000329 0.000000
0.000000 0.000868 0.000000 0.000899 0.000000 0.000000 0.000300 0.000963 0.000180 0.000000
0.000000 0.000065 0.000000 0.000127 0.000000 0.000000 0.000028 0.000167 0.000069 0.000000
0.000000 0.000000 0.000002 0.000010 0.000000 0.000000 0.000000 0.000008 0.000004 0.000000
0.000000 0.000000 -0.000000 -0.000000 -0.000000 -0.000000 0.000000 0.000000 -0.000000 -0.000000
0.000000 0.000000 -0.000000 -0.000000 -0.000000 -0.000000 0.000000 0.000000 -0.000000 -0.000000
0.000000 0.000000 -0.000000 -0.000000 -0.000000 -0.000000 0.000000 0.000000 -0.000000 -0.000000
0.000000 0.000000 -0.000000 -0.000000 -0.000000 -0.000000 0.000000 0.000000 -0.000000 -0.000000
0.000000 0.000000 -0.000000 -0.000000 -0.000000 -0.000000 0.000000 0.000000 -0.000000 -0.000000
0.000000 0.000000 -0.000000 -0.000000 -0.000000 -0.000000 0.000000 0.000000 -0.000000 -0.000000
0.000000 0.000000 -0.000000 -0.000000 -0.000000 -0.000000 0.000000 0.000000 -0.000000 -0.000000
0.000000 0.000000 -0.000000 -0.000000 -0.000000 -0.000000 0.000000 0.000000 -0.000000 -0.000000
0.000000 0.000000 -0.000000 -0.000000 -0.000000 -0.000000 0.000000 0.000000 -0.000000 -0.000000
0.000000 0.000000 -0.000000 -0.000000 -0.000000 -0.000000 0.000000 0.000000 -0.000000 -0.000000
0.000000 0.000000 -0.000000 -0.000000 -0.000000 -0.000000 0.000000 0.000000 -0.000000 -0.000000
0.000000 0.000000 -0.000000 -0.000000 -0.000000 -0.000000 0.000000 0.000000 -0.000000 -0.000000
0.000000 0.000000 -0.000000 -0.000000 -0.000000 -0.000000 0.000000 0.000000 -0.000000 -0.000000
0.000000 0.000000 -0.000000 -0.000000 -0.000000 -0.000000 0.000000 0.000000 -0.000000 -0.000000
0.000000 0.000016 0.000020 0.000000 0.000000 0.000000 0.000004 0.000043 0.000012 0.000000
0.000000 0.000074 0.000219 0.000000 0.000000 0.000000 0.000106 0.000140 0.000000 0.000134
0.000000 0.000020 0.000496 0.000000 0.000000 0.000000 0.000410 0.000000 0.000000 0.000893
0.000000 0.000000 0.000809 0.000000 0.000109 0.000000 0.000544 0.000000 0.000211 0.002191
0.000000 0.000000 0.001287 0.000000 0.000000 0.000000 0.000132 0.000000 0.001222 0.004680
0.000000 0.000000 0.000816 0.000000 0.000000 0.000000 0.000446 0.000000 0.001895 0.006852
0.000000 0.000090 0.000000 0.000204 0.000000 0.000000 0.000688 0.000000 0.002453 0.008686
0.000000 0.000658 0.000000 0.000907 0.000000 0.000000 0.000282 0.000000 0.001312 0.010744
0.000000 0.000888 0.000000 0.001608 0.000111 0.000000 0.000495 0.000127 0.000000 0.010567
0.000000 0.001181 0.000000 0.003657 0.000966 0.000000 0.001509 0.002046 0.000000 0.008178
0.000000 0.000990 0.000000 0.006140 0.001278 0.000000 0.002110 0.003646 0.000456 0.004693
0.000000 0.000821 0.000000 0.006413 0.001204 0.000000 0.001719 0.003808 0.000303 0.001535
0.000000 0.000632 0.000000 0.004056 0.001136 0.000000 0.000873 0.002438 0.000000 0.000514
0.000000 0.000528 0.000000 0.001975 0.001515 0.000000 0.000000 0.000668 0.000000 0.000566
0.000000 0.000209 0.000199 0.000974 0.001708 0.000000 0.000000 0.000079 0.000000 0.000364
0.000000 0.000066 0.000162 0.000079 0.000930 0.000000 0.000000 0.000000 0.000000 0.000350
0.000000 0.000004 0.000073 0.000146 0.000215 0.000029 0.000000 0.000000 0.000000 0.000128
0.000000 0.000000 0.000007 0.000016 0.000011 0.000003 0.000000 0.000000 0.000000 0.000011
0.000000 0.000071 0.000064 0.000000 0.000114 0.000000 0.000006 0.000161 0.000005 0.000000
0.000000 0.000000 0.000306 0.000000 0.000075 0.000000 0.000040 0.000000 0.000361 0.000000
0.000002 0.000000 0.000188 0.000000 0.000016 0.000005 0.000025 0.000000 0.000244 0.000000
0.000000 0.000000 -0.000000 -0.000000 -0.000000 -0.000000 0.000000 0.000000 -0.000000 -0.000000
0.000000 0.000000 -0.000000 -0.000000 -0.000000 -0.000000 0.000000 0.000000 -0.000000 -0.000000
0.000000 0.000000 -0.000000 -0.000000 -0.000000 -0.000000 0.000000 0.000000 -0.000000 -0.000000
0.000000 0.000000 -0.000000 -0.000000 -0.000000 -0.000000 0.000000 0.000000 -0.000000 -0.000000
0.000000 0.000000 0.000000 0.000004 0.000008 0.000000 0.000000 0.000012 0.000000 0.000000
0.000000 0.000000 -0.000000 -0.000000 -0.000000 -0.000000 0.000000 0.000000 -0.000000 -0.000000
0.000000 0.000024 0.000047 0.000000 0.000000 0.000002 0.000031 0.000017 0.000000 0.000002
0.000000 0.000149 0.000193 0.000000 0.000049 0.000265 0.000330 0.000000 0.000107 0.000482
0.000000 0.000035 0.000930 0.000000 0.000000 0.000452 0.000589 0.000000 0.000436 0.003519
0.000000 0.000000 0.000875 0.000000 0.000000 0.001750 0.001939 0.000000 0.002501 0.009056
0.000000 0.000000 0.000000 0.000000 0.000000 0.002190 0.004617 0.000000 0.004945 0.021217
0.000000 0.000000 0.000000 0.000000 0.000000 0.001506 0.007719 0.000000 0.010779 0.039355
0.000000 0.000000 0.000000 0.000000 0.000000 0.000000 0.012044 0.000000 0.009390 0.062479
0.000000 0.000000 0.000000 0.000000 0.000000 0.000000 0.014991 0.000000 0.005077 0.088074
0.000000 0.000000 0.000000 0.000000 0.000000 0.000000 0.018299 0.000000 0.000000 0.107012
0.000000 0.000000 0.000000 0.007568 0.000000 0.000000 0.021642 0.002628 0.000000 0.117112
0.000000 0.000000 0.000000 0.017628 0.000000 0.000000 0.020672 0.015212 0.000000 0.109344
0.000000 0.000000 0.000000 0.026019 0.000000 0.000000 0.016841 0.028914 0.000000 0.087634
0.000000 0.000000 0.000000 0.026911 0.014916 0.000000 0.009490 0.033486 0.000000 0.056495
0.000000 0.000000 0.000000 0.022235 0.030310 0.000000 0.001061 0.024934 0.000000 0.030571
0.000000 0.000000 0.000000 0.013854 0.035621 0.000000 0.000000 0.012018 0.000000 0.014600
0.000000 0.001664 0.000000 0.008184 0.030467 0.000000 0.000000 0.004311 0.000000 0.006471
0.000000 0.002317 0.000000 0.004878 0.020512 0.000000 0.000000 0.000800 0.000000 0.002776
0.000000 0.001651 0.000000 0.002105 0.011015 0.000000 0.000000 0.000000 0.000000 0.001155
0.000000 0.000833 0.000000 0.000000 0.004027 0.000000 0.000000 0.000000 0.000014 0.000055
0.000000 0.000247 0.000000 0.000000 0.000763 0.000000 0.000000 0.000128 0.000023 0.000000
0.000000 0.000000 0.000295 0.000000 0.000043 0.000000 0.000039 0.000000 0.000370 0.000000
0.000002 0.000000 0.000187 0.000000 0.000016 0.000005 0.000025 0.000000 0.000242 0.000000
0.000000 0.000000 -0.000000 -0.000000 -0.000000 -0.000000 0.000000 0.000000 -0.000000 -0.000000
0.000000 0.000000 -0.000000 -0.000000 -0.000000 -0.000000 0.000000 0.000000 -0.000000 -0.000000
0.000000 0.000000 -0.000000 -0.000000 -0.000000 -0.000000 0.000000 0.000000 -0.000000 -0.000000
0.000000 0.000000 -0.000000 -0.000000 -0.000000 -0.000000 0.000000 0.000000 -0.000000 -0.000000
0.000000 0.000001 0.000000 0.000017 0.000031 0.000000 0.000000 0.000046 0.000000 0.000000
0.000000 0.000000 -0.000000 -0.000000 -0.000000 -0.000000 0.000000 0.000000 -0.000000 -0.000000
0.000000 0.000000 0.000473 0.000000 0.000027 0.000858 0.000368 0.000000 0.000086 0.000265
0.000000 0.000257 0.002073 0.000000 0.000415 0.005968 0.001137 0.000000 0.000000 0.002995
0.000000 0.000000 0.002858 0.000000 0.000000 0.012427 0.003524 0.000000 0.001221 0.009569
0.000000 0.000000 0.002948 0.000000 0.000000 0.026532 0.009113 0.000000 0.003424 0.022025
0.000000 0.000000 0.002212 0.000000 0.000000 0.046206 0.016472 0.000000 0.006611 0.045840
0.000000 0.000000 0.000000 0.000000 0.000000 0.066881 0.028996 0.000000 0.008052 0.080385
0.000000 0.000000 0.000000 0.000000 0.000000 0.083450 0.042218 0.000000 0.000000 0.118961
0.000000 0.000000 0.000000 0.000000 0.000000 0.087752 0.056261 0.000000 0.000000 0.155747
0.000000 0.000000 0.000000 0.000000 0.000000 0.074299 0.065575 0.000000 0.000000 0.179964
0.000000 0.000000 0.000000 0.009166 0.000000 0.050835 0.067897 0.016110 0.000000 0.185189
0.029013 0.000000 0.000000 0.025464 0.000000 0.014385 0.061261 0.048655 0.000000 0.175300
0.058055 0.000000 0.000000 0.038530 0.000135 0.000000 0.048222 0.081509 0.000000 0.146425
0.072114 0.000000 0.000000 0.047841 0.025905 0.000000 0.030030 0.100915 0.000000 0.102729
0.066787 0.000000 0.000000 0.042417 0.057431 0.000000 0.013497 0.095942 0.000000 0.051285
0.046114 0.000000 0.000000 0.028104 0.086611 0.000000 0.000000 0.066153 0.000000 0.017121
0.020712 0.000000 0.000000 0.014320 0.093626 0.000000 0.000000 0.036278 0.000000 0.002952
0.005327 0.000412 0.000000 0.006296 0.071410 0.000000 0.000000 0.014576 0.000000 0.000000
0.000000 0.002037 0.000000 0.005084 0.040917 0.000000 0.000000 0.003081 0.000610 0.000000
0.000000 0.001665 0.000000 0.001630 0.016219 0.000000 0.000000 0.000000 0.000691 0.000000
0.000000 0.000351 0.000000 0.000000 0.002719 0.000000 0.000000 0.000029 0.000314 0.000000
0.000000 0.000000 0.000230 0.000000 0.000099 0.000000 0.000054 0.000000 0.000442 0.000000
0.000000 0.000000 0.000142 0.000000 0.000066 0.000000 0.000034 0.000000 0.000291 0.000000
0.000000 0.000000 -0.000000 -0.000000 -0.000000 -0.000000 0.000000 0.000000 -0.000000 -0.000000
0.000000 0.000000 -0.000000 -0.000000 -0.000000 -0.000000 0.000000 0.000000 -0.000000 -0.000000
0.000000 0.000000 -0.000000 -0.000000 -0.000000 -0.000000 0.000000 0.000000 -0.000000 -0.000000
0.000000 0.000000 -0.000000 -0.000000 -0.000000 -0.000000 0.000000 0.000000 -0.000000 -0.000000
0.000000 0.000000 -0.000000 -0.000000 -0.000000 -0.000000 0.000000 0.000000 -0.000000 -0.000000
0.000000 0.000043 0.000000 0.000000 0.000012 0.000256 0.000013 0.000033 0.000000 0.000000
0.000000 0.000473 0.000660 0.000000 0.000171 0.003755 0.001106 0.000000 0.000000 0.000028
0.000000 0.001168 0.004186 0.000000 0.000972 0.018547 0.003636 0.000000 0.000000 0.003323
0.000000 0.000000 0.011416 0.000000 0.000186 0.042589 0.009582 0.000000 0.000000 0.012395
0.000000 0.000000 0.019939 0.000000 0.000000 0.083534 0.022205 0.000000 0.000970 0.027695
0.000000 0.000000 0.028943 0.000000 0.000000 0.125929 0.035975 0.000000 0.001355 0.051634
0.000000 0.000000 0.039554 0.000000 0.000000 0.160267 0.051537 0.000000 0.000000 0.081141
0.000000 0.000000 0.053663 0.000000 0.000000 0.173469 0.066581 0.000000 0.000000 0.105996
0.000000 0.000000 0.061780 0.000000 0.000000 0.164075 0.077467 0.000000 0.000000 0.123103
0.004569 0.000000 0.062765 0.000000 0.000000 0.140180 0.076002 0.012892 0.000000 0.127652
0.037557 0.000000 0.053874 0.009869 0.000156 0.115153 0.068433 0.032247 0.000000 0.123604
0.065736 0.001976 0.037673 0.022535 0.013237 0.085019 0.060777 0.051871 0.000000 0.118267
0.087732 0.000000 0.018382 0.032719 0.025972 0.046881 0.053912 0.076453 0.000000 0.113099
0.106527 0.000000 0.000000 0.047040 0.037511 0.004521 0.048836 0.109759 0.000000 0.090445
0.112808 0.000000 0.000000 0.059357 0.055268 0.000000 0.038397 0.129945 0.000000 0.051383
0.100254 0.000000 0.000000 0.053799 0.088959 0.000000 0.013253 0.113329 0.000000 0.010191
0.061250 0.000000 0.000000 0.028556 0.123007 0.000000 0.000000 0.067765 0.000000 0.000000
0.027001 0.000000 0.000000 0.011100 0.119325 0.000000 0.000000 0.029671 0.000672 0.000000
0.006421 0.001166 0.000000 0.006715 0.079662 0.000000 0.000000 0.008289 0.004782 0.000000
0.001445 0.002896 0.000000 0.003502 0.037122 0.000507 0.000000 0.000421 0.003577 0.000000
0.001289 0.000154 0.000000 0.000000 0.007768 0.000764 0.000000 0.000000 0.001358 0.000000
0.000152 0.000000 0.000000 0.000000 0.000264 0.000000 0.000043 0.000110 0.000503 0.000000
0.000000 0.000068 0.000000 0.000000 0.000174 0.000000 0.000043 0.000000 0.000283 0.000000
0.000000 0.000000 -0.000000 -0.000000 -0.000000 -0.000000 0.000000 0.000000 -0.000000 -0.000000
0.000000 0.000000 -0.000000 -0.000000 -0.000000 -0.000000 0.000000 0.000000 -0.000000 -0.000000
0.000000 0.000000 -0.000000 -0.000000 -0.000000 -0.000000 0.000000 0.000000 -0.000000 -0.000000
0.000000 0.000000 -0.000000 -0.000000 -0.000000 -0.000000 0.000000 0.000000 -0.000000 -0.000000
0.000008 0.000000 0.000015 0.000000 0.000000 0.000008 0.000000 0.000000 0.000000 0.000002
0.000000 0.000132 0.000016 0.000000 0.000040 0.000730 0.000000 0.000000 0.000000 0.000000
0.000000 0.000825 0.001469 0.000000 0.000483 0.007894 0.001743 0.000000 0.000000 0.000036
0.000000 0.000399 0.014426 0.000000 0.000944 0.033922 0.006807 0.000000 0.000000 0.000593
0.000000 0.000000 0.034079 0.000000 0.000000 0.079485 0.015423 0.000000 0.000000 0.003937
0.000000 0.000000 0.061345 0.000000 0.000000 0.135974 0.028721 0.000000 0.000000 0.013873
0.000000 0.000000 0.089506 0.000000 0.000000 0.177894 0.039968 0.000000 0.000000 0.026727
0.000000 0.000000 0.118433 0.000000 0.000000 0.189768 0.050055 0.000000 0.000000 0.040740
0.000000 0.000000 0.138843 0.000000 0.000000 0.170004 0.052356 0.000000 0.000000 0.046138
0.034707 0.005715 0.136737 0.001042 0.000000 0.137419 0.047621 0.009058 0.000000 0.041722
0.066384 0.027050 0.119517 0.001727 0.013044 0.106192 0.035680 0.027884 0.000000 0.025767
0.075115 0.047196 0.098535 0.004994 0.039176 0.092626 0.029022 0.031945 0.003367 0.013688
0.069148 0.064039 0.079979 0.004749 0.059339 0.085917 0.027699 0.026041 0.010737 0.018539
0.065975 0.069910 0.057199 0.016866 0.063058 0.076253 0.027579 0.025514 0.001590 0.043023
0.072637 0.051380 0.030006 0.030033 0.047000 0.049783 0.044697 0.057670 0.000000 0.056874
0.093924 0.010331 0.005313 0.051454 0.033425 0.012040 0.060384 0.107605 0.000000 0.040981
0.107734 0.000000 0.000000 0.069221 0.052035 0.000000 0.051867 0.130660 0.000000 0.001108
0.091813 0.000000 0.000000 0.054451 0.103882 0.000000 0.013956 0.092499 0.000000 0.000000
0.046833 0.000000 0.000000 0.024675 0.139084 0.006233 0.000000 0.042951 0.000000 0.000000
0.015546 0.000000 0.000000 0.010500 0.116551 0.007716 0.000000 0.008786 0.004297 0.000000
0.005237 0.002799 0.000000 0.006291 0.059173 0.004322 0.000000 0.000000 0.005542 0.000000
0.002774 0.000428 0.000000 0.000012 0.014097 0.001640 0.000000 0.000000 0.002073 0.000000
0.000537 0.000000 0.000000 0.000000 0.000459 0.000330 0.000000 0.000241 0.000605 0.000000
0.000000 0.000078 0.000000 0.000023 0.000045 0.000000 0.000000 0.000000 0.000017 0.000000
0.000000 0.000000 -0.000000 -0.000000 -0.000000 -0.000000 0.000000 0.000000 -0.000000 -0.000000
0.000000 0.000000 -0.000000 -0.000000 -0.000000 -0.000000 0.000000 0.000000 -0.000000 -0.000000
0.000000 0.000000 -0.000000 -0.000000 -0.000000 -0.000000 0.000000 0.000000 -0.000000 -0.000000
0.000000 0.000000 -0.000000 -0.000000 -0.000000 -0.000000 0.000000 0.000000 -0.000000 -0.000000
0.000153 0.000000 0.000278 0.000000 0.000000 0.000139 0.000000 0.000000 0.000000 0.000042
0.000129 0.000068 0.000701 0.000000 0.000067 0.001430 0.000000 0.000000 0.000000 0.000000
0.000000 0.000426 0.005360 0.000000 0.000654 0.011969 0.002216 0.000000 0.000000 0.000000
0.000000 0.001345 0.029985 0.000000 0.000103 0.042867 0.004940 0.000000 0.000000 0.000000
0.000000 0.000000 0.066741 0.000000 0.000000 0.097011 0.012758 0.000000 0.000000 0.000000
0.000000 0.000000 0.106220 0.000000 0.000000 0.141771 0.021632 0.000000 0.000000 0.000000
0.000000 0.000000 0.140604 0.000000 0.000000 0.155284 0.023712 0.000000 0.000000 0.000000
0.025480 0.000000 0.165797 0.000000 0.000000 0.132183 0.021670 0.000000 0.000000 0.000000
0.069985 0.011442 0.169194 0.000000 0.000000 0.088876 0.011672 0.002583 0.000000 0.000000
0.106147 0.032302 0.149313 0.002227 0.003413 0.044069 0.000618 0.019317 0.013229 0.000000
0.109839 0.053348 0.119150 0.000000 0.035674 0.021721 0.000000 0.026784 0.046399 0.000000
0.086480 0.075331 0.093911 0.000000 0.066810 0.023201 0.000000 0.018591 0.077373 0.000000
0.051245 0.099681 0.075573 0.000000 0.081325 0.045447 0.000000 0.000000 0.090248 0.000000
0.017197 0.116667 0.065911 0.000000 0.074857 0.065149 0.000000 0.000000 0.072924 0.000744
0.009910 0.113861 0.048716 0.004478 0.042643 0.062942 0.020675 0.000000 0.026533 0.042875
0.036880 0.067414 0.023930 0.027165 0.002301 0.028413 0.065592 0.071759 0.000000 0.041042
0.082308 0.003384 0.003276 0.056718 0.000000 0.000000 0.084692 0.132259 0.000000 0.000328
0.098982 0.000000 0.000000 0.059779 0.059383 0.002228 0.051430 0.112106 0.000000 0.000000
0.061715 0.000000 0.000302 0.036836 0.131970 0.015658 0.001777 0.048388 0.000000 0.000000
0.023094 0.000000 0.000000 0.016959 0.138266 0.017711 0.000000 0.003465 0.000655 0.000000
0.007480 0.002744 0.000000 0.011286 0.078730 0.011905 0.000000 0.000000 0.005208 0.000000
0.003724 0.000585 0.000000 0.003068 0.019527 0.002660 0.000000 0.000000 0.002170 0.000000
0.000427 0.000085 0.000000 0.000000 0.000640 0.000297 0.000000 0.000231 0.000581 0.000000
0.000000 0.000192 0.000000 0.000040 0.000118 0.000000 0.000000 0.000008 0.000038 0.000000
0.000000 0.000000 -0.000000 -0.000000 -0.000000 -0.000000 0.000000 0.000000 -0.000000 -0.000000
0.000000 0.000000 -0.000000 -0.000000 -0.000000 -0.000000 0.000000 0.000000 -0.000000 -0.000000
0.000000 0.000000 -0.000000 -0.000000 -0.000000 -0.000000 0.000000 0.000000 -0.000000 -0.000000
0.000000 0.000000 -0.000000 -0.000000 -0.000000 -0.000000 0.000000 0.000000 -0.000000 -0.000000
0.000210 0.000126 0.000225 0.000000 0.000010 0.000246 0.000000 0.000000 0.000000 0.000000
0.000220 0.000361 0.001035 0.000000 0.000121 0.002085 0.000116 0.000000 0.000000 0.000000
0.000200 0.000825 0.009187 0.000000 0.000405 0.013293 0.001274 0.000000 0.000000 0.000000
0.000000 0.002700 0.041773 0.000000 0.000000 0.038348 0.001677 0.000000 0.000000 0.000000
0.000000 0.000000 0.089794 0.000000 0.000000 0.078038 0.003604 0.000000 0.000000 0.000000
0.003718 0.000000 0.125161 0.000000 0.000000 0.099826 0.004069 0.000000 0.000000 0.000000
0.035659 0.000000 0.144800 0.000000 0.000000 0.090481 0.000000 0.000000 0.000000 0.000000
0.080740 0.010288 0.142746 0.000000 0.000000 0.050862 0.000000 0.000000 0.009612 0.000000
0.120948 0.030757 0.120220 0.000000 0.000000 0.002258 0.000000 0.011961 0.034526 0.000000
0.134696 0.048291 0.084266 0.000000 0.013766 0.000000 0.000000 0.021276 0.066336 0.000000
0.114167 0.057911 0.048213 0.000000 0.046377 0.000000 0.000000 0.024992 0.104388 0.000000
0.071436 0.071606 0.029031 0.000000 0.070244 0.000000 0.000000 0.010690 0.136525 0.000000
0.027276 0.086431 0.025995 0.000000 0.074916 0.003261 0.000000 0.000000 0.158734 0.000000
0.000000 0.110242 0.034859 0.000000 0.058808 0.037863 0.000000 0.000000 0.147170 0.000000
0.000000 0.130327 0.042036 0.000000 0.020017 0.050342 0.004003 0.000000 0.077535 0.048818
0.000000 0.106464 0.033253 0.008733 0.000000 0.026357 0.050445 0.058410 0.000000 0.047476
0.056643 0.032839 0.008630 0.041620 0.000000 0.000000 0.100810 0.138220 0.000000 0.001647
0.095539 0.000000 0.000195 0.055332 0.025845 0.003981 0.083264 0.122199 0.000000 0.000000
0.070658 0.000000 0.003458 0.040627 0.123031 0.024747 0.021547 0.044436 0.000000 0.000000
0.028020 0.000000 0.000000 0.021518 0.142568 0.026163 0.000000 0.000000 0.000000 0.000000
0.009294 0.000000 0.000000 0.014640 0.084620 0.015834 0.000000 0.000000 0.003116 0.000000
0.005649 0.000149 0.000000 0.005003 0.020908 0.004618 0.000000 0.000000 0.002008 0.000000
0.000267 0.000191 0.000000 0.000006 0.000380 0.000288 0.000000 0.000015 0.000327 0.000000
0.000000 0.000000 0.000039 0.000000 0.000012 0.000018 0.000000 0.000000 0.000087 0.000033
0.000000 0.000000 -0.000000 -0.000000 -0.000000 -0.000000 0.000000 0.000000 -0.000000 -0.000000
0.000000 0.000000 -0.000000 -0.000000 -0.000000 -0.000000 0.000000 0.000000 -0.000000 -0.000000
0.000000 0.000000 -0.000000 -0.000000 -0.000000 -0.000000 0.000000 0.000000 -0.000000 -0.000000
0.000000 0.000000 -0.000000 -0.000000 -0.000000 -0.000000 0.000000 0.000000 -0.000000 -0.000000
0.000222 0.000279 0.000085 0.000000 0.000055 0.000253 0.000000 0.000000 0.000000 0.000000
0.000372 0.000509 0.000743 0.000000 0.000102 0.000910 0.000002 0.000000 0.000000 0.000000
0.002410 0.000000 0.009536 0.000000 0.000000 0.011229 0.000161 0.000000 0.000000 0.000000
0.003233 0.004639 0.037444 0.000000 0.000000 0.026641 0.000000 0.000000 0.000000 0.000000
0.010553 0.004035 0.080410 0.000000 0.000000 0.044767 0.000000 0.000000 0.000000 0.000000
0.029116 0.007011 0.101281 0.000000 0.000000 0.049367 0.000000 0.000000 0.000000 0.000000
0.064603 0.010667 0.102289 0.000000 0.000000 0.029357 0.000000 0.000000 0.005552 0.000000
0.104191 0.023452 0.077384 0.000000 0.000000 0.000000 0.000000 0.000000 0.029140 0.000000
0.124821 0.039249 0.043588 0.000000 0.000000 0.000000 0.000000 0.009336 0.054821 0.000000
0.115146 0.046413 0.012535 0.000000 0.018707 0.000000 0.000000 0.015773 0.083521 0.000000
0.083534 0.046071 0.000000 0.000000 0.037732 0.000000 0.000000 0.012577 0.111871 0.000000
0.046603 0.042649 0.000000 0.000000 0.047949 0.000000 0.000000 0.002798 0.140063 0.000000
0.013436 0.043606 0.000000 0.000000 0.043636 0.000000 0.000000 0.000000 0.177000 0.000000
0.000000 0.066711 0.010299 0.000000 0.025961 0.024524 0.000000 0.000000 0.182021 0.022011
0.000000 0.111018 0.028249 0.000000 0.000000 0.037027 0.000000 0.000000 0.113013 0.060995
0.000000 0.124943 0.031880 0.002423 0.000000 0.015364 0.031146 0.076028 0.000000 0.048382
0.037893 0.059622 0.013313 0.031474 0.000000 0.000000 0.099066 0.149332 0.000000 0.000000
0.083777 0.000000 0.002894 0.047241 0.024797 0.011757 0.101140 0.115937 0.000000 0.000000
0.074314 0.000000 0.003679 0.038458 0.122607 0.035533 0.036568 0.027380 0.000000 0.000000
0.032564 0.000000 0.003519 0.024669 0.137201 0.031762 0.000000 0.000000 0.000000 0.000000
0.012848 0.000000 0.003096 0.018190 0.076637 0.017336 0.000000 0.000000 0.001115 0.001134
0.006401 0.000000 0.002147 0.005854 0.017955 0.005036 0.000000 0.000000 0.001088 0.000415
0.000196 0.000040 0.000000 0.000000 0.000210 0.000160 0.000016 0.000007 0.000457 0.000000
0.000000 0.000000 0.000021 0.000000 0.000002 0.000000 0.000006 0.000000 0.000043 0.000000
0.000000 0.000002 0.000000 0.000000 0.000000 0.000000 0.000000 0.000000 0.000001 0.000001
0.000000 0.000000 -0.000000 -0.000000 -0.000000 -0.000000 0.000000 0.000000 -0.000000 -0.000000
0.000000 0.000000 -0.000000 -0.000000 -0.000000 -0.000000 0.000000 0.000000 -0.000000 -0.000000
0.000000 0.000000 -0.000000 -0.000000 -0.000000 -0.000000 0.000000 0.000000 -0.000000 -0.000000
0.000104 0.000157 0.000060 0.000000 0.000020 0.000140 0.000000 0.000000 0.000000 0.000000
0.000731 0.000257 0.000638 0.000000 0.000053 0.000197 0.000000 0.000000 0.000000 0.000000
0.003593 0.000000 0.006996 0.000000 0.000000 0.004534 0.000000 0.000000 0.000000 0.000000
0.009343 0.003777 0.024358 0.000000 0.000000 0.011131 0.000000 0.000000 0.000000 0.000000
0.019410 0.008749 0.048116 0.000000 0.000000 0.016429 0.000000 0.000000 0.000000 0.000000
0.035311 0.009771 0.055776 0.000000 0.000000 0.016034 0.000000 0.000000 0.005214 0.000000
0.062146 0.014855 0.048888 0.000000 0.000000 0.002534 0.000000 0.000000 0.014143 0.000000
0.084066 0.025041 0.025664 0.000000 0.000000 0.000000 0.000000 0.000000 0.031577 0.000000
0.088504 0.030987 0.001886 0.000000 0.005661 0.000000 0.000000 0.003907 0.049607 0.000000
0.071392 0.030676 0.000000 0.000000 0.016719 0.000000 0.000000 0.007108 0.067692 0.000000
0.046990 0.023832 0.000000 0.000000 0.023954 0.000000 0.000000 0.002503 0.084753 0.000000
0.030253 0.009851 0.000000 0.000000 0.022384 0.000000 0.000000 0.000000 0.113255 0.000000
0.013394 0.001385 0.000000 0.000000 0.013842 0.005491 0.000000 0.000000 0.163154 0.009338
0.000000 0.029595 0.012263 0.000000 0.000000 0.026599 0.000000 0.000000 0.183844 0.043819
0.000000 0.096712 0.026900 0.000000 0.000000 0.025308 0.000000 0.029695 0.115215 0.061313
0.000000 0.141035 0.026164 0.000000 0.000000 0.000000 0.018336 0.114798 0.000000 0.031745
0.022004 0.084395 0.010291 0.019654 0.000000 0.000000 0.098745 0.152701 0.000000 0.000000
0.072218 0.000000 0.003233 0.040096 0.051420 0.023816 0.109016 0.086766 0.000000 0.000000
0.070030 0.000000 0.005047 0.037643 0.126908 0.047183 0.045974 0.000118 0.000000 0.000000
0.034000 0.000000 0.007321 0.027216 0.122134 0.035844 0.000000 0.000000 0.000000 0.001880
0.014257 0.000000 0.007736 0.018613 0.059583 0.017027 0.000000 0.000000 0.000000 0.004729
0.006085 0.000000 0.004319 0.005650 0.012413 0.004242 0.000000 0.000000 0.000000 0.001996
0.000508 0.000200 0.000000 0.000000 0.000137 0.000000 0.000254 0.000000 0.001302 0.000000
0.000012 0.000084 0.000000 0.000000 0.000000 0.000000 0.000033 0.000000 0.000471 0.000036
0.000000 0.000216 0.000000 0.000000 0.000000 0.000000 0.000163 0.000049 0.000149 0.000000
0.000000 0.000000 -0.000000 -0.000000 -0.000000 -0.000000 0.000000 0.000000 -0.000000 -0.000000
0.000000 0.000000 -0.000000 -0.000000 -0.000000 -0.000000 0.000000 0.000000 -0.000000 -0.000000
0.000000 0.000000 -0.000000 -0.000000 -0.000000 -0.000000 0.000000 0.000000 -0.000000 -0.000000
0.000000 0.000000 -0.000000 -0.000000 -0.000000 -0.000000 0.000000 0.000000 -0.000000 -0.000000
0.000506 0.000000 0.000772 0.000000 0.000062 0.000034 0.000000 0.000000 0.000000 0.000053
0.003069 0.000124 0.004254 0.000000 0.000000 0.001583 0.000000 0.000000 0.000000 0.000000
0.009725 0.004651 0.011448 0.000000 0.000000 0.002397 0.000000 0.000000 0.000000 0.000000
0.016102 0.009039 0.018806 0.000000 0.000000 0.002032 0.000000 0.000000 0.004936 0.000000
0.023478 0.008789 0.020801 0.000000 0.000000 0.003023 0.000000 0.000000 0.008891 0.000000
0.040392 0.010870 0.013868 0.000000 0.000000 0.000000 0.000000 0.000000 0.012169 0.000000
0.050703 0.015644 0.002378 0.000000 0.000211 0.000000 0.000000 0.000000 0.021715 0.000000
0.047379 0.017880 0.000000 0.000000 0.005139 0.000000 0.000000 0.000000 0.030897 0.000000
0.037011 0.014365 0.000000 0.002151 0.008332 0.000000 0.000000 0.000000 0.044281 0.000000
0.027284 0.001463 0.000000 0.010776 0.005727 0.000000 0.000000 0.000000 0.063541 0.000000
0.020015 0.000000 0.000000 0.018992 0.000000 0.003068 0.000000 0.000000 0.101181 0.010660
0.012988 0.000000 0.008024 0.016527 0.000000 0.023412 0.000000 0.000000 0.159778 0.030408
0.000000 0.010811 0.017105 0.008205 0.000000 0.030699 0.000000 0.018555 0.178465 0.049481
0.000000 0.104176 0.021533 0.002815 0.000000 0.008529 0.000000 0.087089 0.097532 0.043307
0.000000 0.164112 0.017735 0.000000 0.000000 0.000000 0.017176 0.145541 0.000000 0.005522
0.013198 0.100543 0.007396 0.008614 0.015453 0.000000 0.100231 0.128967 0.000000 0.000000
0.061673 0.000000 0.003456 0.035682 0.082730 0.037046 0.113161 0.043434 0.000000 0.000000
0.064362 0.000000 0.010477 0.039555 0.121483 0.053554 0.050677 0.000000 0.000000 0.000000
0.034219 0.000000 0.011294 0.033164 0.092540 0.036130 0.002464 0.000000 0.000000 0.008794
0.014982 0.000000 0.010849 0.018476 0.038395 0.015444 0.000000 0.000000 0.000000 0.006630
0.005364 0.000000 0.003769 0.006476 0.006796 0.003416 0.000000 0.000000 0.000000 0.002040
0.000319 0.000297 0.000000 0.000454 0.000002 0.000000 0.000553 0.000397 0.002966 0.000000
0.000315 0.000103 0.000000 0.000503 0.000000 0.000000 0.000018 0.000213 0.002131 0.000000
0.000000 0.000000 0.000000 0.000000 0.000003 0.000000 0.000030 0.000017 0.000109 0.000000
0.000000 0.000000 -0.000000 -0.000000 -0.000000 -0.000000 0.000000 0.000000 -0.000000 -0.000000
0.000000 0.000000 -0.000000 -0.000000 -0.000000 -0.000000 0.000000 0.000000 -0.000000 -0.000000
0.000000 0.000000 -0.000000 -0.000000 -0.000000 -0.000000 0.000000 0.000000 -0.000000 -0.000000
0.000000 0.000000 -0.000000 -0.000000 -0.000000 -0.000000 0.000000 0.000000 -0.000000 -0.000000
0.000486 0.000000 0.000301 0.000000 0.000053 0.000139 0.000000 0.000000 0.000000 0.000062
0.002086 0.000962 0.001783 0.000000 0.000116 0.000371 0.000000 0.000000 0.000000 0.000000
0.005976 0.004904 0.004068 0.000000 0.000000 0.000000 0.000000 0.000000 0.001438 0.000000
0.010153 0.006473 0.003927 0.001287 0.000000 0.000000 0.000000 0.000000 0.004418 0.000000
0.015122 0.006734 0.005040 0.006791 0.000000 0.000000 0.000000 0.000000 0.004495 0.000000
0.024691 0.007483 0.002621 0.015614 0.000000 0.000000 0.000000 0.000000 0.004550 0.000000
0.026858 0.009548 0.000000 0.025377 0.000000 0.000000 0.000000 0.000000 0.009228 0.000000
0.023304 0.009463 0.000000 0.037847 0.000000 0.000000 0.000000 0.000000 0.016906 0.001248
0.020415 0.000785 0.000000 0.050870 0.000000 0.000000 0.000000 0.000000 0.033985 0.005647
0.019885 0.000000 0.000000 0.058902 0.000000 0.002389 0.000000 0.000000 0.064822 0.012156
0.020363 0.000000 0.006288 0.059686 0.000000 0.018441 0.000000 0.000000 0.116546 0.023316
0.015846 0.000000 0.013792 0.046763 0.000000 0.034456 0.000000 0.022236 0.168377 0.035320
0.000000 0.026103 0.015918 0.029343 0.000000 0.023110 0.000000 0.076285 0.154898 0.037143
0.000000 0.138644 0.013563 0.011060 0.000000 0.000000 0.000000 0.132869 0.060999 0.014416
0.000000 0.186458 0.006566 0.000000 0.012743 0.000000 0.027493 0.142564 0.000000 0.000000
0.013663 0.100146 0.001014 0.003054 0.062311 0.001954 0.109299 0.079410 0.000000 0.000000
0.057579 0.000000 0.004138 0.036327 0.100873 0.046133 0.111377 0.000000 0.000000 0.000000
0.058666 0.000000 0.013346 0.045383 0.100904 0.055361 0.049603 0.000000 0.000000 0.010491
0.033720 0.000000 0.014914 0.039450 0.059424 0.031586 0.003047 0.000000 0.000000 0.013700
0.013700 0.000000 0.010271 0.018918 0.019676 0.012148 0.000000 0.000000 0.000000 0.005499
0.003836 0.000000 0.001220 0.006534 0.002458 0.001550 0.000000 0.000000 0.002750 0.000744
0.000695 0.000825 0.000000 0.001027 0.000000 0.000000 0.000882 0.000749 0.006444 0.000000
0.000000 0.000905 0.000000 0.000792 0.000000 0.000000 0.000483 0.000694 0.004684 0.000000
0.000000 0.000140 0.000000 0.000361 0.000000 0.000000 0.000126 0.000189 0.001090 0.000000
0.000005 0.000000 0.000000 0.000006 0.000000 0.000000 0.000037 0.000018 0.000088 0.000000
0.000000 0.000000 -0.000000 -0.000000 -0.000000 -0.000000 0.000000 0.000000 -0.000000 -0.000000
0.000000 0.000000 -0.000000 -0.000000 -0.000000 -0.000000 0.000000 0.000000 -0.000000 -0.000000
0.000000 0.000000 -0.000000 -0.000000 -0.000000 -0.000000 0.000000 0.000000 -0.000000 -0.000000
0.000504 0.000000 0.000301 0.000179 0.000059 0.000199 0.000000 0.000000 0.000000 0.000092
0.000682 0.000073 0.000582 0.000572 0.000213 0.000288 0.000000 0.000000 0.000000 0.000000
0.002648 0.002378 0.001275 0.003205 0.000387 0.000000 0.000000 0.000000 0.000629 0.000000
0.004836 0.004374 0.000688 0.015406 0.000316 0.000000 0.000000 0.000000 0.001061 0.000000
0.007754 0.006197 0.000948 0.037700 0.000000 0.000000 0.000000 0.000000 0.000760 0.000000
0.012470 0.007050 0.000000 0.066328 0.000000 0.000000 0.000000 0.000000 0.000788 0.001362
0.014238 0.008901 0.000000 0.096762 0.000000 0.000000 0.000000 0.000000 0.004829 0.003031
0.014650 0.006602 0.000000 0.127936 0.000000 0.000000 0.000000 0.000000 0.017762 0.004166
0.016129 0.000000 0.000000 0.149685 0.000000 0.002999 0.000000 0.000000 0.045832 0.008604
0.018131 0.000000 0.000845 0.153379 0.000000 0.011810 0.000000 0.002932 0.089933 0.016095
0.019045 0.000000 0.004802 0.134457 0.000000 0.029334 0.000000 0.029535 0.144763 0.022996
0.013960 0.000000 0.009633 0.102472 0.000000 0.033840 0.000000 0.077879 0.159725 0.021805
0.000000 0.077334 0.008349 0.064277 0.000000 0.005315 0.000000 0.125139 0.112051 0.007395
0.000000 0.187739 0.000000 0.026728 0.014837 0.000000 0.000000 0.144080 0.014087 0.000000
0.000000 0.192986 0.000000 0.000287 0.062661 0.000000 0.048121 0.099431 0.000000 0.000000
0.022916 0.077111 0.000000 0.011709 0.092218 0.014744 0.117179 0.019442 0.000000 0.000000
0.057741 0.000000 0.009058 0.043436 0.093191 0.052129 0.104638 0.000000 0.000000 0.006231
0.054286 0.000000 0.016165 0.055510 0.065394 0.049691 0.043033 0.000000 0.000000 0.016915
0.028533 0.000000 0.013552 0.042081 0.028836 0.025353 0.003785 0.000000 0.000000 0.013031
0.009914 0.000000 0.003616 0.017782 0.007017 0.007215 0.000000 0.000000 0.004288 0.002359
0.001533 0.002662 0.000000 0.008967 0.000000 0.000000 0.001673 0.000099 0.010714 0.000000
0.000257 0.002842 0.000000 0.004544 0.000000 0.000000 0.002039 0.001784 0.012117 0.000000
0.000121 0.001326 0.000000 0.001720 0.000000 0.000000 0.001105 0.000611 0.007209 0.000000
0.000008 0.000257 0.000000 0.000118 0.000000 0.000000 0.000743 0.000308 0.002508 0.000000
0.000023 0.000000 0.000000 0.000024 0.000000 0.000000 0.000154 0.000076 0.000369 0.000000
0.000000 0.000000 -0.000000 -0.000000 -0.000000 -0.000000 0.000000 0.000000 -0.000000 -0.000000
0.000000 0.000000 -0.000000 -0.000000 -0.000000 -0.000000 0.000000 0.000000 -0.000000 -0.000000
0.000000 0.000000 -0.000000 -0.000000 -0.000000 -0.000000 0.000000 0.000000 -0.000000 -0.000000
0.000100 0.000000 0.000226 0.000420 0.000125 0.000118 0.000000 0.000000 0.000000 0.000036
0.000319 0.000000 0.000479 0.003946 0.000947 0.000616 0.000000 0.000000 0.000000 0.000452
0.000493 0.000405 0.001366 0.018200 0.002139 0.001283 0.000000 0.000000 0.000000 0.000338
0.000867 0.003659 0.001820 0.056226 0.001717 0.001504 0.000000 0.000000 0.000000 0.000000
0.001993 0.006338 0.002949 0.111727 0.000000 0.000416 0.000000 0.000000 0.000000 0.000015
0.001561 0.008684 0.002840 0.163127 0.000000 0.000000 0.000000 0.000000 0.000341 0.000000
0.001437 0.010155 0.001691 0.205358 0.000000 0.000000 0.000000 0.000000 0.009338 0.000013
0.003281 0.001366 0.000000 0.229933 0.000000 0.000000 0.000000 0.000000 0.035861 0.002968
0.007492 0.000000 0.000000 0.231434 0.000000 0.004426 0.003501 0.013965 0.082419 0.005225
0.009915 0.000000 0.000000 0.215789 0.000000 0.015427 0.004515 0.041929 0.128675 0.008255
0.010251 0.000000 0.000796 0.187357 0.000000 0.028661 0.000000 0.081838 0.154581 0.004918
0.000000 0.037284 0.003707 0.146774 0.000000 0.019748 0.000000 0.122158 0.128705 0.000000
0.000000 0.146013 0.000000 0.093492 0.013118 0.000000 0.000000 0.138350 0.056528 0.000000
0.000000 0.215643 0.000000 0.044956 0.060678 0.000000 0.010136 0.104413 0.000000 0.000000
0.000000 0.165681 0.000000 0.021312 0.091736 0.000000 0.078276 0.033979 0.000000 0.000000
0.035397 0.043806 0.000000 0.034478 0.090466 0.021159 0.125617 0.000000 0.000000 0.000769
0.057415 0.000000 0.005957 0.063518 0.063268 0.049788 0.096904 0.000000 0.000000 0.012562
0.049957 0.000000 0.008644 0.065645 0.031036 0.038995 0.037771 0.000000 0.000000 0.013527
0.021180 0.000000 0.000000 0.040108 0.009058 0.014877 0.011240 0.000000 0.011213 0.003913
0.006499 0.000833 0.000000 0.017120 0.000876 0.000423 0.006560 0.000000 0.019618 0.000000
0.000647 0.003983 0.000000 0.009987 0.000000 0.000000 0.005826 0.002560 0.022949 0.000000
0.000119 0.002893 0.000000 0.006834 0.000000 0.000000 0.004882 0.002512 0.021503 0.000000
0.000000 0.001388 0.000000 0.002120 0.000000 0.000000 0.003282 0.000808 0.013790 0.000000
0.000000 0.000099 0.000000 0.000000 0.000000 0.000000 0.001779 0.000480 0.006072 0.000000
0.000000 0.000031 0.000000 0.000032 0.000000 0.000000 0.000004 0.000000 0.000086 0.000000
0.000000 0.000000 -0.000000 -0.000000 -0.000000 -0.000000 0.000000 0.000000 -0.000000 -0.000000
0.000000 0.000000 -0.000000 -0.000000 -0.000000 -0.000000 0.000000 0.000000 -0.000000 -0.000000
0.000000 0.000099 0.000000 0.000074 0.000021 0.000000 0.000075 0.000053 0.000054 0.000000
0.000000 0.000013 0.000000 0.002280 0.000810 0.000146 0.000000 0.000000 0.000000 0.000000
0.000000 0.000000 0.000751 0.014312 0.003592 0.001162 0.000000 0.000000 0.000000 0.000519
0.000000 0.002343 0.001413 0.056747 0.008914 0.002386 0.000000 0.000000 0.000000 0.000000
0.000000 0.006360 0.003712 0.126566 0.012044 0.000437 0.000000 0.000000 0.000000 0.000000
0.000000 0.010073 0.003771 0.191583 0.014867 0.000000 0.000000 0.000000 0.000706 0.000000
0.000000 0.011015 0.000191 0.224719 0.013503 0.000000 0.015785 0.002803 0.014356 0.000000
0.000000 0.001872 0.000000 0.220188 0.013677 0.000000 0.044351 0.015994 0.043227 0.000000
0.000000 0.000000 0.000000 0.192811 0.017665 0.000000 0.068594 0.033253 0.088808 0.000000
0.000000 0.000000 0.000000 0.157183 0.019883 0.000000 0.083525 0.061877 0.131861 0.000000
0.000000 0.000000 0.000000 0.130430 0.017743 0.008661 0.081741 0.099107 0.159076 0.000000
0.000000 0.023553 0.000000 0.109599 0.022890 0.011536 0.061058 0.129641 0.143492 0.000000
0.000000 0.107157 0.000000 0.095073 0.038491 0.000000 0.035896 0.131936 0.080777 0.000000
0.000000 0.192504 0.000000 0.067735 0.071451 0.000000 0.030202 0.096694 0.011557 0.000000
0.000000 0.196105 0.000000 0.048760 0.094126 0.000000 0.060063 0.036859 0.000000 0.000000
0.017036 0.110428 0.000000 0.047862 0.090582 0.000000 0.116096 0.000000 0.000000 0.000000
0.042901 0.010147 0.000000 0.061716 0.061105 0.023769 0.139968 0.000000 0.000000 0.001292
0.048050 0.000000 0.000000 0.081532 0.026199 0.036773 0.100007 0.000000 0.012444 0.000837
0.034102 0.000000 0.000000 0.067361 0.003886 0.020987 0.053758 0.000000 0.031611 0.000000
0.011134 0.003369 0.000000 0.039637 0.000000 0.000238 0.029386 0.000000 0.046032 0.000000
0.001639 0.008760 0.000000 0.018666 0.000000 0.000000 0.023191 0.005285 0.054246 0.000000
0.000000 0.008380 0.000000 0.012385 0.000000 0.000000 0.018239 0.006776 0.052832 0.000000
0.000000 0.006466 0.000000 0.006729 0.000000 0.000000 0.012480 0.004609 0.042597 0.000000
0.000000 0.003163 0.000000 0.003249 0.000000 0.000000 0.006310 0.002173 0.025912 0.000000
0.000000 0.000000 0.000000 0.000333 0.000000 0.000000 0.002146 0.000374 0.010595 0.000000
0.000000 0.000079 0.000000 0.000088 0.000000 0.000000 0.000065 0.000005 0.000861 0.000000
0.000000 0.000000 -0.000000 -0.000000 -0.000000 -0.000000 0.000000 0.000000 -0.000000 -0.000000
0.000000 0.000000 -0.000000 -0.000000 -0.000000 -0.000000 0.000000 0.000000 -0.000000 -0.000000
0.000000 0.000329 0.000000 0.000215 0.000100 0.000000 0.000209 0.000108 0.000000 0.000000
0.000000 0.000358 0.000000 0.005996 0.003079 0.000435 0.000000 0.000000 0.000000 0.000000
0.000000 0.001152 0.001364 0.031930 0.014307 0.001617 0.000000 0.000000 0.000000 0.000000
0.000000 0.004585 0.005075 0.100370 0.029234 0.001318 0.000000 0.000000 0.000000 0.000000
0.000000 0.009005 0.006234 0.175763 0.040120 0.000000 0.006176 0.000000 0.001638 0.000000
0.000000 0.008216 0.000490 0.196483 0.045918 0.000000 0.041421 0.014129 0.021311 0.000000
0.000000 0.000000 0.000000 0.159609 0.048402 0.000000 0.088754 0.031881 0.050686 0.000000
0.000000 0.000000 0.000000 0.088972 0.053363 0.000000 0.128759 0.054050 0.094042 0.000000
0.000000 0.000000 0.000000 0.028183 0.056063 0.000000 0.144320 0.082336 0.138992 0.000000
0.000000 0.000000 0.000000 0.000000 0.061699 0.000000 0.143292 0.116712 0.163536 0.000000
0.000000 0.014798 0.000000 0.000000 0.066574 0.000000 0.123728 0.137383 0.152412 0.000000
0.000000 0.085793 0.004215 0.000000 0.078953 0.000000 0.093417 0.127380 0.100728 0.000000
0.000000 0.162030 0.000000 0.012896 0.097042 0.000000 0.074475 0.088733 0.039314 0.000000
0.000000 0.191556 0.000000 0.023444 0.108631 0.000000 0.081896 0.035319 0.000000 0.000000
0.000000 0.141530 0.000000 0.042202 0.099058 0.000000 0.116139 0.000000 0.000000 0.001565
0.020485 0.056083 0.000000 0.065822 0.066258 0.000000 0.153586 0.000000 0.015481 0.000000
0.033104 0.000000 0.000000 0.081519 0.025143 0.010330 0.154922 0.000000 0.041598 0.000000
0.023766 0.000000 0.000000 0.082754 0.000000 0.014127 0.120938 0.000000 0.066676 0.000000
0.011284 0.004585 0.000000 0.064788 0.000000 0.000000 0.085125 0.000000 0.086369 0.000000
0.000545 0.016920 0.000000 0.041117 0.000000 0.000000 0.060269 0.010438 0.097635 0.000000
0.000000 0.020637 0.000000 0.022487 0.000000 0.000000 0.044728 0.014049 0.100325 0.000000
0.000000 0.016734 0.000000 0.015591 0.000000 0.000000 0.033198 0.011427 0.091957 0.000000
0.000000 0.012043 0.000000 0.008152 0.000000 0.000000 0.020998 0.008690 0.071171 0.000000
0.000000 0.004342 0.000000 0.002645 0.000000 0.000000 0.008856 0.002258 0.041732 0.000000
0.000000 0.000000 0.000000 0.000627 0.000000 0.000000 0.001966 0.000272 0.011175 0.000000
0.000000 0.000000 0.000000 0.000000 0.000000 0.000000 0.000267 0.000056 0.000774 0.000000
0.000000 0.000000 -0.000000 -0.000000 -0.000000 -0.000000 0.000000 0.000000 -0.000000 -0.000000
0.000000 0.000000 -0.000000 -0.000000 -0.000000 -0.000000 0.000000 0.000000 -0.000000 -0.000000
0.000000 0.000413 0.000000 0.000453 0.000244 0.000000 0.000132 0.000066 0.000000 0.000000
0.000000 0.001428 0.000000 0.011230 0.010726 0.000945 0.000000 0.000000 0.000128 0.000000
0.000000 0.001816 0.004045 0.051479 0.037197 0.002499 0.000000 0.000000 0.000000 0.000000
0.000000 0.003692 0.012025 0.119073 0.064883 0.000000 0.005585 0.000000 0.000000 0.000000
0.000000 0.005909 0.012251 0.163617 0.072657 0.000000 0.043673 0.018095 0.012957 0.000000
0.000000 0.000000 0.004241 0.131462 0.068023 0.000000 0.098738 0.045376 0.046414 0.000000
0.000000 0.000000 0.000000 0.050922 0.060261 0.000000 0.143440 0.072354 0.087112 0.000000
0.000000 0.000000 0.000000 0.000000 0.059529 0.000000 0.154145 0.097628 0.131824 0.000000
0.000000 0.000000 0.009130 0.000000 0.065552 0.000000 0.135679 0.122175 0.152101 0.000000
0.000000 0.022874 0.025326 0.000000 0.077753 0.000000 0.104358 0.137044 0.142073 0.000000
0.000000 0.083023 0.033752 0.000000 0.097630 0.000000 0.074223 0.123555 0.104542 0.000000
0.000000 0.147080 0.037867 0.000000 0.115189 0.000000 0.060393 0.082005 0.053523 0.000000
0.000000 0.177524 0.032471 0.000000 0.123738 0.000000 0.067431 0.027956 0.018900 0.014326
0.000000 0.149301 0.030467 0.001910 0.111184 0.000000 0.098599 0.000000 0.007013 0.026842
0.008993 0.079997 0.039292 0.030146 0.081917 0.000000 0.131951 0.000000 0.012926 0.029050
0.015698 0.020667 0.043671 0.053869 0.047505 0.000000 0.153012 0.000000 0.031768 0.014696
0.008763 0.000000 0.045191 0.072548 0.013697 0.000000 0.145757 0.000000 0.054480 0.000000
0.000000 0.000000 0.037492 0.070477 0.000000 0.000000 0.122939 0.000000 0.077015 0.000000
0.000000 0.008385 0.020839 0.057396 0.000000 0.000000 0.098545 0.004741 0.101037 0.000000
0.000000 0.016621 0.008827 0.041356 0.000000 0.000000 0.075990 0.016714 0.116559 0.000000
0.000000 0.017007 0.010625 0.029780 0.000000 0.000000 0.053293 0.018858 0.115749 0.000000
0.000000 0.012248 0.014089 0.019794 0.000000 0.000000 0.035832 0.012580 0.103683 0.000000
0.000000 0.009331 0.013198 0.011261 0.000000 0.000000 0.020945 0.007312 0.080013 0.000000
0.000000 0.002000 0.008823 0.001080 0.000000 0.000000 0.009801 0.000366 0.042537 0.000000
0.000000 0.000386 0.000303 0.000000 0.000000 0.000000 0.001954 0.000000 0.009923 0.000000
0.000000 0.000000 0.000029 0.000000 0.000000 0.000000 0.000103 0.000000 0.000466 0.000000
0.000000 0.000000 -0.000000 -0.000000 -0.000000 -0.000000 0.000000 0.000000 -0.000000 -0.000000
0.000000 0.000000 -0.000000 -0.000000 -0.000000 -0.000000 0.000000 0.000000 -0.000000 -0.000000
0.000000 0.000172 0.000072 0.000173 0.000489 0.000000 0.000012 0.000000 0.000000 0.000000
0.000000 0.001988 0.000041 0.012247 0.022210 0.001560 0.000000 0.000000 0.000000 0.000000
0.000000 0.001984 0.008866 0.050663 0.067737 0.002260 0.000000 0.000000 0.000000 0.000000
0.000000 0.000942 0.020895 0.099309 0.100519 0.000000 0.022279 0.011295 0.000000 0.000000
0.000000 0.000000 0.020080 0.118255 0.092418 0.000000 0.075233 0.042849 0.018644 0.000000
0.000000 0.000000 0.010045 0.078824 0.065131 0.000000 0.129829 0.079993 0.057355 0.000000
0.000000 0.000000 0.008081 0.011813 0.046423 0.000000 0.145339 0.108614 0.093928 0.000000
0.000000 0.010340 0.018289 0.000000 0.049611 0.000000 0.120692 0.125523 0.122002 0.000057
0.000000 0.042737 0.036659 0.000000 0.065256 0.000000 0.074536 0.133271 0.122033 0.001774
0.000000 0.083874 0.057367 0.000000 0.091619 0.000000 0.033395 0.113330 0.098860 0.005871
0.000000 0.135065 0.067480 0.000000 0.115676 0.000000 0.013174 0.075519 0.058611 0.014721
0.000000 0.160178 0.073730 0.000000 0.124531 0.000000 0.018450 0.025091 0.027597 0.037570
0.009532 0.136059 0.078127 0.000000 0.111432 0.000000 0.045553 0.000000 0.008434 0.067280
0.036078 0.076033 0.088220 0.000000 0.085121 0.000000 0.074883 0.000000 0.003705 0.087874
0.043181 0.022644 0.105436 0.004776 0.064045 0.000000 0.091164 0.000000 0.007965 0.087869
0.028992 0.000000 0.128217 0.025699 0.045543 0.000000 0.091250 0.000000 0.012459 0.074396
0.009547 0.000000 0.147274 0.043777 0.026879 0.000000 0.083059 0.000000 0.019130 0.053470
0.000000 0.000000 0.151520 0.052473 0.006152 0.000000 0.074616 0.000000 0.029708 0.033406
0.000000 0.000000 0.143553 0.051962 0.000000 0.000000 0.064355 0.002878 0.045654 0.013104
0.000000 0.000000 0.127853 0.044242 0.000000 0.000000 0.053478 0.010656 0.064346 0.000517
0.000000 0.000000 0.110602 0.036067 0.000000 0.000000 0.036543 0.011201 0.071977 0.000000
0.000000 0.000000 0.089716 0.027560 0.000000 0.000000 0.020032 0.008064 0.067942 0.000000
0.000000 0.000000 0.061287 0.013042 0.000000 0.000000 0.010671 0.003588 0.053986 0.000000
0.000000 0.000000 0.026189 0.003842 0.000000 0.000000 0.002774 0.000000 0.027267 0.003255
0.000000 0.000000 0.004096 0.000096 0.000000 0.000179 0.000000 0.000000 0.004027 0.002389
0.000054 0.000000 0.000301 0.000094 0.000000 0.000094 0.000000 0.000000 0.000103 0.000168
0.000000 0.000000 -0.000000 -0.000000 -0.000000 -0.000000 0.000000 0.000000 -0.000000 -0.000000
0.000000 0.000000 -0.000000 -0.000000 -0.000000 -0.000000 0.000000 0.000000 -0.000000 -0.000000
0.000000 0.000289 0.000134 0.000000 0.001038 0.000000 0.000143 0.000205 0.000000 0.000000
0.000000 0.002539 0.001418 0.006659 0.033328 0.000909 0.000164 0.000235 0.000000 0.000000
0.000000 0.001167 0.011124 0.027564 0.094627 0.000000 0.001297 0.000000 0.000000 0.000000
0.000000 0.000000 0.027453 0.061727 0.126088 0.000000 0.028508 0.019230 0.000000 0.000000
0.000000 0.000000 0.029778 0.079785 0.107363 0.000000 0.078430 0.059194 0.007185 0.000000
0.000000 0.000000 0.024624 0.059505 0.067422 0.000000 0.121442 0.100135 0.039159 0.000000
0.000000 0.002552 0.026117 0.022841 0.046758 0.000000 0.121600 0.122251 0.062142 0.013529
0.000000 0.047299 0.038085 0.000000 0.056000 0.000000 0.078769 0.122531 0.069257 0.030545
0.000000 0.085708 0.055734 0.000000 0.083791 0.000000 0.031200 0.101503 0.064146 0.038345
0.000000 0.118915 0.071625 0.000000 0.105094 0.005121 0.000000 0.063121 0.043516 0.051542
0.014519 0.133771 0.082197 0.000000 0.106698 0.000000 0.000000 0.019973 0.018209 0.076740
0.050876 0.113400 0.087512 0.000000 0.086901 0.000000 0.003157 0.000000 0.000392 0.110038
0.087122 0.059826 0.095920 0.000000 0.055103 0.000000 0.022781 0.000000 0.000000 0.137785
0.103773 0.013035 0.107577 0.000000 0.039485 0.000000 0.024563 0.000000 0.000000 0.151711
0.088924 0.000000 0.128644 0.000000 0.039403 0.000000 0.014026 0.000000 0.000000 0.149808
0.059109 0.000000 0.157787 0.000000 0.043502 0.000000 0.002327 0.000000 0.000000 0.141197
0.031392 0.000000 0.187050 0.009991 0.041403 0.000000 0.000000 0.000000 0.000000 0.126956
0.016554 0.000000 0.210397 0.026553 0.021540 0.000000 0.000000 0.000000 0.000000 0.109791
0.003090 0.000000 0.218265 0.038420 0.000000 0.000000 0.001115 0.003505 0.000000 0.088076
0.000000 0.000000 0.209931 0.044076 0.000000 0.011497 0.002761 0.003372 0.000000 0.063133
0.000000 0.000000 0.179539 0.043524 0.000000 0.017464 0.005388 0.002727 0.000622 0.037948
0.000000 0.000000 0.137735 0.032207 0.000000 0.011748 0.002124 0.001335 0.013634 0.019353
0.000000 0.000000 0.079312 0.016696 0.000000 0.006791 0.000000 0.000000 0.018111 0.011870
0.000000 0.000000 0.024688 0.004903 0.000000 0.003541 0.000000 0.000000 0.013723 0.006047
0.000000 0.000000 0.002654 0.000200 0.000000 0.001110 0.000000 0.000000 0.002164 0.001939
0.000042 0.000000 0.000082 0.000055 0.000000 0.000082 0.000000 0.000000 0.000045 0.000154
0.000000 0.000000 -0.000000 -0.000000 -0.000000 -0.000000 0.000000 0.000000 -0.000000 -0.000000
0.000005 0.000000 0.000002 0.000000 0.000002 0.000000 0.000010 0.000000 0.000000 0.000003
0.000000 0.000345 0.000000 0.000000 0.001922 0.000000 0.000513 0.001023 0.000243 0.000000
0.000000 0.003558 0.001160 0.000000 0.038294 0.000000 0.000000 0.002306 0.000000 0.000000
0.000000 0.003897 0.009376 0.000008 0.107252 0.000000 0.002167 0.002802 0.000000 0.000000
0.000000 0.000000 0.026789 0.013839 0.139620 0.000000 0.021950 0.022890 0.000000 0.000000
0.008958 0.000000 0.032857 0.039675 0.123232 0.000000 0.054372 0.061846 0.000000 0.000000
0.025515 0.000000 0.030176 0.042332 0.084521 0.000000 0.088793 0.095991 0.002453 0.020262
0.028423 0.002692 0.031906 0.023849 0.064690 0.000000 0.088930 0.104987 0.007228 0.053703
0.027888 0.049068 0.036777 0.001830 0.068680 0.000000 0.055646 0.086980 0.005984 0.087561
0.040573 0.078933 0.046699 0.000000 0.074794 0.017520 0.021379 0.049968 0.000000 0.109178
0.068721 0.092859 0.052241 0.000000 0.068148 0.030385 0.000000 0.014193 0.000000 0.127271
0.106234 0.076222 0.053759 0.000000 0.040487 0.026313 0.000000 0.000000 0.000000 0.148721
0.138950 0.034403 0.049969 0.000000 0.009762 0.032842 0.005480 0.000000 0.000000 0.161328
0.149343 0.000000 0.050141 0.000000 0.000000 0.044844 0.004429 0.000000 0.000000 0.161437
0.134297 0.000000 0.053642 0.000000 0.000000 0.055622 0.000000 0.000000 0.000586 0.150309
0.103269 0.000000 0.061569 0.000000 0.018663 0.061972 0.000000 0.005425 0.000000 0.141550
0.072107 0.000000 0.080959 0.000000 0.037014 0.055235 0.000000 0.014128 0.000000 0.139125
0.048070 0.000000 0.110272 0.000000 0.043439 0.053143 0.000000 0.018045 0.000000 0.137763
0.028985 0.000000 0.140277 0.013911 0.033103 0.056500 0.000000 0.016191 0.000000 0.128791
0.010500 0.000000 0.166166 0.029381 0.015870 0.064052 0.000000 0.008581 0.000000 0.112211
0.000000 0.000000 0.176880 0.043092 0.000000 0.069507 0.000000 0.000000 0.000000 0.087100
0.000000 0.000000 0.159158 0.043988 0.000000 0.062129 0.000000 0.000000 0.000000 0.057416
0.000000 0.000000 0.118376 0.031465 0.000000 0.043924 0.000000 0.000000 0.000000 0.029504
0.000000 0.000000 0.060790 0.016663 0.000000 0.023620 0.000000 0.000000 0.000000 0.013664
0.000000 0.000000 0.015277 0.003330 0.000000 0.006012 0.000000 0.000000 0.004397 0.004511
0.000111 0.000000 0.001097 0.000000 0.000000 0.000700 0.000015 0.000000 0.001743 0.000629
0.000000 0.000000 -0.000000 -0.000000 -0.000000 -0.000000 0.000000 0.000000 -0.000000 -0.000000
0.000000 0.000000 -0.000000 -0.000000 -0.000000 -0.000000 0.000000 0.000000 -0.000000 -0.000000
0.000065 0.000000 0.000029 0.000000 0.000030 0.000000 0.000147 0.000000 0.000000 0.000047
0.000000 0.000497 0.000000 0.000000 0.002379 0.000000 0.000258 0.001055 0.000256 0.000000
0.000000 0.003529 0.000000 0.000000 0.030016 0.000000 0.000000 0.003774 0.000910 0.000000
0.000000 0.003122 0.005869 0.000000 0.086355 0.000000 0.000173 0.005868 0.000000 0.000000
0.006797 0.000000 0.016761 0.000000 0.125945 0.000000 0.006487 0.023359 0.000000 0.000000
0.044931 0.000000 0.023826 0.000000 0.122225 0.000000 0.019519 0.051191 0.000000 0.010624
0.083906 0.000000 0.019019 0.008242 0.091056 0.000000 0.042728 0.074807 0.000000 0.042045
0.112158 0.000000 0.009474 0.001404 0.062505 0.000000 0.050422 0.075927 0.000000 0.079087
0.130657 0.021053 0.007025 0.000000 0.041837 0.010793 0.036693 0.049745 0.000000 0.120614
0.145571 0.036264 0.005289 0.000000 0.021621 0.050467 0.021175 0.017132 0.000000 0.142926
0.161920 0.035758 0.001692 0.000000 0.000000 0.085530 0.011979 0.000000 0.000000 0.149766
0.168980 0.011946 0.000720 0.000000 0.000000 0.110772 0.013185 0.000000 0.000000 0.142792
0.158298 0.000000 0.000000 0.000000 0.000000 0.130453 0.012512 0.000000 0.000000 0.120370
0.130268 0.000000 0.000000 0.000000 0.000000 0.150620 0.003896 0.000000 0.002858 0.096460
0.100134 0.000000 0.000000 0.000000 0.000000 0.158346 0.000000 0.016426 0.011492 0.074965
0.079669 0.000000 0.000000 0.000000 0.008388 0.153702 0.000000 0.028004 0.014773 0.065722
0.061320 0.009806 0.000000 0.000000 0.027580 0.143348 0.000000 0.033599 0.010068 0.067145
0.041988 0.013870 0.000000 0.000000 0.035997 0.131914 0.000000 0.036315 0.000619 0.071655
0.022611 0.007292 0.029107 0.009145 0.034441 0.124843 0.000000 0.026784 0.000000 0.077069
0.002770 0.000000 0.062277 0.023710 0.022985 0.113777 0.000000 0.016523 0.000000 0.070712
0.000000 0.000000 0.084816 0.033181 0.009935 0.104360 0.000000 0.001524 0.000000 0.054954
0.000000 0.000000 0.086652 0.031257 0.000000 0.083896 0.000000 0.000000 0.000000 0.036605
0.000000 0.000000 0.065540 0.020960 0.000000 0.054439 0.000000 0.000000 0.000000 0.017628
0.000000 0.000000 0.032305 0.012879 0.000000 0.026574 0.000295 0.000311 0.000000 0.006308
0.000000 0.000000 0.007466 0.002771 0.000000 0.005206 0.000000 0.000194 0.000445 0.001629
0.000149 0.000000 0.000204 0.000193 0.000000 0.000344 0.000250 0.000000 0.000652 0.000000
0.000000 0.000000 -0.000000 -0.000000 -0.000000 -0.000000 0.000000 0.000000 -0.000000 -0.000000
0.000000 0.000000 -0.000000 -0.000000 -0.000000 -0.000000 0.000000 0.000000 -0.000000 -0.000000
0.000000 0.000000 -0.000000 -0.000000 -0.000000 -0.000000 0.000000 0.000000 -0.000000 -0.000000
0.000202 0.000396 0.000000 0.000000 0.001100 0.000000 0.000000 0.000363 0.000000 0.000127
0.000000 0.002427 0.000000 0.000000 0.014764 0.000000 0.000000 0.002208 0.000876 0.000000
0.006047 0.002213 0.000000 0.000000 0.045496 0.000000 0.000000 0.006059 0.000840 0.000000
0.022702 0.000000 0.006215 0.000000 0.078543 0.000000 0.000000 0.014850 0.000000 0.000000
0.064585 0.000000 0.011061 0.000000 0.084609 0.000000 0.000000 0.029429 0.000000 0.004189
0.117141 0.000000 0.005059 0.000000 0.064827 0.000000 0.003251 0.043084 0.000000 0.026696
0.162427 0.000000 0.000000 0.000000 0.031456 0.005636 0.015097 0.042701 0.000000 0.053799
0.187346 0.000000 0.000000 0.000000 0.000000 0.037390 0.019266 0.028197 0.000000 0.078688
0.184523 0.000685 0.000000 0.000000 0.000000 0.087158 0.021484 0.006146 0.000000 0.091173
0.163740 0.000000 0.000000 0.000000 0.000000 0.131912 0.022974 0.000000 0.000000 0.081666
0.131298 0.000000 0.000000 0.000000 0.000000 0.166703 0.023726 0.000000 0.000000 0.057017
0.092224 0.000000 0.000000 0.000527 0.000000 0.186535 0.016051 0.000911 0.000000 0.029583
0.061989 0.000000 0.000000 0.002280 0.000000 0.192943 0.004600 0.010033 0.004014 0.009773
0.043098 0.000000 0.000000 0.000113 0.000000 0.185935 0.000000 0.019785 0.011689 0.000000
0.035284 0.003915 0.000000 0.000000 0.009331 0.173052 0.000000 0.027307 0.013828 0.000000
0.029303 0.017118 0.000000 0.000000 0.021481 0.154917 0.000000 0.029864 0.013788 0.000000
0.021094 0.025191 0.000000 0.000000 0.028832 0.139818 0.000000 0.027252 0.007388 0.001630
0.006547 0.021148 0.000000 0.004140 0.029552 0.124697 0.000000 0.019443 0.000000 0.011009
0.000000 0.015682 0.001122 0.010862 0.022856 0.106803 0.000000 0.010524 0.000000 0.014564
0.000000 0.007460 0.023030 0.018202 0.011589 0.085853 0.000000 0.001371 0.000000 0.014722
0.000000 0.000860 0.031967 0.018555 0.001846 0.063405 0.001298 0.000000 0.000000 0.009800
0.000000 0.000000 0.025092 0.009567 0.000000 0.034557 0.003985 0.000000 0.000000 0.004691
0.000000 0.000000 0.014145 0.003396 0.000000 0.013908 0.002500 0.000050 0.000000 0.001811
0.000000 0.000216 0.003046 0.000395 0.000000 0.002748 0.000150 0.000000 0.000000 0.000539
0.000031 0.000000 0.000037 0.000000 0.000000 0.000035 0.000065 0.000000 0.000000 0.000020
0.000000 0.000000 -0.000000 -0.000000 -0.000000 -0.000000 0.000000 0.000000 -0.000000 -0.000000
0.000000 0.000000 -0.000000 -0.000000 -0.000000 -0.000000 0.000000 0.000000 -0.000000 -0.000000
0.000000 0.000000 -0.000000 -0.000000 -0.000000 -0.000000 0.000000 0.000000 -0.000000 -0.000000
0.000000 0.000003 0.000000 0.000000 0.000006 0.000000 0.000000 0.000001 0.000001 0.000000
0.000108 0.000358 0.000000 0.000000 0.003064 0.000000 0.000000 0.000838 0.000326 0.000000
0.005458 0.000497 0.000000 0.000000 0.011587 0.000000 0.000000 0.002815 0.002140 0.000000
0.020822 0.000000 0.001272 0.000000 0.022731 0.000000 0.000000 0.004044 0.001320 0.000000
0.050224 0.000000 0.002217 0.000000 0.026939 0.000000 0.000000 0.006526 0.000000 0.000000
0.086035 0.000000 0.003099 0.000000 0.016774 0.002938 0.000000 0.010605 0.000000 0.000000
0.110858 0.000000 0.000000 0.000000 0.001419 0.019441 0.000000 0.011963 0.000000 0.001872
0.118196 0.000000 0.000000 0.000000 0.000000 0.045791 0.001269 0.010645 0.000000 0.000541
0.104096 0.000000 0.000000 0.000000 0.000000 0.078872 0.008798 0.005493 0.000000 0.000000
0.076335 0.000000 0.000000 0.000000 0.000000 0.108471 0.010719 0.002227 0.000000 0.000000
0.050824 0.000000 0.000000 0.000000 0.000000 0.123376 0.007429 0.002082 0.000000 0.000000
0.028829 0.000325 0.000000 0.001180 0.000000 0.126022 0.003606 0.003527 0.000000 0.000000
0.015794 0.002651 0.000000 0.002205 0.000000 0.119489 0.000324 0.004692 0.000000 0.000000
0.009843 0.007653 0.000000 0.000291 0.003164 0.106129 0.000000 0.006717 0.000599 0.000000
0.010380 0.013162 0.000000 0.000000 0.007567 0.091320 0.000000 0.010806 0.003057 0.000000
0.011236 0.018308 0.000000 0.000000 0.011407 0.076973 0.000000 0.011302 0.004005 0.000000
0.007375 0.022215 0.000000 0.000000 0.013325 0.065608 0.000000 0.010176 0.002307 0.000000
0.003725 0.020952 0.000000 0.000000 0.013063 0.056737 0.000000 0.006812 0.000000 0.000000
0.000000 0.016181 0.000000 0.001838 0.010768 0.051207 0.000000 0.000220 0.000000 0.000000
0.000000 0.009699 0.005012 0.004968 0.006195 0.040721 0.000258 0.000000 0.000000 0.000000
0.000000 0.005016 0.009458 0.005947 0.001511 0.028419 0.000212 0.000000 0.000000 0.000000
0.000000 0.001563 0.008388 0.000559 0.000203 0.015013 0.001865 0.000000 0.000000 0.000000
0.000000 0.001218 0.003971 0.000000 0.000116 0.003574 0.000346 0.000000 0.000000 0.000000
0.000183 0.000432 0.000624 0.000000 0.000005 0.000659 0.000000 0.000000 0.000000 0.000000
0.000120 0.000000 0.000107 0.000000 0.000000 0.000000 0.000016 0.000000 0.000000 0.000004
0.000000 0.000000 -0.000000 -0.000000 -0.000000 -0.000000 0.000000 0.000000 -0.000000 -0.000000
0.000000 0.000000 -0.000000 -0.000000 -0.000000 -0.000000 0.000000 0.000000 -0.000000 -0.000000
0.000000 0.000000 -0.000000 -0.000000 -0.000000 -0.000000 0.000000 0.000000 -0.000000 -0.000000
0.000000 0.000000 -0.000000 -0.000000 -0.000000 -0.000000 0.000000 0.000000 -0.000000 -0.000000
0.000023 0.000035 0.000000 0.000000 0.000079 0.000000 0.000004 0.000014 0.000000 0.000000
0.000970 0.000121 0.000000 0.000000 0.000547 0.000000 0.000000 0.000000 0.000070 0.000000
0.004302 0.000114 0.000395 0.000000 0.001253 0.000000 0.000000 0.000000 0.000000 0.000194
0.009741 0.000150 0.000452 0.000000 0.001439 0.000030 0.000000 0.000000 0.000362 0.000177
0.015069 0.000430 0.000000 0.000000 0.000811 0.001414 0.000000 0.000000 0.000045 0.000000
0.017309 0.001395 0.000000 0.000000 0.000000 0.004142 0.000000 0.000000 0.000000 0.000000
0.017887 0.002118 0.000000 0.000000 0.000000 0.008184 0.000000 0.000000 0.000000 0.000000
0.015815 0.004784 0.000363 0.000000 0.000000 0.011689 0.000000 0.000000 0.000000 0.000000
0.012896 0.006307 0.000665 0.000000 0.000021 0.015789 0.000000 0.000000 0.000000 0.000000
0.008293 0.008587 0.000866 0.000000 0.000947 0.019848 0.000000 0.000000 0.000000 0.000000
0.005390 0.010689 0.000654 0.000000 0.001408 0.022356 0.000000 0.000000 0.000000 0.000000
0.003492 0.011128 0.000000 0.000000 0.001709 0.021564 0.000000 0.000000 0.000000 0.000000
0.002604 0.010637 0.000000 0.000000 0.002264 0.017561 0.000000 0.000313 0.000000 0.000000
0.002891 0.010323 0.000000 0.000000 0.002561 0.014521 0.000000 0.000144 0.000000 0.000000
0.003378 0.009863 0.000000 0.000000 0.002194 0.011982 0.000000 0.000105 0.000000 0.000000
0.002935 0.007958 0.000000 0.000000 0.001809 0.010173 0.000000 0.000000 0.000000 0.000000
0.002061 0.005872 0.000000 0.000000 0.001428 0.007990 0.000000 0.000215 0.000000 0.000000
0.000770 0.004446 0.000000 0.000000 0.001626 0.006741 0.000000 0.000411 0.000347 0.000000
0.000124 0.003210 0.000252 0.000340 0.001213 0.004789 0.000000 0.000000 0.000187 0.000000
0.000436 0.001818 0.001353 0.000698 0.000425 0.004095 0.000000 0.000000 0.000000 0.000000
0.000494 0.000719 0.001440 0.000000 0.000098 0.002044 0.000000 0.000000 0.000000 0.000000
0.000155 0.000724 0.001325 0.000000 0.000052 0.000778 0.000000 0.000000 0.000000 0.000000
0.000118 0.000430 0.000480 0.000000 0.000000 0.000009 0.000000 0.000000 0.000110 0.000000
0.000000 0.000064 0.000000 0.000000 0.000002 0.000000 0.000016 0.000054 0.000111 0.000000
0.000000 0.000000 -0.000000 -0.000000 -0.000000 -0.000000 0.000000 0.000000 -0.000000 -0.000000
0.000000 0.000000 -0.000000 -0.000000 -0.000000 -0.000000 0.000000 0.000000 -0.000000 -0.000000
0.000000 0.000000 -0.000000 -0.000000 -0.000000 -0.000000 0.000000 0.000000 -0.000000 -0.000000
0.000000 0.000000 -0.000000 -0.000000 -0.000000 -0.000000 0.000000 0.000000 -0.000000 -0.000000
0.000000 0.000000 -0.000000 -0.000000 -0.000000 -0.000000 0.000000 0.000000 -0.000000 -0.000000
0.000000 0.000000 -0.000000 -0.000000 -0.000000 -0.000000 0.000000 0.000000 -0.000000 -0.000000
0.000000 0.000000 -0.000000 -0.000000 -0.000000 -0.000000 0.000000 0.000000 -0.000000 -0.000000
0.000223 0.000313 0.000000 0.000000 0.000181 0.000000 0.000000 0.000000 0.000003 0.000000
0.000323 0.000354 0.000000 0.000000 0.000257 0.000002 0.000000 0.000000 0.000000 0.000000
0.000323 0.000354 0.000000 0.000000 0.000257 0.000002 0.000000 0.000000 0.000000 0.000000
0.000328 0.000362 0.000000 0.000000 0.000260 0.000014 0.000000 0.000000 0.000000 0.000000
0.000402 0.000590 0.000000 0.000000 0.000307 0.000258 0.000000 0.000000 0.000000 0.000000
0.000415 0.000783 0.000091 0.000000 0.000285 0.000505 0.000000 0.000000 0.000000 0.000000
0.000377 0.001002 0.000064 0.000000 0.000213 0.000496 0.000000 0.000000 0.000000 0.000000
0.000497 0.001738 0.000000 0.000000 0.000255 0.000598 0.000000 0.000000 0.000000 0.000000
0.000566 0.002377 0.000000 0.000000 0.000242 0.000774 0.000000 0.000000 0.000000 0.000000
0.000601 0.002763 0.000000 0.000000 0.000282 0.000664 0.000000 0.000000 0.000000 0.000000
0.000616 0.002408 0.000000 0.000000 0.000395 0.000503 0.000000 0.000000 0.000000 0.000000
0.000575 0.002127 0.000000 0.000000 0.000312 0.000381 0.000000 0.000000 0.000000 0.000000
0.000520 0.001522 0.000000 0.000000 0.000103 0.000090 0.000000 0.000030 0.000042 0.000000
0.000466 0.001034 0.000000 0.000000 0.000000 0.000000 0.000000 0.000100 0.000000 0.000000
0.000291 0.001001 0.000144 0.000000 0.000000 0.000000 0.000000 0.000000 0.000000 0.000000
0.000000 0.000873 0.000144 0.000000 0.000031 0.000000 0.000000 0.000047 0.000000 0.000000
0.000059 0.000538 0.000105 0.000000 0.000038 0.000048 0.000000 0.000000 0.000000 0.000000
0.000021 0.000086 0.000019 0.000000 0.000006 0.000012 0.000000 0.000000 0.000000 0.000000
0.000000 0.000012 0.000000 0.000000 0.000000 0.000000 0.000003 0.000011 0.000022 0.000000
0.000000 0.000057 0.000000 0.000000 0.000002 0.000000 0.000014 0.000048 0.000099 0.000000
0.000000 0.000068 0.000000 0.000000 0.000002 0.000000 0.000017 0.000058 0.000118 0.000000
0.000000 0.000000 -0.000000 -0.000000 -0.000000 -0.000000 0.000000 0.000000 -0.000000 -0.000000
0.000000 0.000000 -0.000000 -0.000000 -0.000000 -0.000000 0.000000 0.000000 -0.000000 -0.000000
0.000000 0.000000 -0.000000 -0.000000 -0.000000 -0.000000 0.000000 0.000000 -0.000000 -0.000000
0.000000 0.000000 -0.000000 -0.000000 -0.000000 -0.000000 0.000000 0.000000 -0.000000 -0.000000
0.000000 0.000000 -0.000000 -0.000000 -0.000000 -0.000000 0.000000 0.000000 -0.000000 -0.000000
0.000000 0.000000 -0.000000 -0.000000 -0.000000 -0.000000 0.000000 0.000000 -0.000000 -0.000000
0.000000 0.000000 -0.000000 -0.000000 -0.000000 -0.000000 0.000000 0.000000 -0.000000 -0.000000
0.000000 0.000000 -0.000000 -0.000000 -0.000000 -0.000000 0.000000 0.000000 -0.000000 -0.000000
0.000000 0.000000 -0.000000 -0.000000 -0.000000 -0.000000 0.000000 0.000000 -0.000000 -0.000000
0.000000 0.000000 -0.000000 -0.000000 -0.000000 -0.000000 0.000000 0.000000 -0.000000 -0.000000
0.000000 0.000000 -0.000000 -0.000000 -0.000000 -0.000000 0.000000 0.000000 -0.000000 -0.000000
0.000000 0.000000 -0.000000 -0.000000 -0.000000 -0.000000 0.000000 0.000000 -0.000000 -0.000000
0.000000 0.000000 -0.000000 -0.000000 -0.000000 -0.000000 0.000000 0.000000 -0.000000 -0.000000
0.000000 0.000000 -0.000000 -0.000000 -0.000000 -0.000000 0.000000 0.000000 -0.000000 -0.000000
0.000000 0.000000 -0.000000 -0.000000 -0.000000 -0.000000 0.000000 0.000000 -0.000000 -0.000000
0.000000 0.000000 -0.000000 -0.000000 -0.000000 -0.000000 0.000000 0.000000 -0.000000 -0.000000
0.000000 0.000000 -0.000000 -0.000000 -0.000000 -0.000000 0.000000 0.000000 -0.000000 -0.000000
0.000000 0.000000 -0.000000 -0.000000 -0.000000 -0.000000 0.000000 0.000000 -0.000000 -0.000000
0.000000 0.000000 -0.000000 -0.000000 -0.000000 -0.000000 0.000000 0.000000 -0.000000 -0.000000
0.000000 0.000000 -0.000000 -0.000000 -0.000000 -0.000000 0.000000 0.000000 -0.000000 -0.000000
0.000000 0.000000 -0.000000 -0.000000 -0.000000 -0.000000 0.000000 0.000000 -0.000000 -0.000000
0.000000 0.000000 -0.000000 -0.000000 -0.000000 -0.000000 0.000000 0.000000 -0.000000 -0.000000
0.000000 0.000000 -0.000000 -0.000000 -0.000000 -0.000000 0.000000 0.000000 -0.000000 -0.000000
0.000000 0.000000 -0.000000 -0.000000 -0.000000 -0.000000 0.000000 0.000000 -0.000000 -0.000000
0.000000 0.000000 -0.000000 -0.000000 -0.000000 -0.000000 0.000000 0.000000 -0.000000 -0.000000
0.000000 0.000000 -0.000000 -0.000000 -0.000000 -0.000000 0.000000 0.000000 -0.000000 -0.000000
0.000000 0.000000 -0.000000 -0.000000 -0.000000 -0.000000 0.000000 0.000000 -0.000000 -0.000000
0.000000 0.000000 -0.000000 -0.000000 -0.000000 -0.000000 0.000000 0.000000 -0.000000 -0.000000
0.000000 0.000000 -0.000000 -0.000000 -0.000000 -0.000000 0.000000 0.000000 -0.000000 -0.000000
0.000000 0.000000 -0.000000 -0.000000 -0.000000 -0.000000 0.000000 0.000000 -0.000000 -0.000000
0.000000 0.000000 -0.000000 -0.000000 -0.000000 -0.000000 0.000000 0.000000 -0.000000 -0.000000
0.000000 0.000000 -0.000000 -0.000000 -0.000000 -0.000000 0.000000 0.000000 -0.000000 -0.000000
0.000000 0.000000 -0.000000 -0.000000 -0.000000 -0.000000 0.000000 0.000000 -0.000000 -0.000000
0.000000 0.000000 -0.000000 -0.000000 -0.000000 -0.000000 0.000000 0.000000 -0.000000 -0.000000
0.000000 0.000000 -0.000000 -0.000000 -0.000000 -0.000000 0.000000 0.000000 -0.000000 -0.000000
0.000000 0.000000 -0.000000 -0.000000 -0.000000 -0.000000 0.000000 0.000000 -0.000000 -0.000000
0.000000 0.000000 -0.000000 -0.000000 -0.000000 -0.000000 0.000000 0.000000 -0.000000 -0.000000
0.000000 0.000000 -0.000000 -0.000000 -0.000000 -0.000000 0.000000 0.000000 -0.000000 -0.000000
0.000000 0.000000 -0.000000 -0.000000 -0.000000 -0.000000 0.000000 0.000000 -0.000000 -0.000000
0.000000 0.000000 -0.000000 -0.000000 -0.000000 -0.000000 0.000000 0.000000 -0.000000 -0.000000
0.000000 0.000000 -0.000000 -0.000000 -0.000000 -0.000000 0.000000 0.000000 -0.000000 -0.000000
0.000000 0.000000 -0.000000 -0.000000 -0.000000 -0.000000 0.000000 0.000000 -0.000000 -0.000000
0.000000 0.000000 -0.000000 -0.000000 -0.000000 -0.000000 0.000000 0.000000 -0.000000 -0.000000
0.000000 0.000000 -0.000000 -0.000000 -0.000000 -0.000000 0.000000 0.000000 -0.000000 -0.000000
0.000000 0.000000 -0.000000 -0.000000 -0.000000 -0.000000 0.000000 0.000000 -0.000000 -0.000000
0.000000 0.000000 -0.000000 -0.000000 -0.000000 -0.000000 0.000000 0.000000 -0.000000 -0.000000
0.000000 0.000000 -0.000000 -0.000000 -0.000000 -0.000000 0.000000 0.000000 -0.000000 -0.000000
0.000000 0.000000 -0.000000 -0.000000 -0.000000 -0.000000 0.000000 0.000000 -0.000000 -0.000000
0.000000 0.000000 -0.000000 -0.000000 -0.000000 -0.000000 0.000000 0.000000 -0.000000 -0.000000
0.000000 0.000000 -0.000000 -0.000000 -0.000000 -0.000000 0.000000 0.000000 -0.000000 -0.000000
0.000000 0.000000 -0.000000 -0.000000 -0.000000 -0.000000 0.000000 0.000000 -0.000000 -0.000000
0.000000 0.000000 -0.000000 -0.000000 -0.000000 -0.000000 0.000000 0.000000 -0.000000 -0.000000
0.000000 0.000000 -0.000000 -0.000000 -0.000000 -0.000000 0.000000 0.000000 -0.000000 -0.000000
0.000000 0.000000 -0.000000 -0.000000 -0.000000 -0.000000 0.000000 0.000000 -0.000000 -0.000000
0.000000 0.000000 -0.000000 -0.000000 -0.000000 -0.000000 0.000000 0.000000 -0.000000 -0.000000
0.000000 0.000000 -0.000000 -0.000000 -0.000000 -0.000000 0.000000 0.000000 -0.000000 -0.000000
0.000000 0.000000 -0.000000 -0.000000 -0.000000 -0.000000 0.000000 0.000000 -0.000000 -0.000000
