0.000000 0.000000 -0.000000 0.000000 0.000000 -0.000000 -0.000000 -0.000000 0.000000 -0.000000
0.000000 0.000000 -0.000000 0.000000 0.000000 -0.000000 -0.000000 -0.000000 0.000000 -0.000000
0.000000 0.000000 0.000000 0.000000 0.000000 -0.000000 -0.000000 -0.000000 0.000000 -0.000000
0.000000 0.000000 0.000000 -0.000000 0.000000 -0.000000 -0.000000 -0.000000 0.000000 -0.000000
0.000000 0.000000 0.000000 -0.000000 0.000000 -0.000000 -0.000000 -0.000000 0.000000 -0.000000
0.000000 0.000000 0.000000 -0.000000 0.000000 0.000000 -0.000000 -0.000000 0.000000 -0.000000
0.000000 0.000000 0.000000 -0.000000 0.000000 0.000000 -0.000000 -0.000000 0.000000 -0.000000
0.000000 0.000000 0.000000 -0.000000 0.000000 0.000000 -0.000000 0.000000 0.000000 -0.000000
0.000000 0.000000 0.000000 -0.000000 0.000000 0.000000 -0.000000 0.000000 0.000000 -0.000000
0.000000 0.000000 0.000000 -0.000000 0.000000 0.000000 -0.000000 0.000000 0.000000 -0.000000
0.000000 0.000000 0.000000 -0.000000 0.000000 0.000000 -0.000000 0.000000 0.000000 -0.000000
0.000000 0.000000 0.000000 -0.000000 0.000000 0.000000 -0.000000 0.000000 0.000000 -0.000000
0.000000 0.000000 0.000000 -0.000000 0.000000 0.000000 -0.000000 0.000000 0.000000 -0.000000
0.000000 0.000000 0.000000 -0.000000 0.000000 0.000000 -0.000000 0.000000 0.000000 -0.000000
0.000000 0.000000 0.000000 -0.000000 0.000000 0.000000 -0.000000 0.000000 0.000000 -0.000000
0.000000 0.000000 0.000000 -0.000000 0.000000 0.000000 -0.000000 0.000000 0.000000 -0.000000
0.000000 0.000000 0.000000 -0.000000 0.000000 0.000000 -0.000000 0.000000 0.000000 -0.000000
0.000000 0.000000 0.000000 -0.000000 0.000000 0.000000 -0.000000 0.000000 0.000000 -0.000000
0.000000 0.000000 0.000000 -0.000000 0.000000 0.000000 -0.000000 0.000000 0.000000 -0.000000
0.000000 0.000000 0.000000 -0.000000 0.000000 0.000000 -0.000000 0.000000 0.000000 -0.000000
0.000000 0.000000 0.000000 -0.000000 0.000000 0.000000 -0.000000 0.000000 0.000000 -0.000000
0.000000 0.000000 0.000000 -0.000000 0.000000 0.000000 -0.000000 0.000000 0.000000 -0.000000
0.000000 0.000000 0.000000 -0.000000 0.000000 0.000000 -0.000000 0.000000 0.000000 -0.000000
0.000000 0.000000 0.000000 -0.000000 0.000000 0.000000 -0.000000 0.000000 0.000000 -0.000000
0.000000 0.000000 0.000000 -0.000000 0.000000 0.000000 -0.000000 0.000000 0.000000 -0.000000
0.000000 0.000000 0.000000 -0.000000 0.000000 0.000000 -0.000000 0.000000 0.000000 -0.000000
0.000000 0.000000 0.000000 -0.000000 0.000000 0.000000 -0.000000 0.000000 0.000000 -0.000000
0.000000 0.000000 0.000000 -0.000000 0.000000 0.000000 -0.000000 0.000000 0.000000 -0.000000
0.000000 0.000000 0.000000 -0.000000 0.000000 0.000000 -0.000000 0.000000 0.000000 -0.000000
0.000000 0.000000 0.000000 -0.000000 0.000000 0.000000 -0.000000 0.000000 0.000000 -0.000000
0.000000 0.000000 0.000000 -0.000000 0.000000 0.000000 -0.000000 0.000000 0.000000 -0.000000
0.000000 0.000000 0.000000 -0.000000 0.000000 0.000000 -0.000000 0.000000 0.000000 -0.000000
0.000000 0.000000 0.000000 -0.000000 0.000000 0.000000 -0.000000 0.000000 0.000000 -0.000000
0.000000 0.000000 0.000000 -0.000000 0.000000 0.000000 -0.000000 0.000000 0.000000 -0.000000
0.000000 0.000000 0.000000 -0.000000 0.000000 0.000000 -0.000000 0.000000 0.000000 -0.000000
0.000000 0.000000 0.000000 -0.000000 0.000000 0.000000 -0.000000 0.000000 0.000000 -0.000000
0.000000 0.000000 0.000000 -0.000000 0.000000 0.000000 -0.000000 0.000000 0.000000 -0.000000
0.000000 0.000000 0.000000 -0.000000 0.000000 0.000000 -0.000000 0.000000 0.000000 -0.000000
0.000000 0.000000 0.000000 -0.000000 0.000000 0.000000 -0.000000 0.000000 0.000000 -0.000000
0.000000 0.000000 0.000000 -0.000000 0.000000 0.000000 -0.000000 0.000000 0.000000 -0.000000
0.000000 0.000000 0.000000 -0.000000 0.000000 0.000000 -0.000000 0.000000 0.000000 -0.000000
0.000000 0.000000 0.000000 -0.000000 0.000000 0.000000 -0.000000 0.000000 0.000000 -0.000000
0.000000 0.000000 0.000000 -0.000000 0.000000 0.000000 -0.000000 0.000000 0.000000 -0.000000
0.000000 0.000000 0.000000 -0.000000 0.000000 0.000000 -0.000000 0.000000 0.000000 -0.000000
0.000000 0.000000 0.000000 -0.000000 0.000000 0.000000 -0.000000 0.000000 0.000000 -0.000000
0.000000 0.000000 0.000000 -0.000000 0.000000 0.000000 -0.000000 0.000000 0.000000 -0.000000
0.000000 0.000000 0.000000 -0.000000 0.000000 0.000000 -0.000000 0.000000 0.000000 -0.000000
0.000000 0.000000 0.000000 -0.000000 0.000000 0.000000 -0.000000 0.000000 0.000000 -0.000000
0.000000 0.000000 0.000000 -0.000000 0.000000 0.000000 -0.000000 0.000000 0.000000 -0.000000
0.000000 0.000000 0.000000 -0.000000 0.000000 0.000000 -0.000000 0.000000 0.000000 -0.000000
0.000000 0.000000 0.000000 -0.000000 0.000000 0.000000 -0.000000 0.000000 0.000000 -0.000000
0.000000 0.000000 0.000000 -0.000000 0.000000 0.000000 -0.000000 0.000000 0.000000 -0.000000
0.000000 0.000000 0.000000 -0.000000 0.000000 0.000000 -0.000000 0.000000 0.000000 -0.000000
0.000000 0.000000 0.000000 -0.000000 0.000000 0.000000 -0.000000 0.000000 0.000000 -0.000000
0.000000 0.000000 0.000000 -0.000000 0.000000 0.000000 -0.000000 0.000000 0.000000 -0.000000
0.000000 0.000000 0.000000 -0.000000 0.000000 0.000000 -0.000000 0.000000 0.000000 -0.000000
0.000000 0.000000 0.000000 -0.000000 0.000000 0.000000 -0.000000 0.000000 0.000000 -0.000000
0.000000 0.000000 0.000000 -0.000000 0.000000 0.000000 -0.000000 0.000000 0.000000 -0.000000
0.000000 0.000000 0.000000 -0.000000 0.000000 0.000000 -0.000000 0.000000 0.000000 -0.000000
0.000000 0.000000 0.000000 -0.000000 0.000000 0.000000 -0.000000 0.000000 0.000000 -0.000000
0.000000 0.000000 0.000000 -0.000000 0.000000 0.000000 -0.000000 0.000000 0.000000 -0.000000
0.000000 0.000000 0.000000 -0.000000 0.000000 0.000000 -0.000000 0.000000 0.000000 -0.000000
0.000000 0.000000 0.000000 -0.000000 0.000000 0.000000 -0.000000 0.000000 0.000000 -0.000000
0.000000 0.000000 0.000000 -0.000000 0.000000 0.000000 -0.000000 0.000000 0.000000 -0.000000
0.000000 0.000000 0.000000 -0.000000 0.000000 0.000000 -0.000000 0.000000 0.000000 -0.000000
0.000000 0.000000 0.000000 -0.000000 0.000000 0.000000 -0.000000 0.000000 0.000000 -0.000000
0.000000 0.000000 0.000000 -0.000000 0.000000 0.000000 -0.000000 0.000000 0.000000 -0.000000
0.001078 0.000000 0.001391 0.000000 0.000000 0.000000 0.000000 0.000122 0.000000 0.000000
0.007175 0.000000 0.008976 0.000000 0.006062 0.000000 0.000000 0.000000 0.000000 0.000025
0.007919 0.000000 0.009071 0.000000 0.005360 0.000000 0.000000 0.000032 0.000000 0.000000
0.011295 0.000000 0.001116 0.007047 0.000000 0.005875 0.001843 0.000000 0.000000 0.000000
0.005256 0.000000 0.000000 0.006109 0.000000 0.006727 0.001760 0.000000 0.000000 0.000000
0.006137 0.000000 0.000000 0.006748 0.000000 0.010176 0.001887 0.000000 0.000000 0.000000
0.006727 0.000000 0.000000 0.007396 0.000000 0.011153 0.002068 0.000000 0.000000 0.000000
0.001214 0.000000 0.000000 0.001334 0.000000 0.002012 0.000373 0.000000 0.000000 0.000000
0.000000 0.000000 0.000000 -0.000000 0.000000 0.000000 -0.000000 0.000000 0.000000 -0.000000
0.000000 0.000000 0.000000 -0.000000 0.000000 0.000000 -0.000000 0.000000 0.000000 -0.000000
0.000000 0.000000 0.000000 -0.000000 0.000000 0.000000 -0.000000 0.000000 0.000000 -0.000000
0.000000 0.000000 0.000000 -0.000000 0.000000 0.000000 -0.000000 0.000000 0.000000 -0.000000
0.000000 0.000000 0.000000 -0.000000 0.000000 0.000000 -0.000000 0.000000 0.000000 -0.000000
0.000000 0.000000 0.000000 -0.000000 0.000000 0.000000 -0.000000 0.000000 0.000000 -0.000000
0.000000 0.000000 0.000000 -0.000000 0.000000 0.000000 -0.000000 0.000000 0.000000 -0.000000
0.000000 0.000000 0.000000 -0.000000 0.000000 0.000000 -0.000000 0.000000 0.000000 -0.000000
0.000000 0.000000 0.000000 -0.000000 0.000000 0.000000 -0.000000 0.000000 0.000000 -0.000000
0.000000 0.000000 0.000000 -0.000000 0.000000 0.000000 -0.000000 0.000000 0.000000 -0.000000
0.000000 0.000000 0.000000 -0.000000 0.000000 0.000000 -0.000000 0.000000 0.000000 -0.000000
0.000000 0.000000 0.000000 -0.000000 0.000000 0.000000 -0.000000 0.000000 0.000000 -0.000000
0.000000 0.000000 0.000000 -0.000000 0.000000 0.000000 -0.000000 0.000000 0.000000 -0.000000
0.000000 0.000000 0.000000 -0.000000 0.000000 0.000000 -0.000000 0.000000 0.000000 -0.000000
0.000000 0.000000 0.000000 -0.000000 0.000000 0.000000 -0.000000 0.000000 0.000000 -0.000000
0.001623 0.000000 0.000000 0.000420 0.000726 0.000000 0.000345 0.000000 0.000000 0.001050
0.007101 0.000000 0.000000 0.000925 0.002039 0.000000 0.000409 0.000000 0.000000 0.002962
0.034083 0.000000 0.000000 0.000000 0.008587 0.000000 0.000000 0.000000 0.001011 0.006774
0.048633 0.000000 0.000000 0.000000 0.015517 0.000000 0.000000 0.000000 0.001089 0.008223
0.051505 0.000000 0.000786 0.000000 0.024920 0.000000 0.000000 0.000000 0.000000 0.009183
0.060636 0.000000 0.015316 0.000000 0.040784 0.000000 0.000000 0.000000 0.000000 0.000000
0.055371 0.000000 0.015081 0.000000 0.056407 0.000000 0.000000 0.000000 0.000000 0.000000
0.040604 0.000000 0.004983 0.025538 0.070468 0.005791 0.000000 0.000000 0.000000 0.002355
0.034755 0.000000 0.004120 0.044703 0.070714 0.000000 0.000000 0.000000 0.000000 0.010057
0.023496 0.000000 0.013362 0.059928 0.053688 0.000000 0.000000 0.000000 0.000000 0.004828
0.009328 0.000000 0.008715 0.081995 0.029661 0.001658 0.000000 0.000000 0.000000 0.000000
0.000000 0.000000 0.014400 0.093730 0.000188 0.000000 0.004033 0.000000 0.000000 0.000000
0.000000 0.000000 0.014591 0.079480 0.000000 0.000000 0.000000 0.000000 0.013640 0.000732
0.000000 0.000000 0.009476 0.044564 0.000000 0.000000 0.000701 0.000000 0.024366 0.012701
0.000000 0.000000 0.005809 0.022352 0.000000 0.000000 0.000654 0.000000 0.026408 0.019805
0.000000 0.000000 0.000000 0.006062 0.008276 0.000000 0.000000 0.000000 0.013894 0.011737
0.000000 0.000000 0.000317 0.000665 0.000000 0.000000 0.000000 0.000086 0.000456 0.000129
0.000000 0.000000 0.000000 -0.000000 0.000000 0.000000 -0.000000 0.000000 0.000000 -0.000000
0.000000 0.000000 0.000000 -0.000000 0.000000 0.000000 -0.000000 0.000000 0.000000 -0.000000
0.000000 0.000000 0.000000 -0.000000 0.000000 0.000000 -0.000000 0.000000 0.000000 -0.000000
0.000000 0.000000 0.000000 -0.000000 0.000000 0.000000 -0.000000 0.000000 0.000000 -0.000000
0.000000 0.000000 0.000000 -0.000000 0.000000 0.000000 -0.000000 0.000000 0.000000 -0.000000
0.000000 0.000000 0.000000 -0.000000 0.000000 0.000000 -0.000000 0.000000 0.000000 -0.000000
0.000000 0.000000 0.000000 -0.000000 0.000000 0.000000 -0.000000 0.000000 0.000000 -0.000000
0.000000 0.000000 0.000000 -0.000000 0.000000 0.000000 -0.000000 0.000000 0.000000 -0.000000
0.000000 0.000000 0.000000 -0.000000 0.000000 0.000000 -0.000000 0.000000 0.000000 -0.000000
0.000109 0.000000 0.001112 0.000000 0.001184 0.000000 0.000000 0.000000 0.000000 0.000000
0.004767 0.003706 0.011873 0.000000 0.009782 0.000000 0.000000 0.000000 0.002297 0.000000
0.014545 0.001842 0.011799 0.000000 0.017011 0.000000 0.000000 0.000000 0.001256 0.001626
0.025437 0.000294 0.011612 0.000000 0.015836 0.000000 0.000000 0.000000 0.000608 0.001382
0.059968 0.000000 0.015638 0.000000 0.025353 0.000000 0.000000 0.000000 0.003889 0.000000
0.070309 0.000000 0.015162 0.000000 0.044326 0.000000 0.000000 0.000000 0.000000 0.003371
0.073002 0.000000 0.020697 0.000000 0.066828 0.000000 0.000000 0.000000 0.000000 0.003148
0.080334 0.000000 0.012105 0.012817 0.091343 0.000000 0.000000 0.001229 0.000000 0.000090
0.089044 0.000000 0.000000 0.056896 0.105762 0.001237 0.000000 0.005705 0.000000 0.000000
0.106493 0.000000 0.008186 0.078032 0.121264 0.000000 0.000000 0.000063 0.000000 0.000000
0.091822 0.000000 0.023751 0.096862 0.124577 0.002060 0.000000 0.019898 0.000000 0.000000
0.058624 0.000000 0.037444 0.120096 0.090030 0.030008 0.000000 0.044937 0.000000 0.000000
0.042048 0.000000 0.036034 0.131184 0.065405 0.033264 0.000000 0.043545 0.000000 0.000000
0.007758 0.000000 0.037883 0.120060 0.038529 0.024103 0.000000 0.028998 0.026243 0.000000
0.000000 0.000000 0.031542 0.094663 0.025743 0.000000 0.000000 0.015056 0.075683 0.016378
0.000000 0.000000 0.035011 0.066563 0.000379 0.000000 0.000000 0.000000 0.095075 0.013596
0.000000 0.000000 0.011164 0.040261 0.000000 0.000000 0.001192 0.000000 0.095624 0.009618
0.000000 0.000000 0.000000 0.020834 0.000000 0.000000 0.000482 0.000000 0.064148 0.015677
0.000417 0.000000 0.000000 0.003050 0.000000 0.000000 0.000000 0.000000 0.015250 0.004722
0.000000 0.000000 0.000000 -0.000000 0.000000 0.000000 -0.000000 0.000000 0.000000 -0.000000
0.000000 0.000000 0.000000 -0.000000 0.000000 0.000000 -0.000000 0.000000 0.000000 -0.000000
0.000000 0.000000 0.000000 -0.000000 0.000000 0.000000 -0.000000 0.000000 0.000000 -0.000000
0.000000 0.000000 0.000000 -0.000000 0.000000 0.000000 -0.000000 0.000000 0.000000 -0.000000
0.000000 0.000000 0.000000 -0.000000 0.000000 0.000000 -0.000000 0.000000 0.000000 -0.000000
0.000000 0.000000 0.000000 -0.000000 0.000000 0.000000 -0.000000 0.000000 0.000000 -0.000000
0.000000 0.000000 0.000000 -0.000000 0.000000 0.000000 -0.000000 0.000000 0.000000 -0.000000
0.000000 0.000000 0.000000 -0.000000 0.000000 0.000000 -0.000000 0.000000 0.000000 -0.000000
0.000000 0.000000 0.000000 -0.000000 0.000000 0.000000 -0.000000 0.000000 0.000000 -0.000000
0.000000 0.016754 0.003433 0.000000 0.009720 0.000000 0.000000 0.000455 0.000000 0.001268
0.007500 0.055710 0.020571 0.000000 0.023246 0.000000 0.000000 0.000000 0.006274 0.000199
0.022270 0.076736 0.024636 0.000000 0.032558 0.000000 0.000000 0.000000 0.005237 0.001474
0.032386 0.082673 0.030847 0.000000 0.037581 0.000000 0.000000 0.000000 0.002961 0.000000
0.052738 0.081234 0.028916 0.000000 0.040099 0.000000 0.000000 0.000000 0.001733 0.000000
0.055038 0.101391 0.014102 0.003059 0.046045 0.000000 0.000000 0.014893 0.000000 0.002370
0.084010 0.106492 0.007899 0.022384 0.077363 0.001892 0.000000 0.012880 0.000000 0.004202
0.090279 0.114767 0.000000 0.069160 0.087914 0.025531 0.000000 0.026608 0.000000 0.000000
0.090618 0.101132 0.000000 0.107654 0.084998 0.033745 0.000000 0.033540 0.000000 0.000000
0.103516 0.076301 0.015799 0.102883 0.083501 0.036845 0.000000 0.042532 0.000000 0.000000
0.119811 0.046103 0.044672 0.092916 0.080704 0.050752 0.000000 0.045803 0.014617 0.000000
0.108596 0.023134 0.060976 0.064762 0.074770 0.066640 0.000000 0.051040 0.042912 0.000000
0.081013 0.000000 0.068776 0.045433 0.081851 0.067248 0.000000 0.072650 0.069615 0.000000
0.051545 0.000000 0.069297 0.047202 0.081688 0.043948 0.000000 0.069432 0.093430 0.000000
0.013013 0.000000 0.072188 0.049812 0.047987 0.016904 0.000000 0.057887 0.110037 0.000156
0.000000 0.000000 0.047146 0.065922 0.003833 0.001110 0.000000 0.036832 0.129147 0.009383
0.000000 0.000000 0.025821 0.049168 0.000000 0.000000 0.000000 0.001778 0.149947 0.017558
0.000000 0.000000 0.000000 0.034829 0.000000 0.000000 0.000000 0.000000 0.130139 0.010103
0.000000 0.000000 0.000000 0.004246 0.000000 0.000000 0.000369 0.000000 0.056566 0.014046
0.000090 0.000037 0.000000 0.000000 0.000000 0.000289 0.000000 0.000846 0.001860 0.000000
0.000000 0.000000 0.000000 -0.000000 0.000000 0.000000 -0.000000 0.000000 0.000000 -0.000000
0.000000 0.000000 0.000000 -0.000000 0.000000 0.000000 -0.000000 0.000000 0.000000 -0.000000
0.000000 0.000000 0.000000 -0.000000 0.000000 0.000000 -0.000000 0.000000 0.000000 -0.000000
0.000000 0.000000 0.000000 -0.000000 0.000000 0.000000 -0.000000 0.000000 0.000000 -0.000000
0.000000 0.000000 0.000000 -0.000000 0.000000 0.000000 -0.000000 0.000000 0.000000 -0.000000
0.000000 0.000000 0.000000 -0.000000 0.000000 0.000000 -0.000000 0.000000 0.000000 -0.000000
0.000000 0.000000 0.000000 -0.000000 0.000000 0.000000 -0.000000 0.000000 0.000000 -0.000000
0.000000 0.000000 0.000000 -0.000000 0.000000 0.000000 -0.000000 0.000000 0.000000 -0.000000
0.000000 0.042295 0.000000 0.000000 0.006290 0.000000 0.000000 0.001051 0.000043 0.004297
0.000000 0.100845 0.020406 0.000000 0.013568 0.000000 0.000000 0.000000 0.006099 0.000000
0.020544 0.117747 0.020973 0.000000 0.012057 0.000000 0.000000 0.000000 0.005841 0.000000
0.031623 0.133484 0.018147 0.000000 0.002263 0.000000 0.000000 0.006821 0.003831 0.000000
0.037848 0.140021 0.006277 0.002927 0.000000 0.000000 0.000000 0.024218 0.000000 0.000000
0.018399 0.150984 0.000000 0.041753 0.018642 0.010825 0.000000 0.055610 0.000000 0.000000
0.017592 0.157367 0.000000 0.075940 0.037669 0.052153 0.000000 0.066685 0.000000 0.000000
0.012457 0.167536 0.000000 0.100557 0.030120 0.076425 0.000000 0.084558 0.000000 0.000000
0.023472 0.169912 0.000000 0.119189 0.000000 0.077670 0.000000 0.091765 0.015646 0.000000
0.036318 0.152214 0.000000 0.092610 0.000000 0.091707 0.000000 0.094225 0.053903 0.000000
0.048907 0.133079 0.018948 0.028701 0.000000 0.095496 0.000000 0.087966 0.076200 0.000000
0.076990 0.114858 0.030174 0.000000 0.000984 0.110804 0.000000 0.079746 0.075565 0.000000
0.075468 0.085769 0.037816 0.000000 0.020118 0.117698 0.000000 0.091190 0.063452 0.000000
0.044301 0.052188 0.074591 0.000000 0.046931 0.091941 0.000000 0.106244 0.065628 0.010623
0.013454 0.023970 0.089652 0.000000 0.058819 0.067649 0.000000 0.102377 0.071982 0.021782
0.000000 0.005039 0.075592 0.035029 0.022855 0.043085 0.000000 0.080478 0.098734 0.012702
0.000000 0.009370 0.034108 0.067941 0.000000 0.018936 0.000000 0.051061 0.140138 0.002740
0.000000 0.011697 0.000000 0.044173 0.000000 0.001560 0.000000 0.010829 0.161585 0.000000
0.000000 0.004370 0.000000 0.007687 0.000000 0.000000 0.000000 0.007065 0.100705 0.006592
0.000667 0.000000 0.000000 0.000000 0.000000 0.000000 0.000734 0.000000 0.028875 0.009859
0.000000 0.000000 0.000000 -0.000000 0.000000 0.000000 -0.000000 0.000000 0.000000 -0.000000
0.000000 0.000000 0.000000 -0.000000 0.000000 0.000000 -0.000000 0.000000 0.000000 -0.000000
0.000000 0.000000 0.000000 -0.000000 0.000000 0.000000 -0.000000 0.000000 0.000000 -0.000000
0.000000 0.000000 0.000000 -0.000000 0.000000 0.000000 -0.000000 0.000000 0.000000 -0.000000
0.000000 0.000000 0.000000 -0.000000 0.000000 0.000000 -0.000000 0.000000 0.000000 -0.000000
0.000000 0.000000 0.000000 -0.000000 0.000000 0.000000 -0.000000 0.000000 0.000000 -0.000000
0.000000 0.000000 0.000000 -0.000000 0.000000 0.000000 -0.000000 0.000000 0.000000 -0.000000
0.000000 0.000000 0.000000 -0.000000 0.000000 0.000000 -0.000000 0.000000 0.000000 -0.000000
0.000000 0.039536 0.000000 0.000639 0.002917 0.000000 0.004675 0.000368 0.000000 0.000751
0.000000 0.102731 0.000805 0.000000 0.000000 0.000000 0.011033 0.010440 0.000000 0.000000
0.013388 0.125738 0.000000 0.003548 0.000000 0.000000 0.024776 0.009774 0.000000 0.000000
0.010189 0.138606 0.000000 0.010731 0.000000 0.000000 0.029324 0.026087 0.000000 0.000000
0.000000 0.127298 0.000000 0.013936 0.000000 0.003632 0.034360 0.055831 0.000000 0.000000
0.000000 0.111043 0.000000 0.029253 0.024991 0.024965 0.045037 0.067305 0.000000 0.000000
0.000000 0.109768 0.000000 0.043143 0.036221 0.057803 0.040941 0.086714 0.000000 0.000000
0.000000 0.116562 0.000000 0.042375 0.000000 0.069582 0.049974 0.101394 0.009154 0.000000
0.000000 0.115846 0.000000 0.055796 0.000000 0.075835 0.075999 0.090464 0.050909 0.000000
0.000000 0.101457 0.002733 0.025664 0.000000 0.066507 0.096186 0.067431 0.066012 0.014591
0.009837 0.092863 0.006287 0.000000 0.000000 0.053179 0.094187 0.050507 0.084311 0.063299
0.037757 0.083435 0.003349 0.000000 0.000000 0.046630 0.099746 0.043412 0.070673 0.068516
0.056581 0.100674 0.000000 0.000000 0.000000 0.059436 0.059261 0.066991 0.037777 0.105485
0.040102 0.085135 0.034730 0.000000 0.037739 0.077437 0.009216 0.105205 0.000000 0.080522
0.007183 0.070811 0.105581 0.000000 0.064832 0.073519 0.000000 0.129112 0.000000 0.033164
0.000000 0.036024 0.117785 0.000000 0.055927 0.066962 0.000000 0.111904 0.026267 0.007774
0.000000 0.008553 0.050704 0.061955 0.002612 0.042057 0.000000 0.069130 0.115082 0.000000
0.000000 0.017120 0.000000 0.046967 0.000000 0.018270 0.000000 0.035665 0.171874 0.000000
0.000000 0.020551 0.000000 0.013922 0.000000 0.009018 0.000000 0.008279 0.125869 0.002842
0.000534 0.000000 0.000000 0.000000 0.000000 0.000630 0.001227 0.000000 0.040005 0.015323
0.000000 0.000000 0.000000 -0.000000 0.000000 0.000000 -0.000000 0.000000 0.000000 -0.000000
0.000000 0.000000 0.000000 -0.000000 0.000000 0.000000 -0.000000 0.000000 0.000000 -0.000000
0.000000 0.000000 0.000000 -0.000000 0.000000 0.000000 -0.000000 0.000000 0.000000 -0.000000
0.000000 0.000000 0.000000 -0.000000 0.000000 0.000000 -0.000000 0.000000 0.000000 -0.000000
0.000000 0.000000 0.000000 -0.000000 0.000000 0.000000 -0.000000 0.000000 0.000000 -0.000000
0.000000 0.000000 0.000000 -0.000000 0.000000 0.000000 -0.000000 0.000000 0.000000 -0.000000
0.000000 0.000000 0.000000 -0.000000 0.000000 0.000000 -0.000000 0.000000 0.000000 -0.000000
0.000000 0.000000 0.000000 -0.000000 0.000000 0.000000 -0.000000 0.000000 0.000000 -0.000000
0.000000 0.066321 0.000000 0.001709 0.000044 0.000000 0.033734 0.000000 0.000000 0.000000
0.002180 0.085757 0.000000 0.005064 0.000000 0.000000 0.043004 0.000000 0.000000 0.000000
0.000000 0.084851 0.000000 0.008557 0.000000 0.000000 0.055890 0.021914 0.000000 0.000000
0.000000 0.083461 0.000000 0.018296 0.000000 0.002577 0.073942 0.030985 0.000000 0.000000
0.000000 0.054324 0.000000 0.014651 0.000000 0.004017 0.101908 0.041063 0.000000 0.000000
0.000000 0.028807 0.000000 0.000000 0.008012 0.025257 0.121210 0.069145 0.000000 0.000000
0.000000 0.010008 0.003957 0.000000 0.018475 0.028847 0.137052 0.072836 0.006724 0.000000
0.000000 0.012557 0.000000 0.000000 0.010672 0.028015 0.153871 0.056782 0.030911 0.000763
0.000000 0.014998 0.000000 0.006071 0.000000 0.009242 0.162079 0.036486 0.067192 0.027131
0.000000 0.020858 0.000000 0.003679 0.000000 0.010157 0.160677 0.018471 0.067646 0.052480
0.024487 0.018021 0.000000 0.010462 0.000000 0.000000 0.169963 0.000000 0.045467 0.081495
0.053190 0.024967 0.000000 0.017247 0.000000 0.000000 0.161751 0.000000 0.021869 0.079420
0.083922 0.064387 0.000000 0.026937 0.000000 0.016049 0.109495 0.001735 0.000000 0.121790
0.071259 0.080565 0.024542 0.000000 0.039061 0.038433 0.031004 0.065472 0.000000 0.130597
0.000000 0.065542 0.117220 0.000000 0.074055 0.037292 0.000000 0.132633 0.000000 0.075613
0.000000 0.046624 0.138086 0.000000 0.066834 0.041534 0.000000 0.128502 0.000000 0.008291
0.000000 0.043211 0.073831 0.050908 0.012225 0.062874 0.000000 0.080926 0.079359 0.000000
0.000000 0.047816 0.000000 0.051694 0.000000 0.040985 0.000000 0.032908 0.165290 0.000000
0.000000 0.027871 0.000000 0.019358 0.000000 0.033224 0.000000 0.000928 0.117284 0.000000
0.000551 0.004369 0.000000 0.000000 0.000000 0.015747 0.001363 0.000000 0.032090 0.007280
0.000000 0.000000 0.000000 -0.000000 0.000000 0.000000 -0.000000 0.000000 0.000000 -0.000000
0.000000 0.000000 0.000000 -0.000000 0.000000 0.000000 -0.000000 0.000000 0.000000 -0.000000
0.000000 0.000000 0.000000 -0.000000 0.000000 0.000000 -0.000000 0.000000 0.000000 -0.000000
0.000000 0.000000 0.000000 -0.000000 0.000000 0.000000 -0.000000 0.000000 0.000000 -0.000000
0.000000 0.000000 0.000000 -0.000000 0.000000 0.000000 -0.000000 0.000000 0.000000 -0.000000
0.000000 0.000000 0.000000 -0.000000 0.000000 0.000000 -0.000000 0.000000 0.000000 -0.000000
0.000000 0.000000 0.000000 -0.000000 0.000000 0.000000 -0.000000 0.000000 0.000000 -0.000000
0.000000 0.000000 0.000000 -0.000000 0.000000 0.000000 -0.000000 0.000000 0.000000 -0.000000
0.000000 0.043205 0.000000 0.001941 0.004128 0.000000 0.035890 0.000000 0.000000 0.000000
0.009008 0.059284 0.000000 0.003740 0.000000 0.000000 0.058783 0.000000 0.000000 0.000000
0.000000 0.037967 0.000000 0.010910 0.000000 0.000000 0.099675 0.016512 0.000000 0.000000
0.000000 0.013215 0.000000 0.007307 0.000000 0.000000 0.108807 0.022872 0.000000 0.000000
0.000000 0.000000 0.000000 0.000000 0.004756 0.000000 0.134148 0.014723 0.006520 0.000000
0.000000 0.000000 0.000000 0.000000 0.015591 0.005625 0.146595 0.026108 0.017692 0.000000
0.000000 0.000000 0.018395 0.000000 0.019965 0.004866 0.154645 0.024527 0.026773 0.000000
0.000000 0.000000 0.000641 0.000000 0.024554 0.000000 0.151857 0.023996 0.037040 0.012238
0.000000 0.000000 0.007280 0.000000 0.033231 0.000000 0.132354 0.012000 0.044031 0.024473
0.000000 0.026809 0.000000 0.002576 0.013218 0.000000 0.125363 0.000000 0.025450 0.041588
0.020853 0.041526 0.000000 0.024220 0.000000 0.000000 0.115882 0.000000 0.010881 0.050658
0.078393 0.032565 0.000000 0.040383 0.000000 0.000000 0.118519 0.000000 0.000000 0.045099
0.120854 0.036140 0.000000 0.036904 0.000000 0.000000 0.096558 0.000000 0.000000 0.077644
0.101046 0.066629 0.032121 0.000000 0.021817 0.018998 0.041942 0.047078 0.000000 0.126975
0.000000 0.062905 0.135308 0.000000 0.073223 0.008886 0.000000 0.127681 0.000000 0.073095
0.000000 0.043901 0.150347 0.000000 0.077640 0.000425 0.001855 0.120160 0.000000 0.000000
0.000000 0.048272 0.082552 0.039596 0.034944 0.044878 0.000000 0.078219 0.081780 0.000000
0.000000 0.060590 0.000000 0.058521 0.000000 0.039699 0.000000 0.013730 0.159577 0.000000
0.000000 0.034909 0.000000 0.021426 0.000000 0.045681 0.000000 0.000000 0.100341 0.000000
0.000673 0.006936 0.000000 0.001907 0.000000 0.025909 0.001624 0.000000 0.023760 0.000000
0.000000 0.000000 0.000000 -0.000000 0.000000 0.000000 -0.000000 0.000000 0.000000 -0.000000
0.000000 0.000000 0.000000 -0.000000 0.000000 0.000000 -0.000000 0.000000 0.000000 -0.000000
0.000000 0.000000 0.000000 -0.000000 0.000000 0.000000 -0.000000 0.000000 0.000000 -0.000000
0.000000 0.000000 0.000000 -0.000000 0.000000 0.000000 -0.000000 0.000000 0.000000 -0.000000
0.000000 0.000000 0.000000 -0.000000 0.000000 0.000000 -0.000000 0.000000 0.000000 -0.000000
0.000000 0.000000 0.000000 -0.000000 0.000000 0.000000 -0.000000 0.000000 0.000000 -0.000000
0.000000 0.000000 0.000000 -0.000000 0.000000 0.000000 -0.000000 0.000000 0.000000 -0.000000
0.000000 0.000000 0.000000 -0.000000 0.000000 0.000000 -0.000000 0.000000 0.000000 -0.000000
0.000000 0.014864 0.000000 0.000000 0.007301 0.000000 0.027333 0.000000 0.000000 0.000000
0.000000 0.000000 0.001707 0.000640 0.006493 0.000000 0.071163 0.000000 0.000000 0.000000
0.000000 0.000000 0.000000 0.004404 0.002823 0.000000 0.097172 0.008230 0.000000 0.000000
0.000000 0.000000 0.000000 0.000000 0.001013 0.000000 0.096109 0.013756 0.000283 0.000000
0.000000 0.000000 0.000000 0.000000 0.007500 0.000000 0.095718 0.001475 0.015739 0.000000
0.000312 0.000000 0.008713 0.000000 0.010399 0.000000 0.084764 0.000000 0.022133 0.006801
0.000000 0.000000 0.016269 0.000000 0.006222 0.000000 0.082695 0.001441 0.020135 0.004980
0.000000 0.000000 0.000000 0.000000 0.011914 0.006396 0.058845 0.004019 0.007852 0.018695
0.000000 0.000000 0.000000 0.014466 0.006987 0.000000 0.036640 0.007572 0.002094 0.017908
0.000000 0.015609 0.000000 0.030187 0.000000 0.000000 0.046845 0.005465 0.000000 0.016952
0.009856 0.032054 0.000000 0.038931 0.000000 0.000000 0.050497 0.000405 0.000000 0.042645
0.093272 0.021499 0.000000 0.046485 0.000000 0.000000 0.077491 0.000000 0.000000 0.063043
0.134524 0.028590 0.000000 0.020789 0.000000 0.019424 0.051152 0.028231 0.000000 0.095868
0.101653 0.035146 0.067377 0.000000 0.008966 0.009232 0.044686 0.070557 0.000000 0.088491
0.000000 0.034202 0.165510 0.000000 0.061383 0.000000 0.016265 0.120594 0.000000 0.041882
0.000000 0.055921 0.157701 0.010514 0.078432 0.000000 0.015136 0.101687 0.014638 0.000000
0.000000 0.062356 0.065969 0.038494 0.053875 0.030814 0.000000 0.057890 0.104976 0.000000
0.000000 0.076638 0.000000 0.055003 0.001329 0.056145 0.000000 0.000000 0.143483 0.000000
0.000000 0.050647 0.000000 0.012734 0.000000 0.052783 0.000000 0.000000 0.077951 0.000000
0.000000 0.008193 0.000000 0.006256 0.000000 0.025284 0.000231 0.000000 0.004229 0.000000
0.000000 0.000000 0.000000 -0.000000 0.000000 0.000000 -0.000000 0.000000 0.000000 -0.000000
0.000000 0.000000 0.000000 -0.000000 0.000000 0.000000 -0.000000 0.000000 0.000000 -0.000000
0.000000 0.000000 0.000000 -0.000000 0.000000 0.000000 -0.000000 0.000000 0.000000 -0.000000
0.000000 0.000000 0.000000 -0.000000 0.000000 0.000000 -0.000000 0.000000 0.000000 -0.000000
0.000000 0.000000 0.000000 -0.000000 0.000000 0.000000 -0.000000 0.000000 0.000000 -0.000000
0.000000 0.000000 0.000000 -0.000000 0.000000 0.000000 -0.000000 0.000000 0.000000 -0.000000
0.000000 0.000000 0.000000 -0.000000 0.000000 0.000000 -0.000000 0.000000 0.000000 -0.000000
0.000000 0.000000 0.000000 -0.000000 0.000000 0.000000 -0.000000 0.000000 0.000000 -0.000000
0.000000 0.001544 0.000517 0.000000 0.002110 0.000956 0.007766 0.000000 0.000000 0.000000
0.000539 0.000000 0.005391 0.000000 0.003815 0.000000 0.047008 0.000000 0.000000 0.000000
0.002218 0.000000 0.003923 0.000000 0.002716 0.000000 0.053495 0.000000 0.000000 0.000000
0.001718 0.000000 0.002041 0.000000 0.002754 0.000000 0.052300 0.000000 0.002051 0.000000
0.000000 0.000000 0.000949 0.000000 0.008796 0.000000 0.029021 0.000000 0.013740 0.000000
0.000147 0.000000 0.005399 0.000000 0.008791 0.000000 0.017847 0.000800 0.020065 0.000000
0.000000 0.000000 0.002362 0.000000 0.005972 0.000000 0.015181 0.001508 0.007942 0.002277
0.002549 0.000000 0.000000 0.009461 0.004533 0.000000 0.008602 0.002612 0.000000 0.007171
0.001804 0.000000 0.000000 0.024490 0.000000 0.002016 0.008590 0.011781 0.000000 0.015525
0.000742 0.003584 0.000000 0.036162 0.000000 0.005025 0.018833 0.019657 0.000000 0.030894
0.028841 0.018503 0.000000 0.039814 0.000000 0.004716 0.020256 0.026745 0.000000 0.053815
0.115320 0.013968 0.000000 0.035415 0.000000 0.019752 0.032088 0.031764 0.000000 0.088989
0.145821 0.000000 0.004400 0.011377 0.000000 0.029652 0.034109 0.059874 0.000000 0.095426
0.079107 0.000000 0.116918 0.000000 0.000504 0.004617 0.055058 0.087937 0.000000 0.053142
0.000000 0.000000 0.196787 0.000000 0.041460 0.000000 0.047299 0.095441 0.000000 0.000000
0.000000 0.060345 0.148337 0.000000 0.088902 0.000000 0.012920 0.069955 0.066258 0.000000
0.000000 0.081124 0.023256 0.040433 0.060748 0.045925 0.002304 0.029049 0.123953 0.000000
0.000000 0.078181 0.000000 0.056670 0.016160 0.079676 0.000000 0.000000 0.112293 0.000000
0.000000 0.050765 0.000000 0.016751 0.000000 0.049491 0.000000 0.000000 0.033840 0.000000
0.000000 0.005366 0.000000 0.005658 0.000000 0.013909 0.000000 0.000000 0.000000 0.000000
0.000000 0.000000 0.000000 -0.000000 0.000000 0.000000 -0.000000 0.000000 0.000000 -0.000000
0.000000 0.000000 0.000000 -0.000000 0.000000 0.000000 -0.000000 0.000000 0.000000 -0.000000
0.000000 0.000000 0.000000 -0.000000 0.000000 0.000000 -0.000000 0.000000 0.000000 -0.000000
0.000000 0.000000 0.000000 -0.000000 0.000000 0.000000 -0.000000 0.000000 0.000000 -0.000000
0.000000 0.000000 0.000000 -0.000000 0.000000 0.000000 -0.000000 0.000000 0.000000 -0.000000
0.000000 0.000000 0.000000 -0.000000 0.000000 0.000000 -0.000000 0.000000 0.000000 -0.000000
0.000000 0.000000 0.000000 -0.000000 0.000000 0.000000 -0.000000 0.000000 0.000000 -0.000000
0.000000 0.000000 0.000000 -0.000000 0.000000 0.000000 -0.000000 0.000000 0.000000 -0.000000
0.000000 0.000000 0.000000 -0.000000 0.000000 0.000000 -0.000000 0.000000 0.000000 -0.000000
0.004362 0.000000 0.006003 0.000000 0.003544 0.000000 0.032092 0.000000 0.000250 0.000000
0.004085 0.000000 0.003950 0.000000 0.003157 0.000000 0.024293 0.000000 0.000000 0.000000
0.000000 0.000418 0.003216 0.000000 0.004816 0.000000 0.009490 0.000000 0.000081 0.003322
0.000000 0.002810 0.002440 0.000000 0.008701 0.000000 0.008516 0.000000 0.004081 0.004313
0.000000 0.001568 0.001415 0.001927 0.004667 0.000000 0.010234 0.000106 0.003679 0.006947
0.002258 0.000000 0.000000 0.013479 0.000606 0.000000 0.005873 0.000000 0.000000 0.016204
0.000000 0.000881 0.000000 0.025812 0.000000 0.004227 0.004229 0.007984 0.000000 0.026570
0.000000 0.000000 0.000000 0.031558 0.000000 0.000000 0.015880 0.023700 0.000000 0.044120
0.005520 0.008649 0.000000 0.025025 0.000000 0.000000 0.009372 0.044705 0.000000 0.066340
0.072800 0.006308 0.000000 0.020391 0.000000 0.002500 0.000266 0.074884 0.000000 0.090421
0.125268 0.002166 0.000000 0.005113 0.000000 0.029726 0.004895 0.079191 0.000000 0.099894
0.125490 0.000000 0.058039 0.000000 0.000000 0.030112 0.027395 0.081583 0.000000 0.066146
0.042008 0.000000 0.172639 0.000000 0.000000 0.000000 0.073374 0.067250 0.000000 0.003439
0.000000 0.000000 0.202078 0.000000 0.046481 0.000000 0.050594 0.048054 0.030573 0.000000
0.000000 0.058678 0.128104 0.006546 0.079809 0.011387 0.021895 0.028520 0.087361 0.000000
0.000000 0.098482 0.000000 0.049845 0.065365 0.067819 0.000000 0.000000 0.117632 0.000000
0.000000 0.071282 0.000000 0.052818 0.021915 0.090586 0.000000 0.000000 0.066053 0.000000
0.000000 0.023415 0.000000 0.014520 0.000000 0.032978 0.000000 0.000000 0.005001 0.000000
0.000000 0.001106 0.000000 0.000557 0.000000 0.002692 0.000000 0.000000 0.000000 0.000000
0.000000 0.000000 0.000000 -0.000000 0.000000 0.000000 -0.000000 0.000000 0.000000 -0.000000
0.000000 0.000000 0.000000 -0.000000 0.000000 0.000000 -0.000000 0.000000 0.000000 -0.000000
0.000000 0.000000 0.000000 -0.000000 0.000000 0.000000 -0.000000 0.000000 0.000000 -0.000000
0.000000 0.000000 0.000000 -0.000000 0.000000 0.000000 -0.000000 0.000000 0.000000 -0.000000
0.000000 0.000000 0.000000 -0.000000 0.000000 0.000000 -0.000000 0.000000 0.000000 -0.000000
0.000000 0.000000 0.000000 -0.000000 0.000000 0.000000 -0.000000 0.000000 0.000000 -0.000000
0.000000 0.000000 0.000000 -0.000000 0.000000 0.000000 -0.000000 0.000000 0.000000 -0.000000
0.000000 0.000000 0.000000 -0.000000 0.000000 0.000000 -0.000000 0.000000 0.000000 -0.000000
0.000000 0.000000 0.000000 -0.000000 0.000000 0.000000 -0.000000 0.000000 0.000000 -0.000000
0.002242 0.000000 0.001685 0.000000 0.001780 0.000000 0.010850 0.000000 0.000000 0.000000
0.002675 0.000000 0.002814 0.000000 0.003223 0.000000 0.015550 0.000000 0.000005 0.000000
0.000000 0.002186 0.001530 0.000000 0.012062 0.000000 0.006878 0.000000 0.005497 0.011335
0.000000 0.000640 0.000000 0.000000 0.017877 0.000000 0.006519 0.000000 0.013665 0.019943
0.002847 0.000000 0.000000 0.025459 0.003994 0.000000 0.006986 0.000000 0.007439 0.050043
0.003286 0.000000 0.000000 0.022814 0.007585 0.000000 0.004202 0.000000 0.014827 0.086203
0.000000 0.000000 0.000000 0.025516 0.002493 0.000000 0.000290 0.014240 0.024486 0.128606
0.000000 0.003688 0.000000 0.019614 0.000000 0.000000 0.000000 0.057084 0.039498 0.133252
0.030389 0.001658 0.000000 0.006301 0.000000 0.000000 0.000000 0.074843 0.050109 0.147147
0.103744 0.000000 0.000000 0.000000 0.000000 0.016355 0.000000 0.086170 0.040276 0.144419
0.125757 0.000000 0.052949 0.000000 0.000000 0.036699 0.000000 0.085968 0.021097 0.099185
0.093479 0.000000 0.142850 0.000000 0.000000 0.017039 0.026951 0.053167 0.017901 0.029663
0.023901 0.000000 0.208970 0.000000 0.000000 0.000000 0.055138 0.022612 0.039094 0.000000
0.000000 0.038820 0.172673 0.000000 0.055093 0.000000 0.043217 0.015804 0.071154 0.000000
0.000000 0.072579 0.070594 0.029616 0.096490 0.035686 0.002782 0.000000 0.094618 0.000000
0.000000 0.095581 0.000000 0.041081 0.087066 0.089000 0.000000 0.000000 0.071043 0.000000
0.000000 0.052067 0.000000 0.017989 0.040114 0.056584 0.000000 0.000000 0.025202 0.000000
0.006494 0.006382 0.004212 0.001005 0.003848 0.019557 0.000000 0.000000 0.000000 0.000000
0.000766 0.000000 0.007870 0.000000 0.008333 0.000000 0.000000 0.000000 0.000000 0.000000
0.000000 0.000000 0.000000 -0.000000 0.000000 0.000000 -0.000000 0.000000 0.000000 -0.000000
0.000000 0.000000 0.000000 -0.000000 0.000000 0.000000 -0.000000 0.000000 0.000000 -0.000000
0.000000 0.000000 0.000000 -0.000000 0.000000 0.000000 -0.000000 0.000000 0.000000 -0.000000
0.000000 0.000000 0.000000 -0.000000 0.000000 0.000000 -0.000000 0.000000 0.000000 -0.000000
0.000000 0.000000 0.000000 -0.000000 0.000000 0.000000 -0.000000 0.000000 0.000000 -0.000000
0.000000 0.000000 0.000000 -0.000000 0.000000 0.000000 -0.000000 0.000000 0.000000 -0.000000
0.000000 0.000000 0.000000 -0.000000 0.000000 0.000000 -0.000000 0.000000 0.000000 -0.000000
0.000000 0.000000 0.000000 -0.000000 0.000000 0.000000 -0.000000 0.000000 0.000000 -0.000000
0.000000 0.000000 0.000000 -0.000000 0.000000 0.000000 -0.000000 0.000000 0.000000 -0.000000
0.000000 0.000000 0.000000 -0.000000 0.000000 0.000000 -0.000000 0.000000 0.000000 -0.000000
0.000000 0.000000 0.000000 0.000091 0.008327 0.000000 0.000000 0.000000 0.008688 0.012057
0.000000 0.000000 0.002190 0.019536 0.014167 0.000000 0.002620 0.000000 0.018230 0.055107
0.000000 0.000000 0.000000 0.064921 0.014667 0.000000 0.005699 0.000000 0.035898 0.140936
0.000000 0.000000 0.000000 0.086773 0.018618 0.000000 0.000000 0.000000 0.045910 0.203406
0.000000 0.000000 0.000000 0.076202 0.000000 0.000000 0.000000 0.010887 0.030317 0.214222
0.000000 0.000000 0.000000 0.065382 0.000000 0.000000 0.000000 0.051121 0.051641 0.198946
0.002281 0.000000 0.000000 0.040232 0.000000 0.016984 0.000000 0.085272 0.068342 0.164603
0.082343 0.000000 0.011145 0.012033 0.000000 0.058253 0.000000 0.084588 0.066503 0.114868
0.113438 0.000000 0.046862 0.000000 0.000000 0.093334 0.000000 0.081901 0.055755 0.077039
0.107346 0.000000 0.115634 0.000000 0.000000 0.077215 0.000000 0.041456 0.048113 0.037496
0.037836 0.000000 0.182634 0.000000 0.000000 0.027374 0.005538 0.022903 0.067132 0.000000
0.000000 0.021546 0.182938 0.000000 0.025937 0.000000 0.036282 0.000000 0.085200 0.000000
0.000000 0.052070 0.111538 0.014961 0.081266 0.034452 0.018943 0.000000 0.091465 0.000000
0.000000 0.078334 0.002581 0.037898 0.097938 0.086129 0.000000 0.000000 0.069238 0.000371
0.000000 0.087375 0.000000 0.025399 0.074467 0.114300 0.000000 0.000000 0.021363 0.000000
0.000000 0.029039 0.000000 0.006261 0.001761 0.061985 0.000000 0.000000 0.000000 0.000000
0.008375 0.001056 0.000000 0.008615 0.000000 0.024222 0.000394 0.000000 0.000000 0.000000
0.000000 0.000000 0.002004 0.000000 0.003333 0.003824 0.000000 0.000000 0.000000 0.002041
0.000000 0.000000 0.001725 0.000000 0.005213 0.003247 0.000000 0.000000 0.000000 0.000000
0.000000 0.000172 0.000000 0.000000 0.001430 0.001434 0.000454 0.000000 0.000000 0.000437
0.000000 0.000186 0.000000 0.000329 0.000000 0.000300 0.000337 0.000000 0.000000 0.000619
0.000000 0.000000 0.000000 -0.000000 0.000000 0.000000 -0.000000 0.000000 0.000000 -0.000000
0.000000 0.000000 0.000000 -0.000000 0.000000 0.000000 -0.000000 0.000000 0.000000 -0.000000
0.000000 0.000000 0.000000 -0.000000 0.000000 0.000000 -0.000000 0.000000 0.000000 -0.000000
0.000000 0.000000 0.000000 -0.000000 0.000000 0.000000 -0.000000 0.000000 0.000000 -0.000000
0.000000 0.000000 0.000000 -0.000000 0.000000 0.000000 -0.000000 0.000000 0.000000 -0.000000
0.000000 0.000102 0.000061 0.000066 0.000000 0.000000 0.000000 0.000000 0.002557 0.005606
0.000000 0.000000 0.000000 0.006098 0.003323 0.000000 0.000000 0.000000 0.012260 0.028517
0.000000 0.000000 0.000000 0.029380 0.016568 0.000000 0.000000 0.000000 0.024780 0.084818
0.000000 0.000000 0.000000 0.100143 0.015285 0.000000 0.000000 0.000000 0.035547 0.175565
0.000000 0.000000 0.000000 0.134766 0.030385 0.000000 0.000000 0.000000 0.029167 0.239932
0.000000 0.000000 0.000000 0.129203 0.036980 0.000000 0.000000 0.017741 0.031814 0.229028
0.000000 0.000000 0.000000 0.095837 0.047157 0.028680 0.000000 0.064543 0.053765 0.173380
0.000000 0.000000 0.000000 0.076723 0.030815 0.071478 0.000000 0.085600 0.050777 0.143585
0.057334 0.000000 0.033411 0.057778 0.000000 0.105448 0.000000 0.079302 0.045695 0.087534
0.112545 0.000000 0.077205 0.028387 0.000000 0.109589 0.000000 0.049448 0.047543 0.043153
0.113858 0.000000 0.112304 0.008846 0.000000 0.096818 0.000000 0.021501 0.046894 0.030313
0.053601 0.014125 0.152396 0.000000 0.000000 0.058920 0.008470 0.000000 0.050546 0.026439
0.010864 0.040569 0.161461 0.000000 0.015115 0.032805 0.012681 0.000000 0.071059 0.016105
0.000000 0.045112 0.122796 0.023591 0.066560 0.049284 0.025408 0.000000 0.075150 0.007343
0.000000 0.050191 0.064833 0.012520 0.124977 0.062879 0.014349 0.000000 0.075233 0.019459
0.000000 0.077328 0.000000 0.010286 0.098104 0.120173 0.000000 0.000000 0.042029 0.024161
0.000000 0.059167 0.000000 0.007507 0.038911 0.142199 0.000000 0.002126 0.000000 0.000000
0.005482 0.006467 0.000000 0.000000 0.000000 0.087740 0.000000 0.000000 0.000000 0.000000
0.007468 0.001306 0.000000 0.000000 0.000000 0.055044 0.000000 0.000000 0.000000 0.009810
0.000000 0.004059 0.003707 0.000000 0.006575 0.032532 0.000000 0.000000 0.000000 0.018010
0.000000 0.002211 0.000000 0.000252 0.007901 0.010709 0.004881 0.000000 0.000000 0.006509
0.000000 0.003053 0.000000 0.002964 0.003952 0.009660 0.006108 0.000000 0.000000 0.009586
0.000000 0.003124 0.000000 0.005512 0.000000 0.005027 0.005654 0.000000 0.000000 0.010378
0.000000 0.000000 0.000000 -0.000000 0.000000 0.000000 -0.000000 0.000000 0.000000 -0.000000
0.000000 0.000000 0.000000 -0.000000 0.000000 0.000000 -0.000000 0.000000 0.000000 -0.000000
0.000000 0.000000 0.000000 -0.000000 0.000000 0.000000 -0.000000 0.000000 0.000000 -0.000000
0.000000 0.000000 0.000000 -0.000000 0.000000 0.000000 -0.000000 0.000000 0.000000 -0.000000
0.000000 0.000000 0.000223 0.000000 0.000000 0.000000 0.000000 0.000000 0.001206 0.002827
0.000000 0.000140 0.000005 0.009770 0.002274 0.000000 0.000000 0.000000 0.010913 0.024038
0.000000 0.000000 0.000000 0.044048 0.013176 0.000000 0.000000 0.000000 0.022150 0.098052
0.000000 0.000000 0.000000 0.108584 0.009953 0.000000 0.000000 0.000000 0.035312 0.171988
0.000000 0.000000 0.000000 0.154292 0.000000 0.019856 0.000000 0.005883 0.008827 0.194723
0.000000 0.000000 0.000000 0.137931 0.015462 0.084159 0.000000 0.033238 0.000000 0.169574
0.000000 0.000000 0.000000 0.088799 0.039928 0.119416 0.000000 0.070251 0.012817 0.114937
0.000000 0.000000 0.009147 0.046215 0.036896 0.157390 0.000000 0.093440 0.000000 0.065972
0.065503 0.000000 0.031216 0.027164 0.028170 0.174667 0.000000 0.084395 0.000000 0.026614
0.127408 0.000000 0.084832 0.023242 0.046152 0.141014 0.000000 0.036555 0.000000 0.000000
0.136390 0.000000 0.106685 0.054160 0.042196 0.104524 0.013571 0.000000 0.000000 0.000000
0.074307 0.010026 0.118172 0.046109 0.035161 0.049463 0.029835 0.000000 0.031194 0.023586
0.008243 0.064536 0.141727 0.036117 0.024376 0.030862 0.028327 0.000000 0.047268 0.046912
0.000000 0.061484 0.110988 0.039716 0.057526 0.032530 0.046399 0.000000 0.071044 0.052199
0.000000 0.039736 0.080535 0.044857 0.102192 0.039625 0.050756 0.000000 0.071138 0.055822
0.000000 0.045641 0.028494 0.000282 0.142280 0.050490 0.030092 0.000000 0.075865 0.090592
0.000000 0.042189 0.000000 0.000000 0.080314 0.111950 0.023036 0.000000 0.034175 0.088940
0.000000 0.005790 0.000000 0.000000 0.033968 0.115839 0.034244 0.000000 0.003742 0.057439
0.000637 0.001238 0.000000 0.000000 0.011068 0.105936 0.032338 0.000000 0.000000 0.042561
0.000000 0.000000 0.000000 0.000000 0.000000 0.066891 0.043061 0.000000 0.000000 0.050376
0.000000 0.000000 0.000000 0.004145 0.000000 0.026164 0.036528 0.010768 0.000000 0.056041
0.000000 0.000000 0.000000 0.005480 0.000000 0.021841 0.034032 0.005809 0.000000 0.049728
0.000000 0.000000 0.000000 0.007318 0.000000 0.003751 0.018938 0.006548 0.000000 0.019944
0.000000 0.001591 0.000000 0.002807 0.000000 0.002559 0.002879 0.000000 0.000000 0.005284
0.000000 0.000000 0.000000 -0.000000 0.000000 0.000000 -0.000000 0.000000 0.000000 -0.000000
0.000000 0.000000 0.000000 -0.000000 0.000000 0.000000 -0.000000 0.000000 0.000000 -0.000000
0.000000 0.000000 0.000000 -0.000000 0.000000 0.000000 -0.000000 0.000000 0.000000 -0.000000
0.000000 0.000000 0.000000 -0.000000 0.000000 0.000000 -0.000000 0.000000 0.000000 -0.000000
0.000000 0.000000 0.001309 0.004871 0.000891 0.000000 0.000000 0.000000 0.006864 0.013045
0.000000 0.000000 0.002274 0.031545 0.011810 0.000000 0.000000 0.000000 0.021227 0.055588
0.000000 0.000000 0.000000 0.096077 0.000000 0.000000 0.000000 0.000000 0.030733 0.147807
0.000000 0.000000 0.000000 0.140000 0.000000 0.052187 0.000000 0.004399 0.018100 0.180400
0.000000 0.000000 0.000000 0.119455 0.000000 0.136897 0.000000 0.051339 0.000000 0.107036
0.000000 0.000000 0.011623 0.048074 0.037141 0.180652 0.000000 0.090145 0.000000 0.038475
0.000000 0.000000 0.023189 0.008549 0.038529 0.192981 0.000000 0.099808 0.000000 0.010740
0.063285 0.000000 0.050076 0.000000 0.007026 0.180887 0.000000 0.080862 0.000000 0.004798
0.135636 0.000000 0.084496 0.000000 0.000000 0.151840 0.017409 0.039301 0.000000 0.000000
0.150747 0.000000 0.104080 0.038102 0.000000 0.108066 0.052643 0.000000 0.000000 0.000000
0.114346 0.034692 0.098084 0.069687 0.010869 0.063651 0.065104 0.000000 0.020143 0.000000
0.018283 0.058726 0.109387 0.055147 0.039194 0.027305 0.072643 0.000000 0.074731 0.000000
0.000000 0.055074 0.090197 0.060950 0.071132 0.019231 0.073071 0.000000 0.078739 0.010872
0.000000 0.047206 0.051255 0.076339 0.111026 0.017335 0.075586 0.000000 0.058273 0.038826
0.000000 0.042335 0.022749 0.077318 0.130238 0.011875 0.063523 0.000000 0.055855 0.078197
0.000000 0.000000 0.000000 0.043638 0.108072 0.031292 0.059893 0.000000 0.049869 0.125992
0.000000 0.000000 0.007476 0.000000 0.049186 0.054395 0.071100 0.003155 0.029449 0.147340
0.000000 0.000000 0.004327 0.000000 0.015363 0.064764 0.081837 0.009551 0.000000 0.145580
0.000000 0.000000 0.000000 0.000000 0.002430 0.076833 0.078297 0.021746 0.000000 0.129792
0.000000 0.000000 0.000000 0.006703 0.000000 0.052243 0.086520 0.036266 0.000000 0.102366
0.000000 0.000000 0.000000 0.007081 0.000000 0.036365 0.076161 0.047480 0.000000 0.089251
0.000000 0.000000 0.000000 0.011212 0.000000 0.002903 0.058977 0.043078 0.000000 0.063303
0.000000 0.000000 0.002142 0.000000 0.000000 0.000000 0.028591 0.021859 0.000000 0.014685
0.000000 0.000000 0.000000 -0.000000 0.000000 0.000000 -0.000000 0.000000 0.000000 -0.000000
0.000000 0.000000 0.000000 -0.000000 0.000000 0.000000 -0.000000 0.000000 0.000000 -0.000000
0.000000 0.000000 0.000000 -0.000000 0.000000 0.000000 -0.000000 0.000000 0.000000 -0.000000
0.000000 0.000000 0.000000 -0.000000 0.000000 0.000000 -0.000000 0.000000 0.000000 -0.000000
0.000000 0.000000 0.000000 -0.000000 0.000000 0.000000 -0.000000 0.000000 0.000000 -0.000000
0.000000 0.000000 0.004591 0.012330 0.000000 0.000000 0.000000 0.000000 0.009517 0.012191
0.000000 0.000000 0.018090 0.053654 0.000000 0.000000 0.000000 0.000000 0.033817 0.053499
0.000000 0.000888 0.000000 0.117308 0.000000 0.057024 0.000000 0.000000 0.033051 0.119023
0.000000 0.000000 0.000000 0.118918 0.000000 0.141134 0.000000 0.039337 0.000000 0.124534
0.000000 0.000000 0.037776 0.052740 0.010175 0.180782 0.000000 0.096994 0.000000 0.040971
0.000000 0.000000 0.051742 0.002015 0.018881 0.169362 0.000000 0.107668 0.000000 0.005927
0.051609 0.000000 0.093487 0.000000 0.000000 0.122554 0.001106 0.081138 0.000000 0.000000
0.106881 0.008021 0.093192 0.012641 0.000000 0.114709 0.023138 0.039793 0.000000 0.000000
0.136546 0.013199 0.108030 0.033481 0.000000 0.080408 0.068759 0.000000 0.000000 0.000000
0.123438 0.017169 0.101869 0.075089 0.000000 0.031635 0.119909 0.000000 0.033763 0.000000
0.047915 0.036928 0.086815 0.091811 0.000000 0.013820 0.128192 0.000000 0.070798 0.000000
0.002315 0.045650 0.043990 0.102974 0.025167 0.020080 0.128322 0.000000 0.075567 0.001007
0.000000 0.041646 0.022693 0.109297 0.107754 0.000000 0.127463 0.004128 0.037213 0.007720
0.000000 0.025966 0.000000 0.135287 0.140286 0.000000 0.116125 0.014118 0.001581 0.014904
0.000000 0.001412 0.000000 0.151540 0.112792 0.000000 0.111104 0.027928 0.000000 0.040140
0.000000 0.000000 0.000000 0.122234 0.068812 0.000000 0.101701 0.049846 0.000000 0.055023
0.000000 0.000000 0.012073 0.054662 0.011541 0.015360 0.091461 0.076788 0.000000 0.058084
0.000000 0.000000 0.005711 0.025000 0.000962 0.041589 0.085016 0.085985 0.000000 0.076035
0.001593 0.000000 0.000000 0.018581 0.004221 0.057681 0.077059 0.096977 0.000000 0.065241
0.000000 0.000000 0.000000 0.009377 0.016656 0.030563 0.075816 0.094746 0.000000 0.056280
0.000000 0.001850 0.000000 0.014838 0.000000 0.000447 0.073586 0.083252 0.000000 0.038819
0.000000 0.000000 0.000000 0.008960 0.000000 0.000000 0.039138 0.060364 0.000000 0.021508
0.009383 0.000000 0.000000 0.001040 0.000000 0.000000 0.009303 0.002128 0.000000 0.003019
0.000000 0.000000 0.000000 -0.000000 0.000000 0.000000 -0.000000 0.000000 0.000000 -0.000000
0.000000 0.000000 0.000000 -0.000000 0.000000 0.000000 -0.000000 0.000000 0.000000 -0.000000
0.000000 0.000000 0.000000 -0.000000 0.000000 0.000000 -0.000000 0.000000 0.000000 -0.000000
0.000000 0.000000 0.000000 -0.000000 0.000000 0.000000 -0.000000 0.000000 0.000000 -0.000000
0.000242 0.000000 0.005161 0.000000 0.000000 0.003689 0.000000 0.000139 0.000000 0.000000
0.000000 0.000000 0.023357 0.024319 0.000000 0.005358 0.000000 0.000000 0.009910 0.000000
0.000000 0.007991 0.024800 0.068942 0.000000 0.036040 0.000000 0.000000 0.046654 0.015296
0.000000 0.008606 0.006949 0.113414 0.000000 0.105054 0.000000 0.015775 0.044928 0.074618
0.000000 0.000000 0.023758 0.080979 0.000000 0.161305 0.000000 0.082132 0.027954 0.044840
0.000000 0.000000 0.059288 0.029607 0.002942 0.162482 0.000000 0.103328 0.007119 0.008614
0.014315 0.000000 0.101135 0.022258 0.000000 0.112859 0.000000 0.107562 0.000000 0.000000
0.064417 0.000000 0.125031 0.028001 0.000000 0.081569 0.023410 0.082103 0.000000 0.000000
0.087674 0.007811 0.136239 0.032682 0.000000 0.044522 0.045538 0.059485 0.012765 0.000000
0.097265 0.032463 0.111510 0.057182 0.000000 0.004695 0.096652 0.031513 0.058408 0.000000
0.086944 0.033732 0.057498 0.103068 0.000000 0.000000 0.134527 0.013068 0.081086 0.000000
0.063287 0.034414 0.034996 0.100171 0.016236 0.000072 0.131567 0.017619 0.080267 0.000000
0.043132 0.022624 0.000000 0.084399 0.129445 0.001870 0.130208 0.029406 0.020553 0.000000
0.013326 0.004768 0.000000 0.094522 0.163690 0.005924 0.114359 0.052732 0.000000 0.000000
0.016130 0.000000 0.000000 0.125033 0.147732 0.000000 0.104436 0.061189 0.000000 0.000000
0.010733 0.000000 0.004214 0.154508 0.093897 0.000000 0.083792 0.085470 0.000000 0.000000
0.012582 0.000000 0.002634 0.160617 0.026358 0.000000 0.093250 0.093020 0.000000 0.000000
0.015271 0.000000 0.006409 0.107848 0.010093 0.000000 0.085496 0.114514 0.000000 0.000000
0.031344 0.000000 0.000000 0.068725 0.000000 0.036058 0.062969 0.114650 0.000000 0.000000
0.030873 0.000000 0.000000 0.054298 0.002165 0.038280 0.060190 0.102689 0.000000 0.000000
0.010869 0.000000 0.000000 0.019355 0.020368 0.000806 0.047987 0.089343 0.000000 0.000000
0.012662 0.000000 0.000000 0.005367 0.003782 0.000000 0.020193 0.065582 0.001584 0.000000
0.021219 0.000000 0.006965 0.000000 0.003368 0.000000 0.000000 0.027931 0.007087 0.000000
0.008710 0.000000 0.006017 0.000000 0.001195 0.000000 0.000000 0.006727 0.000000 0.000000
0.000000 0.000000 0.000000 -0.000000 0.000000 0.000000 -0.000000 0.000000 0.000000 -0.000000
0.000000 0.000000 0.000000 -0.000000 0.000000 0.000000 -0.000000 0.000000 0.000000 -0.000000
0.000000 0.000000 0.000000 -0.000000 0.000000 0.000000 -0.000000 0.000000 0.000000 -0.000000
0.000000 0.000000 0.000000 -0.000000 0.000000 0.000000 -0.000000 0.000000 0.000000 -0.000000
0.000731 0.000000 0.015606 0.000000 0.000000 0.011155 0.000000 0.000419 0.000000 0.000000
0.000000 0.000000 0.021330 0.026890 0.000000 0.022100 0.000000 0.000000 0.015000 0.000000
0.000000 0.005597 0.017249 0.065748 0.000000 0.052218 0.000000 0.000000 0.058432 0.000000
0.000000 0.002612 0.028920 0.088923 0.000000 0.086916 0.000000 0.023706 0.079768 0.000000
0.000000 0.000000 0.060230 0.071653 0.001927 0.092425 0.000000 0.072357 0.075222 0.002588
0.000000 0.000000 0.100774 0.053980 0.021283 0.069608 0.000000 0.103919 0.049237 0.000000
0.000000 0.000000 0.126093 0.052436 0.000000 0.031305 0.002463 0.107321 0.037076 0.000000
0.043210 0.000000 0.115886 0.053047 0.000000 0.002974 0.030998 0.100078 0.065196 0.000000
0.059522 0.043169 0.094404 0.058455 0.000561 0.000000 0.040037 0.086164 0.090719 0.000000
0.070011 0.058380 0.057558 0.063169 0.040969 0.000000 0.075400 0.067398 0.111705 0.000000
0.071803 0.039076 0.029689 0.054454 0.106579 0.000000 0.092332 0.059716 0.080647 0.000000
0.079926 0.036679 0.000000 0.038688 0.161221 0.000000 0.089719 0.059391 0.035476 0.000000
0.074182 0.020843 0.000000 0.027378 0.182453 0.005227 0.073799 0.074256 0.004829 0.000000
0.083162 0.001600 0.000000 0.028052 0.148630 0.000000 0.052664 0.083322 0.000000 0.000000
0.088016 0.002898 0.000000 0.084553 0.085129 0.000000 0.037059 0.087108 0.000000 0.000000
0.084392 0.000000 0.000000 0.129514 0.030549 0.000000 0.032331 0.079217 0.000000 0.000000
0.075966 0.000000 0.000415 0.147424 0.003432 0.000000 0.029880 0.080537 0.002426 0.000000
0.089554 0.000000 0.000000 0.132547 0.005579 0.000000 0.017735 0.077152 0.001011 0.000000
0.091550 0.000000 0.000000 0.100899 0.000000 0.000000 0.006450 0.055376 0.000000 0.000000
0.071003 0.004743 0.000000 0.045989 0.000000 0.005220 0.000000 0.038646 0.000000 0.000000
0.066748 0.000000 0.000000 0.020898 0.003231 0.000000 0.000000 0.027712 0.002675 0.000000
0.066885 0.000000 0.000000 0.003621 0.001443 0.000000 0.001824 0.005701 0.008494 0.003878
0.050699 0.000693 0.000806 0.000000 0.000119 0.000000 0.000070 0.000000 0.006394 0.002646
0.021342 0.001230 0.002614 0.000000 0.000000 0.000000 0.000000 0.000000 0.000395 0.000000
0.000000 0.000000 0.000000 -0.000000 0.000000 0.000000 -0.000000 0.000000 0.000000 -0.000000
0.000000 0.000000 0.000000 -0.000000 0.000000 0.000000 -0.000000 0.000000 0.000000 -0.000000
0.000000 0.000000 0.000000 -0.000000 0.000000 0.000000 -0.000000 0.000000 0.000000 -0.000000
0.000000 0.000000 0.000000 -0.000000 0.000000 0.000000 -0.000000 0.000000 0.000000 -0.000000
0.000521 0.000000 0.011121 0.000000 0.000000 0.007949 0.000000 0.000299 0.000000 0.000000
0.000000 0.001470 0.020577 0.006968 0.000000 0.030406 0.000000 0.000336 0.010902 0.000000
0.000000 0.000000 0.025573 0.039354 0.000000 0.038623 0.000000 0.000000 0.055595 0.000000
0.000000 0.006134 0.045322 0.041011 0.000000 0.057170 0.000000 0.006762 0.114142 0.000000
0.001429 0.000000 0.047056 0.056863 0.015288 0.065706 0.000000 0.015927 0.116953 0.000000
0.000886 0.000000 0.080090 0.033121 0.079172 0.015477 0.000000 0.054964 0.120194 0.000000
0.000000 0.000000 0.080608 0.029785 0.098067 0.000000 0.000000 0.081274 0.121683 0.000000
0.021169 0.000000 0.070209 0.030239 0.105015 0.000000 0.000000 0.095934 0.126375 0.000000
0.040341 0.056864 0.034382 0.023017 0.114451 0.000000 0.013655 0.089859 0.122777 0.000000
0.067051 0.067623 0.008409 0.005631 0.163330 0.000000 0.031175 0.075200 0.093117 0.000000
0.074140 0.063283 0.000000 0.000000 0.197256 0.000000 0.030396 0.070754 0.040937 0.000000
0.089308 0.052443 0.000000 0.000000 0.181401 0.000000 0.036565 0.055094 0.024426 0.000000
0.092887 0.077964 0.000000 0.000000 0.114806 0.000000 0.018001 0.057392 0.005531 0.000000
0.100494 0.096872 0.000000 0.009507 0.038417 0.011828 0.000000 0.058873 0.000000 0.000000
0.099972 0.098685 0.000000 0.030275 0.000000 0.008130 0.000000 0.054433 0.000079 0.000000
0.099966 0.080089 0.015756 0.057094 0.000000 0.000000 0.000000 0.041428 0.013358 0.000000
0.093470 0.042465 0.023530 0.078914 0.000000 0.000000 0.000000 0.029048 0.019688 0.000000
0.087973 0.024751 0.019523 0.076251 0.000000 0.000000 0.000000 0.012246 0.020319 0.000000
0.078941 0.008733 0.010565 0.070353 0.008775 0.000000 0.000000 0.004055 0.013418 0.002140
0.065402 0.019065 0.000000 0.036184 0.000000 0.000000 0.000000 0.000000 0.000000 0.007622
0.062053 0.022987 0.004990 0.025436 0.000796 0.000000 0.000000 0.000000 0.000000 0.007079
0.059520 0.027755 0.002211 0.005475 0.000000 0.000000 0.001537 0.000000 0.005967 0.007571
0.036474 0.029084 0.000000 0.000000 0.000000 0.000000 0.000000 0.000000 0.012423 0.005634
0.009526 0.001460 0.000000 0.000000 0.000000 0.000250 0.000000 0.000000 0.001115 0.000949
0.000000 0.000000 0.000000 -0.000000 0.000000 0.000000 -0.000000 0.000000 0.000000 -0.000000
0.000000 0.000000 0.000000 -0.000000 0.000000 0.000000 -0.000000 0.000000 0.000000 -0.000000
0.000000 0.000000 0.000000 -0.000000 0.000000 0.000000 -0.000000 0.000000 0.000000 -0.000000
0.000000 0.000000 0.000000 -0.000000 0.000000 0.000000 -0.000000 0.000000 0.000000 -0.000000
0.000000 0.000000 0.000000 -0.000000 0.000000 0.000000 -0.000000 0.000000 0.000000 -0.000000
0.000000 0.000000 0.000973 0.000000 0.000000 0.007623 0.005549 0.000000 0.013247 0.000000
0.000000 0.000000 0.009126 0.000000 0.007626 0.026859 0.005727 0.000000 0.048252 0.000000
0.000000 0.000000 0.013621 0.000000 0.033538 0.021878 0.000000 0.003590 0.108434 0.000000
0.000000 0.000000 0.013812 0.007183 0.042826 0.005795 0.000000 0.008787 0.134623 0.000000
0.005272 0.000000 0.032699 0.000000 0.093685 0.000000 0.000000 0.017395 0.152503 0.000000
0.000000 0.000000 0.031578 0.000000 0.160603 0.000000 0.000000 0.039161 0.133531 0.000000
0.008434 0.007117 0.018869 0.000000 0.179329 0.000000 0.000000 0.062099 0.111767 0.000000
0.031131 0.052001 0.009814 0.000000 0.192178 0.000000 0.000000 0.064651 0.067439 0.000000
0.044841 0.073078 0.000000 0.000000 0.169572 0.000000 0.000000 0.053060 0.034590 0.000000
0.047670 0.097830 0.000000 0.000000 0.119086 0.000000 0.000000 0.049849 0.024378 0.000000
0.036921 0.119551 0.003189 0.000000 0.073789 0.000000 0.000000 0.050778 0.015551 0.000000
0.040864 0.126614 0.000000 0.000000 0.030309 0.000000 0.000000 0.040941 0.014675 0.000503
0.046519 0.122137 0.000000 0.000000 0.000000 0.000000 0.000000 0.039580 0.022098 0.000000
0.037367 0.139868 0.000000 0.001404 0.000000 0.003853 0.000000 0.025984 0.018633 0.000000
0.037010 0.120474 0.010809 0.022289 0.000000 0.002444 0.000000 0.005871 0.010627 0.000000
0.039606 0.104915 0.019333 0.044807 0.000000 0.000000 0.000000 0.000000 0.006783 0.000000
0.037423 0.094025 0.014708 0.046283 0.000000 0.000000 0.000000 0.000000 0.009570 0.000000
0.029399 0.078760 0.000352 0.035810 0.002919 0.000000 0.000000 0.000000 0.000837 0.004968
0.015932 0.071731 0.010566 0.018682 0.000000 0.000000 0.000000 0.000000 0.000000 0.003220
0.014269 0.063710 0.012893 0.003802 0.003361 0.000000 0.000000 0.000000 0.000994 0.002391
0.011481 0.043902 0.005821 0.000000 0.000000 0.000000 0.000000 0.000000 0.007360 0.000000
0.006674 0.012731 0.005145 0.000000 0.000000 0.000000 0.000000 0.000000 0.006313 0.000000
0.000000 0.000000 0.000000 -0.000000 0.000000 0.000000 -0.000000 0.000000 0.000000 -0.000000
0.000000 0.000000 0.000000 -0.000000 0.000000 0.000000 -0.000000 0.000000 0.000000 -0.000000
0.000000 0.000000 0.000000 -0.000000 0.000000 0.000000 -0.000000 0.000000 0.000000 -0.000000
0.000000 0.000000 0.000000 -0.000000 0.000000 0.000000 -0.000000 0.000000 0.000000 -0.000000
0.000000 0.000000 0.000000 -0.000000 0.000000 0.000000 -0.000000 0.000000 0.000000 -0.000000
0.000000 0.000000 0.000000 -0.000000 0.000000 0.000000 -0.000000 0.000000 0.000000 -0.000000
0.000146 0.000000 0.004702 0.000000 0.000000 0.000437 0.000532 0.000000 0.004815 0.000000
0.000178 0.000000 0.009682 0.000000 0.000000 0.010141 0.006605 0.000000 0.025828 0.000000
0.000298 0.000000 0.006710 0.000000 0.007354 0.014631 0.004305 0.001116 0.063263 0.000000
0.001783 0.000000 0.001028 0.000000 0.022740 0.018421 0.002622 0.005284 0.085088 0.000000
0.002163 0.000000 0.000000 0.000000 0.035620 0.013569 0.000286 0.011069 0.094257 0.000000
0.002856 0.006388 0.000000 0.000000 0.056682 0.006106 0.000000 0.015683 0.069535 0.000000
0.007302 0.014448 0.003101 0.000000 0.068603 0.000000 0.000000 0.030273 0.035163 0.000000
0.006241 0.045455 0.000000 0.000000 0.065560 0.000000 0.000000 0.030553 0.025965 0.000000
0.001432 0.074937 0.000000 0.000000 0.044692 0.000000 0.000000 0.036340 0.020272 0.000000
0.000776 0.097787 0.000000 0.000000 0.023015 0.000000 0.000000 0.034979 0.014748 0.000000
0.000298 0.112011 0.000000 0.000000 0.002016 0.000000 0.000000 0.020592 0.011846 0.002654
0.000000 0.107773 0.000000 0.000000 0.000000 0.000000 0.000000 0.008733 0.009405 0.004415
0.000000 0.115076 0.000000 0.000000 0.000000 0.000000 0.000000 0.003927 0.008334 0.003144
0.000000 0.115885 0.003384 0.003804 0.000000 0.000000 0.000000 0.000000 0.008966 0.002795
0.000000 0.117633 0.009174 0.009685 0.000000 0.000000 0.000000 0.000000 0.002640 0.000083
0.000000 0.113339 0.010761 0.010633 0.000000 0.001758 0.000000 0.000000 0.000399 0.000000
0.000000 0.106791 0.004882 0.000583 0.000000 0.000000 0.000000 0.000000 0.003981 0.000299
0.000000 0.092010 0.000519 0.002019 0.000000 0.000086 0.000000 0.000000 0.006032 0.000000
0.000000 0.075686 0.000000 0.008356 0.000000 0.006032 0.000000 0.000000 0.000000 0.000000
0.000000 0.060390 0.000110 0.000000 0.000000 0.000000 0.000000 0.000000 0.002886 0.001814
0.000000 0.066447 0.000224 0.000000 0.000000 0.000000 0.000000 0.000000 0.003292 0.002184
0.000759 0.001929 0.000814 0.000000 0.000000 0.000000 0.000000 0.000000 0.000965 0.000000
0.000000 0.000000 0.000000 -0.000000 0.000000 0.000000 -0.000000 0.000000 0.000000 -0.000000
0.000000 0.000000 0.000000 -0.000000 0.000000 0.000000 -0.000000 0.000000 0.000000 -0.000000
0.000000 0.000000 0.000000 -0.000000 0.000000 0.000000 -0.000000 0.000000 0.000000 -0.000000
0.000000 0.000000 0.000000 -0.000000 0.000000 0.000000 -0.000000 0.000000 0.000000 -0.000000
0.000000 0.000000 0.000000 -0.000000 0.000000 0.000000 -0.000000 0.000000 0.000000 -0.000000
0.000000 0.000000 0.000000 -0.000000 0.000000 0.000000 -0.000000 0.000000 0.000000 -0.000000
0.000263 0.000000 0.003139 0.000000 0.000000 0.000000 0.000660 0.000000 0.003247 0.000000
0.000856 0.000000 0.008995 0.000000 0.000000 0.000000 0.002716 0.000000 0.011348 0.000000
0.000937 0.000000 0.004365 0.000000 0.000967 0.006342 0.005491 0.000000 0.015854 0.000000
0.003566 0.000000 0.000000 0.000000 0.002073 0.010247 0.009792 0.000000 0.014114 0.000000
0.004568 0.000000 0.000000 0.000000 0.002791 0.007738 0.010708 0.000000 0.015541 0.000000
0.000996 0.005063 0.000000 0.000000 0.005153 0.003410 0.005083 0.004704 0.017626 0.000000
0.000000 0.006606 0.000000 0.000000 0.005644 0.005963 0.003846 0.003087 0.014049 0.000000
0.000000 0.018160 0.000000 0.000000 0.006658 0.001665 0.008801 0.001868 0.008402 0.000000
0.000000 0.020111 0.000000 0.000000 0.004643 0.000000 0.005744 0.001586 0.002426 0.000059
0.000000 0.035957 0.000000 0.001826 0.004852 0.000000 0.009585 0.000535 0.000652 0.001638
0.000000 0.046724 0.000000 0.001608 0.003534 0.000000 0.009057 0.000091 0.000722 0.002439
0.000000 0.033860 0.000000 0.000000 0.000000 0.000000 0.000000 0.000000 0.000003 0.003840
0.000000 0.048301 0.000042 0.000000 0.000000 0.000000 0.000000 0.000000 0.000138 0.004612
0.000000 0.059793 0.000613 0.000000 0.000000 0.000000 0.000000 0.000000 0.000479 0.004853
0.000000 0.057874 0.003243 0.000000 0.002000 0.000000 0.002094 0.000000 0.000824 0.007889
0.000000 0.049509 0.003820 0.000000 0.001529 0.000000 0.006772 0.000000 0.000982 0.006375
0.000000 0.044079 0.000482 0.000785 0.001058 0.000000 0.006762 0.000000 0.000079 0.006946
0.000000 0.026126 0.000000 0.002552 0.000000 0.000000 0.003180 0.000000 0.000000 0.002987
0.000000 0.019937 0.000000 0.002535 0.000000 0.000617 0.000844 0.000000 0.000000 0.000195
0.000000 0.003707 0.000042 0.000016 0.000000 0.000000 0.000000 0.000000 0.000068 0.000019
0.000000 0.016682 0.000191 0.000070 0.000000 0.000000 0.000000 0.000000 0.000307 0.000087
0.000000 0.000000 0.000000 -0.000000 0.000000 0.000000 -0.000000 0.000000 0.000000 -0.000000
0.000000 0.000000 0.000000 -0.000000 0.000000 0.000000 -0.000000 0.000000 0.000000 -0.000000
0.000000 0.000000 0.000000 -0.000000 0.000000 0.000000 -0.000000 0.000000 0.000000 -0.000000
0.000000 0.000000 0.000000 -0.000000 0.000000 0.000000 -0.000000 0.000000 0.000000 -0.000000
0.000000 0.000000 0.000000 -0.000000 0.000000 0.000000 -0.000000 0.000000 0.000000 -0.000000
0.000000 0.000000 0.000000 -0.000000 0.000000 0.000000 -0.000000 0.000000 0.000000 -0.000000
0.000000 0.000000 0.000000 -0.000000 0.000000 0.000000 -0.000000 0.000000 0.000000 -0.000000
0.000000 0.000000 0.000000 -0.000000 0.000000 0.000000 -0.000000 0.000000 0.000000 -0.000000
0.000000 0.000000 0.000000 -0.000000 0.000000 0.000000 -0.000000 0.000000 0.000000 -0.000000
0.000000 0.000000 0.000000 -0.000000 0.000000 0.000000 -0.000000 0.000000 0.000000 -0.000000
0.000000 0.000000 0.000000 -0.000000 0.000000 0.000000 -0.000000 0.000000 0.000000 -0.000000
0.000000 0.000000 0.000000 -0.000000 0.000000 0.000000 -0.000000 0.000000 0.000000 -0.000000
0.000000 0.000000 0.000000 -0.000000 0.000000 0.000000 -0.000000 0.000000 0.000000 -0.000000
0.000000 0.000000 0.000000 -0.000000 0.000000 0.000000 -0.000000 0.000000 0.000000 -0.000000
0.000000 0.000000 0.000000 -0.000000 0.000000 0.000000 -0.000000 0.000000 0.000000 -0.000000
0.000000 0.000000 0.000000 -0.000000 0.000000 0.000000 -0.000000 0.000000 0.000000 -0.000000
0.000000 0.000000 0.000000 -0.000000 0.000000 0.000000 -0.000000 0.000000 0.000000 -0.000000
0.000000 0.000000 0.000000 -0.000000 0.000000 0.000000 -0.000000 0.000000 0.000000 -0.000000
0.000000 0.000000 0.000000 -0.000000 0.000000 0.000000 -0.000000 0.000000 0.000000 -0.000000
0.000000 0.000000 0.000000 -0.000000 0.000000 0.000000 -0.000000 0.000000 0.000000 -0.000000
0.000000 0.000000 0.000000 -0.000000 0.000000 0.000000 -0.000000 0.000000 0.000000 -0.000000
0.000000 0.000510 0.000475 0.000000 0.000852 0.000000 0.000821 0.000000 0.000036 0.000749
0.000000 0.003600 0.003354 0.000000 0.006020 0.000000 0.005801 0.000000 0.000257 0.005293
0.000000 0.004159 0.003874 0.000000 0.006954 0.000000 0.006702 0.000000 0.000296 0.006114
0.000000 0.001824 0.001700 0.000000 0.003051 0.000000 0.002940 0.000000 0.000130 0.002683
0.000000 0.000000 0.000000 -0.000000 0.000000 0.000000 -0.000000 0.000000 0.000000 -0.000000
0.000000 0.000000 0.000000 -0.000000 0.000000 0.000000 -0.000000 0.000000 0.000000 -0.000000
0.000000 0.000000 0.000000 -0.000000 0.000000 0.000000 -0.000000 0.000000 0.000000 -0.000000
0.000000 0.000000 0.000000 -0.000000 0.000000 0.000000 -0.000000 0.000000 0.000000 -0.000000
0.000000 0.000000 0.000000 -0.000000 0.000000 0.000000 -0.000000 0.000000 0.000000 -0.000000
0.000000 0.000000 0.000000 -0.000000 0.000000 0.000000 -0.000000 0.000000 0.000000 -0.000000
0.000000 0.000000 0.000000 -0.000000 0.000000 0.000000 -0.000000 0.000000 0.000000 -0.000000
0.000000 0.000000 0.000000 -0.000000 0.000000 0.000000 -0.000000 0.000000 0.000000 -0.000000
0.000000 0.000000 0.000000 -0.000000 0.000000 0.000000 -0.000000 0.000000 0.000000 -0.000000
0.000000 0.000000 0.000000 -0.000000 0.000000 0.000000 -0.000000 0.000000 0.000000 -0.000000
0.000000 0.000000 0.000000 -0.000000 0.000000 0.000000 -0.000000 0.000000 0.000000 -0.000000
0.000000 0.000000 0.000000 -0.000000 0.000000 0.000000 -0.000000 0.000000 0.000000 -0.000000
0.000000 0.000000 0.000000 -0.000000 0.000000 0.000000 -0.000000 0.000000 0.000000 -0.000000
0.000000 0.000000 0.000000 -0.000000 0.000000 0.000000 -0.000000 0.000000 0.000000 -0.000000
0.000000 0.000000 0.000000 -0.000000 0.000000 0.000000 -0.000000 0.000000 0.000000 -0.000000
0.000000 0.000000 0.000000 -0.000000 0.000000 0.000000 -0.000000 0.000000 0.000000 -0.000000
0.000000 0.000000 0.000000 -0.000000 0.000000 0.000000 -0.000000 0.000000 0.000000 -0.000000
0.000000 0.000000 0.000000 -0.000000 0.000000 0.000000 -0.000000 0.000000 0.000000 -0.000000
0.000000 0.000000 0.000000 -0.000000 0.000000 0.000000 -0.000000 0.000000 0.000000 -0.000000
0.000000 0.000000 0.000000 -0.000000 0.000000 0.000000 -0.000000 0.000000 0.000000 -0.000000
0.000000 0.000000 0.000000 -0.000000 0.000000 0.000000 -0.000000 0.000000 0.000000 -0.000000
0.000000 0.000000 0.000000 -0.000000 0.000000 0.000000 -0.000000 0.000000 0.000000 -0.000000
0.000000 0.000000 0.000000 -0.000000 0.000000 0.000000 -0.000000 0.000000 0.000000 -0.000000
0.000000 0.000000 0.000000 -0.000000 0.000000 0.000000 -0.000000 0.000000 0.000000 -0.000000
0.000000 0.000000 0.000000 -0.000000 0.000000 0.000000 -0.000000 0.000000 0.000000 -0.000000
0.000000 0.000000 0.000000 -0.000000 0.000000 0.000000 -0.000000 0.000000 0.000000 -0.000000
0.000000 0.000000 0.000000 -0.000000 0.000000 0.000000 -0.000000 0.000000 0.000000 -0.000000
0.000000 0.000000 0.000000 -0.000000 0.000000 0.000000 -0.000000 0.000000 0.000000 -0.000000
0.000000 0.000000 0.000000 -0.000000 0.000000 0.000000 -0.000000 0.000000 0.000000 -0.000000
0.000000 0.000000 0.000000 -0.000000 0.000000 0.000000 -0.000000 0.000000 0.000000 -0.000000
0.000000 0.000000 0.000000 -0.000000 0.000000 0.000000 -0.000000 0.000000 0.000000 -0.000000
0.000000 0.000000 0.000000 -0.000000 0.000000 0.000000 -0.000000 0.000000 0.000000 -0.000000
0.000000 0.000000 0.000000 -0.000000 0.000000 0.000000 -0.000000 0.000000 0.000000 -0.000000
0.000000 0.000000 0.000000 -0.000000 0.000000 0.000000 -0.000000 0.000000 0.000000 -0.000000
0.000000 0.000000 0.000000 -0.000000 0.000000 0.000000 -0.000000 0.000000 0.000000 -0.000000
0.000000 0.000000 0.000000 -0.000000 0.000000 0.000000 -0.000000 0.000000 0.000000 -0.000000
0.000000 0.000000 0.000000 -0.000000 0.000000 0.000000 -0.000000 0.000000 0.000000 -0.000000
0.000000 0.000000 0.000000 -0.000000 0.000000 0.000000 -0.000000 0.000000 0.000000 -0.000000
0.000000 0.000000 0.000000 -0.000000 0.000000 0.000000 -0.000000 0.000000 0.000000 -0.000000
0.000000 0.000000 0.000000 -0.000000 0.000000 0.000000 -0.000000 0.000000 0.000000 -0.000000
0.000000 0.000000 0.000000 -0.000000 0.000000 0.000000 -0.000000 0.000000 0.000000 -0.000000
0.000000 0.000000 0.000000 -0.000000 0.000000 0.000000 -0.000000 0.000000 0.000000 -0.000000
0.000000 0.000000 0.000000 -0.000000 0.000000 0.000000 -0.000000 0.000000 0.000000 -0.000000
0.000000 0.000000 0.000000 -0.000000 0.000000 0.000000 -0.000000 0.000000 0.000000 -0.000000
0.000000 0.000000 0.000000 -0.000000 0.000000 0.000000 -0.000000 0.000000 0.000000 -0.000000
0.000000 0.000000 0.000000 -0.000000 0.000000 0.000000 -0.000000 0.000000 0.000000 -0.000000
0.000000 0.000000 0.000000 -0.000000 0.000000 0.000000 -0.000000 0.000000 0.000000 -0.000000
0.000000 0.000000 0.000000 -0.000000 0.000000 0.000000 -0.000000 0.000000 0.000000 -0.000000
0.000000 0.000000 0.000000 -0.000000 0.000000 0.000000 -0.000000 0.000000 0.000000 -0.000000
0.000000 0.000000 0.000000 -0.000000 0.000000 0.000000 -0.000000 0.000000 0.000000 -0.000000
0.000000 0.000000 0.000000 -0.000000 0.000000 0.000000 -0.000000 0.000000 0.000000 -0.000000
0.000000 0.000000 0.000000 -0.000000 0.000000 0.000000 -0.000000 0.000000 0.000000 -0.000000
0.000000 0.000000 0.000000 -0.000000 0.000000 0.000000 -0.000000 0.000000 0.000000 -0.000000
0.000000 0.000000 0.000000 -0.000000 0.000000 0.000000 -0.000000 0.000000 0.000000 -0.000000
0.000000 0.000000 0.000000 -0.000000 0.000000 0.000000 -0.000000 0.000000 0.000000 -0.000000
0.000000 0.000000 0.000000 -0.000000 0.000000 0.000000 -0.000000 0.000000 0.000000 -0.000000
0.000000 0.000000 0.000000 -0.000000 0.000000 0.000000 -0.000000 0.000000 0.000000 -0.000000
0.000000 0.000000 0.000000 -0.000000 0.000000 0.000000 -0.000000 0.000000 0.000000 -0.000000
0.000000 0.000000 0.000000 -0.000000 0.000000 0.000000 -0.000000 0.000000 0.000000 -0.000000
0.000000 0.000000 0.000000 -0.000000 0.000000 0.000000 -0.000000 0.000000 0.000000 -0.000000
0.000000 0.000000 0.000000 -0.000000 0.000000 0.000000 -0.000000 0.000000 0.000000 -0.000000
0.000000 0.000000 0.000000 -0.000000 0.000000 0.000000 -0.000000 0.000000 0.000000 -0.000000
0.000000 0.000000 0.000000 -0.000000 0.000000 0.000000 -0.000000 0.000000 0.000000 -0.000000
