0.000000000000000000e+00 -0.000000000000000000e+00 0.000000000000000000e+00 0.000000000000000000e+00 -0.000000000000000000e+00
0.000000000000000000e+00 -0.000000000000000000e+00 0.000000000000000000e+00 0.000000000000000000e+00 -0.000000000000000000e+00
0.000000000000000000e+00 -0.000000000000000000e+00 0.000000000000000000e+00 0.000000000000000000e+00 -0.000000000000000000e+00
0.000000000000000000e+00 -0.000000000000000000e+00 0.000000000000000000e+00 0.000000000000000000e+00 -0.000000000000000000e+00
0.000000000000000000e+00 -0.000000000000000000e+00 0.000000000000000000e+00 0.000000000000000000e+00 -0.000000000000000000e+00
0.000000000000000000e+00 -0.000000000000000000e+00 0.000000000000000000e+00 0.000000000000000000e+00 -0.000000000000000000e+00
0.000000000000000000e+00 -0.000000000000000000e+00 0.000000000000000000e+00 0.000000000000000000e+00 -0.000000000000000000e+00
0.000000000000000000e+00 -0.000000000000000000e+00 0.000000000000000000e+00 0.000000000000000000e+00 -0.000000000000000000e+00
0.000000000000000000e+00 -0.000000000000000000e+00 0.000000000000000000e+00 0.000000000000000000e+00 -0.000000000000000000e+00
0.000000000000000000e+00 -0.000000000000000000e+00 0.000000000000000000e+00 0.000000000000000000e+00 -0.000000000000000000e+00
0.000000000000000000e+00 -0.000000000000000000e+00 0.000000000000000000e+00 0.000000000000000000e+00 -0.000000000000000000e+00
0.000000000000000000e+00 -0.000000000000000000e+00 0.000000000000000000e+00 0.000000000000000000e+00 -0.000000000000000000e+00
0.000000000000000000e+00 -0.000000000000000000e+00 0.000000000000000000e+00 0.000000000000000000e+00 -0.000000000000000000e+00
0.000000000000000000e+00 -0.000000000000000000e+00 0.000000000000000000e+00 0.000000000000000000e+00 -0.000000000000000000e+00
0.000000000000000000e+00 -0.000000000000000000e+00 0.000000000000000000e+00 0.000000000000000000e+00 -0.000000000000000000e+00
0.000000000000000000e+00 -0.000000000000000000e+00 0.000000000000000000e+00 0.000000000000000000e+00 -0.000000000000000000e+00
0.000000000000000000e+00 -0.000000000000000000e+00 0.000000000000000000e+00 0.000000000000000000e+00 -0.000000000000000000e+00
0.000000000000000000e+00 -0.000000000000000000e+00 0.000000000000000000e+00 0.000000000000000000e+00 -0.000000000000000000e+00
0.000000000000000000e+00 -0.000000000000000000e+00 0.000000000000000000e+00 0.000000000000000000e+00 -0.000000000000000000e+00
0.000000000000000000e+00 -0.000000000000000000e+00 0.000000000000000000e+00 0.000000000000000000e+00 -0.000000000000000000e+00
0.000000000000000000e+00 -0.000000000000000000e+00 0.000000000000000000e+00 0.000000000000000000e+00 -0.000000000000000000e+00
0.000000000000000000e+00 -0.000000000000000000e+00 0.000000000000000000e+00 0.000000000000000000e+00 -0.000000000000000000e+00
0.000000000000000000e+00 -0.000000000000000000e+00 0.000000000000000000e+00 0.000000000000000000e+00 -0.000000000000000000e+00
0.000000000000000000e+00 -0.000000000000000000e+00 0.000000000000000000e+00 0.000000000000000000e+00 -0.000000000000000000e+00
0.000000000000000000e+00 -0.000000000000000000e+00 0.000000000000000000e+00 0.000000000000000000e+00 -0.000000000000000000e+00
0.000000000000000000e+00 -0.000000000000000000e+00 0.000000000000000000e+00 0.000000000000000000e+00 -0.000000000000000000e+00
0.000000000000000000e+00 -0.000000000000000000e+00 0.000000000000000000e+00 0.000000000000000000e+00 -0.000000000000000000e+00
0.000000000000000000e+00 -0.000000000000000000e+00 0.000000000000000000e+00 0.000000000000000000e+00 -0.000000000000000000e+00
0.000000000000000000e+00 -0.000000000000000000e+00 0.000000000000000000e+00 0.000000000000000000e+00 -0.000000000000000000e+00
0.000000000000000000e+00 -0.000000000000000000e+00 0.000000000000000000e+00 0.000000000000000000e+00 -0.000000000000000000e+00
0.000000000000000000e+00 -0.000000000000000000e+00 0.000000000000000000e+00 0.000000000000000000e+00 -0.000000000000000000e+00
0.000000000000000000e+00 -0.000000000000000000e+00 0.000000000000000000e+00 0.000000000000000000e+00 -0.000000000000000000e+00
0.000000000000000000e+00 -0.000000000000000000e+00 0.000000000000000000e+00 0.000000000000000000e+00 -0.000000000000000000e+00
0.000000000000000000e+00 -0.000000000000000000e+00 0.000000000000000000e+00 0.000000000000000000e+00 -0.000000000000000000e+00
0.000000000000000000e+00 -0.000000000000000000e+00 0.000000000000000000e+00 0.000000000000000000e+00 -0.000000000000000000e+00
0.000000000000000000e+00 -0.000000000000000000e+00 0.000000000000000000e+00 0.000000000000000000e+00 -0.000000000000000000e+00
0.000000000000000000e+00 -0.000000000000000000e+00 0.000000000000000000e+00 0.000000000000000000e+00 -0.000000000000000000e+00
1.000000000000000021e-08 1.000000000000000021e-08 1.464957296851697487e-04 1.000000000000000021e-08 2.041975006130723280e-04
1.000000000000000021e-08 1.000000000000000021e-08 2.755514915506770252e-04 1.000000000000000021e-08 3.840857749626838615e-04
1.000000000000000021e-08 1.000000000000000021e-08 3.976312662883184509e-04 1.000000000000000021e-08 5.542503588069107789e-04
1.000000000000000021e-08 1.000000000000000021e-08 4.080952469801168341e-04 1.000000000000000021e-08 5.688358945649870388e-04
1.000000000000000021e-08 1.000000000000000021e-08 2.023036267080920018e-04 1.000000000000000021e-08 2.819870246561466810e-04
1.000000000000000021e-08 1.000000000000000021e-08 3.313593885735992511e-05 1.000000000000000021e-08 4.618752990057601118e-05
2.704419603068691617e-05 1.000000000000000021e-08 2.821533170415742482e-04 2.142273084101440831e-05 2.539218867604247981e-04
1.000000000000000021e-08 1.000000000000000021e-08 5.764684149637197552e-04 4.302730883045438717e-05 8.282660040379702902e-04
1.000000000000000021e-08 1.000000000000000021e-08 7.983936039845488687e-05 6.228811989386167989e-06 1.286390271351397835e-04
0.000000000000000000e+00 -0.000000000000000000e+00 0.000000000000000000e+00 0.000000000000000000e+00 -0.000000000000000000e+00
0.000000000000000000e+00 -0.000000000000000000e+00 0.000000000000000000e+00 0.000000000000000000e+00 -0.000000000000000000e+00
0.000000000000000000e+00 -0.000000000000000000e+00 0.000000000000000000e+00 0.000000000000000000e+00 -0.000000000000000000e+00
0.000000000000000000e+00 -0.000000000000000000e+00 0.000000000000000000e+00 0.000000000000000000e+00 -0.000000000000000000e+00
0.000000000000000000e+00 -0.000000000000000000e+00 0.000000000000000000e+00 0.000000000000000000e+00 -0.000000000000000000e+00
0.000000000000000000e+00 -0.000000000000000000e+00 0.000000000000000000e+00 0.000000000000000000e+00 -0.000000000000000000e+00
0.000000000000000000e+00 -0.000000000000000000e+00 0.000000000000000000e+00 0.000000000000000000e+00 -0.000000000000000000e+00
0.000000000000000000e+00 -0.000000000000000000e+00 0.000000000000000000e+00 0.000000000000000000e+00 -0.000000000000000000e+00
0.000000000000000000e+00 -0.000000000000000000e+00 0.000000000000000000e+00 0.000000000000000000e+00 -0.000000000000000000e+00
0.000000000000000000e+00 -0.000000000000000000e+00 0.000000000000000000e+00 0.000000000000000000e+00 -0.000000000000000000e+00
0.000000000000000000e+00 -0.000000000000000000e+00 0.000000000000000000e+00 0.000000000000000000e+00 -0.000000000000000000e+00
0.000000000000000000e+00 -0.000000000000000000e+00 0.000000000000000000e+00 0.000000000000000000e+00 -0.000000000000000000e+00
0.000000000000000000e+00 -0.000000000000000000e+00 0.000000000000000000e+00 0.000000000000000000e+00 -0.000000000000000000e+00
0.000000000000000000e+00 -0.000000000000000000e+00 0.000000000000000000e+00 0.000000000000000000e+00 -0.000000000000000000e+00
0.000000000000000000e+00 -0.000000000000000000e+00 0.000000000000000000e+00 0.000000000000000000e+00 -0.000000000000000000e+00
0.000000000000000000e+00 -0.000000000000000000e+00 0.000000000000000000e+00 0.000000000000000000e+00 -0.000000000000000000e+00
0.000000000000000000e+00 -0.000000000000000000e+00 0.000000000000000000e+00 0.000000000000000000e+00 -0.000000000000000000e+00
9.245818011497340672e-05 1.000000000000000021e-08 3.646871265733870660e-04 1.000000000000000021e-08 4.661094613212148362e-05
3.855177907214091281e-04 1.000000000000000021e-08 1.238323694628409855e-03 1.000000000000000021e-08 5.889202642205934764e-04
8.284011266194070021e-04 1.000000000000000021e-08 1.864763400301329595e-03 1.000000000000000021e-08 7.816426265786814449e-04
1.307478482382313720e-03 1.000000000000000021e-08 2.173760185891004254e-03 1.000000000000000021e-08 1.796497376528691237e-03
1.436080248902091164e-03 1.000000000000000021e-08 1.698844055079843382e-03 1.000000000000000021e-08 3.662859893541672157e-03
1.755619377622283416e-03 1.000000000000000021e-08 1.526837301981994171e-03 1.000000000000000021e-08 6.405746495433132376e-03
2.227686471700894046e-03 1.000000000000000021e-08 4.148694996492335559e-04 1.098709996933213730e-03 6.149125490204018080e-03
2.490168711466188550e-03 1.000000000000000021e-08 4.337153857857933294e-05 2.190125983963916220e-03 4.933247161718889995e-03
2.241895637514459885e-03 1.000000000000000021e-08 1.820498299006920769e-04 2.719805216763336066e-03 2.633576520062525482e-03
1.169607542938083623e-03 1.000000000000000021e-08 1.262759831690816710e-03 2.478203842497716993e-03 1.850090842708105752e-03
1.019734404805051735e-04 1.000000000000000021e-08 1.105953144349328078e-03 1.194229646689879158e-03 1.486980541651741414e-03
5.343219011209208655e-04 1.000000000000000021e-08 4.439222845014337195e-04 1.588603581338550984e-04 1.000000000000000021e-08
1.881688958705069338e-04 1.000000000000000021e-08 1.639810579214541464e-04 1.480402414744318390e-04 7.711933789727173845e-06
0.000000000000000000e+00 -0.000000000000000000e+00 0.000000000000000000e+00 0.000000000000000000e+00 -0.000000000000000000e+00
0.000000000000000000e+00 -0.000000000000000000e+00 0.000000000000000000e+00 0.000000000000000000e+00 -0.000000000000000000e+00
0.000000000000000000e+00 -0.000000000000000000e+00 0.000000000000000000e+00 0.000000000000000000e+00 -0.000000000000000000e+00
1.000000000000000021e-08 1.000000000000000021e-08 1.000000000000000021e-08 3.206669403010679073e-04 3.381725029381562643e-04
1.000000000000000021e-08 1.000000000000000021e-08 1.000000000000000021e-08 1.447671138252394271e-04 1.526701105497501947e-04
0.000000000000000000e+00 -0.000000000000000000e+00 0.000000000000000000e+00 0.000000000000000000e+00 -0.000000000000000000e+00
0.000000000000000000e+00 -0.000000000000000000e+00 0.000000000000000000e+00 0.000000000000000000e+00 -0.000000000000000000e+00
0.000000000000000000e+00 -0.000000000000000000e+00 0.000000000000000000e+00 0.000000000000000000e+00 -0.000000000000000000e+00
0.000000000000000000e+00 -0.000000000000000000e+00 0.000000000000000000e+00 0.000000000000000000e+00 -0.000000000000000000e+00
0.000000000000000000e+00 -0.000000000000000000e+00 0.000000000000000000e+00 0.000000000000000000e+00 -0.000000000000000000e+00
0.000000000000000000e+00 -0.000000000000000000e+00 0.000000000000000000e+00 0.000000000000000000e+00 -0.000000000000000000e+00
0.000000000000000000e+00 -0.000000000000000000e+00 0.000000000000000000e+00 0.000000000000000000e+00 -0.000000000000000000e+00
5.758970891559642941e-06 2.949990565628044118e-06 1.000000000000000021e-08 1.000000000000000021e-08 1.197312193585349436e-05
1.612022346480615259e-04 5.237248694144300320e-04 4.282669058597514226e-04 1.000000000000000021e-08 1.306391389972980132e-04
1.974788552620439480e-04 9.623707451466984031e-04 1.577787464408865947e-03 1.000000000000000021e-08 8.944569251842319222e-04
1.360133845759547815e-03 1.000000000000000021e-08 3.901394680852339654e-03 1.000000000000000021e-08 2.150382417376073534e-03
3.636151053180642408e-03 1.000000000000000021e-08 5.623344659978393723e-03 1.000000000000000021e-08 6.654248026456268360e-03
7.140229755656594263e-03 1.000000000000000021e-08 7.212120409981738478e-03 1.000000000000000021e-08 1.302352628425787300e-02
1.546403997977805964e-02 1.000000000000000021e-08 5.724716183365659815e-03 1.000000000000000021e-08 2.621880438902556704e-02
2.344003641624495260e-02 1.000000000000000021e-08 8.534175664914080139e-04 1.000000000000000021e-08 4.284755430279989924e-02
3.398709868668901846e-02 1.000000000000000021e-08 1.000000000000000021e-08 1.000000000000000021e-08 5.642849051795823662e-02
4.510368504730490752e-02 1.000000000000000021e-08 1.000000000000000021e-08 1.000000000000000021e-08 6.777689975934182709e-02
4.604256041871425398e-02 1.000000000000000021e-08 1.000000000000000021e-08 1.000000000000000021e-08 6.692908181691023528e-02
3.986739896374440900e-02 1.000000000000000021e-08 1.000000000000000021e-08 1.118845875367089487e-02 6.041274848673430092e-02
2.646022380197652485e-02 1.000000000000000021e-08 1.000000000000000021e-08 2.430723801961396160e-02 4.422728954512224891e-02
1.195415091125045549e-02 1.000000000000000021e-08 1.000000000000000021e-08 3.467180031967748155e-02 2.394419972184183912e-02
1.132898621833774164e-03 1.000000000000000021e-08 1.000000000000000021e-08 3.551216254335286260e-02 1.211664872763962460e-02
1.000000000000000021e-08 1.000000000000000021e-08 1.000000000000000021e-08 2.767585760718373894e-02 5.481177833262127971e-03
1.000000000000000021e-08 1.000000000000000021e-08 1.000000000000000021e-08 1.653477803976329333e-02 1.610687557440563513e-03
1.000000000000000021e-08 1.000000000000000021e-08 1.000000000000000021e-08 7.316005454100025368e-03 6.406344932703871074e-05
1.000000000000000021e-08 1.000000000000000021e-08 5.680147243338883061e-05 1.852022256145882109e-03 1.407908221087036081e-04
1.000000000000000021e-08 1.000000000000000021e-08 1.000000000000000021e-08 3.786212135827741261e-04 3.791847149822911663e-04
1.000000000000000021e-08 1.000000000000000021e-08 1.000000000000000021e-08 5.292561150600151479e-05 5.581487912571508073e-05
0.000000000000000000e+00 -0.000000000000000000e+00 0.000000000000000000e+00 0.000000000000000000e+00 -0.000000000000000000e+00
0.000000000000000000e+00 -0.000000000000000000e+00 0.000000000000000000e+00 0.000000000000000000e+00 -0.000000000000000000e+00
0.000000000000000000e+00 -0.000000000000000000e+00 0.000000000000000000e+00 0.000000000000000000e+00 -0.000000000000000000e+00
0.000000000000000000e+00 -0.000000000000000000e+00 0.000000000000000000e+00 0.000000000000000000e+00 -0.000000000000000000e+00
0.000000000000000000e+00 -0.000000000000000000e+00 0.000000000000000000e+00 0.000000000000000000e+00 -0.000000000000000000e+00
0.000000000000000000e+00 -0.000000000000000000e+00 0.000000000000000000e+00 0.000000000000000000e+00 -0.000000000000000000e+00
0.000000000000000000e+00 -0.000000000000000000e+00 0.000000000000000000e+00 0.000000000000000000e+00 -0.000000000000000000e+00
4.043711976051382205e-05 1.000000000000000021e-08 1.000000000000000021e-08 1.000000000000000021e-08 1.787458428283727712e-05
1.000000000000000021e-08 4.799373941020928722e-03 6.457842184204274651e-05 1.000000000000000021e-08 9.078592732364835789e-04
8.403359728353200020e-04 5.469761154812009633e-03 1.559629560861570605e-03 1.000000000000000021e-08 3.133786398027759573e-03
3.809564662589102601e-03 5.081611256779344950e-03 4.152101908491350780e-03 1.000000000000000021e-08 8.850710956901906151e-03
7.210708797154259837e-03 1.683159510351574413e-03 5.820161970552375358e-03 1.000000000000000021e-08 2.133163361100372593e-02
2.331082711501398369e-02 1.000000000000000021e-08 4.125646369248962310e-03 1.000000000000000021e-08 4.445893982734362010e-02
3.761842418081893374e-02 1.000000000000000021e-08 1.422251695261226006e-03 1.000000000000000021e-08 7.094887973727420638e-02
5.901740145968063095e-02 1.000000000000000021e-08 1.000000000000000021e-08 1.000000000000000021e-08 9.309038625387620891e-02
7.992599692006611967e-02 1.000000000000000021e-08 1.000000000000000021e-08 1.000000000000000021e-08 1.076877517112463795e-01
9.482240049989654196e-02 1.000000000000000021e-08 1.000000000000000021e-08 1.000000000000000021e-08 1.193706513627523502e-01
9.639333145791448287e-02 1.000000000000000021e-08 1.000000000000000021e-08 6.845326636350226521e-03 1.234615401711195853e-01
9.242499633850598251e-02 1.000000000000000021e-08 1.000000000000000021e-08 3.294135801578340628e-02 1.179524983757216511e-01
7.277881413654230247e-02 1.000000000000000021e-08 1.000000000000000021e-08 6.363956086145633462e-02 1.012460603358399519e-01
4.386765404310008498e-02 1.000000000000000021e-08 1.000000000000000021e-08 8.724093675648535162e-02 6.355106666324457365e-02
1.434102101617057770e-02 1.000000000000000021e-08 1.000000000000000021e-08 9.736662455830942531e-02 2.830597406126571930e-02
1.000000000000000021e-08 1.000000000000000021e-08 1.000000000000000021e-08 8.644170478835458415e-02 1.210779456458007525e-02
1.000000000000000021e-08 1.000000000000000021e-08 1.000000000000000021e-08 5.605257403349209883e-02 3.210695887309241662e-03
1.000000000000000021e-08 1.000000000000000021e-08 1.000000000000000021e-08 2.974860445390286462e-02 2.592913740264925389e-04
1.000000000000000021e-08 1.000000000000000021e-08 9.025139198686706521e-05 8.926205720500374197e-03 1.234024396319062056e-04
1.000000000000000021e-08 1.000000000000000021e-08 9.831313242758662604e-06 4.193729284257725095e-04 3.515935386061032190e-04
1.000000000000000021e-08 1.000000000000000021e-08 5.531435568700567262e-05 1.405632076732632864e-04 2.701702152723606777e-05
1.000000000000000021e-08 1.000000000000000021e-08 3.886829683513897592e-05 9.061050576195563285e-05 1.084930032837318065e-05
0.000000000000000000e+00 -0.000000000000000000e+00 0.000000000000000000e+00 0.000000000000000000e+00 -0.000000000000000000e+00
0.000000000000000000e+00 -0.000000000000000000e+00 0.000000000000000000e+00 0.000000000000000000e+00 -0.000000000000000000e+00
0.000000000000000000e+00 -0.000000000000000000e+00 0.000000000000000000e+00 0.000000000000000000e+00 -0.000000000000000000e+00
0.000000000000000000e+00 -0.000000000000000000e+00 0.000000000000000000e+00 0.000000000000000000e+00 -0.000000000000000000e+00
0.000000000000000000e+00 -0.000000000000000000e+00 0.000000000000000000e+00 0.000000000000000000e+00 -0.000000000000000000e+00
2.172525862767428240e-05 8.402319259273049209e-05 1.000000000000000021e-08 1.000000000000000021e-08 1.786860547213218442e-05
5.793629378063773006e-04 3.076275100592653841e-03 1.000000000000000021e-08 1.000000000000000021e-08 2.095398020941517182e-04
1.000000000000000021e-08 1.342425717516249062e-02 1.000000000000000021e-08 1.000000000000000021e-08 1.732597372909091410e-03
1.242026954036966205e-03 2.114082415376814655e-02 2.805925311372628114e-03 1.000000000000000021e-08 6.325383443509396270e-03
5.917602487948001554e-03 2.710972020341587477e-02 7.292573984601305979e-03 1.000000000000000021e-08 1.475970129013474443e-02
1.816620975815835815e-02 3.043236550100233972e-02 1.020055862069859688e-02 1.000000000000000021e-08 3.326690874458506503e-02
3.814259620992577204e-02 2.571140074503563272e-02 9.179184882630676834e-03 1.000000000000000021e-08 6.229211718859776342e-02
6.119995664050328910e-02 3.124349787807276235e-02 7.740988590505221839e-03 1.000000000000000021e-08 8.148187349807647917e-02
8.364807041798051623e-02 3.891557144591198392e-02 2.152474045791243767e-03 1.000000000000000021e-08 9.213603756679998591e-02
9.700804120727905822e-02 4.771008075898209438e-02 4.471376660129041704e-03 1.000000000000000021e-08 9.442012847878937520e-02
9.825432768489485158e-02 5.956231199912528224e-02 5.622911854298701627e-03 7.901400740383184712e-03 9.477654597365402223e-02
9.924269489639267472e-02 5.318171873334184147e-02 2.159958654151196335e-03 3.200964172069255265e-02 9.653830440110544586e-02
9.392031904379262441e-02 3.486372387102342624e-02 1.000000000000000021e-08 5.644305887063817695e-02 1.023348947938610282e-01
8.315575488687501626e-02 1.367881113946488314e-02 1.000000000000000021e-08 7.802116206645459684e-02 1.028067425212996627e-01
6.916535637074959497e-02 1.000000000000000021e-08 1.000000000000000021e-08 1.002062349796976476e-01 8.577059196865903512e-02
3.817577082210812239e-02 2.117887944038056216e-03 1.000000000000000021e-08 1.231258176847164348e-01 4.789370331657816227e-02
2.438868144679495666e-03 4.507622669860616819e-03 1.000000000000000021e-08 1.272965070644089258e-01 1.726448915063002326e-02
1.000000000000000021e-08 5.497050947053867473e-03 1.000000000000000021e-08 1.053401361668750563e-01 1.590128809464226882e-03
1.000000000000000021e-08 3.522163783358424598e-03 1.000000000000000021e-08 6.356729872693391015e-02 1.000000000000000021e-08
1.000000000000000021e-08 9.556702325056981150e-04 6.379233333849749924e-04 2.488599437653758045e-02 1.000000000000000021e-08
1.000000000000000021e-08 3.294257341735539260e-04 7.339540046131029635e-05 2.462757212670329144e-03 1.000000000000000021e-08
1.000000000000000021e-08 1.000000000000000021e-08 1.682059052693086728e-04 3.921247749353593058e-04 4.695128245554602468e-05
1.000000000000000021e-08 1.000000000000000021e-08 1.279973223364063199e-04 2.983897689747158589e-04 3.572786832274610878e-05
0.000000000000000000e+00 -0.000000000000000000e+00 0.000000000000000000e+00 0.000000000000000000e+00 -0.000000000000000000e+00
0.000000000000000000e+00 -0.000000000000000000e+00 0.000000000000000000e+00 0.000000000000000000e+00 -0.000000000000000000e+00
0.000000000000000000e+00 -0.000000000000000000e+00 0.000000000000000000e+00 0.000000000000000000e+00 -0.000000000000000000e+00
0.000000000000000000e+00 -0.000000000000000000e+00 0.000000000000000000e+00 0.000000000000000000e+00 -0.000000000000000000e+00
6.521809893735552573e-06 5.635726025206461864e-05 8.097217124890303862e-07 1.000000000000000021e-08 1.000000000000000021e-08
2.694035278002476284e-05 6.530289760749264467e-04 1.000000000000000021e-08 1.000000000000000021e-08 9.597553403697797468e-07
7.323717455649893021e-04 6.157504092634667574e-03 1.000000000000000021e-08 1.000000000000000021e-08 1.222772979901887939e-04
1.659509328787600645e-03 2.038073177080579335e-02 1.000000000000000021e-08 1.000000000000000021e-08 5.029760200279473218e-04
2.600796908945313818e-03 3.464476499103812807e-02 5.029970256354763733e-03 1.000000000000000021e-08 5.705052155064685437e-03
7.163989575065270524e-03 4.929960712868761141e-02 9.844212129230955552e-03 1.000000000000000021e-08 1.897837508398361045e-02
2.552128483502429102e-02 5.914126687900690682e-02 1.683278111952088429e-02 1.000000000000000021e-08 3.300726471925997246e-02
5.143480230430938493e-02 7.283804903617474569e-02 2.411680897279089991e-02 1.000000000000000021e-08 4.442698693775647828e-02
7.331425758709755880e-02 9.061707639903703038e-02 3.261990148194734984e-02 1.000000000000000021e-08 5.050850038437560557e-02
8.249095790215719981e-02 1.070271700029478551e-01 3.944434517142247909e-02 1.000000000000000021e-08 4.479362499779961093e-02
7.518550310498341160e-02 1.220782820754035547e-01 4.670216078938862342e-02 1.627871898213083951e-02 3.784639145381404890e-02
6.264105767865485452e-02 1.304660036625759356e-01 5.581327744845690497e-02 4.315767423674221615e-02 3.070722038737556600e-02
5.316703943071147270e-02 1.260873812404328942e-01 6.176903856030913076e-02 6.135179681230514687e-02 2.941566097545609063e-02
5.134523339913442397e-02 1.117419073658979939e-01 5.807704393543248328e-02 6.611590853309511073e-02 4.247954655681029229e-02
6.891595944826743592e-02 7.218879214018021628e-02 3.324960651743655293e-02 6.358096107374193451e-02 7.000707556582756730e-02
7.721905463363729072e-02 3.022119708723861736e-02 3.900618117050075155e-03 7.397461256210040303e-02 8.272868868973651257e-02
6.532573709966343900e-02 1.477804322699416070e-02 1.000000000000000021e-08 1.040442385607108361e-01 5.899273608992744444e-02
2.490659908887073865e-02 1.961746166887338300e-02 1.000000000000000021e-08 1.333025407810379259e-01 2.302946713451194810e-02
1.000000000000000021e-08 1.763412799843763409e-02 1.000000000000000021e-08 1.358504086866839655e-01 1.000000000000000021e-08
1.000000000000000021e-08 1.345071800725200321e-02 1.000000000000000021e-08 9.937982380537270510e-02 1.000000000000000021e-08
1.000000000000000021e-08 4.901993671394283374e-03 7.445999981078737801e-04 4.571242700592732799e-02 1.000000000000000021e-08
1.000000000000000021e-08 1.600405657818126633e-03 4.155468599571206321e-04 6.441267604840359741e-03 1.000000000000000021e-08
1.000000000000000021e-08 1.000000000000000021e-08 1.501120429495021789e-04 3.499440222530697032e-04 4.190074609578611369e-05
1.000000000000000021e-08 1.000000000000000021e-08 7.371573537698791916e-06 1.718475109278466784e-05 2.057625924346634701e-06
0.000000000000000000e+00 -0.000000000000000000e+00 0.000000000000000000e+00 0.000000000000000000e+00 -0.000000000000000000e+00
0.000000000000000000e+00 -0.000000000000000000e+00 0.000000000000000000e+00 0.000000000000000000e+00 -0.000000000000000000e+00
0.000000000000000000e+00 -0.000000000000000000e+00 0.000000000000000000e+00 0.000000000000000000e+00 -0.000000000000000000e+00
0.000000000000000000e+00 -0.000000000000000000e+00 0.000000000000000000e+00 0.000000000000000000e+00 -0.000000000000000000e+00
1.202911602622335282e-04 1.039478355760302657e-03 1.493486714146448837e-05 1.000000000000000021e-08 1.000000000000000021e-08
2.603532789171289822e-04 2.132324332152229010e-03 3.332238531786785351e-05 1.000000000000000021e-08 1.000000000000000021e-08
2.079457108912335147e-03 1.053505933526186975e-02 2.116332406130313215e-05 1.000000000000000021e-08 1.000000000000000021e-08
4.070478525710565995e-03 2.789897782477586755e-02 2.831537497574303664e-03 1.000000000000000021e-08 1.000000000000000021e-08
3.632153520952773919e-03 5.159491065521046999e-02 1.327173189468899145e-02 1.000000000000000021e-08 1.000000000000000021e-08
1.066605782237625699e-02 6.787548401650185526e-02 2.115247926250205662e-02 1.000000000000000021e-08 4.417654594497609152e-03
2.374649903565399442e-02 8.930067129039989671e-02 3.809110560540344276e-02 1.000000000000000021e-08 7.270613244218582412e-03
4.609214262449345262e-02 1.050082525247729298e-01 5.049578576169774791e-02 1.000000000000000021e-08 7.876472427617839389e-03
5.776311724492649846e-02 1.258594605617654738e-01 6.120295919281035224e-02 1.000000000000000021e-08 2.990118949750291376e-03
5.161911570296604662e-02 1.387298095626186833e-01 7.438729359884506398e-02 1.058967006035500293e-02 1.000000000000000021e-08
3.451957646178396150e-02 1.357669068500184373e-01 8.747347921169407181e-02 3.965232618167164463e-02 1.000000000000000021e-08
1.466635763285096573e-02 1.300774713862099252e-01 1.028407640401339945e-01 6.127808630466670403e-02 1.000000000000000021e-08
6.083456298776531400e-03 1.263288656202837812e-01 1.135812006607158642e-01 6.177490836763999127e-02 1.000000000000000021e-08
1.004513655663655594e-02 1.173325129569620512e-01 1.123208368282290759e-01 4.821476483534381519e-02 5.432174803454189148e-03
3.515010026429887802e-02 8.490903534869451152e-02 8.562704134274568002e-02 2.536890682878633133e-02 4.726220092555136892e-02
7.588384846982527965e-02 3.897051950713217167e-02 3.939077492379224055e-02 1.978882917853518400e-02 7.933065666742226962e-02
9.190258073244116088e-02 2.177043331030404510e-02 1.000000000000000021e-08 4.648492491030627172e-02 6.859087564297883244e-02
6.047850274696580514e-02 2.915306473660832925e-02 1.000000000000000021e-08 1.016846535225157666e-01 2.846719124287553845e-02
4.254222935414852559e-03 2.421018785869817960e-02 1.000000000000000021e-08 1.389168283861385300e-01 1.000000000000000021e-08
1.000000000000000021e-08 2.112666433331090651e-02 1.000000000000000021e-08 1.196347099558840860e-01 1.000000000000000021e-08
1.000000000000000021e-08 9.125865652146349441e-03 2.607112754285260525e-03 6.240043529775793352e-02 1.000000000000000021e-08
1.000000000000000021e-08 1.681389305736100646e-03 1.021783429271618535e-03 1.204328511805336129e-02 1.000000000000000021e-08
1.000000000000000021e-08 1.000000000000000021e-08 1.132541752610086920e-04 2.640202667891464487e-04 3.161261647405284446e-05
0.000000000000000000e+00 -0.000000000000000000e+00 0.000000000000000000e+00 0.000000000000000000e+00 -0.000000000000000000e+00
0.000000000000000000e+00 -0.000000000000000000e+00 0.000000000000000000e+00 0.000000000000000000e+00 -0.000000000000000000e+00
0.000000000000000000e+00 -0.000000000000000000e+00 0.000000000000000000e+00 0.000000000000000000e+00 -0.000000000000000000e+00
0.000000000000000000e+00 -0.000000000000000000e+00 0.000000000000000000e+00 0.000000000000000000e+00 -0.000000000000000000e+00
0.000000000000000000e+00 -0.000000000000000000e+00 0.000000000000000000e+00 0.000000000000000000e+00 -0.000000000000000000e+00
6.594274448110382634e-05 5.698345203264312125e-04 8.187186204055761529e-06 1.000000000000000021e-08 1.000000000000000021e-08
7.469776865926002797e-04 2.479643864446275103e-03 6.707359477279904540e-05 1.000000000000000021e-08 1.000000000000000021e-08
4.087608952331077232e-03 1.706396803522737884e-02 1.930391104753303088e-03 1.000000000000000021e-08 1.000000000000000021e-08
3.664449526521154979e-03 2.959154401422157965e-02 8.415934365216240845e-03 1.000000000000000021e-08 1.000000000000000021e-08
4.130864777904528704e-03 4.982332235863175945e-02 2.259816252450993698e-02 1.000000000000000021e-08 1.000000000000000021e-08
8.746283731141776124e-03 7.513583050514240080e-02 3.537228115579403587e-02 1.000000000000000021e-08 1.000000000000000021e-08
1.808905467665418432e-02 1.005365965458607930e-01 4.449039397430175347e-02 1.000000000000000021e-08 1.000000000000000021e-08
2.559232816338637834e-02 1.104413628873726211e-01 6.085721353768880348e-02 1.000000000000000021e-08 1.000000000000000021e-08
2.718775104943092075e-02 1.205602497411498997e-01 7.537475573855206834e-02 1.823384855838283214e-03 1.000000000000000021e-08
1.658982253418262234e-02 1.193115800063354048e-01 8.322717844669634546e-02 2.058552005325599635e-02 1.000000000000000021e-08
1.169870407396561953e-03 9.803493856816326846e-02 9.262795051677544245e-02 4.674668342531328180e-02 1.000000000000000021e-08
1.000000000000000021e-08 8.083392828800672891e-02 1.088456106009151186e-01 5.147752383490549616e-02 1.000000000000000021e-08
1.000000000000000021e-08 8.584022342525154947e-02 1.216734324156956287e-01 4.096524988154374297e-02 1.000000000000000021e-08
1.000000000000000021e-08 9.385347965764719025e-02 1.272249749523862716e-01 1.502666815004199095e-02 1.000000000000000021e-08
1.830729810043536104e-02 7.336805714162467074e-02 1.058517447054050514e-01 1.000000000000000021e-08 4.105597804583625832e-02
6.815622055818722214e-02 3.398681090284735862e-02 5.904760124573912167e-02 1.000000000000000021e-08 8.586279298026372464e-02
1.076610951843492703e-01 1.532663240135489525e-02 4.881091119086383712e-03 6.407676656199600036e-03 8.269629079988173592e-02
8.605340659040171258e-02 3.332069527181764218e-02 1.000000000000000021e-08 7.275463672495714740e-02 3.100804994676326781e-02
2.555892174438830974e-02 3.805936758393767272e-02 1.000000000000000021e-08 1.339109534311060945e-01 1.000000000000000021e-08
1.000000000000000021e-08 2.558716835012997404e-02 1.000000000000000021e-08 1.234362671764668434e-01 1.000000000000000021e-08
1.000000000000000021e-08 8.981990020761469393e-03 4.475278113967055479e-03 6.671242137382575599e-02 1.000000000000000021e-08
1.000000000000000021e-08 1.659259919128294259e-03 1.566225896894204387e-03 1.316068807436495368e-02 1.000000000000000021e-08
5.265500737049363678e-08 1.000000000000000021e-08 4.618295730619012221e-05 1.000000000000000021e-08 8.282672164797463636e-05
1.000000000000000021e-08 2.488711630878329752e-05 1.748909567992978865e-04 1.000000000000000021e-08 1.000000000000000021e-08
0.000000000000000000e+00 -0.000000000000000000e+00 0.000000000000000000e+00 0.000000000000000000e+00 -0.000000000000000000e+00
0.000000000000000000e+00 -0.000000000000000000e+00 0.000000000000000000e+00 0.000000000000000000e+00 -0.000000000000000000e+00
0.000000000000000000e+00 -0.000000000000000000e+00 0.000000000000000000e+00 0.000000000000000000e+00 -0.000000000000000000e+00
0.000000000000000000e+00 -0.000000000000000000e+00 0.000000000000000000e+00 0.000000000000000000e+00 -0.000000000000000000e+00
5.357128106240553311e-05 2.227605321066329069e-05 1.000000000000000021e-08 3.880975218229754087e-05 1.000000000000000021e-08
5.766165233969651558e-04 1.700803738039904445e-03 5.005189907398348791e-05 1.000000000000000021e-08 1.000000000000000021e-08
3.425945397016536952e-03 1.263430824432781700e-02 2.088560685985193718e-03 1.000000000000000021e-08 1.000000000000000021e-08
2.952860225789477686e-03 2.628696492688210873e-02 9.942575042127383550e-03 1.000000000000000021e-08 1.000000000000000021e-08
1.026698720775142413e-03 4.182617286673227797e-02 2.367116137751619498e-02 1.000000000000000021e-08 1.000000000000000021e-08
6.937618124276581644e-03 6.164567048000512556e-02 3.402260091599557806e-02 1.000000000000000021e-08 1.000000000000000021e-08
1.030772779197905095e-02 7.440739680978153414e-02 3.752597145284235214e-02 1.000000000000000021e-08 1.000000000000000021e-08
1.135264938583806053e-02 8.459036822239855702e-02 4.371822812134027597e-02 1.000000000000000021e-08 1.000000000000000021e-08
9.811416068070013055e-03 8.471788102886967931e-02 5.084098256117845771e-02 8.099155200240478955e-03 1.000000000000000021e-08
2.319100309617566982e-03 7.623445110246361567e-02 5.804776601937929048e-02 2.184984042345076288e-02 1.000000000000000021e-08
1.000000000000000021e-08 5.774718149913724008e-02 6.716080561936960125e-02 3.095974001659032929e-02 1.000000000000000021e-08
1.000000000000000021e-08 5.057539779515024536e-02 8.161775138356404391e-02 2.871853082550581554e-02 1.000000000000000021e-08
1.000000000000000021e-08 5.988697226134557378e-02 9.793592687042046441e-02 1.432120204080846761e-02 1.000000000000000021e-08
1.000000000000000021e-08 7.434812468372303806e-02 1.138721625669539134e-01 1.000000000000000021e-08 1.000000000000000021e-08
6.110689506375325229e-03 6.813806051817718201e-02 1.044522772496317836e-01 1.000000000000000021e-08 4.696987156454212470e-02
5.395960391218197760e-02 3.595056416430764124e-02 5.884209557079430469e-02 1.000000000000000021e-08 9.651283282622126480e-02
1.024974651906157275e-01 1.498562652323432581e-02 4.642881527358775316e-03 1.000000000000000021e-08 9.106471104829513830e-02
1.007873592767810911e-01 3.772673349568075873e-02 1.000000000000000021e-08 6.744471179683217410e-02 2.833205660415898802e-02
3.849968122086897676e-02 4.777895775227991582e-02 1.000000000000000021e-08 1.322662146101716285e-01 1.000000000000000021e-08
1.000000000000000021e-08 3.120950016717496597e-02 1.000000000000000021e-08 1.156161312792986090e-01 1.000000000000000021e-08
1.000000000000000021e-08 9.926075705501538615e-03 5.298668959753840939e-03 5.761332740863684548e-02 1.000000000000000021e-08
1.000000000000000021e-08 1.440549525832632164e-03 2.878609068569846271e-03 1.052391440886774575e-02 1.000000000000000021e-08
1.000000000000000021e-08 1.000000000000000021e-08 5.183655270408711385e-04 1.370317762868882830e-04 1.000000000000000021e-08
0.000000000000000000e+00 -0.000000000000000000e+00 0.000000000000000000e+00 0.000000000000000000e+00 -0.000000000000000000e+00
0.000000000000000000e+00 -0.000000000000000000e+00 0.000000000000000000e+00 0.000000000000000000e+00 -0.000000000000000000e+00
0.000000000000000000e+00 -0.000000000000000000e+00 0.000000000000000000e+00 0.000000000000000000e+00 -0.000000000000000000e+00
0.000000000000000000e+00 -0.000000000000000000e+00 0.000000000000000000e+00 0.000000000000000000e+00 -0.000000000000000000e+00
0.000000000000000000e+00 -0.000000000000000000e+00 0.000000000000000000e+00 0.000000000000000000e+00 -0.000000000000000000e+00
0.000000000000000000e+00 -0.000000000000000000e+00 0.000000000000000000e+00 0.000000000000000000e+00 -0.000000000000000000e+00
1.676518272535696671e-05 1.247933156439192282e-04 1.000000000000000021e-08 2.021639911052232165e-06 1.000000000000000021e-08
1.865920842845000035e-03 6.398294061666795485e-03 2.071391444335512078e-03 1.000000000000000021e-08 1.000000000000000021e-08
1.934491868833785504e-03 1.490809082877227881e-02 7.135451541372911897e-03 1.000000000000000021e-08 1.000000000000000021e-08
9.764399799617881019e-04 2.310204981020063525e-02 1.386518541075538492e-02 1.000000000000000021e-08 1.000000000000000021e-08
3.443836387262462148e-03 3.589915109362690898e-02 2.062899336276624931e-02 1.000000000000000021e-08 1.000000000000000021e-08
4.514489302996382326e-03 4.706496573911135572e-02 2.221833191105043043e-02 1.097163010098716959e-03 1.000000000000000021e-08
2.274799296331504132e-03 5.078547665457125437e-02 2.346881341727974010e-02 2.990985945297700618e-03 1.000000000000000021e-08
1.000000000000000021e-08 5.235869990357653464e-02 2.750312904572280517e-02 7.872054595085458198e-03 1.000000000000000021e-08
1.000000000000000021e-08 4.389323321836081926e-02 3.249667271643425642e-02 1.480103958101650942e-02 1.000000000000000021e-08
1.000000000000000021e-08 3.355973364209741128e-02 3.575116832511940346e-02 1.737267635794314397e-02 1.000000000000000021e-08
1.000000000000000021e-08 3.617863442831247001e-02 4.941895492361431108e-02 1.079057201991609136e-02 1.000000000000000021e-08
1.000000000000000021e-08 5.263313016069354894e-02 7.903043878232750286e-02 1.000000000000000021e-08 1.000000000000000021e-08
1.000000000000000021e-08 6.548161464690099853e-02 1.056833266327136256e-01 1.000000000000000021e-08 1.110795244076914420e-02
1.000000000000000021e-08 5.899830482595902481e-02 9.804044112373122566e-02 1.000000000000000021e-08 6.799992918438536871e-02
3.689911899712151888e-02 2.501940431088805344e-02 5.023841655458048672e-02 1.000000000000000021e-08 1.141447079133336290e-01
9.336672489732177060e-02 1.000000000000000021e-08 1.800801764157725256e-03 1.468440291500002284e-02 9.831445255981119402e-02
1.022176211563987497e-01 3.639884423367835409e-02 1.000000000000000021e-08 8.423527261108508524e-02 2.074123013934257506e-02
5.113394454839835512e-02 5.173166587240266012e-02 1.000000000000000021e-08 1.256491111873165589e-01 1.000000000000000021e-08
9.920385181552133017e-03 3.029162713235442062e-02 1.000000000000000021e-08 9.830293071090852319e-02 1.000000000000000021e-08
1.277255194586265322e-04 1.065512458841763078e-02 5.222601482336571184e-03 4.618165607599569039e-02 1.000000000000000021e-08
3.188560872064278543e-04 2.149962134605812661e-03 2.517952346848179035e-03 6.388399742509210701e-03 1.000000000000000021e-08
8.626239647043902083e-05 6.156796257047178001e-04 8.344206375065127456e-04 1.000000000000000021e-08 1.000000000000000021e-08
1.000000000000000021e-08 1.905317072698540072e-04 9.499877569733549396e-05 1.000000000000000021e-08 1.000000000000000021e-08
3.363616559879977820e-04 1.000000000000000021e-08 3.793557343327588283e-04 1.000000000000000021e-08 1.000000000000000021e-08
0.000000000000000000e+00 -0.000000000000000000e+00 0.000000000000000000e+00 0.000000000000000000e+00 -0.000000000000000000e+00
0.000000000000000000e+00 -0.000000000000000000e+00 0.000000000000000000e+00 0.000000000000000000e+00 -0.000000000000000000e+00
0.000000000000000000e+00 -0.000000000000000000e+00 0.000000000000000000e+00 0.000000000000000000e+00 -0.000000000000000000e+00
0.000000000000000000e+00 -0.000000000000000000e+00 0.000000000000000000e+00 0.000000000000000000e+00 -0.000000000000000000e+00
5.813049738945992188e-05 3.958992579474891727e-04 1.000000000000000021e-08 2.752617944418471455e-05 1.000000000000000021e-08
9.423266976873671385e-04 3.913064676054612417e-03 1.284737620747956497e-03 1.000000000000000021e-08 1.000000000000000021e-08
9.077241690460908716e-04 9.145157016310722850e-03 5.745359160187651568e-03 1.000000000000000021e-08 1.000000000000000021e-08
7.818079046180012798e-05 1.145421612188071876e-02 8.923268481481354611e-03 1.000000000000000021e-08 1.000000000000000021e-08
2.366705144777165822e-04 1.388234940254227945e-02 1.189476413217424068e-02 1.000000000000000021e-08 1.000000000000000021e-08
7.178280314968706760e-05 2.300997629582777343e-02 1.246253277030865206e-02 1.551776781245304280e-03 1.000000000000000021e-08
3.046741363477118792e-04 2.771436394129416989e-02 1.121544328072635217e-02 3.450416462050212747e-03 1.000000000000000021e-08
3.225851033910441144e-04 3.007370991367710328e-02 1.200674429400438656e-02 4.644075774248126662e-03 1.000000000000000021e-08
1.000000000000000021e-08 2.614674866704411529e-02 1.660061563495898382e-02 8.477640529423994056e-03 1.000000000000000021e-08
1.000000000000000021e-08 2.693616996326740620e-02 2.510147221281979271e-02 6.925864878156613724e-03 1.000000000000000021e-08
1.000000000000000021e-08 3.596908517377978010e-02 4.611899469441871346e-02 1.000000000000000021e-08 1.000000000000000021e-08
1.000000000000000021e-08 5.271942284506955789e-02 7.810786074237553722e-02 1.000000000000000021e-08 1.000000000000000021e-08
1.000000000000000021e-08 6.392220433286724401e-02 1.050975593750418519e-01 1.000000000000000021e-08 2.978180562039915713e-02
1.000000000000000021e-08 3.983939221145399445e-02 9.097868372249839908e-02 1.000000000000000021e-08 9.660985534179947209e-02
2.927343754706192638e-02 3.872382591510614095e-03 4.501356136266454477e-02 1.000000000000000021e-08 1.264258220843321734e-01
8.788310802539736621e-02 1.000000000000000021e-08 1.000000000000000021e-08 4.454574614778075703e-02 8.624534958276464103e-02
1.017489414430621103e-01 3.720173481374661195e-02 1.000000000000000021e-08 1.013269496927388241e-01 3.156770403098980993e-03
6.042832693134431166e-02 5.056439594803423948e-02 1.000000000000000021e-08 1.126931562882708820e-01 1.000000000000000021e-08
1.982394099207808805e-02 2.473120825596010486e-02 1.000000000000000021e-08 7.484042376674701624e-02 1.000000000000000021e-08
3.582321724682447587e-03 1.052673123726684604e-02 3.132918567197870863e-03 2.978775465188679764e-02 1.000000000000000021e-08
1.254308924861865029e-03 2.570113590397575185e-03 1.438477205977759009e-03 3.125774953578784512e-03 1.000000000000000021e-08
3.871492362735280484e-05 6.177791195717300624e-04 1.567778972031443323e-03 1.000000000000000021e-08 1.000000000000000021e-08
1.000000000000000021e-08 1.293367114466970427e-04 8.269170488536247430e-04 4.569426403270692577e-05 1.000000000000000021e-08
0.000000000000000000e+00 -0.000000000000000000e+00 0.000000000000000000e+00 0.000000000000000000e+00 -0.000000000000000000e+00
0.000000000000000000e+00 -0.000000000000000000e+00 0.000000000000000000e+00 0.000000000000000000e+00 -0.000000000000000000e+00
0.000000000000000000e+00 -0.000000000000000000e+00 0.000000000000000000e+00 0.000000000000000000e+00 -0.000000000000000000e+00
0.000000000000000000e+00 -0.000000000000000000e+00 0.000000000000000000e+00 0.000000000000000000e+00 -0.000000000000000000e+00
0.000000000000000000e+00 -0.000000000000000000e+00 0.000000000000000000e+00 0.000000000000000000e+00 -0.000000000000000000e+00
2.970055638216767178e-04 1.764350627401659738e-03 1.000000000000000021e-08 1.478516478676742264e-04 1.000000000000000021e-08
6.306236847350754670e-04 1.859109526740045744e-03 4.403641761923931413e-04 2.042911686758178602e-04 1.000000000000000021e-08
1.000000000000000021e-08 4.330989599342726856e-03 3.499507817906340971e-03 1.000000000000000021e-08 1.000000000000000021e-08
1.000000000000000021e-08 5.941134905386563289e-03 4.630635810057927119e-03 2.677869499694181255e-04 1.000000000000000021e-08
5.362257205778635282e-04 5.569038777690219627e-03 4.914886721138880636e-03 1.373092402432991898e-03 1.000000000000000021e-08
1.916416190181506607e-03 7.529866951707186659e-03 5.517555085957616401e-03 3.446919469592288343e-03 1.000000000000000021e-08
2.865139804561022893e-03 1.078172724375854943e-02 7.385432022355789029e-03 4.657310805282702075e-03 1.000000000000000021e-08
3.338204982027058194e-03 1.284310645788057544e-02 9.230448299586878347e-03 5.288099420574086072e-03 1.000000000000000021e-08
4.499146610982859666e-04 1.460551436338508591e-02 1.767661953962254909e-02 7.803382310021082791e-03 1.000000000000000021e-08
1.000000000000000021e-08 2.212422495914807136e-02 3.799691900471374728e-02 3.161350637954365387e-03 1.000000000000000021e-08
1.000000000000000021e-08 3.553927166413616001e-02 5.934092019632734166e-02 1.000000000000000021e-08 1.000000000000000021e-08
1.000000000000000021e-08 5.233729239397444388e-02 8.586202378650265032e-02 1.000000000000000021e-08 1.330363521605121280e-02
1.000000000000000021e-08 5.129716245047161172e-02 9.913464195246927957e-02 1.000000000000000021e-08 6.286429821773011073e-02
1.000000000000000021e-08 1.973449391557121485e-02 8.000673274356197295e-02 1.000000000000000021e-08 1.191009141006216382e-01
3.171853011967978864e-02 1.000000000000000021e-08 3.615795825390381163e-02 2.463718431152308458e-02 1.230245533553830373e-01
9.117847639060611131e-02 1.000000000000000021e-08 2.689043990456093129e-04 7.782019375996007682e-02 5.827396012939696501e-02
1.022713199169197756e-01 3.571621352644045733e-02 1.000000000000000021e-08 1.057678699653903515e-01 1.000000000000000021e-08
6.658332882546066922e-02 4.579076421721271078e-02 1.000000000000000021e-08 8.940087554792801317e-02 1.000000000000000021e-08
2.688269142084075483e-02 2.458866590272627481e-02 7.403319836002685049e-04 4.879447883857371271e-02 1.000000000000000021e-08
5.794474338149238624e-03 1.161011597798333218e-02 3.190145187183305014e-03 1.512071632259831544e-02 1.000000000000000021e-08
2.062097787948767580e-03 2.657663289848795352e-03 2.632367481827507186e-03 9.634455272471886735e-04 1.000000000000000021e-08
1.000000000000000021e-08 5.348727540304265690e-04 3.397872353876449109e-03 1.000000000000000021e-08 1.000000000000000021e-08
1.000000000000000021e-08 1.000000000000000021e-08 2.190491623157626768e-03 1.095038549900685189e-05 1.000000000000000021e-08
1.000000000000000021e-08 1.000000000000000021e-08 2.673790923410925523e-04 2.228177201410869653e-05 1.000000000000000021e-08
0.000000000000000000e+00 -0.000000000000000000e+00 0.000000000000000000e+00 0.000000000000000000e+00 -0.000000000000000000e+00
0.000000000000000000e+00 -0.000000000000000000e+00 0.000000000000000000e+00 0.000000000000000000e+00 -0.000000000000000000e+00
0.000000000000000000e+00 -0.000000000000000000e+00 0.000000000000000000e+00 0.000000000000000000e+00 -0.000000000000000000e+00
0.000000000000000000e+00 -0.000000000000000000e+00 0.000000000000000000e+00 0.000000000000000000e+00 -0.000000000000000000e+00
5.227254465308829416e-04 1.805955968514471243e-03 1.000000000000000021e-08 2.964800006048052758e-04 1.000000000000000021e-08
5.738772610236012603e-04 1.713373733703286951e-03 4.991138464593986571e-05 3.953789105304717074e-04 1.000000000000000021e-08
2.874310266080001928e-04 1.163967791647350664e-03 1.082641876876770702e-03 6.370655031919840927e-04 1.000000000000000021e-08
1.042333835169190637e-03 1.000000000000000021e-08 2.352587357100240605e-03 2.097255712380274254e-03 1.000000000000000021e-08
3.023185198871378848e-03 1.000000000000000021e-08 5.582956627861928277e-03 5.258796157328301038e-03 1.000000000000000021e-08
5.060297867211433799e-03 9.589912323012503596e-04 1.083513147262158902e-02 9.406322476628517851e-03 1.000000000000000021e-08
5.485017732436411018e-03 1.514047245466446079e-04 1.842077836834356622e-02 1.236988302247062251e-02 1.000000000000000021e-08
5.521858578865927562e-03 1.033580320793889371e-03 2.717005296020373606e-02 1.434356130302752441e-02 1.000000000000000021e-08
4.872522339057192703e-03 4.547864181760857653e-03 4.418647576266195032e-02 1.466977608516430859e-02 1.000000000000000021e-08
1.000000000000000021e-08 1.346993765273515539e-02 6.647125670656629792e-02 1.112125218735760326e-02 1.000000000000000021e-08
1.000000000000000021e-08 2.924844455377000746e-02 8.692637813490791676e-02 5.712011780982367663e-03 9.506323290229370601e-03
1.000000000000000021e-08 4.024365756865746352e-02 9.977829795587335460e-02 1.799468671377613691e-03 4.224277859477840180e-02
1.000000000000000021e-08 2.912117877015798703e-02 9.831110147664169630e-02 8.363228925219236623e-03 8.929938739554940663e-02
1.000000000000000021e-08 1.067475045756791172e-03 6.948703406513616343e-02 3.363807969634288048e-02 1.243345929993968091e-01
4.524954328331588782e-02 1.000000000000000021e-08 2.938621405655774191e-02 6.907790752846475202e-02 9.624870945774000042e-02
1.043106043305405128e-01 4.892600084276092602e-03 2.088458761285346896e-03 9.487635326612935127e-02 2.450167868187256778e-02
1.065187399219764269e-01 3.331949829910223898e-02 1.000000000000000021e-08 9.073236934616016325e-02 1.000000000000000021e-08
6.855210498170315192e-02 4.352247107665444675e-02 1.000000000000000021e-08 5.647197380620809504e-02 1.000000000000000021e-08
2.684426279845558358e-02 2.451232455988599720e-02 3.351722315572242504e-03 2.374097979701444636e-02 1.000000000000000021e-08
6.978357782319729100e-03 9.890249661918378010e-03 5.749023628320849150e-03 4.346997920553839767e-03 1.000000000000000021e-08
2.982001661872548271e-03 1.791455670339525165e-03 6.030974391770737089e-03 1.000000000000000021e-08 1.000000000000000021e-08
5.620031797306978194e-04 2.609601530500842929e-04 5.078918889987227119e-03 1.000000000000000021e-08 1.000000000000000021e-08
1.000000000000000021e-08 5.989300066582562082e-04 2.733634383265310091e-03 1.000000000000000021e-08 1.000000000000000021e-08
1.000000000000000021e-08 1.000000000000000021e-08 1.483270877220659847e-04 1.236069104432301707e-05 1.000000000000000021e-08
0.000000000000000000e+00 -0.000000000000000000e+00 0.000000000000000000e+00 0.000000000000000000e+00 -0.000000000000000000e+00
0.000000000000000000e+00 -0.000000000000000000e+00 0.000000000000000000e+00 0.000000000000000000e+00 -0.000000000000000000e+00
0.000000000000000000e+00 -0.000000000000000000e+00 0.000000000000000000e+00 0.000000000000000000e+00 -0.000000000000000000e+00
0.000000000000000000e+00 -0.000000000000000000e+00 0.000000000000000000e+00 0.000000000000000000e+00 -0.000000000000000000e+00
3.659806915071815562e-04 4.390634348429396042e-04 7.815213621863423873e-05 2.764592094405551263e-04 1.000000000000000021e-08
6.812267705881623441e-04 2.995690786848915197e-04 3.631609149132703201e-04 1.199888042294257589e-03 1.000000000000000021e-08
8.129239446940172498e-04 1.000000000000000021e-08 2.578393641288643720e-03 3.780141812759048748e-03 1.000000000000000021e-08
3.294657328981518991e-03 1.000000000000000021e-08 7.938162055871467518e-03 1.097389787600741226e-02 1.000000000000000021e-08
5.296087971939052348e-03 1.000000000000000021e-08 2.078355521343552489e-02 1.961722602997797993e-02 1.000000000000000021e-08
8.940135635336464090e-03 1.000000000000000021e-08 3.338410013354229516e-02 2.816713943759275793e-02 1.000000000000000021e-08
1.330134767202619146e-02 1.000000000000000021e-08 4.754440257702727962e-02 3.484094172256883143e-02 4.711915013424240457e-04
2.064805455627640243e-02 1.000000000000000021e-08 6.734224047239006916e-02 3.494978918920498001e-02 5.837804203038124765e-04
2.396749928678994571e-02 1.000000000000000021e-08 8.878940502130110157e-02 3.641630321962243538e-02 3.382954714021062844e-03
1.816973377510841883e-02 1.000000000000000021e-08 1.048418465114728942e-01 3.259975153758910144e-02 1.486131336908453650e-02
2.938744159904695032e-03 1.111886490249906767e-02 1.170193826512203883e-01 2.919397475079971507e-02 3.536396100750279631e-02
1.000000000000000021e-08 1.408966711019449085e-02 1.129333567568198970e-01 3.102831824044233536e-02 7.295158743156826553e-02
1.000000000000000021e-08 6.071242539331641978e-03 9.039966567927151808e-02 4.831498141757641085e-02 1.064775447453895213e-01
1.244359251157816162e-02 1.000000000000000021e-08 5.884923834365614337e-02 7.520902369149946864e-02 1.056236655897761223e-01
7.981770591774671464e-02 1.000000000000000021e-08 2.795184526982617823e-02 9.180784194177002422e-02 5.536527907792876402e-02
1.238189206158659961e-01 8.607840110052127416e-03 8.240586814226331588e-03 8.742931470130192728e-02 1.000000000000000021e-08
1.095898788497195325e-01 3.588027050129650314e-02 2.866378390468811953e-03 6.148227055702232269e-02 1.000000000000000021e-08
6.370942554541657310e-02 4.194754080321352191e-02 8.220830224556030172e-03 2.803457374487269838e-02 1.000000000000000021e-08
2.306823768105635900e-02 2.155960924014088675e-02 1.002081687821476663e-02 8.159900594786625647e-03 1.000000000000000021e-08
6.710032744996721754e-03 6.378018217338365242e-03 9.536681689388737046e-03 6.892185333306460990e-05 1.000000000000000021e-08
3.787807880795595553e-03 1.368556890816013342e-03 9.098716208286729626e-03 1.000000000000000021e-08 1.000000000000000021e-08
2.454562419595311597e-03 1.397553288569357809e-03 8.434470614087611826e-03 1.000000000000000021e-08 1.000000000000000021e-08
1.959641176602647738e-04 1.232396008740119274e-03 3.100685086356142883e-03 1.000000000000000021e-08 1.000000000000000021e-08
1.000000000000000021e-08 1.000000000000000021e-08 6.160377282876286064e-04 1.000000000000000021e-08 1.000000000000000021e-08
0.000000000000000000e+00 -0.000000000000000000e+00 0.000000000000000000e+00 0.000000000000000000e+00 -0.000000000000000000e+00
0.000000000000000000e+00 -0.000000000000000000e+00 0.000000000000000000e+00 0.000000000000000000e+00 -0.000000000000000000e+00
0.000000000000000000e+00 -0.000000000000000000e+00 0.000000000000000000e+00 0.000000000000000000e+00 -0.000000000000000000e+00
0.000000000000000000e+00 -0.000000000000000000e+00 0.000000000000000000e+00 0.000000000000000000e+00 -0.000000000000000000e+00
3.329514570061209390e-04 1.000000000000000021e-08 2.117700567632314174e-04 7.862282160668386099e-04 1.000000000000000021e-08
7.108489614407881296e-04 1.000000000000000021e-08 1.723929853529306607e-03 4.489474006359398493e-03 1.000000000000000021e-08
1.537143489794902699e-03 1.000000000000000021e-08 9.518150788958897740e-03 1.624886541846284199e-02 1.000000000000000021e-08
8.641670789704280001e-03 1.000000000000000021e-08 2.228503414500418445e-02 3.019973077767785716e-02 1.000000000000000021e-08
2.066301479993487566e-02 1.000000000000000021e-08 4.273460672565067286e-02 4.650302301070517036e-02 1.000000000000000021e-08
3.273720895015269639e-02 1.000000000000000021e-08 6.319923358781857903e-02 5.372760936712075996e-02 1.064208118038936562e-03
4.737225052322326102e-02 1.000000000000000021e-08 8.029133436083389641e-02 5.655117829990596867e-02 6.134567378411145792e-03
5.540315263644413762e-02 1.000000000000000021e-08 9.522691694514928695e-02 5.812007171145044254e-02 1.329582942028352185e-02
5.386731259450571602e-02 1.000000000000000021e-08 1.069729892344554317e-01 5.786282894594634019e-02 2.755554195547205154e-02
3.950669676747731174e-02 1.000000000000000021e-08 1.155623916730726397e-01 5.770893069944775522e-02 5.059823496480614358e-02
1.920334393372688173e-02 1.000000000000000021e-08 1.125341063528714769e-01 6.182192766313613502e-02 7.867116400608212268e-02
7.955836562137353143e-03 1.000000000000000021e-08 9.942491496983865695e-02 7.062914710716305944e-02 9.919702294333822279e-02
2.101164905891644841e-02 1.000000000000000021e-08 7.629371317121183549e-02 8.288343982555758382e-02 9.863480739365643180e-02
6.203242832096551862e-02 1.000000000000000021e-08 5.402770748674848994e-02 9.266088082254929359e-02 7.048852398250902984e-02
1.191050754320617244e-01 1.000000000000000021e-08 3.703550120316063260e-02 8.518778068405913340e-02 1.852754658971968518e-02
1.411446823812013140e-01 1.549003015659061906e-02 2.421277267909341738e-02 5.856395065841016323e-02 1.000000000000000021e-08
1.085243594697350156e-01 3.519110980971306563e-02 2.541939431559852441e-02 2.892549815451649076e-02 1.000000000000000021e-08
6.290934764063201012e-02 3.362752288156718727e-02 2.687218439073739071e-02 6.805091317049204690e-03 1.000000000000000021e-08
2.653376444905517634e-02 1.634341493839589973e-02 2.591953480466252860e-02 4.201920707430517208e-04 1.000000000000000021e-08
1.241953547815620278e-02 4.857164309806432864e-03 2.597108830572432761e-02 1.000000000000000021e-08 1.000000000000000021e-08
6.525581163354807895e-03 2.851270169327233266e-04 2.663829698615731781e-02 1.000000000000000021e-08 1.000000000000000021e-08
2.591053056697263483e-03 2.447481755728813779e-03 2.056570593965332400e-02 1.000000000000000021e-08 1.000000000000000021e-08
1.517785526961323329e-04 1.710981473334532467e-03 8.997344207947224545e-03 1.000000000000000021e-08 1.000000000000000021e-08
1.000000000000000021e-08 1.184482361127896189e-03 3.853042727778353306e-03 1.000000000000000021e-08 1.000000000000000021e-08
0.000000000000000000e+00 -0.000000000000000000e+00 0.000000000000000000e+00 0.000000000000000000e+00 -0.000000000000000000e+00
0.000000000000000000e+00 -0.000000000000000000e+00 0.000000000000000000e+00 0.000000000000000000e+00 -0.000000000000000000e+00
0.000000000000000000e+00 -0.000000000000000000e+00 0.000000000000000000e+00 0.000000000000000000e+00 -0.000000000000000000e+00
0.000000000000000000e+00 -0.000000000000000000e+00 0.000000000000000000e+00 0.000000000000000000e+00 -0.000000000000000000e+00
1.000000000000000021e-08 1.000000000000000021e-08 1.302537812993478190e-03 2.983507858943746684e-03 1.000000000000000021e-08
9.267117560914227455e-04 1.000000000000000021e-08 4.871670544437999711e-03 1.710045369578287039e-02 1.000000000000000021e-08
7.525836938123520864e-03 1.000000000000000021e-08 1.863422105223014671e-02 3.963248878241400902e-02 1.000000000000000021e-08
2.218243193612127323e-02 1.000000000000000021e-08 4.045822033159818254e-02 6.312852876266362989e-02 1.000000000000000021e-08
4.571475293092646525e-02 1.000000000000000021e-08 6.502516808634847822e-02 6.966749653748989524e-02 7.731163820453030699e-04
6.972933294657338021e-02 1.000000000000000021e-08 7.769419825025791759e-02 6.516473386924825917e-02 1.326671459594966004e-02
8.604665451854907887e-02 1.000000000000000021e-08 8.927766660946850896e-02 5.588217868974593855e-02 2.593321391342480464e-02
8.169896546494494205e-02 1.000000000000000021e-08 1.014664376522550343e-01 4.963307404729355027e-02 4.316337018197059089e-02
6.463950979371106687e-02 1.000000000000000021e-08 1.071818974423528054e-01 5.429607637810826559e-02 6.491858012320170235e-02
4.347548181139263002e-02 1.000000000000000021e-08 1.030195681818164566e-01 6.497603348299121895e-02 8.872280392976893137e-02
3.258802937224426766e-02 1.000000000000000021e-08 9.408029185842034514e-02 7.725705897148585355e-02 1.025149492938171453e-01
4.047482553562292695e-02 1.000000000000000021e-08 8.458565342123215702e-02 8.792542651264396991e-02 9.664206363482572004e-02
6.897576023937915246e-02 1.000000000000000021e-08 7.264150791460005641e-02 9.220710313493409027e-02 7.742988753910438893e-02
1.117511981226725626e-01 1.000000000000000021e-08 6.610757481474857644e-02 8.582400119497182733e-02 4.061842005053173388e-02
1.435695611715151199e-01 1.000000000000000021e-08 6.204948080841218155e-02 6.465746918809024690e-02 1.000000000000000021e-08
1.387312597837139783e-01 1.291665722438961258e-02 6.359921525491875338e-02 3.305158167777987044e-02 1.000000000000000021e-08
9.857965896801396122e-02 2.611868485428192263e-02 7.243586606850026255e-02 8.323877915699075952e-03 1.000000000000000021e-08
6.458955409816043158e-02 2.048721580772907419e-02 7.297237690845244373e-02 1.000000000000000021e-08 1.000000000000000021e-08
3.821642369646238713e-02 1.077793999353905685e-02 6.776106209906061772e-02 1.000000000000000021e-08 1.000000000000000021e-08
1.963663136750932667e-02 3.418849671666462746e-03 6.536602338518687771e-02 1.000000000000000021e-08 1.000000000000000021e-08
1.038572234314990780e-02 3.556277649095792356e-03 5.895613641448112230e-02 1.000000000000000021e-08 1.000000000000000021e-08
3.355991437273637013e-03 1.446063253533577632e-03 4.566735357877976798e-02 1.000000000000000021e-08 1.000000000000000021e-08
1.000000000000000021e-08 1.588886780398143317e-03 2.219071656258598396e-02 1.000000000000000021e-08 1.000000000000000021e-08
1.000000000000000021e-08 6.322547840313579113e-04 7.018676033701983646e-03 1.000000000000000021e-08 1.000000000000000021e-08
0.000000000000000000e+00 -0.000000000000000000e+00 0.000000000000000000e+00 0.000000000000000000e+00 -0.000000000000000000e+00
0.000000000000000000e+00 -0.000000000000000000e+00 0.000000000000000000e+00 0.000000000000000000e+00 -0.000000000000000000e+00
0.000000000000000000e+00 -0.000000000000000000e+00 0.000000000000000000e+00 0.000000000000000000e+00 -0.000000000000000000e+00
0.000000000000000000e+00 -0.000000000000000000e+00 0.000000000000000000e+00 0.000000000000000000e+00 -0.000000000000000000e+00
1.000000000000000021e-08 1.000000000000000021e-08 3.232364265730836798e-03 1.000020126870402280e-02 1.000000000000000021e-08
1.393183555258969324e-03 1.000000000000000021e-08 8.368671860241190183e-03 3.748557896203240369e-02 1.000000000000000021e-08
1.432789483590092734e-02 1.000000000000000021e-08 2.662679407798521775e-02 7.220378811893267412e-02 1.000000000000000021e-08
4.412748194353006276e-02 1.000000000000000021e-08 5.616600636352726134e-02 8.218761973262665721e-02 5.200618154313963902e-04
7.506095812731554406e-02 1.000000000000000021e-08 7.596657266847031686e-02 7.056048173358411835e-02 1.268864162413968662e-02
9.476328042144430142e-02 1.000000000000000021e-08 8.521231288492121803e-02 5.077079860843849296e-02 3.005543410169351712e-02
8.959379142487415570e-02 1.000000000000000021e-08 9.369775519837225675e-02 3.608015600520891181e-02 4.965793438091142820e-02
5.934776843560343740e-02 1.000000000000000021e-08 9.942382809125378806e-02 3.742248928146070519e-02 6.971590247134114293e-02
2.837198693312953032e-02 1.000000000000000021e-08 9.399952888190855893e-02 5.282992312562478227e-02 9.573321682502880514e-02
1.317341853048567026e-02 1.035192717893562708e-02 8.733523118098748816e-02 7.552722621271031056e-02 1.041350509991970374e-01
2.342933914429275177e-02 7.147245519949209543e-03 8.161343716270659521e-02 9.053581057094474416e-02 1.034603971310947002e-01
5.591623236851729628e-02 1.000000000000000021e-08 7.588954906354937469e-02 9.353391284239208348e-02 8.383507109541447899e-02
9.789208450645235648e-02 1.000000000000000021e-08 7.505932235114591566e-02 8.483345054504348726e-02 6.021333263179298734e-02
1.320540869040775500e-01 1.000000000000000021e-08 7.169606440710185602e-02 6.830811947381307259e-02 3.605117566666152240e-02
1.416088729703909865e-01 1.000000000000000021e-08 7.617455857264729402e-02 4.742486809898808359e-02 7.297787095761795219e-03
1.201458558270297877e-01 1.000000000000000021e-08 8.957398344087390274e-02 2.502493047929875425e-02 1.000000000000000021e-08
8.891754705021841232e-02 1.000000000000000021e-08 1.031252857427649577e-01 9.419801304418808086e-03 1.000000000000000021e-08
6.265634893361933522e-02 1.809260766189599431e-03 1.107710556683452613e-01 1.000000000000000021e-08 1.000000000000000021e-08
4.151304324920983280e-02 1.000000000000000021e-08 1.119176281519109334e-01 1.000000000000000021e-08 1.000000000000000021e-08
2.705028184546183143e-02 4.006298975476287245e-04 1.040689720107108862e-01 1.000000000000000021e-08 1.000000000000000021e-08
1.516663871106515953e-02 2.475637572640806451e-03 8.785748434976582699e-02 1.000000000000000021e-08 1.000000000000000021e-08
7.133801547273655591e-03 1.000000000000000021e-08 6.489635726512915648e-02 1.000000000000000021e-08 1.000000000000000021e-08
2.305607720414414204e-03 1.000000000000000021e-08 3.191464872249270834e-02 1.000000000000000021e-08 1.000000000000000021e-08
1.000000000000000021e-08 1.000000000000000021e-08 8.778103550125881255e-03 1.000000000000000021e-08 1.000000000000000021e-08
1.000000000000000021e-08 9.766400341805072275e-06 2.408216385020253442e-04 1.000000000000000021e-08 1.000000000000000021e-08
0.000000000000000000e+00 -0.000000000000000000e+00 0.000000000000000000e+00 0.000000000000000000e+00 -0.000000000000000000e+00
0.000000000000000000e+00 -0.000000000000000000e+00 0.000000000000000000e+00 0.000000000000000000e+00 -0.000000000000000000e+00
0.000000000000000000e+00 -0.000000000000000000e+00 0.000000000000000000e+00 0.000000000000000000e+00 -0.000000000000000000e+00
1.000000000000000021e-08 1.000000000000000021e-08 4.553750312034347651e-03 1.893142548952676460e-02 1.000000000000000021e-08
1.000000000000000021e-08 1.000000000000000021e-08 1.246446644549662440e-02 6.240788734249549247e-02 1.000000000000000021e-08
2.232583208412138379e-02 1.000000000000000021e-08 2.669393934465560600e-02 9.643966003472648207e-02 1.000000000000000021e-08
6.562500864452822102e-02 1.000000000000000021e-08 5.438159945464387385e-02 8.714220352702090056e-02 1.121306436281628745e-02
9.054996524889158405e-02 1.000000000000000021e-08 7.515675460441391398e-02 6.302978175397297433e-02 3.401024790261324149e-02
8.548060633319143342e-02 1.000000000000000021e-08 8.988630519955030651e-02 3.872666629524073451e-02 5.592629887321376447e-02
5.029178358768024437e-02 1.000000000000000021e-08 9.501226565013223824e-02 3.648922751496103123e-02 8.043781773300322235e-02
9.056500672015682998e-03 6.001999391610514899e-04 9.546178827016976731e-02 4.963717783066767808e-02 9.815978768769918761e-02
1.000000000000000021e-08 2.013128703244088102e-02 8.818399016672760771e-02 7.675908223384590723e-02 1.048604877819492992e-01
1.000000000000000021e-08 1.987457543634666909e-02 7.837079618544742776e-02 9.287768064912703403e-02 1.057651222385262990e-01
2.784724730771828000e-02 1.223759240622467742e-02 7.351818716480916505e-02 9.340614637442896939e-02 9.194892448759600656e-02
7.392746833815756757e-02 1.000000000000000021e-08 6.867760500187350403e-02 7.801365923585552864e-02 7.159340374704967203e-02
1.132098747776440206e-01 1.000000000000000021e-08 6.171837221806838331e-02 5.872450224547271641e-02 5.427388854661612666e-02
1.285003051875460156e-01 1.000000000000000021e-08 6.093379747535384444e-02 4.677906209512191354e-02 4.230767154892640936e-02
1.192697473103309230e-01 1.000000000000000021e-08 7.171930826900041467e-02 3.839289349706196536e-02 3.362137507167724249e-02
9.490946392549541588e-02 1.000000000000000021e-08 8.680479617295114303e-02 3.270595698386840472e-02 2.690730299652771898e-02
7.380739018516201122e-02 1.000000000000000021e-08 9.863759608955649516e-02 1.810608175525790092e-02 2.178679628439264895e-02
5.470991089909595095e-02 1.000000000000000021e-08 1.112931400951021749e-01 5.973538928203253433e-03 1.632465767731763884e-02
3.960922229074263778e-02 1.000000000000000021e-08 1.149702629164968404e-01 1.000000000000000021e-08 1.153911885289773780e-02
2.571840715670623348e-02 1.000000000000000021e-08 1.068575167671347304e-01 1.000000000000000021e-08 9.937189571808106858e-03
1.406276561433883292e-02 3.531687754184143456e-03 8.985830034394903798e-02 1.000000000000000021e-08 7.550830925854598412e-03
5.692763813851527827e-03 1.000000000000000021e-08 6.272863047307809803e-02 1.000000000000000021e-08 8.210651784908082340e-03
2.015565047995052789e-03 1.000000000000000021e-08 2.722805900332932530e-02 1.000000000000000021e-08 1.892174913720863234e-03
1.000000000000000021e-08 4.648264762289832888e-05 3.009422385860177889e-03 1.000000000000000021e-08 6.209548934970142008e-05
1.000000000000000021e-08 3.990572182673025757e-06 9.840023938792431205e-05 1.000000000000000021e-08 1.000000000000000021e-08
0.000000000000000000e+00 -0.000000000000000000e+00 0.000000000000000000e+00 0.000000000000000000e+00 -0.000000000000000000e+00
0.000000000000000000e+00 -0.000000000000000000e+00 0.000000000000000000e+00 0.000000000000000000e+00 -0.000000000000000000e+00
5.826304440791673701e-05 1.000000000000000021e-08 1.000000000000000021e-08 1.896328226514977207e-04 8.114598777167932053e-05
1.000000000000000021e-08 1.000000000000000021e-08 4.810953261795097510e-03 2.958006388926650090e-02 1.000000000000000021e-08
1.000000000000000021e-08 1.000000000000000021e-08 9.075816881787625995e-03 7.976027805717531005e-02 1.000000000000000021e-08
2.640594977452724243e-02 1.000000000000000021e-08 1.755889727248143711e-02 1.117393400865890063e-01 3.274520865975599337e-03
6.853645074876203724e-02 1.000000000000000021e-08 3.779187623304409299e-02 1.032244842569074311e-01 2.573069908012847601e-02
8.601198372750318288e-02 1.000000000000000021e-08 5.879473223675281413e-02 7.792547050007743448e-02 5.405240461089036441e-02
6.602436803792460784e-02 1.000000000000000021e-08 7.593665258068371671e-02 5.953518730684965315e-02 8.370880872060335043e-02
2.916092415433427926e-02 1.000000000000000021e-08 8.404000630691965679e-02 6.231428672978268218e-02 1.036133516474787158e-01
1.000000000000000021e-08 1.572208412090234445e-02 8.190613087389614355e-02 7.872309977788490010e-02 1.085868884593039208e-01
1.000000000000000021e-08 3.580134109218804234e-02 6.778716623652930595e-02 9.138560186478272840e-02 1.027315514650089662e-01
2.402896431701618402e-02 3.834127617157850193e-02 5.393609523403798678e-02 8.663543205999410524e-02 9.383411070753817917e-02
6.624379014862993853e-02 3.655472714205450224e-02 4.550100151540101279e-02 6.223709012035362476e-02 7.764129421618984339e-02
1.067729867265434507e-01 3.900216039978483124e-02 4.126138824556116469e-02 2.942325289244528477e-02 5.862995183301826507e-02
1.091263222380678827e-01 4.207943546682483410e-02 3.588730971506862155e-02 2.345244842385577067e-02 4.978211942572081244e-02
9.189153347648751358e-02 3.359895392541335096e-02 3.475870023003947706e-02 3.274627067677814141e-02 5.713875109000425556e-02
6.615485420049886656e-02 1.702206336230390610e-02 3.781485154409958138e-02 4.346856151534793378e-02 6.824025901413864614e-02
4.780020525375425211e-02 1.000000000000000021e-08 4.352980832883668327e-02 4.674380982071614510e-02 7.724946364314173863e-02
4.127252159868617654e-02 1.000000000000000021e-08 5.578767142673338869e-02 3.146873373011306596e-02 7.096455784701719005e-02
3.280766207363228909e-02 1.000000000000000021e-08 6.484667302442480297e-02 1.577317495063899899e-02 6.517095239406499319e-02
2.313740170870529078e-02 1.000000000000000021e-08 6.895264806505116417e-02 2.149878396138714311e-03 5.476987342051983093e-02
1.671060420658913165e-02 1.000000000000000021e-08 6.510540166966875819e-02 1.000000000000000021e-08 4.360502750332199279e-02
1.005037276947239565e-02 1.000000000000000021e-08 5.583113212261271718e-02 1.000000000000000021e-08 2.991026970193589804e-02
4.234514758290295125e-03 1.000000000000000021e-08 3.743590346423976423e-02 1.000000000000000021e-08 1.807670446216108270e-02
1.488193346821735461e-03 1.000000000000000021e-08 1.274344315723362556e-02 1.000000000000000021e-08 6.090753139433502904e-03
1.800625645150394621e-04 7.689976901295634106e-04 1.154737920790496232e-03 1.000000000000000021e-08 4.340590298920228026e-05
0.000000000000000000e+00 -0.000000000000000000e+00 0.000000000000000000e+00 0.000000000000000000e+00 -0.000000000000000000e+00
0.000000000000000000e+00 -0.000000000000000000e+00 0.000000000000000000e+00 0.000000000000000000e+00 -0.000000000000000000e+00
0.000000000000000000e+00 -0.000000000000000000e+00 0.000000000000000000e+00 0.000000000000000000e+00 -0.000000000000000000e+00
1.000000000000000021e-08 1.000000000000000021e-08 1.000000000000000021e-08 1.075804612021166685e-03 3.190953092766637749e-04
1.000000000000000021e-08 1.000000000000000021e-08 2.430947554364063911e-03 3.050300916074887361e-02 1.000000000000000021e-08
1.000000000000000021e-08 1.000000000000000021e-08 1.762302154304894695e-03 8.184724309944550746e-02 1.000000000000000021e-08
2.123339247322287432e-02 1.000000000000000021e-08 5.144284879784529353e-04 1.162598508505187506e-01 1.032909224797695820e-02
5.648304371704294252e-02 1.000000000000000021e-08 9.756198768264725055e-03 1.183327271812860820e-01 3.647378454289879751e-02
7.791459027616232103e-02 1.000000000000000021e-08 2.306299750605043941e-02 9.906806916941622576e-02 6.446706070728319693e-02
7.246039356166156242e-02 1.000000000000000021e-08 3.380900015156267785e-02 8.222116615585782495e-02 9.604582194885559476e-02
5.172231540426105306e-02 1.000000000000000021e-08 3.808639525501222173e-02 7.829731991939406499e-02 1.149167974561136063e-01
4.418216988973713844e-02 3.749058664914407119e-02 3.062627866839796181e-02 7.578009113153302834e-02 1.105845698456699999e-01
5.617754697498452549e-02 6.438790804319477479e-02 2.063979332365008593e-02 6.451850691968771812e-02 9.776789528732877932e-02
8.687140656045058695e-02 8.087572217652612416e-02 1.246490677107581560e-02 3.500762240066043057e-02 7.974596462129633634e-02
1.112567516501616754e-01 1.001081775943794827e-01 7.257117645983254296e-03 4.616897396779376730e-03 5.520099139685978595e-02
1.068537700427004966e-01 1.161517636170509432e-01 7.062155586592106134e-03 1.000000000000000021e-08 4.107825357746122674e-02
7.987150067101093931e-02 1.207876430952567332e-01 6.404069433569066147e-03 1.000000000000000021e-08 4.020217444492253656e-02
4.093501206608822496e-02 1.096659247132947823e-01 4.476861800969536738e-03 2.050167711923692529e-02 5.523532845669461983e-02
1.296996772687165900e-02 7.698713959200480239e-02 2.488699992130478499e-03 3.781202736804833292e-02 8.037047120788230747e-02
5.534150329600666038e-03 4.737887519996500374e-02 4.296839434241380047e-03 4.512717403109463288e-02 9.501237659916789147e-02
4.189397079836808258e-03 2.995193492468345778e-02 1.302394407256978609e-02 4.074435752352604384e-02 9.593300742471909393e-02
7.713930590326065727e-03 1.839131842189705920e-02 1.838387822911151034e-02 2.677431051203252310e-02 9.145135609430272983e-02
1.063976012400758703e-02 4.928677868056859264e-03 2.265981761449090137e-02 1.153770054197708270e-02 7.938492364117671896e-02
1.021844535025808257e-02 1.000000000000000021e-08 2.549927156302342693e-02 1.000000000000000021e-08 5.932513437381423810e-02
6.118438431718503309e-03 1.000000000000000021e-08 2.177972499435296833e-02 1.000000000000000021e-08 3.975846751566567555e-02
3.032149843598867019e-03 1.000000000000000021e-08 1.392307600468045518e-02 1.000000000000000021e-08 2.079432092004372332e-02
9.700341940798519512e-04 1.000000000000000021e-08 3.070022418096035599e-03 1.000000000000000021e-08 7.207098532875330990e-03
1.000000000000000021e-08 2.219788458367696546e-03 9.381447629473946281e-04 1.000000000000000021e-08 1.000000000000000021e-08
0.000000000000000000e+00 -0.000000000000000000e+00 0.000000000000000000e+00 0.000000000000000000e+00 -0.000000000000000000e+00
0.000000000000000000e+00 -0.000000000000000000e+00 0.000000000000000000e+00 0.000000000000000000e+00 -0.000000000000000000e+00
0.000000000000000000e+00 -0.000000000000000000e+00 0.000000000000000000e+00 0.000000000000000000e+00 -0.000000000000000000e+00
1.000000000000000021e-08 1.262646878927554733e-03 1.000000000000000021e-08 1.570153216198950149e-03 5.024253612420043154e-05
1.000000000000000021e-08 1.930910816065285968e-03 2.539445701794776681e-04 2.218013472179303919e-02 1.000000000000000021e-08
1.000000000000000021e-08 1.000000000000000021e-08 1.000000000000000021e-08 5.848314247041775521e-02 1.000000000000000021e-08
5.827931483399024538e-03 1.000000000000000021e-08 1.000000000000000021e-08 1.013851648620206908e-01 1.067289660853395529e-02
3.474563432879421154e-02 1.000000000000000021e-08 1.000000000000000021e-08 1.118663443582365025e-01 3.584633485737231950e-02
6.540139683924399427e-02 1.000000000000000021e-08 1.000000000000000021e-08 1.010633068069943519e-01 6.383438307498101594e-02
8.222582587596108383e-02 1.596512467372657737e-03 1.000000000000000021e-08 8.069281365385917726e-02 8.509953027278822912e-02
8.788438054582398129e-02 4.014955785661573212e-02 1.000000000000000021e-08 6.099429001812379375e-02 9.428403939004727230e-02
9.410823599082035473e-02 8.378999266636792675e-02 1.000000000000000021e-08 4.028417089068599827e-02 8.412445179137105489e-02
1.049262692706063732e-01 1.232933364323368364e-01 1.000000000000000021e-08 1.358277063926941614e-02 6.456996461618917660e-02
1.143503800692620004e-01 1.499521537495845103e-01 1.000000000000000021e-08 1.000000000000000021e-08 3.915846006763126080e-02
1.000200359108403408e-01 1.675694725888707270e-01 1.000000000000000021e-08 1.000000000000000021e-08 2.038070993555633065e-02
6.938622208184988538e-02 1.711452626189338411e-01 1.000000000000000021e-08 1.000000000000000021e-08 1.626094015596010398e-02
2.805724316344673092e-02 1.693501664376061699e-01 1.000000000000000021e-08 1.000000000000000021e-08 1.967832259392370692e-02
1.000000000000000021e-08 1.549055116886544348e-01 1.000000000000000021e-08 1.419360854078128252e-02 3.319606216621927980e-02
1.000000000000000021e-08 1.341116774149488933e-01 1.000000000000000021e-08 3.046046495091601566e-02 4.748996657877727762e-02
1.000000000000000021e-08 1.056754196260023954e-01 1.000000000000000021e-08 3.818607792198067119e-02 6.038286518052426305e-02
1.000000000000000021e-08 7.387361604451334052e-02 1.000000000000000021e-08 3.672606292152658103e-02 6.750820283487252160e-02
1.000000000000000021e-08 4.010674056832967682e-02 1.000000000000000021e-08 2.781585797127606591e-02 7.122294283822076799e-02
9.577210197184347039e-04 1.244273987064582927e-02 1.000000000000000021e-08 1.590937250771869496e-02 6.411414525919667540e-02
4.756477581153638508e-03 1.000000000000000021e-08 4.094924288098818026e-03 4.312191192329156014e-03 5.006780386015309559e-02
6.433133105835970797e-03 1.000000000000000021e-08 6.811264898805016559e-03 1.000000000000000021e-08 3.190530290537472308e-02
4.769485724276468185e-03 1.000000000000000021e-08 3.249689889858263514e-03 1.000000000000000021e-08 1.540674059073780452e-02
1.985331464884275941e-03 1.000000000000000021e-08 1.200147734233648206e-03 1.000000000000000021e-08 4.387462426426510381e-03
1.000000000000000021e-08 4.089606952170623459e-04 1.243019566930117319e-04 1.000000000000000021e-08 1.000000000000000021e-08
0.000000000000000000e+00 -0.000000000000000000e+00 0.000000000000000000e+00 0.000000000000000000e+00 -0.000000000000000000e+00
0.000000000000000000e+00 -0.000000000000000000e+00 0.000000000000000000e+00 0.000000000000000000e+00 -0.000000000000000000e+00
0.000000000000000000e+00 -0.000000000000000000e+00 0.000000000000000000e+00 0.000000000000000000e+00 -0.000000000000000000e+00
3.522886731307941317e-04 1.366293404204797649e-03 1.000000000000000021e-08 5.154451327026877147e-04 1.000000000000000021e-08
1.000000000000000021e-08 3.016775548461299999e-03 1.000000000000000021e-08 1.041621360657343266e-02 1.000000000000000021e-08
1.000000000000000021e-08 6.970291854292227224e-03 1.000000000000000021e-08 2.763061511341815754e-02 1.000000000000000021e-08
1.497298305711558135e-05 6.642794262873042387e-03 1.000000000000000021e-08 5.600456066593920146e-02 1.240518455900345386e-03
1.313750124768076934e-02 1.546988157326904464e-02 1.000000000000000021e-08 7.393978676195316069e-02 1.184176439640399411e-02
3.783889217436220420e-02 2.859141331559668375e-02 1.000000000000000021e-08 7.411422838953173053e-02 3.137367092212237779e-02
6.878977305533276465e-02 4.765843651790932500e-02 1.000000000000000021e-08 5.400410352809128373e-02 4.225552487991340866e-02
8.666988499396646728e-02 8.437841519456310002e-02 1.000000000000000021e-08 2.824381793335882865e-02 4.312785907530045787e-02
9.474036191861674727e-02 1.316222563556855019e-01 1.000000000000000021e-08 1.952276266419058874e-03 3.016507358261021066e-02
9.165111026423856944e-02 1.615341967117047139e-01 1.000000000000000021e-08 1.000000000000000021e-08 1.442028908616278630e-02
7.387503524924622644e-02 1.714053837315539508e-01 1.000000000000000021e-08 1.000000000000000021e-08 1.265608233621884956e-03
4.696412756730947158e-02 1.605098776755190249e-01 1.000000000000000021e-08 1.000000000000000021e-08 1.000000000000000021e-08
2.126085769942207687e-02 1.482041209283895544e-01 1.000000000000000021e-08 1.000000000000000021e-08 1.000000000000000021e-08
1.843065043769242422e-03 1.397677094298704625e-01 1.000000000000000021e-08 1.000000000000000021e-08 1.425052264003827483e-03
1.000000000000000021e-08 1.330671498143695397e-01 1.000000000000000021e-08 9.883437169124341393e-03 5.177305893949150049e-03
1.000000000000000021e-08 1.215004038403593167e-01 1.000000000000000021e-08 2.069705008863073625e-02 1.179911221761293337e-02
1.000000000000000021e-08 9.876017354218248612e-02 1.000000000000000021e-08 2.539925591977086616e-02 2.007320233628345427e-02
1.000000000000000021e-08 6.445269311244219979e-02 1.000000000000000021e-08 2.258401099283387919e-02 2.777715857129685328e-02
1.000000000000000021e-08 3.665275904994048234e-02 1.000000000000000021e-08 1.667025518236432344e-02 3.326341975636612491e-02
1.364632297799818397e-03 1.447247854048471470e-02 1.000000000000000021e-08 1.202797035357987439e-02 3.270187980331622224e-02
3.473000671106792493e-03 4.351538523804251990e-03 7.211540399457058150e-04 4.499627871674886752e-03 2.480672960910086655e-02
3.309994821369653412e-03 1.000000000000000021e-08 3.723823193163895706e-03 1.000000000000000021e-08 1.481460107280550831e-02
3.534007870978670297e-03 1.000000000000000021e-08 1.601545773326403140e-03 1.000000000000000021e-08 8.428040882924522914e-03
1.877936576285861017e-03 1.000000000000000021e-08 4.252757274736945889e-04 1.000000000000000021e-08 2.263617459540164488e-03
1.664445885523246275e-04 9.122100665179359033e-05 1.000000000000000021e-08 1.000000000000000021e-08 6.570346217186077737e-05
0.000000000000000000e+00 -0.000000000000000000e+00 0.000000000000000000e+00 0.000000000000000000e+00 -0.000000000000000000e+00
0.000000000000000000e+00 -0.000000000000000000e+00 0.000000000000000000e+00 0.000000000000000000e+00 -0.000000000000000000e+00
0.000000000000000000e+00 -0.000000000000000000e+00 0.000000000000000000e+00 0.000000000000000000e+00 -0.000000000000000000e+00
0.000000000000000000e+00 -0.000000000000000000e+00 0.000000000000000000e+00 0.000000000000000000e+00 -0.000000000000000000e+00
1.000000000000000021e-08 1.000000000000000021e-08 1.001411621551573594e-04 1.395827022071196091e-03 2.001292677767077977e-04
1.000000000000000021e-08 4.532783572910026142e-03 1.000000000000000021e-08 7.021253935709510612e-03 1.000000000000000021e-08
1.000000000000000021e-08 1.146967764748242115e-02 1.000000000000000021e-08 1.631411673113214791e-02 1.000000000000000021e-08
1.051528325733503679e-03 2.594202747992874203e-02 1.000000000000000021e-08 2.649722458875031911e-02 1.000000000000000021e-08
9.494373532690907405e-03 4.434538401186158968e-02 1.000000000000000021e-08 2.628717484764719892e-02 1.000000000000000021e-08
2.150880876950587300e-02 6.338446361625907355e-02 1.000000000000000021e-08 1.718457463785239697e-02 1.000000000000000021e-08
3.045589317781730032e-02 8.590947783041313901e-02 1.000000000000000021e-08 4.680662950478082021e-03 1.000000000000000021e-08
3.025629050261641889e-02 9.988755649928120206e-02 1.000000000000000021e-08 1.000000000000000021e-08 1.000000000000000021e-08
2.155566119716220697e-02 1.043133402183273190e-01 1.000000000000000021e-08 1.000000000000000021e-08 1.000000000000000021e-08
1.191629724678410808e-02 9.836817682675995378e-02 1.000000000000000021e-08 1.000000000000000021e-08 1.000000000000000021e-08
1.036845036005609082e-03 8.436582895523137005e-02 1.000000000000000021e-08 1.000000000000000021e-08 1.000000000000000021e-08
1.000000000000000021e-08 7.357696754897236069e-02 1.000000000000000021e-08 1.000000000000000021e-08 1.000000000000000021e-08
1.000000000000000021e-08 6.486419566286757976e-02 1.000000000000000021e-08 1.123767671796299487e-03 1.000000000000000021e-08
1.000000000000000021e-08 6.024363233488704006e-02 1.000000000000000021e-08 6.599143149324120800e-03 1.000000000000000021e-08
1.000000000000000021e-08 5.337361646173931912e-02 1.000000000000000021e-08 1.045784673258906387e-02 1.000000000000000021e-08
1.000000000000000021e-08 4.258637667700469059e-02 1.000000000000000021e-08 9.977862560850684140e-03 4.611686979993837965e-04
1.000000000000000021e-08 3.384376885626991238e-02 1.000000000000000021e-08 6.841124936798067581e-03 8.256992213203033894e-04
1.000000000000000021e-08 2.654769270693248598e-02 1.414912570553578661e-04 4.555214042357142237e-03 1.168911327024825964e-03
5.791301393524810178e-04 1.927048905213871871e-02 1.534519576384084155e-03 3.209486768241059853e-03 2.209978342401250611e-03
2.373582424812256935e-03 1.254689526305792502e-02 2.902237070631139178e-03 1.000000000000000021e-08 2.396021347755957192e-03
2.218575209350684765e-03 8.178119979188127470e-03 2.518155507345790599e-03 1.000000000000000021e-08 1.000000000000000021e-08
1.000000000000000021e-08 2.379436480925712413e-03 9.153858721209801475e-04 1.000000000000000021e-08 1.000000000000000021e-08
3.267075997554819464e-05 3.467891120809487053e-04 1.000000000000000021e-08 1.000000000000000021e-08 3.389983862759128223e-05
1.992209347668066639e-04 3.319666309308956899e-04 7.273554573461496985e-05 1.000000000000000021e-08 1.000000000000000021e-08
0.000000000000000000e+00 -0.000000000000000000e+00 0.000000000000000000e+00 0.000000000000000000e+00 -0.000000000000000000e+00
0.000000000000000000e+00 -0.000000000000000000e+00 0.000000000000000000e+00 0.000000000000000000e+00 -0.000000000000000000e+00
0.000000000000000000e+00 -0.000000000000000000e+00 0.000000000000000000e+00 0.000000000000000000e+00 -0.000000000000000000e+00
0.000000000000000000e+00 -0.000000000000000000e+00 0.000000000000000000e+00 0.000000000000000000e+00 -0.000000000000000000e+00
1.000000000000000021e-08 2.434304854674716208e-05 1.000000000000000021e-08 2.474023302814282654e-04 1.000000000000000021e-08
1.000000000000000021e-08 1.234769734074416198e-03 1.000000000000000021e-08 9.786909628112792133e-04 1.000000000000000021e-08
1.000000000000000021e-08 2.753380609141967052e-03 1.000000000000000021e-08 1.647277346218122256e-03 1.000000000000000021e-08
1.000000000000000021e-08 9.572940088371390335e-03 1.298334807105187426e-04 3.144241966766421568e-03 1.000000000000000021e-08
1.000000000000000021e-08 1.512173548964835385e-02 1.000000000000000021e-08 3.811215827550402512e-03 1.000000000000000021e-08
1.000000000000000021e-08 1.784320491687746077e-02 1.000000000000000021e-08 2.575721869476194168e-03 1.000000000000000021e-08
1.102100122870633761e-03 1.940172537852178497e-02 1.000000000000000021e-08 1.360731327431409033e-03 1.000000000000000021e-08
1.338174462685488581e-03 2.037902895438390566e-02 5.326491174617825446e-04 1.412162308396261391e-04 1.000000000000000021e-08
1.000000000000000021e-08 1.920399854649839158e-02 2.341940768518438866e-04 5.880578864013573002e-05 1.000000000000000021e-08
1.000000000000000021e-08 1.846532533880649099e-02 1.000000000000000021e-08 7.761008227790289898e-05 1.000000000000000021e-08
1.000000000000000021e-08 1.810257035448283383e-02 1.000000000000000021e-08 1.000000000000000021e-08 1.000000000000000021e-08
1.000000000000000021e-08 1.238653851978231690e-02 1.000000000000000021e-08 1.000000000000000021e-08 1.000000000000000021e-08
1.000000000000000021e-08 1.100108616613513016e-02 1.000000000000000021e-08 5.783142805558788959e-04 1.000000000000000021e-08
1.000000000000000021e-08 1.195900559406792504e-02 1.000000000000000021e-08 1.173524145378226826e-03 1.000000000000000021e-08
1.000000000000000021e-08 1.254752176993010303e-02 2.123531799328884720e-04 5.541962713940155145e-04 1.000000000000000021e-08
1.000000000000000021e-08 1.056197285320109071e-02 3.703463811953944446e-04 1.000000000000000021e-08 1.000000000000000021e-08
1.000000000000000021e-08 7.721931715083619509e-03 7.632586633962570389e-04 1.000000000000000021e-08 1.000000000000000021e-08
1.000000000000000021e-08 5.687546923577288353e-03 9.284207868269121148e-04 1.000000000000000021e-08 1.000000000000000021e-08
7.688887904060521205e-05 4.154808557893697671e-03 6.637177901431914103e-04 1.000000000000000021e-08 1.000000000000000021e-08
1.382451133134789253e-03 3.986742520584400824e-03 7.154859026186620756e-04 1.000000000000000021e-08 1.000000000000000021e-08
8.708418024176083983e-04 3.499348461668651007e-03 2.535660257653529499e-04 1.000000000000000021e-08 1.000000000000000021e-08
5.593011842793099687e-05 1.878894126732226152e-03 1.745563490501702783e-04 1.000000000000000021e-08 1.000000000000000021e-08
1.000000000000000021e-08 2.089730617360167366e-04 3.997495964263899493e-05 1.000000000000000021e-08 1.000000000000000021e-08
0.000000000000000000e+00 -0.000000000000000000e+00 0.000000000000000000e+00 0.000000000000000000e+00 -0.000000000000000000e+00
0.000000000000000000e+00 -0.000000000000000000e+00 0.000000000000000000e+00 0.000000000000000000e+00 -0.000000000000000000e+00
0.000000000000000000e+00 -0.000000000000000000e+00 0.000000000000000000e+00 0.000000000000000000e+00 -0.000000000000000000e+00
0.000000000000000000e+00 -0.000000000000000000e+00 0.000000000000000000e+00 0.000000000000000000e+00 -0.000000000000000000e+00
0.000000000000000000e+00 -0.000000000000000000e+00 0.000000000000000000e+00 0.000000000000000000e+00 -0.000000000000000000e+00
0.000000000000000000e+00 -0.000000000000000000e+00 0.000000000000000000e+00 0.000000000000000000e+00 -0.000000000000000000e+00
0.000000000000000000e+00 -0.000000000000000000e+00 0.000000000000000000e+00 0.000000000000000000e+00 -0.000000000000000000e+00
0.000000000000000000e+00 -0.000000000000000000e+00 0.000000000000000000e+00 0.000000000000000000e+00 -0.000000000000000000e+00
0.000000000000000000e+00 -0.000000000000000000e+00 0.000000000000000000e+00 0.000000000000000000e+00 -0.000000000000000000e+00
0.000000000000000000e+00 -0.000000000000000000e+00 0.000000000000000000e+00 0.000000000000000000e+00 -0.000000000000000000e+00
0.000000000000000000e+00 -0.000000000000000000e+00 0.000000000000000000e+00 0.000000000000000000e+00 -0.000000000000000000e+00
0.000000000000000000e+00 -0.000000000000000000e+00 0.000000000000000000e+00 0.000000000000000000e+00 -0.000000000000000000e+00
0.000000000000000000e+00 -0.000000000000000000e+00 0.000000000000000000e+00 0.000000000000000000e+00 -0.000000000000000000e+00
0.000000000000000000e+00 -0.000000000000000000e+00 0.000000000000000000e+00 0.000000000000000000e+00 -0.000000000000000000e+00
0.000000000000000000e+00 -0.000000000000000000e+00 0.000000000000000000e+00 0.000000000000000000e+00 -0.000000000000000000e+00
0.000000000000000000e+00 -0.000000000000000000e+00 0.000000000000000000e+00 0.000000000000000000e+00 -0.000000000000000000e+00
0.000000000000000000e+00 -0.000000000000000000e+00 0.000000000000000000e+00 0.000000000000000000e+00 -0.000000000000000000e+00
0.000000000000000000e+00 -0.000000000000000000e+00 0.000000000000000000e+00 0.000000000000000000e+00 -0.000000000000000000e+00
0.000000000000000000e+00 -0.000000000000000000e+00 0.000000000000000000e+00 0.000000000000000000e+00 -0.000000000000000000e+00
4.162703101734156763e-05 1.400700498308779279e-04 4.902838420215251315e-06 1.000000000000000021e-08 1.000000000000000021e-08
2.940748320257354897e-04 9.895271262245900531e-04 3.463618109764973274e-05 1.000000000000000021e-08 1.000000000000000021e-08
3.397302853995942586e-04 1.143152342168132730e-03 4.001348775207927666e-05 1.000000000000000021e-08 1.000000000000000021e-08
1.490516271911263252e-04 5.015411461686278619e-04 1.755532466593207874e-05 1.000000000000000021e-08 1.000000000000000021e-08
0.000000000000000000e+00 -0.000000000000000000e+00 0.000000000000000000e+00 0.000000000000000000e+00 -0.000000000000000000e+00
0.000000000000000000e+00 -0.000000000000000000e+00 0.000000000000000000e+00 0.000000000000000000e+00 -0.000000000000000000e+00
0.000000000000000000e+00 -0.000000000000000000e+00 0.000000000000000000e+00 0.000000000000000000e+00 -0.000000000000000000e+00
0.000000000000000000e+00 -0.000000000000000000e+00 0.000000000000000000e+00 0.000000000000000000e+00 -0.000000000000000000e+00
0.000000000000000000e+00 -0.000000000000000000e+00 0.000000000000000000e+00 0.000000000000000000e+00 -0.000000000000000000e+00
0.000000000000000000e+00 -0.000000000000000000e+00 0.000000000000000000e+00 0.000000000000000000e+00 -0.000000000000000000e+00
0.000000000000000000e+00 -0.000000000000000000e+00 0.000000000000000000e+00 0.000000000000000000e+00 -0.000000000000000000e+00
0.000000000000000000e+00 -0.000000000000000000e+00 0.000000000000000000e+00 0.000000000000000000e+00 -0.000000000000000000e+00
0.000000000000000000e+00 -0.000000000000000000e+00 0.000000000000000000e+00 0.000000000000000000e+00 -0.000000000000000000e+00
0.000000000000000000e+00 -0.000000000000000000e+00 0.000000000000000000e+00 0.000000000000000000e+00 -0.000000000000000000e+00
0.000000000000000000e+00 -0.000000000000000000e+00 0.000000000000000000e+00 0.000000000000000000e+00 -0.000000000000000000e+00
0.000000000000000000e+00 -0.000000000000000000e+00 0.000000000000000000e+00 0.000000000000000000e+00 -0.000000000000000000e+00
0.000000000000000000e+00 -0.000000000000000000e+00 0.000000000000000000e+00 0.000000000000000000e+00 -0.000000000000000000e+00
0.000000000000000000e+00 -0.000000000000000000e+00 0.000000000000000000e+00 0.000000000000000000e+00 -0.000000000000000000e+00
0.000000000000000000e+00 -0.000000000000000000e+00 0.000000000000000000e+00 0.000000000000000000e+00 -0.000000000000000000e+00
0.000000000000000000e+00 -0.000000000000000000e+00 0.000000000000000000e+00 0.000000000000000000e+00 -0.000000000000000000e+00
0.000000000000000000e+00 -0.000000000000000000e+00 0.000000000000000000e+00 0.000000000000000000e+00 -0.000000000000000000e+00
0.000000000000000000e+00 -0.000000000000000000e+00 0.000000000000000000e+00 0.000000000000000000e+00 -0.000000000000000000e+00
0.000000000000000000e+00 -0.000000000000000000e+00 0.000000000000000000e+00 0.000000000000000000e+00 -0.000000000000000000e+00
0.000000000000000000e+00 -0.000000000000000000e+00 0.000000000000000000e+00 0.000000000000000000e+00 -0.000000000000000000e+00
0.000000000000000000e+00 -0.000000000000000000e+00 0.000000000000000000e+00 0.000000000000000000e+00 -0.000000000000000000e+00
0.000000000000000000e+00 -0.000000000000000000e+00 0.000000000000000000e+00 0.000000000000000000e+00 -0.000000000000000000e+00
0.000000000000000000e+00 -0.000000000000000000e+00 0.000000000000000000e+00 0.000000000000000000e+00 -0.000000000000000000e+00
0.000000000000000000e+00 -0.000000000000000000e+00 0.000000000000000000e+00 0.000000000000000000e+00 -0.000000000000000000e+00
0.000000000000000000e+00 -0.000000000000000000e+00 0.000000000000000000e+00 0.000000000000000000e+00 -0.000000000000000000e+00
0.000000000000000000e+00 -0.000000000000000000e+00 0.000000000000000000e+00 0.000000000000000000e+00 -0.000000000000000000e+00
0.000000000000000000e+00 -0.000000000000000000e+00 0.000000000000000000e+00 0.000000000000000000e+00 -0.000000000000000000e+00
0.000000000000000000e+00 -0.000000000000000000e+00 0.000000000000000000e+00 0.000000000000000000e+00 -0.000000000000000000e+00
0.000000000000000000e+00 -0.000000000000000000e+00 0.000000000000000000e+00 0.000000000000000000e+00 -0.000000000000000000e+00
0.000000000000000000e+00 -0.000000000000000000e+00 0.000000000000000000e+00 0.000000000000000000e+00 -0.000000000000000000e+00
0.000000000000000000e+00 -0.000000000000000000e+00 0.000000000000000000e+00 0.000000000000000000e+00 -0.000000000000000000e+00
0.000000000000000000e+00 -0.000000000000000000e+00 0.000000000000000000e+00 0.000000000000000000e+00 -0.000000000000000000e+00
0.000000000000000000e+00 -0.000000000000000000e+00 0.000000000000000000e+00 0.000000000000000000e+00 -0.000000000000000000e+00
0.000000000000000000e+00 -0.000000000000000000e+00 0.000000000000000000e+00 0.000000000000000000e+00 -0.000000000000000000e+00
0.000000000000000000e+00 -0.000000000000000000e+00 0.000000000000000000e+00 0.000000000000000000e+00 -0.000000000000000000e+00
0.000000000000000000e+00 -0.000000000000000000e+00 0.000000000000000000e+00 0.000000000000000000e+00 -0.000000000000000000e+00
0.000000000000000000e+00 -0.000000000000000000e+00 0.000000000000000000e+00 0.000000000000000000e+00 -0.000000000000000000e+00
0.000000000000000000e+00 -0.000000000000000000e+00 0.000000000000000000e+00 0.000000000000000000e+00 -0.000000000000000000e+00
0.000000000000000000e+00 -0.000000000000000000e+00 0.000000000000000000e+00 0.000000000000000000e+00 -0.000000000000000000e+00
0.000000000000000000e+00 -0.000000000000000000e+00 0.000000000000000000e+00 0.000000000000000000e+00 -0.000000000000000000e+00
0.000000000000000000e+00 -0.000000000000000000e+00 0.000000000000000000e+00 0.000000000000000000e+00 -0.000000000000000000e+00
0.000000000000000000e+00 -0.000000000000000000e+00 0.000000000000000000e+00 0.000000000000000000e+00 -0.000000000000000000e+00
0.000000000000000000e+00 -0.000000000000000000e+00 0.000000000000000000e+00 0.000000000000000000e+00 -0.000000000000000000e+00
0.000000000000000000e+00 -0.000000000000000000e+00 0.000000000000000000e+00 0.000000000000000000e+00 -0.000000000000000000e+00
0.000000000000000000e+00 -0.000000000000000000e+00 0.000000000000000000e+00 0.000000000000000000e+00 -0.000000000000000000e+00
0.000000000000000000e+00 -0.000000000000000000e+00 0.000000000000000000e+00 0.000000000000000000e+00 -0.000000000000000000e+00
0.000000000000000000e+00 -0.000000000000000000e+00 0.000000000000000000e+00 0.000000000000000000e+00 -0.000000000000000000e+00
0.000000000000000000e+00 -0.000000000000000000e+00 0.000000000000000000e+00 0.000000000000000000e+00 -0.000000000000000000e+00
0.000000000000000000e+00 -0.000000000000000000e+00 0.000000000000000000e+00 0.000000000000000000e+00 -0.000000000000000000e+00
0.000000000000000000e+00 -0.000000000000000000e+00 0.000000000000000000e+00 0.000000000000000000e+00 -0.000000000000000000e+00
0.000000000000000000e+00 -0.000000000000000000e+00 0.000000000000000000e+00 0.000000000000000000e+00 -0.000000000000000000e+00
0.000000000000000000e+00 -0.000000000000000000e+00 0.000000000000000000e+00 0.000000000000000000e+00 -0.000000000000000000e+00
0.000000000000000000e+00 -0.000000000000000000e+00 0.000000000000000000e+00 0.000000000000000000e+00 -0.000000000000000000e+00
0.000000000000000000e+00 -0.000000000000000000e+00 0.000000000000000000e+00 0.000000000000000000e+00 -0.000000000000000000e+00
0.000000000000000000e+00 -0.000000000000000000e+00 0.000000000000000000e+00 0.000000000000000000e+00 -0.000000000000000000e+00
0.000000000000000000e+00 -0.000000000000000000e+00 0.000000000000000000e+00 0.000000000000000000e+00 -0.000000000000000000e+00
0.000000000000000000e+00 -0.000000000000000000e+00 0.000000000000000000e+00 0.000000000000000000e+00 -0.000000000000000000e+00
0.000000000000000000e+00 -0.000000000000000000e+00 0.000000000000000000e+00 0.000000000000000000e+00 -0.000000000000000000e+00
0.000000000000000000e+00 -0.000000000000000000e+00 0.000000000000000000e+00 0.000000000000000000e+00 -0.000000000000000000e+00
0.000000000000000000e+00 -0.000000000000000000e+00 0.000000000000000000e+00 0.000000000000000000e+00 -0.000000000000000000e+00
0.000000000000000000e+00 -0.000000000000000000e+00 0.000000000000000000e+00 0.000000000000000000e+00 -0.000000000000000000e+00
0.000000000000000000e+00 -0.000000000000000000e+00 0.000000000000000000e+00 0.000000000000000000e+00 -0.000000000000000000e+00
0.000000000000000000e+00 -0.000000000000000000e+00 0.000000000000000000e+00 0.000000000000000000e+00 -0.000000000000000000e+00
