0.000000 0.000000 -0.000000 -0.000000 -0.000000
0.000000 0.000000 -0.000000 -0.000000 -0.000000
0.000000 0.000000 0.000000 -0.000000 -0.000000
0.000000 0.000000 0.000000 -0.000000 -0.000000
0.000000 0.000000 0.000000 -0.000000 -0.000000
0.000000 0.000000 0.000000 -0.000000 -0.000000
0.000000 0.000000 0.000000 -0.000000 -0.000000
0.000000 0.000000 0.000000 -0.000000 -0.000000
0.000000 0.000000 0.000000 -0.000000 -0.000000
0.000000 0.000000 0.000000 -0.000000 -0.000000
0.000000 0.000000 0.000000 -0.000000 -0.000000
0.000000 0.000000 0.000000 -0.000000 -0.000000
0.000000 0.000000 0.000000 -0.000000 -0.000000
0.000000 0.000000 0.000000 -0.000000 -0.000000
0.000000 0.000000 0.000000 -0.000000 -0.000000
0.000000 0.000000 0.000000 -0.000000 -0.000000
0.000000 0.000000 0.000000 -0.000000 -0.000000
0.000000 0.000000 0.000000 -0.000000 -0.000000
0.000000 0.000000 0.000000 -0.000000 -0.000000
0.000000 0.000000 0.000000 -0.000000 -0.000000
0.000000 0.000000 0.000000 -0.000000 -0.000000
0.000000 0.000000 0.000000 -0.000000 -0.000000
0.000000 0.000000 0.000000 -0.000000 -0.000000
0.000000 0.000000 0.000000 -0.000000 -0.000000
0.000000 0.000000 0.000000 -0.000000 -0.000000
0.000000 0.000000 0.000000 -0.000000 -0.000000
0.000000 0.000000 0.000000 -0.000000 -0.000000
0.000000 0.000000 0.000000 -0.000000 -0.000000
0.000000 0.000000 0.000000 -0.000000 -0.000000
0.000000 0.000000 0.000000 -0.000000 -0.000000
0.000000 0.000000 0.000000 -0.000000 -0.000000
0.000000 0.000000 0.000000 -0.000000 -0.000000
0.000000 0.000000 0.000000 -0.000000 -0.000000
0.000000 0.000000 0.000000 -0.000000 -0.000000
0.000000 0.000000 0.000000 -0.000000 -0.000000
0.000000 0.000000 0.000000 -0.000000 -0.000000
0.000000 0.000000 0.000000 -0.000000 -0.000000
0.000000 0.000000 0.000000 -0.000000 -0.000000
0.000000 0.000000 0.000000 -0.000000 -0.000000
0.000000 0.000000 0.000000 -0.000000 -0.000000
0.000000 0.000000 0.000000 -0.000000 -0.000000
0.000000 0.000000 0.000000 -0.000000 -0.000000
0.000000 0.000000 0.000000 -0.000000 -0.000000
0.000000 0.000000 0.000000 -0.000000 -0.000000
0.000000 0.000000 0.000000 -0.000000 -0.000000
0.000000 0.000000 0.000000 -0.000000 -0.000000
0.000000 0.000000 0.000000 -0.000000 -0.000000
0.000000 0.000000 0.000000 -0.000000 -0.000000
0.000000 0.000000 0.000000 -0.000000 -0.000000
0.000000 0.000000 0.000000 -0.000000 -0.000000
0.000000 0.000000 0.000000 -0.000000 -0.000000
0.000000 0.000000 0.000000 -0.000000 -0.000000
0.000000 0.000000 0.000000 -0.000000 -0.000000
0.000000 0.000000 0.000000 -0.000000 -0.000000
0.000000 0.000000 0.000000 -0.000000 -0.000000
0.000000 0.000000 0.000000 -0.000000 -0.000000
0.000000 0.000000 0.000000 -0.000000 -0.000000
0.000000 0.000000 0.000000 -0.000000 -0.000000
0.000000 0.000000 0.000000 -0.000000 -0.000000
0.000000 0.000000 0.000000 -0.000000 -0.000000
0.000000 0.000000 0.000000 -0.000000 -0.000000
0.000000 0.000000 0.000000 -0.000000 -0.000000
0.000000 0.000000 0.000000 -0.000000 -0.000000
0.000000 0.000000 0.000000 -0.000000 -0.000000
0.000000 0.000000 0.000000 -0.000000 -0.000000
0.000000 0.000000 0.000000 -0.000000 -0.000000
0.000000 0.000000 0.000000 -0.000000 -0.000000
0.000000 0.000000 0.000000 -0.000000 -0.000000
0.000000 0.000000 0.000000 -0.000000 -0.000000
0.000000 0.000000 0.000000 -0.000000 -0.000000
0.000000 0.000000 0.000000 -0.000000 -0.000000
0.000000 0.000000 0.000000 -0.000000 -0.000000
0.000000 0.000000 0.000000 -0.000000 -0.000000
0.000000 0.000000 0.000000 -0.000000 -0.000000
0.000000 0.000000 0.000000 -0.000000 -0.000000
0.000000 0.000000 0.000000 -0.000000 -0.000000
0.000000 0.000000 0.000000 -0.000000 -0.000000
0.000000 0.000000 0.000000 -0.000000 -0.000000
0.000000 0.000000 0.000000 -0.000000 -0.000000
0.000000 0.000000 0.000000 -0.000000 -0.000000
0.000000 0.000000 0.000000 -0.000000 -0.000000
0.000000 0.000000 0.000000 -0.000000 -0.000000
0.000000 0.000000 0.000000 -0.000000 -0.000000
0.000000 0.000000 0.000000 -0.000000 -0.000000
0.000000 0.000000 0.000000 -0.000000 -0.000000
0.000000 0.000000 0.000000 -0.000000 -0.000000
0.000000 0.000000 0.000000 -0.000000 -0.000000
0.000000 0.000000 0.000000 -0.000000 -0.000000
0.000000 0.000000 0.000000 -0.000000 -0.000000
0.000000 0.000000 0.000000 -0.000000 -0.000000
0.000000 0.000000 0.000000 -0.000000 -0.000000
0.000016 0.000037 0.000000 0.000000 0.000107
0.000403 0.000975 0.000000 0.000000 0.002795
0.000888 0.002146 0.000000 0.000000 0.006153
0.000981 0.002371 0.000000 0.000000 0.006798
0.000988 0.002390 0.000000 0.000000 0.006852
0.000981 0.002371 0.000000 0.000000 0.006798
0.000837 0.002025 0.000000 0.000000 0.005804
0.000306 0.000740 0.000000 0.000000 0.002123
0.000000 0.000013 0.000000 0.000108 0.001539
0.000000 0.000066 0.000000 0.000528 0.007539
0.000000 0.000096 0.000000 0.000777 0.011077
0.000000 0.000089 0.000000 0.000717 0.010231
0.000000 0.000109 0.000000 0.000879 0.012539
0.000000 0.000146 0.000000 0.001176 0.016770
0.000000 0.000051 0.000000 0.000415 0.005923
0.000000 0.000000 0.000000 -0.000000 -0.000000
0.000000 0.000000 0.000000 -0.000000 -0.000000
0.000000 0.000000 0.000000 -0.000000 -0.000000
0.000000 0.000000 0.000000 -0.000000 -0.000000
0.000000 0.000000 0.000000 -0.000000 -0.000000
0.000000 0.000000 0.000000 -0.000000 -0.000000
0.000000 0.000000 0.000000 -0.000000 -0.000000
0.000000 0.000000 0.000000 -0.000000 -0.000000
0.000000 0.000000 0.000000 -0.000000 -0.000000
0.000000 0.000000 0.000000 -0.000000 -0.000000
0.000000 0.000000 0.000000 -0.000000 -0.000000
0.000054 0.000111 0.000000 0.000000 0.000952
0.000131 0.000270 0.000000 0.000000 0.002311
0.000733 0.001688 0.000000 0.000000 0.007608
0.001506 0.003079 0.000000 0.000000 0.013000
0.003497 0.003991 0.000000 0.000000 0.019531
0.011382 0.014763 0.000000 0.000000 0.028371
0.019085 0.021588 0.000000 0.000000 0.032389
0.024693 0.031778 0.000000 0.000000 0.043863
0.019666 0.047425 0.000000 0.000000 0.040149
0.012523 0.064298 0.000000 0.003581 0.038879
0.001942 0.077853 0.000000 0.026564 0.045773
0.000000 0.092939 0.000000 0.037528 0.018647
0.000000 0.100451 0.000000 0.042736 0.007539
0.000000 0.089914 0.000000 0.051447 0.000000
0.000000 0.064372 0.000000 0.042879 0.002564
0.000000 0.033414 0.000000 0.030666 0.017355
0.000000 0.011237 0.000000 0.009009 0.012115
0.000000 0.000502 0.000000 0.000350 0.001713
0.000000 0.000000 0.000000 -0.000000 -0.000000
0.000000 0.000000 0.000000 -0.000000 -0.000000
0.000000 0.000000 0.000000 -0.000000 -0.000000
0.000000 0.000000 0.000000 -0.000000 -0.000000
0.000000 0.000000 0.000000 -0.000000 -0.000000
0.000000 0.000000 0.000000 -0.000000 -0.000000
0.000000 0.000000 0.000000 -0.000000 -0.000000
0.000000 0.000000 0.000000 -0.000000 -0.000000
0.000436 0.000000 0.000000 0.000000 0.000034
0.003584 0.000000 0.000000 0.000000 0.000522
0.004358 0.000000 0.000000 0.000000 0.003177
0.008270 0.000000 0.000000 0.000000 0.022270
0.019232 0.001227 0.000000 0.000000 0.037850
0.036148 0.000762 0.000000 0.000000 0.038170
0.057424 0.015551 0.000000 0.000000 0.050052
0.071602 0.030054 0.000000 0.000000 0.065656
0.095607 0.040553 0.000000 0.006972 0.057623
0.099610 0.060843 0.000000 0.018472 0.058572
0.100910 0.083823 0.000000 0.037817 0.057533
0.089683 0.100130 0.000000 0.045866 0.052454
0.058082 0.107799 0.000000 0.059493 0.047810
0.027893 0.107488 0.000000 0.083773 0.035002
0.012513 0.103046 0.000000 0.085670 0.028698
0.000000 0.096483 0.000000 0.096007 0.016273
0.000000 0.084238 0.000000 0.098689 0.000000
0.000000 0.058390 0.000000 0.096211 0.001654
0.000000 0.023736 0.000000 0.067657 0.012521
0.000000 0.004450 0.000000 0.013926 0.005609
0.000000 0.000000 0.000000 0.005561 0.004590
0.000000 0.000000 0.000000 -0.000000 -0.000000
0.000000 0.000000 0.000000 -0.000000 -0.000000
0.000000 0.000000 0.000000 -0.000000 -0.000000
0.000000 0.000000 0.000000 -0.000000 -0.000000
0.000000 0.000000 0.000000 -0.000000 -0.000000
0.000000 0.000000 0.000000 -0.000000 -0.000000
0.000000 0.000000 0.000000 -0.000000 -0.000000
0.004990 0.000000 0.000000 0.000000 0.002494
0.008774 0.000000 0.000000 0.000000 0.009966
0.017680 0.000000 0.000000 0.000000 0.022526
0.030256 0.000000 0.001817 0.000000 0.042702
0.055390 0.000000 0.000000 0.000000 0.051540
0.079873 0.000000 0.000000 0.000000 0.076764
0.101311 0.007022 0.000000 0.000000 0.077413
0.123279 0.018681 0.000000 0.023365 0.058800
0.130902 0.036147 0.000000 0.050224 0.034333
0.122781 0.056388 0.000000 0.062675 0.028172
0.106140 0.064258 0.006577 0.079754 0.030580
0.097349 0.066268 0.023945 0.080741 0.045987
0.092421 0.062547 0.049292 0.071915 0.054494
0.075573 0.055122 0.069279 0.065731 0.066052
0.025546 0.058216 0.072569 0.087844 0.058985
0.004050 0.072992 0.060294 0.098268 0.036606
0.000000 0.080517 0.029640 0.117607 0.000000
0.000000 0.055675 0.011380 0.135724 0.000000
0.000000 0.015188 0.000000 0.121115 0.000000
0.000000 0.000000 0.000000 0.063753 0.006798
0.000000 0.000000 0.000000 0.013678 0.011908
0.000000 0.000000 0.000000 -0.000000 -0.000000
0.000000 0.000000 0.000000 -0.000000 -0.000000
0.000000 0.000000 0.000000 -0.000000 -0.000000
0.000000 0.000000 0.000000 -0.000000 -0.000000
0.000000 0.000000 0.000000 -0.000000 -0.000000
0.000000 0.000000 0.000000 -0.000000 -0.000000
0.000000 0.000000 0.000000 -0.000000 -0.000000
0.012279 0.000000 0.000000 0.000000 0.017625
0.024650 0.000000 0.000000 0.000000 0.015618
0.042710 0.000000 0.000000 0.000245 0.010386
0.057546 0.000000 0.000000 0.005976 0.027621
0.069507 0.000000 0.000000 0.008919 0.045571
0.088143 0.000000 0.000000 0.000000 0.064222
0.100672 0.000000 0.012838 0.019982 0.066808
0.103794 0.003412 0.042781 0.036422 0.046458
0.084201 0.009644 0.073584 0.056512 0.022667
0.062102 0.022364 0.097407 0.066471 0.018456
0.052494 0.020757 0.113511 0.065356 0.025089
0.053972 0.015228 0.135037 0.046504 0.066471
0.072932 0.008732 0.142370 0.025121 0.077985
0.086553 0.006258 0.128760 0.020611 0.086551
0.058536 0.033255 0.116097 0.027384 0.093481
0.016288 0.064899 0.101845 0.051710 0.059963
0.000000 0.080213 0.070390 0.090122 0.009783
0.000000 0.053212 0.050839 0.134907 0.000000
0.000000 0.005859 0.017143 0.139831 0.000000
0.000000 0.000000 0.018395 0.088428 0.009091
0.000000 0.000000 0.013321 0.018448 0.011724
0.000000 0.000000 0.000000 -0.000000 -0.000000
0.000000 0.000000 0.000000 -0.000000 -0.000000
0.000000 0.000000 0.000000 -0.000000 -0.000000
0.000000 0.000000 0.000000 -0.000000 -0.000000
0.000000 0.000000 0.000000 -0.000000 -0.000000
0.000000 0.000000 0.000000 -0.000000 -0.000000
0.000000 0.000000 0.000000 -0.000000 -0.000000
0.012613 0.000000 0.000173 0.000000 0.010844
0.030749 0.000000 0.000000 0.000000 0.007655
0.041748 0.000000 0.000000 0.004034 0.001739
0.041474 0.000000 0.003262 0.006221 0.017371
0.053027 0.000000 0.014073 0.013169 0.017279
0.054818 0.000000 0.044458 0.018453 0.018465
0.054759 0.000000 0.077771 0.023912 0.024361
0.042466 0.000000 0.119380 0.027611 0.034769
0.012348 0.000000 0.146284 0.035691 0.030231
0.000737 0.000000 0.158478 0.028088 0.035398
0.000878 0.000000 0.149341 0.022577 0.051547
0.024827 0.000000 0.130508 0.009189 0.068931
0.057938 0.004860 0.119420 0.000000 0.096173
0.087728 0.030512 0.110713 0.000000 0.103086
0.071949 0.068860 0.104296 0.000000 0.066897
0.027477 0.091278 0.084075 0.024488 0.029787
0.003027 0.076885 0.056992 0.085421 0.006908
0.000000 0.041020 0.045378 0.135136 0.000000
0.000000 0.000000 0.026297 0.136212 0.000000
0.000000 0.000000 0.032681 0.080294 0.000120
0.000000 0.000000 0.023485 0.020725 0.001032
0.000000 0.000000 0.000000 -0.000000 -0.000000
0.000000 0.000000 0.000000 -0.000000 -0.000000
0.000000 0.000000 0.000000 -0.000000 -0.000000
0.000000 0.000000 0.000000 -0.000000 -0.000000
0.000000 0.000000 0.000000 -0.000000 -0.000000
0.000000 0.000000 0.000000 -0.000000 -0.000000
0.000000 0.000000 0.000000 -0.000000 -0.000000
0.003791 0.000000 0.005712 0.000000 0.014171
0.016745 0.000000 0.004020 0.000000 0.015337
0.026376 0.000000 0.004494 0.000000 0.012850
0.016143 0.000000 0.019788 0.001104 0.014544
0.016098 0.000000 0.044310 0.001263 0.019854
0.010883 0.000000 0.071203 0.001381 0.031016
0.004408 0.000000 0.112676 0.003428 0.038066
0.000000 0.000000 0.135528 0.002070 0.057858
0.000000 0.000000 0.121786 0.002978 0.064854
0.000000 0.000000 0.101115 0.003629 0.063873
0.000000 0.000000 0.083577 0.000000 0.069790
0.030046 0.012237 0.059862 0.000000 0.089632
0.074204 0.045218 0.042685 0.000000 0.102736
0.095109 0.090152 0.050419 0.000000 0.079479
0.060041 0.119331 0.059520 0.000000 0.035480
0.022791 0.093928 0.037689 0.056661 0.016486
0.000000 0.052709 0.037217 0.120662 0.020537
0.000000 0.004389 0.022082 0.148395 0.012968
0.000000 0.000000 0.030044 0.118599 0.000000
0.000000 0.000000 0.037967 0.058730 0.000000
0.000000 0.000000 0.023412 0.012614 0.000000
0.000000 0.000000 0.000000 -0.000000 -0.000000
0.000000 0.000000 0.000000 -0.000000 -0.000000
0.000000 0.000000 0.000000 -0.000000 -0.000000
0.000000 0.000000 0.000000 -0.000000 -0.000000
0.000000 0.000000 0.000000 -0.000000 -0.000000
0.000000 0.000000 0.000000 -0.000000 -0.000000
0.000000 0.000000 0.000000 -0.000000 -0.000000
0.000000 0.000000 0.006707 0.000000 0.017203
0.003536 0.000000 0.005256 0.000000 0.015248
0.007512 0.000000 0.003017 0.000000 0.006196
0.005599 0.000000 0.014383 0.000000 0.004007
0.001109 0.000000 0.030232 0.000000 0.001887
0.000000 0.000000 0.039636 0.000000 0.025285
0.000000 0.000000 0.051071 0.000000 0.041781
0.000000 0.000000 0.065518 0.000000 0.051762
0.000000 0.000000 0.047871 0.000000 0.052532
0.004290 0.001972 0.016485 0.000000 0.074174
0.038044 0.025183 0.002832 0.000000 0.092565
0.066794 0.054747 0.007206 0.000000 0.101889
0.085640 0.107036 0.029641 0.000000 0.094458
0.082404 0.128465 0.042239 0.000000 0.068390
0.036640 0.111071 0.036720 0.034771 0.044707
0.001234 0.061700 0.026950 0.106785 0.035906
0.000000 0.010204 0.010530 0.147131 0.028398
0.000000 0.000000 0.014236 0.125702 0.021048
0.000000 0.000000 0.041350 0.069411 0.001411
0.000000 0.000000 0.037297 0.026054 0.000000
0.000000 0.000000 0.021020 0.005383 0.003667
0.000000 0.000000 0.000000 -0.000000 -0.000000
0.000000 0.000000 0.000000 -0.000000 -0.000000
0.000000 0.000000 0.000000 -0.000000 -0.000000
0.000000 0.000000 0.000000 -0.000000 -0.000000
0.000000 0.000000 0.000000 -0.000000 -0.000000
0.000000 0.000000 0.000000 -0.000000 -0.000000
0.000000 0.000000 0.000000 -0.000000 -0.000000
0.000000 0.000000 0.001469 0.000000 0.004448
0.000000 0.000000 0.001370 0.000000 0.004148
0.000009 0.000000 0.000082 0.000000 0.000000
0.000325 0.000000 0.003085 0.000000 0.000000
0.000046 0.000000 0.003888 0.000000 0.000000
0.000000 0.000000 0.002281 0.000000 0.025393
0.000000 0.000000 0.008104 0.000000 0.048315
0.000000 0.005665 0.004442 0.000000 0.063648
0.013587 0.026082 0.000000 0.000000 0.081470
0.040938 0.054984 0.000000 0.000000 0.096018
0.068165 0.085370 0.000000 0.000000 0.104527
0.087669 0.122744 0.024427 0.000000 0.094641
0.087359 0.129964 0.032292 0.000000 0.077362
0.053110 0.106455 0.034329 0.050031 0.063496
0.014172 0.063492 0.038585 0.103650 0.057866
0.000000 0.000960 0.029062 0.139502 0.065895
0.000000 0.000000 0.020050 0.131318 0.052584
0.000000 0.000000 0.028743 0.075193 0.031278
0.000000 0.000000 0.037762 0.024550 0.012361
0.000000 0.000000 0.029485 0.015011 0.000000
0.000000 0.000000 0.012318 0.002541 0.003628
0.000000 0.000000 0.000000 -0.000000 -0.000000
0.000000 0.000000 0.000000 -0.000000 -0.000000
0.000000 0.000000 0.000000 -0.000000 -0.000000
0.000000 0.000000 0.000000 -0.000000 -0.000000
0.000000 0.000000 0.000000 -0.000000 -0.000000
0.000000 0.000000 0.000000 -0.000000 -0.000000
0.000000 0.000000 0.000000 -0.000000 -0.000000
0.000000 0.000000 0.000000 -0.000000 -0.000000
0.000000 0.000000 0.000000 -0.000000 -0.000000
0.000000 0.000000 0.000000 -0.000000 -0.000000
0.000111 0.000000 0.000000 0.000605 0.000868
0.000000 0.001338 0.000000 0.002087 0.000710
0.003484 0.001567 0.000000 0.003944 0.015469
0.007612 0.019861 0.000000 0.002791 0.035617
0.029781 0.055494 0.000000 0.000000 0.054437
0.056742 0.086834 0.000000 0.000000 0.085928
0.066281 0.110695 0.003894 0.000000 0.095244
0.079857 0.127071 0.024768 0.000000 0.084068
0.085099 0.124048 0.042754 0.027933 0.063219
0.086017 0.103767 0.042655 0.066445 0.045848
0.055798 0.070507 0.031872 0.107817 0.050020
0.025160 0.020957 0.024035 0.129571 0.081585
0.002509 0.000000 0.029821 0.118085 0.082010
0.000000 0.000000 0.032060 0.074813 0.077820
0.000000 0.000000 0.033289 0.036128 0.050395
0.000000 0.000000 0.028937 0.012002 0.038434
0.000000 0.000000 0.021592 0.002538 0.014476
0.000000 0.000000 0.002271 0.000056 0.000434
0.000000 0.000000 0.000000 -0.000000 -0.000000
0.000000 0.000000 0.000000 -0.000000 -0.000000
0.000000 0.000000 0.000000 -0.000000 -0.000000
0.000000 0.000000 0.000000 -0.000000 -0.000000
0.000000 0.000000 0.000000 -0.000000 -0.000000
0.000000 0.000000 0.000000 -0.000000 -0.000000
0.000000 0.000000 0.000000 -0.000000 -0.000000
0.000000 0.000000 0.000000 -0.000000 -0.000000
0.000000 0.000000 0.000000 -0.000000 -0.000000
0.000096 0.000000 0.000000 0.000522 0.000748
0.001908 0.000000 0.000000 0.005311 0.007354
0.006356 0.000356 0.000000 0.011511 0.008742
0.014202 0.011902 0.000000 0.014645 0.007131
0.022982 0.036825 0.000000 0.016727 0.008668
0.053541 0.078756 0.003724 0.016083 0.011334
0.073592 0.089851 0.033119 0.021043 0.045888
0.079773 0.100152 0.055878 0.037023 0.045127
0.077037 0.097710 0.063628 0.067012 0.022797
0.089461 0.088842 0.064374 0.078672 0.016374
0.079519 0.082083 0.056779 0.090600 0.036833
0.076740 0.074443 0.046996 0.090381 0.041890
0.055571 0.040990 0.034220 0.093456 0.081433
0.031053 0.005277 0.025356 0.073625 0.117867
0.009998 0.000000 0.006974 0.052689 0.131065
0.000000 0.000000 0.011637 0.034329 0.095287
0.000000 0.000000 0.017850 0.005270 0.043896
0.000000 0.000000 0.010774 0.000000 0.027452
0.000000 0.000000 0.000871 0.000000 0.008236
0.000000 0.000000 0.000000 -0.000000 -0.000000
0.000000 0.000000 0.000000 -0.000000 -0.000000
0.000000 0.000000 0.000000 -0.000000 -0.000000
0.000000 0.000000 0.000000 -0.000000 -0.000000
0.000000 0.000000 0.000000 -0.000000 -0.000000
0.000000 0.000000 0.000000 -0.000000 -0.000000
0.000000 0.000000 0.000000 -0.000000 -0.000000
0.000000 0.000000 0.000000 -0.000000 -0.000000
0.000000 0.000000 0.000000 -0.000000 -0.000000
0.000096 0.000000 0.000000 0.000522 0.000748
0.002885 0.000000 0.000000 0.006222 0.008281
0.011313 0.000520 0.000000 0.013003 0.007601
0.020577 0.010389 0.006947 0.021600 0.000000
0.037328 0.026928 0.027812 0.031225 0.000000
0.049901 0.039773 0.062005 0.032744 0.000000
0.073898 0.037170 0.089708 0.050923 0.000000
0.082188 0.035013 0.111832 0.069665 0.000000
0.083081 0.034551 0.110516 0.077155 0.000000
0.083247 0.037895 0.099726 0.082046 0.000000
0.089784 0.055413 0.094645 0.067584 0.000000
0.090314 0.082177 0.071639 0.052980 0.000000
0.089625 0.077384 0.046037 0.046921 0.043328
0.081569 0.034519 0.010485 0.066437 0.102140
0.054182 0.000000 0.000000 0.052296 0.133436
0.015413 0.000000 0.000000 0.027258 0.124730
0.000414 0.000000 0.000000 0.010917 0.072896
0.000000 0.000000 0.001590 0.001619 0.028356
0.000000 0.000953 0.001889 0.000000 0.019338
0.000000 0.000000 0.000281 0.000000 0.002654
0.000000 0.000000 0.000000 -0.000000 -0.000000
0.000000 0.000000 0.000000 -0.000000 -0.000000
0.000000 0.000000 0.000000 -0.000000 -0.000000
0.000000 0.000000 0.000000 -0.000000 -0.000000
0.000000 0.000000 0.000000 -0.000000 -0.000000
0.000000 0.000000 0.000000 -0.000000 -0.000000
0.000000 0.000000 0.000000 -0.000000 -0.000000
0.000000 0.000000 0.000000 -0.000000 -0.000000
0.000000 0.000000 0.000000 -0.000000 -0.000000
0.000991 0.000000 0.001793 0.002433 0.001646
0.007686 0.000000 0.018788 0.005844 0.001595
0.019705 0.000000 0.053876 0.007863 0.000000
0.028433 0.000000 0.079727 0.020079 0.000000
0.038564 0.000000 0.087252 0.030303 0.000000
0.046469 0.000000 0.110360 0.033070 0.000000
0.043668 0.000000 0.142373 0.033155 0.000000
0.047533 0.000000 0.135529 0.026175 0.000000
0.044448 0.000000 0.124892 0.024908 0.000000
0.051522 0.022482 0.119196 0.016962 0.000000
0.060098 0.080874 0.097610 0.016513 0.000000
0.078026 0.101973 0.065465 0.027178 0.000000
0.089898 0.061687 0.011782 0.064968 0.033316
0.084649 0.000000 0.000000 0.062377 0.116918
0.049584 0.000000 0.000000 0.027295 0.120440
0.023912 0.000000 0.000000 0.007332 0.077317
0.000788 0.000000 0.000000 0.003477 0.055852
0.000000 0.000000 0.001859 0.000000 0.024832
0.000000 0.000000 0.002100 0.000000 0.019859
0.000000 0.000000 0.000000 -0.000000 -0.000000
0.000000 0.000000 0.000000 -0.000000 -0.000000
0.000000 0.000000 0.000000 -0.000000 -0.000000
0.000000 0.000000 0.000000 -0.000000 -0.000000
0.000000 0.000000 0.000000 -0.000000 -0.000000
0.000000 0.000000 0.000000 -0.000000 -0.000000
0.000000 0.000000 0.000000 -0.000000 -0.000000
0.000000 0.000000 0.000156 0.000182 0.001167
0.000000 0.000000 0.000170 0.002667 0.011934
0.000000 0.000000 0.003683 0.001901 0.027109
0.000000 0.001492 0.038175 0.000000 0.018266
0.000000 0.000000 0.073504 0.000000 0.000000
0.005217 0.000000 0.081397 0.000000 0.000000
0.008337 0.000000 0.079819 0.002881 0.000000
0.007062 0.000000 0.076794 0.000000 0.003838
0.003503 0.000000 0.070880 0.000219 0.004526
0.006282 0.000000 0.069679 0.000000 0.000000
0.008440 0.003404 0.077826 0.000000 0.000000
0.003506 0.019845 0.104458 0.000000 0.000000
0.008273 0.086048 0.106150 0.000000 0.000000
0.037516 0.110655 0.088697 0.033933 0.000000
0.079676 0.080398 0.021578 0.061511 0.001276
0.096170 0.008069 0.000000 0.067046 0.065770
0.083046 0.000000 0.000000 0.026632 0.095731
0.036611 0.000000 0.000000 0.005605 0.078970
0.010719 0.000000 0.000000 0.003421 0.060153
0.000000 0.000000 0.001061 0.000000 0.036903
0.000000 0.000000 0.002449 0.000000 0.023153
0.000000 0.000000 0.000000 -0.000000 -0.000000
0.000000 0.000000 0.000000 -0.000000 -0.000000
0.000000 0.000000 0.000000 -0.000000 -0.000000
0.000000 0.000000 0.000000 -0.000000 -0.000000
0.000000 0.000000 0.000000 -0.000000 -0.000000
0.000000 0.000000 0.000000 -0.000000 -0.000000
0.000000 0.000966 0.000000 0.003282 0.000000
0.000000 0.002620 0.000000 0.015634 0.031667
0.000000 0.001672 0.000000 0.017133 0.061574
0.000000 0.000000 0.000236 0.003866 0.054269
0.000000 0.001375 0.024203 0.000000 0.053625
0.000000 0.001178 0.044335 0.000000 0.038736
0.000000 0.000000 0.042558 0.000000 0.035090
0.000000 0.000000 0.020544 0.000000 0.034098
0.000000 0.000000 0.007129 0.000000 0.037950
0.000000 0.000000 0.006968 0.000000 0.025586
0.000000 0.000000 0.010388 0.000000 0.018611
0.000000 0.004247 0.017967 0.000000 0.010416
0.000000 0.038056 0.064363 0.000000 0.000000
0.000000 0.096912 0.086964 0.012095 0.000000
0.000000 0.119214 0.098185 0.037810 0.000000
0.065748 0.085213 0.046287 0.056672 0.000000
0.105882 0.014187 0.000000 0.052654 0.057475
0.092924 0.000000 0.000000 0.027135 0.072508
0.048866 0.000000 0.000000 0.000205 0.077788
0.015632 0.000000 0.000000 0.000910 0.072924
0.000000 0.000000 0.000280 0.000000 0.043170
0.000000 0.000000 0.002449 0.000000 0.023153
0.000000 0.000000 0.000000 -0.000000 -0.000000
0.000000 0.000000 0.000000 -0.000000 -0.000000
0.000000 0.000000 0.000000 -0.000000 -0.000000
0.000000 0.000000 0.000000 -0.000000 -0.000000
0.000000 0.000000 0.000000 -0.000000 -0.000000
0.000000 0.000000 0.000000 -0.000000 -0.000000
0.000000 0.002993 0.000000 0.016706 0.006009
0.000000 0.011486 0.000000 0.027098 0.043167
0.000000 0.021666 0.000000 0.024428 0.073244
0.000000 0.012035 0.000000 0.004986 0.071553
0.000595 0.009424 0.000000 0.000000 0.063777
0.002828 0.002504 0.000000 0.000000 0.033452
0.000000 0.000116 0.000000 0.000000 0.032853
0.001051 0.000128 0.000000 0.000000 0.041195
0.000000 0.000000 0.001534 0.000000 0.050554
0.000000 0.000000 0.001737 0.000000 0.041149
0.000000 0.000000 0.003801 0.002496 0.031706
0.000000 0.008026 0.008395 0.021363 0.025216
0.000000 0.060245 0.033472 0.030129 0.007461
0.000000 0.113724 0.096062 0.029696 0.000000
0.000000 0.121072 0.093297 0.040794 0.000000
0.071875 0.067890 0.036089 0.050861 0.018851
0.117472 0.000000 0.000000 0.049245 0.058920
0.090846 0.000000 0.000000 0.023235 0.074933
0.046917 0.000000 0.000000 0.000000 0.082805
0.015177 0.000000 0.000000 0.000000 0.076835
0.000000 0.000000 0.000951 0.000000 0.036749
0.000000 0.000000 0.002449 0.000000 0.023153
0.000000 0.000000 0.000000 -0.000000 -0.000000
0.000000 0.000000 0.000000 -0.000000 -0.000000
0.000000 0.000000 0.000000 -0.000000 -0.000000
0.000000 0.000000 0.000000 -0.000000 -0.000000
0.000000 0.000000 0.000000 -0.000000 -0.000000
0.000000 0.000812 0.000000 0.000247 0.000000
0.000000 0.006648 0.000000 0.027643 0.005059
0.000000 0.039647 0.000000 0.047061 0.042418
0.000000 0.055632 0.000000 0.046715 0.086256
0.000000 0.052631 0.000000 0.014958 0.097811
0.000000 0.024405 0.000000 0.000000 0.094601
0.005395 0.001892 0.000000 0.005797 0.069295
0.008761 0.000000 0.000000 0.004176 0.050425
0.006609 0.000000 0.000000 0.001872 0.050626
0.000000 0.000000 0.000000 0.006003 0.053754
0.000000 0.000000 0.000000 0.013026 0.057065
0.000000 0.007208 0.007183 0.026249 0.061380
0.000000 0.042363 0.013113 0.043635 0.051631
0.000000 0.092524 0.060010 0.039685 0.052585
0.000000 0.120382 0.093947 0.042696 0.037267
0.020692 0.101766 0.075690 0.044175 0.047885
0.092986 0.031342 0.010637 0.052140 0.070739
0.121368 0.000000 0.000000 0.032729 0.088851
0.085746 0.000000 0.000000 0.012278 0.087031
0.036974 0.000000 0.000000 0.000000 0.099383
0.003132 0.000000 0.002876 0.000000 0.077485
0.000000 0.000000 0.002044 0.000000 0.025438
0.000000 0.000000 0.002449 0.000000 0.023153
0.000000 0.000000 0.000000 -0.000000 -0.000000
0.000000 0.000000 0.000000 -0.000000 -0.000000
0.000000 0.000000 0.000000 -0.000000 -0.000000
0.000000 0.000000 0.000000 -0.000000 -0.000000
0.000000 0.000000 0.000000 -0.000000 -0.000000
0.000000 0.002695 0.000000 0.001001 0.000000
0.000000 0.013876 0.000000 0.030058 0.001166
0.000000 0.045289 0.000000 0.077149 0.018241
0.000000 0.073187 0.000000 0.081029 0.063140
0.000000 0.080454 0.000000 0.059399 0.096002
0.000000 0.057505 0.000000 0.025704 0.104565
0.011695 0.024667 0.000000 0.005042 0.104807
0.017472 0.007607 0.000000 0.000000 0.108913
0.013379 0.003937 0.000000 0.007846 0.092121
0.000000 0.008580 0.000000 0.022471 0.096112
0.000000 0.026220 0.000000 0.041541 0.102033
0.000000 0.059720 0.008611 0.051225 0.104956
0.000000 0.095171 0.035603 0.059853 0.108187
0.000000 0.112792 0.085601 0.056115 0.095064
0.005248 0.111006 0.105565 0.031209 0.094160
0.071043 0.054586 0.052736 0.040752 0.086268
0.128746 0.000000 0.000000 0.034816 0.092739
0.106364 0.000000 0.000000 0.012887 0.100474
0.070069 0.000000 0.000000 0.000417 0.085927
0.020524 0.000000 0.000000 0.000000 0.079797
0.002447 0.000000 0.000845 0.000000 0.047169
0.000000 0.000000 0.002125 0.000000 0.022227
0.000000 0.000000 0.001607 0.000000 0.015191
0.000000 0.000000 0.000000 -0.000000 -0.000000
0.000000 0.000000 0.000000 -0.000000 -0.000000
0.000000 0.000000 0.000000 -0.000000 -0.000000
0.000000 0.000000 0.000000 -0.000000 -0.000000
0.000000 0.000000 0.000000 -0.000000 -0.000000
0.000000 0.005735 0.000000 0.002983 0.000000
0.003441 0.009970 0.000000 0.032450 0.000000
0.000000 0.030088 0.000000 0.086326 0.000000
0.000000 0.054766 0.000000 0.130031 0.013054
0.000000 0.078697 0.000000 0.129484 0.053458
0.005529 0.085007 0.000000 0.110110 0.074295
0.021986 0.087748 0.000000 0.075568 0.107644
0.036613 0.081008 0.000000 0.063505 0.118373
0.029457 0.073559 0.000000 0.070541 0.116986
0.000000 0.078123 0.000000 0.082837 0.117066
0.000000 0.096815 0.000000 0.079813 0.112863
0.000000 0.105399 0.025050 0.080363 0.112279
0.000000 0.113661 0.057076 0.064904 0.113479
0.029992 0.102969 0.088004 0.034209 0.110742
0.090016 0.060458 0.069376 0.020263 0.088499
0.127626 0.002293 0.018016 0.028125 0.070895
0.113668 0.000000 0.000000 0.007107 0.055544
0.084251 0.000000 0.000000 0.000000 0.051453
0.041399 0.000000 0.000000 0.000000 0.046501
0.006094 0.000000 0.002339 0.000000 0.046200
0.002561 0.000000 0.000872 0.000000 0.026819
0.001013 0.000000 0.000848 0.000000 0.010148
0.000000 0.000000 0.000000 -0.000000 -0.000000
0.000000 0.000000 0.000000 -0.000000 -0.000000
0.000000 0.000000 0.000000 -0.000000 -0.000000
0.000000 0.000000 0.000000 -0.000000 -0.000000
0.000000 0.000000 0.000000 -0.000000 -0.000000
0.000000 0.000000 0.000000 -0.000000 -0.000000
0.000896 0.002518 0.000000 0.001695 0.000000
0.005720 0.003194 0.000000 0.026842 0.000000
0.000000 0.000578 0.000000 0.071739 0.000000
0.000874 0.014335 0.000000 0.125821 0.004231
0.000000 0.050583 0.000000 0.143061 0.006525
0.007703 0.075494 0.000000 0.140967 0.014275
0.039422 0.083351 0.000000 0.134951 0.024683
0.055488 0.090915 0.000000 0.120343 0.042401
0.065513 0.094774 0.000000 0.110501 0.042550
0.063082 0.097825 0.003642 0.101101 0.046091
0.057939 0.100891 0.020650 0.080035 0.059259
0.068280 0.100924 0.044416 0.054980 0.043247
0.091123 0.088633 0.063765 0.030511 0.025954
0.123338 0.050167 0.067151 0.015437 0.007862
0.136700 0.003562 0.027578 0.009410 0.014566
0.117956 0.000000 0.007620 0.000000 0.020383
0.083306 0.000000 0.000000 0.000000 0.023179
0.038729 0.000000 0.000249 0.000000 0.024978
0.012578 0.000000 0.002453 0.000000 0.028679
0.007258 0.000000 0.000608 0.000000 0.020004
0.005870 0.000000 0.000000 0.000159 0.001653
0.001607 0.000000 0.000000 0.000136 0.000000
0.000000 0.000000 0.000000 -0.000000 -0.000000
0.000000 0.000000 0.000000 -0.000000 -0.000000
0.000000 0.000000 0.000000 -0.000000 -0.000000
0.000000 0.000000 0.000000 -0.000000 -0.000000
0.000000 0.000000 0.000000 -0.000000 -0.000000
0.000000 0.000000 0.000000 -0.000000 -0.000000
0.000451 0.000314 0.000000 0.000243 0.000000
0.002139 0.000759 0.000000 0.011203 0.000000
0.000000 0.000000 0.008834 0.047522 0.000000
0.000000 0.000000 0.007713 0.085023 0.000000
0.003271 0.000000 0.004233 0.121544 0.000000
0.003522 0.014493 0.009731 0.137294 0.000000
0.018103 0.042208 0.009025 0.137911 0.000000
0.042334 0.068984 0.026611 0.114256 0.000000
0.071959 0.080125 0.035360 0.085942 0.000000
0.092561 0.077090 0.041792 0.058316 0.000000
0.114371 0.073401 0.054967 0.023334 0.000000
0.126098 0.045372 0.070370 0.009599 0.000000
0.130642 0.018274 0.065964 0.000000 0.000000
0.121586 0.000000 0.044559 0.000000 0.000000
0.101833 0.000000 0.007950 0.000000 0.000000
0.065442 0.000000 0.000000 0.000000 0.003251
0.031574 0.000000 0.000834 0.000000 0.007432
0.012305 0.000000 0.004472 0.000000 0.020325
0.010324 0.000000 0.001272 0.000000 0.010541
0.010036 0.000000 0.000000 0.000000 0.005326
0.002189 0.000000 0.000000 0.000163 0.000099
0.000000 0.000000 0.000000 -0.000000 -0.000000
0.000000 0.000000 0.000000 -0.000000 -0.000000
0.000000 0.000000 0.000000 -0.000000 -0.000000
0.000000 0.000000 0.000000 -0.000000 -0.000000
0.000000 0.000000 0.000000 -0.000000 -0.000000
0.000000 0.000000 0.000000 -0.000000 -0.000000
0.000000 0.000000 0.000000 -0.000000 -0.000000
0.000000 0.000000 0.000000 -0.000000 -0.000000
0.000000 0.000000 0.011784 0.004615 0.000000
0.000000 0.000000 0.035520 0.018265 0.000000
0.000000 0.000000 0.044938 0.032699 0.000000
0.000000 0.000000 0.064000 0.031112 0.000000
0.002176 0.000000 0.081419 0.030544 0.000000
0.007971 0.000000 0.092866 0.035780 0.000000
0.022634 0.000000 0.100196 0.028003 0.000000
0.043264 0.000000 0.099889 0.011193 0.000000
0.057431 0.000000 0.096299 0.000000 0.000000
0.079439 0.000000 0.089586 0.000000 0.000000
0.084164 0.000000 0.065779 0.000000 0.000000
0.077383 0.000000 0.038171 0.000000 0.000000
0.064238 0.000000 0.005964 0.000000 0.000000
0.041954 0.000000 0.000000 0.000010 0.000000
0.018620 0.000000 0.000000 0.000000 0.003566
0.009918 0.000000 0.004097 0.000000 0.010313
0.010497 0.000000 0.004452 0.000000 0.010267
0.009612 0.000000 0.000982 0.000000 0.005559
0.005952 0.000000 0.000000 0.000074 0.001646
0.000867 0.000000 0.000000 0.000069 0.000018
0.000000 0.000000 0.000000 -0.000000 -0.000000
0.000000 0.000000 0.000000 -0.000000 -0.000000
0.000000 0.000000 0.000000 -0.000000 -0.000000
0.000000 0.000000 0.000000 -0.000000 -0.000000
0.000000 0.000000 0.000000 -0.000000 -0.000000
0.000000 0.000000 0.000000 -0.000000 -0.000000
0.000000 0.000000 0.000000 -0.000000 -0.000000
0.000000 0.000000 0.000000 -0.000000 -0.000000
0.000000 0.000000 0.001244 0.000379 0.000000
0.000000 0.000000 0.015320 0.002265 0.000000
0.000000 0.000000 0.022270 0.000108 0.000000
0.000000 0.000000 0.032060 0.000000 0.000000
0.000000 0.001440 0.043623 0.000000 0.000000
0.000000 0.004391 0.048279 0.000000 0.000000
0.000000 0.006193 0.049581 0.000000 0.000000
0.001535 0.004478 0.048165 0.000000 0.000000
0.002918 0.005125 0.044987 0.000000 0.000000
0.004710 0.003832 0.037702 0.000000 0.000000
0.002239 0.001875 0.024255 0.000000 0.000000
0.001357 0.000000 0.004026 0.000000 0.000000
0.000066 0.000000 0.000000 0.000000 0.000107
0.000066 0.000000 0.000000 0.000000 0.000107
0.000672 0.000000 0.000000 0.000000 0.001093
0.000924 0.000000 0.003759 0.000000 0.007781
0.000000 0.000000 0.004065 0.000000 0.004945
0.000000 0.000000 0.000649 0.000000 0.000798
0.000000 0.000000 0.000000 -0.000000 -0.000000
0.000000 0.000000 0.000000 -0.000000 -0.000000
0.000000 0.000000 0.000000 -0.000000 -0.000000
0.000000 0.000000 0.000000 -0.000000 -0.000000
0.000000 0.000000 0.000000 -0.000000 -0.000000
0.000000 0.000000 0.000000 -0.000000 -0.000000
0.000000 0.000000 0.000000 -0.000000 -0.000000
0.000000 0.000000 0.000000 -0.000000 -0.000000
0.000000 0.000000 0.000000 -0.000000 -0.000000
0.000000 0.000000 0.000000 -0.000000 -0.000000
0.000000 0.000000 0.000000 -0.000000 -0.000000
0.000000 0.000000 0.000000 -0.000000 -0.000000
0.000000 0.000000 0.000000 -0.000000 -0.000000
0.000000 0.000000 0.000000 -0.000000 -0.000000
0.000000 0.000000 0.000000 -0.000000 -0.000000
0.000000 0.000000 0.000000 -0.000000 -0.000000
0.000000 0.000000 0.000000 -0.000000 -0.000000
0.000000 0.000000 0.000000 -0.000000 -0.000000
0.000000 0.000000 0.000000 -0.000000 -0.000000
0.000000 0.000000 0.000000 -0.000000 -0.000000
0.000000 0.000000 0.000000 -0.000000 -0.000000
0.000000 0.000000 0.000000 -0.000000 -0.000000
0.000000 0.000000 0.000000 -0.000000 -0.000000
0.000000 0.000000 0.000000 -0.000000 -0.000000
0.000000 0.000000 0.000000 -0.000000 -0.000000
0.000000 0.000000 0.000000 -0.000000 -0.000000
0.000000 0.000000 0.000000 -0.000000 -0.000000
0.000000 0.000000 0.000000 -0.000000 -0.000000
0.000000 0.000000 0.000000 -0.000000 -0.000000
0.000000 0.000000 0.000000 -0.000000 -0.000000
0.000000 0.000000 0.000000 -0.000000 -0.000000
0.000000 0.000000 0.000000 -0.000000 -0.000000
0.000000 0.000000 0.000000 -0.000000 -0.000000
0.000000 0.000000 0.000000 -0.000000 -0.000000
0.000000 0.000000 0.000000 -0.000000 -0.000000
0.000000 0.000000 0.000000 -0.000000 -0.000000
0.000000 0.000000 0.000000 -0.000000 -0.000000
0.000000 0.000000 0.000000 -0.000000 -0.000000
0.000000 0.000000 0.000000 -0.000000 -0.000000
0.000000 0.000000 0.000000 -0.000000 -0.000000
0.000000 0.000000 0.000000 -0.000000 -0.000000
0.000000 0.000000 0.000000 -0.000000 -0.000000
0.000000 0.000000 0.000000 -0.000000 -0.000000
0.000000 0.000000 0.000000 -0.000000 -0.000000
0.000000 0.000000 0.000000 -0.000000 -0.000000
0.000000 0.000000 0.000000 -0.000000 -0.000000
0.000000 0.000000 0.000000 -0.000000 -0.000000
0.000000 0.000000 0.000000 -0.000000 -0.000000
0.000000 0.000000 0.000000 -0.000000 -0.000000
0.000000 0.000000 0.000000 -0.000000 -0.000000
0.000000 0.000000 0.000000 -0.000000 -0.000000
0.000000 0.000000 0.000000 -0.000000 -0.000000
0.000000 0.000000 0.000000 -0.000000 -0.000000
0.000000 0.000000 0.000000 -0.000000 -0.000000
0.000000 0.000000 0.000000 -0.000000 -0.000000
0.000000 0.000000 0.000000 -0.000000 -0.000000
0.000000 0.000000 0.000000 -0.000000 -0.000000
0.000000 0.000000 0.000000 -0.000000 -0.000000
0.000000 0.000000 0.000000 -0.000000 -0.000000
0.000000 0.000000 0.000000 -0.000000 -0.000000
0.000000 0.000000 0.000000 -0.000000 -0.000000
0.000000 0.000000 0.000000 -0.000000 -0.000000
0.000000 0.000000 0.000000 -0.000000 -0.000000
