0.000000 -0.000000 -0.000000 -0.000000 -0.000000
0.000000 0.000000 -0.000000 -0.000000 -0.000000
0.000000 0.000000 -0.000000 -0.000000 -0.000000
0.000000 0.000000 -0.000000 -0.000000 -0.000000
0.000000 0.000000 -0.000000 -0.000000 0.000000
0.000000 0.000000 -0.000000 -0.000000 0.000000
0.000000 0.000000 -0.000000 -0.000000 0.000000
0.000000 0.000000 -0.000000 -0.000000 0.000000
0.000000 0.000000 -0.000000 -0.000000 0.000000
0.000000 0.000000 -0.000000 -0.000000 0.000000
0.000000 0.000000 -0.000000 -0.000000 0.000000
0.000000 0.000000 -0.000000 -0.000000 0.000000
0.000000 0.000000 -0.000000 -0.000000 0.000000
0.000000 0.000000 -0.000000 -0.000000 0.000000
0.000000 0.000000 -0.000000 -0.000000 0.000000
0.000000 0.000000 -0.000000 -0.000000 0.000000
0.000000 0.000000 -0.000000 -0.000000 0.000000
0.000000 0.000000 -0.000000 -0.000000 0.000000
0.000000 0.000000 -0.000000 -0.000000 0.000000
0.000000 0.000000 -0.000000 -0.000000 0.000000
0.000000 0.000000 -0.000000 -0.000000 0.000000
0.000000 0.000000 -0.000000 -0.000000 0.000000
0.000000 0.000000 -0.000000 -0.000000 0.000000
0.000000 0.000000 -0.000000 -0.000000 0.000000
0.000000 0.000000 -0.000000 -0.000000 0.000000
0.000000 0.000000 -0.000000 -0.000000 0.000000
0.000000 0.000000 -0.000000 -0.000000 0.000000
0.000000 0.000000 -0.000000 -0.000000 0.000000
0.000000 0.000000 -0.000000 -0.000000 0.000000
0.000000 0.000000 -0.000000 -0.000000 0.000000
0.000000 0.000000 -0.000000 -0.000000 0.000000
0.000000 0.000000 -0.000000 -0.000000 0.000000
0.000000 0.000000 -0.000000 -0.000000 0.000000
0.000000 0.000000 -0.000000 -0.000000 0.000000
0.000000 0.000000 -0.000000 -0.000000 0.000000
0.000000 0.000000 -0.000000 -0.000000 0.000000
0.000000 0.000000 -0.000000 -0.000000 0.000000
0.000000 0.000000 -0.000000 -0.000000 0.000000
0.000000 0.000000 -0.000000 -0.000000 0.000000
0.000000 0.000000 -0.000000 -0.000000 0.000000
0.000000 0.000000 -0.000000 -0.000000 0.000000
0.000000 0.000000 -0.000000 -0.000000 0.000000
0.000000 0.000000 -0.000000 -0.000000 0.000000
0.000000 0.000000 -0.000000 -0.000000 0.000000
0.000000 0.000000 -0.000000 -0.000000 0.000000
0.000000 0.000000 -0.000000 -0.000000 0.000000
0.000000 0.000000 -0.000000 -0.000000 0.000000
0.000000 0.000000 -0.000000 -0.000000 0.000000
0.000000 0.000000 -0.000000 -0.000000 0.000000
0.000000 0.000000 -0.000000 -0.000000 0.000000
0.000000 0.000000 -0.000000 -0.000000 0.000000
0.000000 0.000000 -0.000000 -0.000000 0.000000
0.000000 0.000000 -0.000000 -0.000000 0.000000
0.000000 0.000000 -0.000000 -0.000000 0.000000
0.000000 0.000000 -0.000000 -0.000000 0.000000
0.000000 0.000000 -0.000000 -0.000000 0.000000
0.000000 0.000000 -0.000000 -0.000000 0.000000
0.000000 0.000000 -0.000000 -0.000000 0.000000
0.000000 0.000000 -0.000000 -0.000000 0.000000
0.000000 0.000000 -0.000000 -0.000000 0.000000
0.000000 0.000000 -0.000000 -0.000000 0.000000
0.000000 0.000000 -0.000000 -0.000000 0.000000
0.000000 0.000000 -0.000000 -0.000000 0.000000
0.000000 0.000000 -0.000000 -0.000000 0.000000
0.000000 0.000000 -0.000000 -0.000000 0.000000
0.000000 0.000000 -0.000000 -0.000000 0.000000
0.000000 0.000000 -0.000000 -0.000000 0.000000
0.000000 0.000000 -0.000000 -0.000000 0.000000
0.000000 0.000000 -0.000000 -0.000000 0.000000
0.000000 0.000000 -0.000000 -0.000000 0.000000
0.000285 0.000000 0.000000 0.001313 0.000000
0.000484 0.000000 0.000000 0.002229 0.000000
0.000484 0.000000 0.000000 0.002229 0.000000
0.000484 0.000000 0.000000 0.002229 0.000000
0.000385 0.000000 0.000000 0.001771 0.000000
0.000145 0.000000 0.000000 0.000669 0.000000
0.000017 0.000000 0.000000 0.000079 0.000000
0.000000 0.000000 -0.000000 -0.000000 0.000000
0.000000 0.000000 -0.000000 -0.000000 0.000000
0.000000 0.000000 -0.000000 -0.000000 0.000000
0.000000 0.000000 -0.000000 -0.000000 0.000000
0.000000 0.000000 -0.000000 -0.000000 0.000000
0.000000 0.000000 -0.000000 -0.000000 0.000000
0.000000 0.000000 -0.000000 -0.000000 0.000000
0.000000 0.000000 -0.000000 -0.000000 0.000000
0.000000 0.000000 -0.000000 -0.000000 0.000000
0.000000 0.000000 -0.000000 -0.000000 0.000000
0.000000 0.000000 -0.000000 -0.000000 0.000000
0.000000 0.000000 -0.000000 -0.000000 0.000000
0.000156 0.000000 0.000046 0.000004 0.000000
0.000888 0.000000 0.000232 0.000130 0.000000
0.001306 0.000000 0.000227 0.000610 0.000000
0.002004 0.000000 0.000349 0.001593 0.000000
0.002370 0.000000 0.000942 0.002289 0.000000
0.002907 0.000000 0.002580 0.004927 0.000000
0.002667 0.000000 0.003757 0.007258 0.000000
0.002375 0.000000 0.004858 0.012170 0.000000
0.001647 0.000000 0.004950 0.016343 0.000000
0.002010 0.000000 0.004673 0.018628 0.000000
0.001994 0.000000 0.003554 0.016024 0.000000
0.001739 0.000999 0.002410 0.015604 0.000000
0.001730 0.001055 0.001339 0.013562 0.000000
0.001259 0.000424 0.000099 0.007249 0.000000
0.001143 0.000160 0.000000 0.004984 0.000000
0.000904 0.000157 0.000000 0.002714 0.000000
0.000203 0.000101 0.000000 0.000315 0.000000
0.000000 0.000000 -0.000000 -0.000000 0.000000
0.000000 0.000000 -0.000000 -0.000000 0.000000
0.000000 0.000000 -0.000000 -0.000000 0.000000
0.000000 0.000000 -0.000000 -0.000000 0.000000
0.000000 0.000000 -0.000000 -0.000000 0.000000
0.000000 0.000000 -0.000000 -0.000000 0.000000
0.000000 0.000000 -0.000000 -0.000000 0.000000
0.000000 0.000000 -0.000000 -0.000000 0.000000
0.000000 0.000000 -0.000000 -0.000000 0.000000
0.000202 0.000000 0.000000 0.000031 0.000020
0.001347 0.000000 0.000000 0.000310 0.000000
0.004410 0.000000 0.000000 0.000885 0.000000
0.009251 0.000000 0.000656 0.001367 0.000000
0.019035 0.000000 0.004059 0.000252 0.000000
0.029923 0.000000 0.009456 0.000000 0.000000
0.037718 0.000000 0.019043 0.000000 0.000000
0.045646 0.000000 0.039730 0.000000 0.000000
0.047680 0.000000 0.059999 0.000000 0.000000
0.044059 0.000000 0.078946 0.000000 0.000000
0.033750 0.005623 0.091245 0.003460 0.000000
0.021553 0.020927 0.093174 0.002870 0.000000
0.009700 0.040653 0.085632 0.000000 0.000000
0.001072 0.056331 0.067332 0.000000 0.000000
0.000000 0.064180 0.043361 0.003241 0.000000
0.000000 0.062831 0.022755 0.002870 0.000000
0.000000 0.047981 0.008119 0.004438 0.000000
0.000000 0.027045 0.000000 0.003837 0.000000
0.000614 0.011453 0.000000 0.002802 0.000000
0.000320 0.003615 0.000000 0.001282 0.000000
0.000054 0.000275 0.000000 0.000085 0.000000
0.000000 0.000000 -0.000000 -0.000000 0.000000
0.000000 0.000000 -0.000000 -0.000000 0.000000
0.000000 0.000000 -0.000000 -0.000000 0.000000
0.000000 0.000000 -0.000000 -0.000000 0.000000
0.000000 0.000000 -0.000000 -0.000000 0.000000
0.000000 0.000000 -0.000000 -0.000000 0.000000
0.000000 0.000000 -0.000000 -0.000000 0.000000
0.001925 0.000000 0.000000 0.000000 0.001020
0.008016 0.000000 0.000000 0.000000 0.001927
0.020884 0.000000 0.000000 0.000000 0.001813
0.038056 0.000000 0.000340 0.000426 0.002482
0.061604 0.000000 0.007627 0.000000 0.002497
0.080794 0.000000 0.021417 0.000000 0.004911
0.092926 0.000000 0.048743 0.000000 0.005700
0.091905 0.000000 0.083208 0.000000 0.006943
0.082895 0.000000 0.112965 0.000000 0.011383
0.072426 0.008551 0.132484 0.000000 0.011469
0.056699 0.026378 0.144458 0.000000 0.015027
0.041338 0.049600 0.144307 0.000000 0.012862
0.021783 0.073103 0.135436 0.000000 0.006240
0.002534 0.099063 0.114415 0.000000 0.000000
0.000000 0.123887 0.078980 0.000000 0.000000
0.000000 0.133985 0.043678 0.000000 0.000000
0.000000 0.119261 0.016489 0.000000 0.000000
0.000000 0.084216 0.000000 0.000000 0.000000
0.000000 0.044211 0.000000 0.000000 0.000000
0.000000 0.012597 0.000000 0.002056 0.000000
0.000042 0.002588 0.000000 0.002081 0.000000
0.000000 0.000000 -0.000000 -0.000000 0.000000
0.000000 0.000000 -0.000000 -0.000000 0.000000
0.000000 0.000000 -0.000000 -0.000000 0.000000
0.000000 0.000000 -0.000000 -0.000000 0.000000
0.000000 0.000000 -0.000000 -0.000000 0.000000
0.000000 0.000000 -0.000000 -0.000000 0.000000
0.000083 0.000000 0.000000 0.000521 0.000377
0.006204 0.000000 0.000000 0.000510 0.002813
0.018987 0.000000 0.000000 0.000807 0.006373
0.041305 0.000000 0.000000 0.000422 0.009655
0.069368 0.000000 0.000000 0.000000 0.019817
0.099578 0.000000 0.002334 0.000000 0.037524
0.114170 0.000000 0.019224 0.000000 0.055679
0.108283 0.000000 0.042812 0.000000 0.071984
0.093620 0.001351 0.071235 0.000000 0.085887
0.074678 0.016280 0.084658 0.000000 0.094971
0.062656 0.031533 0.085300 0.000000 0.102975
0.056904 0.047564 0.082500 0.003541 0.102502
0.053264 0.055478 0.085923 0.016945 0.094866
0.042580 0.062862 0.096719 0.027631 0.080046
0.021599 0.074650 0.103228 0.030294 0.062835
0.003909 0.103156 0.087786 0.020726 0.042041
0.000000 0.135965 0.056349 0.005368 0.020500
0.000000 0.152960 0.021628 0.000000 0.004620
0.000000 0.133937 0.000000 0.000000 0.000000
0.000000 0.081729 0.000000 0.000589 0.000000
0.000000 0.029904 0.000000 0.006894 0.000000
0.000222 0.005043 0.000000 0.004427 0.000000
0.000000 0.000000 -0.000000 -0.000000 0.000000
0.000000 0.000000 -0.000000 -0.000000 0.000000
0.000000 0.000000 -0.000000 -0.000000 0.000000
0.000000 0.000000 -0.000000 -0.000000 0.000000
0.000000 0.000000 -0.000000 -0.000000 0.000000
0.000102 0.000000 0.000000 0.000828 0.000000
0.000174 0.000000 0.000000 0.000279 0.000413
0.011136 0.000000 0.000000 0.001263 0.004335
0.029031 0.000000 0.000000 0.002324 0.011148
0.053233 0.000000 0.000000 0.001312 0.021747
0.075659 0.000000 0.000000 0.000000 0.042609
0.094169 0.000000 0.000000 0.000000 0.065549
0.088717 0.000000 0.000504 0.000000 0.091700
0.072599 0.006116 0.015573 0.000000 0.111625
0.048546 0.018788 0.024371 0.000000 0.126484
0.036253 0.032913 0.017790 0.020941 0.128365
0.031309 0.047426 0.006759 0.062491 0.125008
0.039353 0.047322 0.000000 0.094899 0.120872
0.057303 0.035467 0.000000 0.123866 0.115068
0.062304 0.018518 0.023163 0.128781 0.106237
0.045386 0.009512 0.063330 0.119133 0.089759
0.016537 0.033611 0.080124 0.089174 0.074964
0.002290 0.092386 0.060766 0.046444 0.049488
0.000000 0.148625 0.023293 0.010600 0.025251
0.000000 0.155293 0.000000 0.003710 0.009692
0.000000 0.100397 0.000000 0.011213 0.001844
0.000000 0.040517 0.000000 0.018514 0.002623
0.000000 0.007248 0.000000 0.011423 0.000000
0.000000 0.000000 -0.000000 -0.000000 0.000000
0.000000 0.000000 -0.000000 -0.000000 0.000000
0.000000 0.000000 -0.000000 -0.000000 0.000000
0.000000 0.000000 -0.000000 -0.000000 0.000000
0.000000 0.000000 -0.000000 -0.000000 0.000000
0.000000 0.000000 -0.000000 -0.000000 0.000000
0.000028 0.000000 0.000000 0.000000 0.000045
0.012406 0.000000 0.000000 0.000638 0.004217
0.030330 0.000000 0.000000 0.004008 0.013056
0.042314 0.000000 0.000000 0.001720 0.029439
0.058335 0.000000 0.000000 0.001124 0.043807
0.061410 0.000000 0.000000 0.000000 0.065834
0.045101 0.000000 0.000000 0.000000 0.086723
0.026897 0.008450 0.000000 0.006015 0.099736
0.013378 0.021765 0.000000 0.039340 0.100344
0.009073 0.032901 0.000000 0.084689 0.091877
0.019100 0.036176 0.000000 0.119362 0.079176
0.039036 0.025429 0.000000 0.142878 0.071339
0.063957 0.000000 0.000000 0.168776 0.067497
0.080212 0.000000 0.007643 0.177729 0.066417
0.062825 0.000000 0.059576 0.159045 0.068750
0.023740 0.000000 0.086118 0.116480 0.070960
0.004093 0.068862 0.068706 0.046296 0.057265
0.000000 0.147801 0.020897 0.000000 0.037910
0.000000 0.154301 0.000000 0.003294 0.016997
0.000000 0.097238 0.000000 0.018786 0.006084
0.000000 0.036410 0.000000 0.025408 0.006176
0.000000 0.006422 0.000000 0.013851 0.001815
0.000000 0.000000 -0.000000 -0.000000 0.000000
0.000000 0.000000 -0.000000 -0.000000 0.000000
0.000000 0.000000 -0.000000 -0.000000 0.000000
0.000000 0.000000 -0.000000 -0.000000 0.000000
0.000000 0.000000 -0.000000 -0.000000 0.000000
0.000000 0.000000 -0.000000 -0.000000 0.000000
0.000000 0.000000 0.000000 0.001195 0.001006
0.008674 0.000000 0.000000 0.002732 0.003156
0.016493 0.000000 0.000000 0.004802 0.009267
0.024409 0.000000 0.000000 0.004732 0.019432
0.032618 0.000000 0.000000 0.003842 0.029813
0.027470 0.000000 0.000000 0.004230 0.043730
0.015148 0.000822 0.000000 0.013633 0.053534
0.007906 0.008249 0.000000 0.025482 0.055922
0.006007 0.013239 0.000000 0.055124 0.049470
0.011964 0.016691 0.000000 0.081460 0.037155
0.029710 0.008492 0.000000 0.107985 0.023509
0.055090 0.000000 0.000000 0.128069 0.015788
0.087827 0.000000 0.009456 0.141725 0.015736
0.086881 0.000000 0.052510 0.150341 0.029815
0.057970 0.000000 0.091769 0.126330 0.049123
0.016792 0.000000 0.101680 0.070363 0.063049
0.000000 0.100476 0.058993 0.008962 0.058044
0.000000 0.159739 0.007164 0.000000 0.033936
0.000000 0.139855 0.000000 0.014654 0.019996
0.000000 0.074427 0.000000 0.029490 0.011404
0.000000 0.026560 0.000000 0.027590 0.006413
0.000000 0.003359 0.000000 0.012287 0.001664
0.000000 0.000000 -0.000000 -0.000000 0.000000
0.000000 0.000000 -0.000000 -0.000000 0.000000
0.000000 0.000000 -0.000000 -0.000000 0.000000
0.000000 0.000000 -0.000000 -0.000000 0.000000
0.000000 0.000000 -0.000000 -0.000000 0.000000
0.000000 0.000000 -0.000000 -0.000000 0.000000
0.000000 0.000000 0.000000 0.001156 0.001363
0.003149 0.000000 0.000000 0.002107 0.002922
0.006240 0.000000 0.000000 0.003759 0.005623
0.009657 0.000000 0.000000 0.004996 0.008917
0.011863 0.000000 0.000000 0.006604 0.015229
0.010100 0.000000 0.000000 0.012374 0.019916
0.009404 0.000000 0.000000 0.018356 0.023827
0.014882 0.000000 0.000000 0.030029 0.018915
0.025673 0.000000 0.000000 0.048194 0.009151
0.045520 0.000000 0.000000 0.066210 0.000000
0.069834 0.000000 0.010797 0.083435 0.000000
0.095836 0.000000 0.031528 0.100610 0.000000
0.108234 0.000000 0.065803 0.102778 0.000000
0.087345 0.000000 0.098816 0.098296 0.022060
0.044343 0.000000 0.112138 0.067559 0.051019
0.004894 0.065711 0.086580 0.028074 0.064341
0.000000 0.138443 0.027001 0.000698 0.054726
0.000000 0.148233 0.000000 0.008215 0.030391
0.000000 0.098981 0.000000 0.031673 0.019952
0.000000 0.041121 0.000000 0.034288 0.012976
0.000000 0.012491 0.000000 0.021614 0.005406
0.000000 0.001233 0.000000 0.007509 0.001320
0.000000 0.000000 -0.000000 -0.000000 0.000000
0.000000 0.000000 -0.000000 -0.000000 0.000000
0.000000 0.000000 -0.000000 -0.000000 0.000000
0.000000 0.000000 -0.000000 -0.000000 0.000000
0.000000 0.000000 -0.000000 -0.000000 0.000000
0.000000 0.000000 -0.000000 -0.000000 0.000000
0.000000 0.000000 0.000000 0.000517 0.001358
0.001491 0.000000 0.000000 0.002805 0.002016
0.002382 0.000000 0.000000 0.004043 0.003082
0.003888 0.000000 0.000000 0.005710 0.004436
0.006849 0.000000 0.000000 0.006881 0.006161
0.011104 0.000000 0.000000 0.011077 0.005128
0.019303 0.000000 0.000000 0.018767 0.003488
0.042151 0.000000 0.000577 0.032888 0.000000
0.069078 0.000000 0.012354 0.044919 0.000000
0.095769 0.000000 0.033994 0.053542 0.000000
0.111757 0.000000 0.062999 0.067667 0.000000
0.114986 0.000000 0.089942 0.073209 0.000000
0.101213 0.000000 0.112836 0.071918 0.008244
0.071828 0.010618 0.115141 0.064234 0.036955
0.033209 0.063075 0.094471 0.046952 0.056367
0.013399 0.115617 0.047174 0.036259 0.053899
0.015486 0.134753 0.000000 0.041121 0.034747
0.014481 0.104509 0.000000 0.046936 0.022897
0.007553 0.053601 0.000000 0.043395 0.014606
0.000545 0.016207 0.000000 0.025281 0.006931
0.000000 0.004244 0.000000 0.009195 0.003531
0.000000 0.000271 0.000000 0.004250 0.000959
0.000000 0.000000 -0.000000 -0.000000 0.000000
0.000000 0.000000 -0.000000 -0.000000 0.000000
0.000000 0.000000 -0.000000 -0.000000 0.000000
0.000000 0.000000 -0.000000 -0.000000 0.000000
0.000000 0.000000 -0.000000 -0.000000 0.000000
0.000000 0.000000 -0.000000 -0.000000 0.000000
0.000000 0.000000 0.000000 0.000058 0.000151
0.000854 0.000000 0.000000 0.002063 0.000099
0.001195 0.000000 0.000000 0.003067 0.000462
0.002884 0.000000 0.000000 0.004047 0.001100
0.006136 0.000000 0.000000 0.003478 0.000000
0.015732 0.000000 0.000000 0.007090 0.000000
0.035814 0.000000 0.000565 0.013493 0.000000
0.069555 0.003553 0.015295 0.021846 0.000000
0.095624 0.015048 0.042518 0.018563 0.000000
0.112670 0.015927 0.077953 0.018282 0.000000
0.105600 0.014587 0.104161 0.031180 0.000000
0.092788 0.023560 0.118285 0.038351 0.020909
0.075535 0.041771 0.116833 0.044124 0.043633
0.059957 0.071086 0.097385 0.049939 0.055930
0.052469 0.100013 0.063486 0.053763 0.052797
0.051947 0.112352 0.019821 0.073640 0.031018
0.055953 0.097752 0.000000 0.080822 0.007898
0.047107 0.062100 0.000000 0.068632 0.001474
0.026754 0.030833 0.000000 0.040279 0.000000
0.009848 0.008090 0.000000 0.016486 0.000644
0.000769 0.000794 0.000000 0.006288 0.001566
0.000000 0.000000 0.000000 0.001977 0.000269
0.000200 0.000000 0.000000 0.000528 0.000000
0.000000 0.000000 -0.000000 -0.000000 0.000000
0.000000 0.000000 -0.000000 -0.000000 0.000000
0.000000 0.000000 -0.000000 -0.000000 0.000000
0.000000 0.000000 -0.000000 -0.000000 0.000000
0.000000 0.000000 -0.000000 -0.000000 0.000000
0.000000 0.000000 -0.000000 -0.000000 0.000000
0.000321 0.000000 0.000000 0.000532 0.000000
0.000827 0.000079 0.000000 0.003748 0.000000
0.002247 0.000244 0.000000 0.004874 0.000000
0.006006 0.001084 0.000000 0.001938 0.000000
0.020916 0.003397 0.000524 0.001838 0.000000
0.047568 0.011328 0.003369 0.000000 0.000000
0.074618 0.025445 0.022773 0.000000 0.000000
0.089793 0.042620 0.049510 0.000000 0.006666
0.086249 0.048933 0.075145 0.000000 0.032824
0.067784 0.055456 0.092633 0.006888 0.064111
0.050064 0.067626 0.094338 0.025042 0.081492
0.047089 0.074871 0.086671 0.041028 0.087900
0.055936 0.084855 0.072931 0.052409 0.076432
0.070506 0.095210 0.055788 0.055123 0.051689
0.088902 0.092379 0.029966 0.066115 0.016683
0.099224 0.072936 0.009264 0.079464 0.000000
0.090266 0.054576 0.000000 0.058274 0.000000
0.061747 0.028908 0.000000 0.038287 0.000000
0.027760 0.009279 0.000000 0.014147 0.000000
0.007076 0.000000 0.000000 0.006826 0.000000
0.001834 0.000000 0.000000 0.001412 0.000000
0.000241 0.000000 0.000000 0.000635 0.000000
0.000000 0.000000 -0.000000 -0.000000 0.000000
0.000000 0.000000 -0.000000 -0.000000 0.000000
0.000000 0.000000 -0.000000 -0.000000 0.000000
0.000000 0.000000 -0.000000 -0.000000 0.000000
0.000000 0.000000 -0.000000 -0.000000 0.000000
0.000000 0.000000 -0.000000 -0.000000 0.000000
0.000003 0.000017 0.000004 0.000000 0.000000
0.000469 0.000283 0.000000 0.002584 0.000000
0.001673 0.001578 0.000000 0.002662 0.000000
0.005918 0.003682 0.000000 0.000000 0.000000
0.017267 0.008086 0.000000 0.000000 0.001317
0.042442 0.017503 0.000000 0.000000 0.011401
0.050681 0.033230 0.010733 0.000000 0.033225
0.046838 0.047436 0.024858 0.000000 0.064530
0.029541 0.058870 0.038432 0.000000 0.099787
0.014786 0.065223 0.041543 0.009927 0.126015
0.006217 0.063927 0.038292 0.035392 0.138499
0.007097 0.059235 0.040108 0.046898 0.135700
0.016249 0.055812 0.050756 0.048079 0.118285
0.036427 0.060116 0.062281 0.037427 0.087241
0.074796 0.068416 0.060032 0.029685 0.038872
0.112075 0.067275 0.040048 0.039791 0.000000
0.127343 0.056635 0.012325 0.039455 0.000000
0.103717 0.034101 0.000000 0.031212 0.000000
0.059915 0.012865 0.000000 0.016540 0.000000
0.019276 0.001355 0.000000 0.005740 0.000000
0.005029 0.000000 0.000000 0.002144 0.000000
0.000344 0.000000 0.000000 0.000767 0.000000
0.000000 0.000000 -0.000000 -0.000000 0.000000
0.000000 0.000000 -0.000000 -0.000000 0.000000
0.000000 0.000000 -0.000000 -0.000000 0.000000
0.000000 0.000000 -0.000000 -0.000000 0.000000
0.000000 0.000000 -0.000000 -0.000000 0.000000
0.000005 0.000342 0.000000 0.000000 0.000079
0.000379 0.000171 0.000000 0.000758 0.000000
0.002837 0.001781 0.000000 0.003469 0.000000
0.006396 0.005118 0.000000 0.005733 0.000000
0.006812 0.006003 0.000000 0.000596 0.000000
0.009921 0.009306 0.000000 0.000000 0.005995
0.019635 0.012361 0.000000 0.000000 0.020815
0.022107 0.023318 0.000000 0.000000 0.047389
0.013343 0.029782 0.000000 0.001098 0.081780
0.000000 0.034816 0.000000 0.018903 0.112042
0.000000 0.033857 0.000000 0.043131 0.128007
0.000000 0.022167 0.000000 0.066623 0.132841
0.000000 0.010626 0.000811 0.072188 0.133573
0.000000 0.003016 0.020409 0.066111 0.130089
0.000000 0.014409 0.055342 0.053060 0.111514
0.012824 0.041885 0.080463 0.023281 0.077651
0.071165 0.065574 0.068947 0.009221 0.029276
0.135329 0.061520 0.029692 0.017754 0.000000
0.143056 0.041725 0.000090 0.010967 0.000000
0.095815 0.016308 0.000000 0.010823 0.000000
0.042527 0.002146 0.000000 0.008798 0.000000
0.010333 0.000000 0.000000 0.003373 0.000000
0.001114 0.000000 0.000000 0.001458 0.000000
0.000000 0.000000 -0.000000 -0.000000 0.000000
0.000000 0.000181 0.000000 0.000000 0.000174
0.000000 0.000000 -0.000000 -0.000000 0.000000
0.000000 0.000000 -0.000000 -0.000000 0.000000
0.000007 0.000000 0.000000 0.000770 0.000000
0.000578 0.000930 0.000000 0.002000 0.000000
0.002534 0.002454 0.000000 0.006233 0.000000
0.005776 0.006111 0.000000 0.012324 0.000000
0.008256 0.010445 0.000000 0.012958 0.000000
0.009326 0.010579 0.000000 0.010429 0.000000
0.008303 0.009555 0.000000 0.012913 0.000485
0.007157 0.006349 0.000000 0.015231 0.011992
0.004236 0.006355 0.000000 0.023576 0.030075
0.000000 0.007592 0.000000 0.027977 0.049526
0.000000 0.005230 0.000000 0.037712 0.066578
0.000000 0.001571 0.000000 0.054295 0.075832
0.000000 0.000000 0.000000 0.068561 0.077442
0.000000 0.000000 0.000000 0.077039 0.084483
0.000000 0.000000 0.008851 0.089344 0.093137
0.000000 0.000000 0.042657 0.091257 0.093869
0.000000 0.032611 0.083491 0.054150 0.087014
0.013994 0.056750 0.085673 0.015718 0.062489
0.107456 0.060461 0.046048 0.000000 0.017281
0.157809 0.039971 0.006903 0.000000 0.000000
0.128606 0.016340 0.000000 0.003953 0.000000
0.059477 0.001133 0.000000 0.009117 0.000000
0.016843 0.000000 0.000000 0.005092 0.000000
0.001687 0.000000 0.000000 0.001425 0.000000
0.000000 0.000000 -0.000000 -0.000000 0.000000
0.000000 0.000000 -0.000000 -0.000000 0.000000
0.000000 0.000000 -0.000000 -0.000000 0.000000
0.000000 0.000000 -0.000000 -0.000000 0.000000
0.000000 0.000018 0.000000 0.000426 0.000023
0.000897 0.001461 0.000000 0.004742 0.000000
0.004072 0.006762 0.000000 0.013697 0.000000
0.009131 0.016891 0.000000 0.022678 0.000000
0.012430 0.022419 0.000000 0.028591 0.000000
0.012502 0.015249 0.000000 0.029904 0.000000
0.010341 0.009485 0.001076 0.032564 0.000000
0.009708 0.002563 0.001524 0.036380 0.000000
0.005637 0.000000 0.000000 0.038853 0.008996
0.001345 0.000000 0.000000 0.033910 0.018180
0.000000 0.000000 0.000000 0.030868 0.023623
0.000000 0.000000 0.000000 0.042950 0.027311
0.000000 0.000000 0.000000 0.054629 0.028438
0.000000 0.000000 0.000000 0.077123 0.034121
0.000000 0.000000 0.004965 0.115267 0.046360
0.000000 0.002535 0.038039 0.146086 0.052327
0.000000 0.033053 0.083585 0.098770 0.064853
0.000000 0.053665 0.095964 0.020620 0.073270
0.079594 0.050910 0.057146 0.000000 0.047063
0.151593 0.030394 0.011077 0.000000 0.009351
0.147393 0.011839 0.000000 0.000000 0.000000
0.079720 0.000000 0.000000 0.011211 0.000000
0.022358 0.000000 0.000000 0.006685 0.000000
0.001823 0.000000 0.000000 0.001551 0.000000
0.000000 0.000000 -0.000000 -0.000000 0.000000
0.000000 0.000000 -0.000000 -0.000000 0.000000
0.000000 0.000000 -0.000000 -0.000000 0.000000
0.000000 0.000000 -0.000000 -0.000000 0.000000
0.000000 0.000005 0.000000 0.000097 0.000006
0.001031 0.003622 0.000000 0.004032 0.000000
0.005573 0.018676 0.000000 0.016680 0.000000
0.012807 0.036730 0.000000 0.032556 0.000000
0.019668 0.040596 0.000000 0.043980 0.000000
0.022645 0.029471 0.005921 0.045512 0.000000
0.024206 0.015436 0.011299 0.050400 0.000000
0.023085 0.000265 0.009580 0.061379 0.000000
0.016050 0.000000 0.002901 0.061061 0.000000
0.009614 0.000000 0.000000 0.050307 0.000000
0.008300 0.000000 0.000000 0.043547 0.004515
0.005704 0.000000 0.000000 0.050737 0.006592
0.002603 0.000000 0.000000 0.067642 0.007728
0.000000 0.000000 0.000000 0.108574 0.004555
0.000000 0.010407 0.004323 0.163595 0.003992
0.000000 0.030770 0.044419 0.172030 0.016371
0.000000 0.048592 0.092280 0.100596 0.043382
0.000000 0.053526 0.103212 0.006697 0.066574
0.073295 0.043831 0.059888 0.000000 0.060440
0.152395 0.020022 0.008885 0.000000 0.023438
0.148008 0.006888 0.000000 0.000000 0.001715
0.086392 0.000000 0.000000 0.008738 0.000000
0.022919 0.000000 0.000000 0.005659 0.000000
0.001766 0.000000 0.000000 0.001831 0.000000
0.000000 0.000000 -0.000000 -0.000000 0.000000
0.000000 0.000000 -0.000000 -0.000000 0.000000
0.000000 0.000000 -0.000000 -0.000000 0.000000
0.000000 0.000000 -0.000000 -0.000000 0.000000
0.000000 0.000000 -0.000000 -0.000000 0.000000
0.000216 0.007317 0.000000 0.002102 0.000000
0.002970 0.032582 0.000000 0.009685 0.000000
0.010818 0.064677 0.000000 0.023171 0.000000
0.018837 0.081391 0.003549 0.032746 0.000000
0.030251 0.063670 0.020214 0.040109 0.000000
0.041954 0.031093 0.031211 0.057408 0.000000
0.047095 0.003919 0.027290 0.078592 0.000000
0.034777 0.000000 0.011763 0.084170 0.000000
0.026826 0.000000 0.003928 0.083743 0.000000
0.021939 0.000000 0.000000 0.082793 0.000000
0.016969 0.000000 0.000000 0.097284 0.000000
0.009219 0.001467 0.000000 0.128979 0.000000
0.000000 0.017566 0.000000 0.172588 0.000000
0.000000 0.038628 0.022805 0.197079 0.000000
0.000000 0.058677 0.071111 0.153950 0.000000
0.000000 0.062096 0.109221 0.058508 0.032603
0.010804 0.048566 0.098390 0.000000 0.064697
0.103154 0.025862 0.044640 0.000000 0.064494
0.155159 0.010401 0.000754 0.000000 0.034891
0.136174 0.001946 0.000000 0.000000 0.010780
0.074752 0.000000 0.000000 0.007349 0.000000
0.018173 0.000000 0.000000 0.003441 0.000000
0.001418 0.000000 0.000000 0.001848 0.000000
0.000000 0.000000 -0.000000 -0.000000 0.000000
0.000000 0.000000 -0.000000 -0.000000 0.000000
0.000000 0.000000 -0.000000 -0.000000 0.000000
0.000000 0.000000 -0.000000 -0.000000 0.000000
0.000000 0.000112 0.000016 0.000000 0.000000
0.000000 0.009870 0.000000 0.000000 0.000000
0.000271 0.040814 0.000000 0.000879 0.000000
0.005173 0.088962 0.000000 0.000000 0.000000
0.013374 0.120114 0.005330 0.000627 0.000000
0.025337 0.110916 0.033773 0.012677 0.000000
0.040412 0.070526 0.055579 0.039306 0.000000
0.059028 0.029706 0.059810 0.069765 0.000000
0.061073 0.007151 0.044080 0.096804 0.000000
0.055402 0.001919 0.027345 0.114229 0.000000
0.054473 0.006956 0.013044 0.133035 0.000000
0.042979 0.020762 0.009628 0.158578 0.000000
0.029815 0.038756 0.013810 0.183891 0.000000
0.015742 0.058209 0.035477 0.190536 0.000000
0.000000 0.071448 0.070402 0.154341 0.000000
0.000000 0.064707 0.105257 0.085271 0.009004
0.011537 0.051042 0.112121 0.000000 0.049964
0.076256 0.026428 0.074051 0.000000 0.072134
0.138729 0.007911 0.022849 0.000000 0.061368
0.146433 0.001861 0.000000 0.000000 0.035289
0.112081 0.000000 0.000000 0.000000 0.014618
0.050990 0.000000 0.000000 0.005159 0.002538
0.010560 0.000000 0.000000 0.002096 0.000000
0.000682 0.000000 0.000000 0.001002 0.000000
0.000000 0.000000 -0.000000 -0.000000 0.000000
0.000000 0.000000 -0.000000 -0.000000 0.000000
0.000000 0.000000 -0.000000 -0.000000 0.000000
0.000000 0.000000 -0.000000 -0.000000 0.000000
0.000000 0.000207 0.000030 0.000000 0.000000
0.000000 0.006523 0.000000 0.000000 0.000000
0.001781 0.030826 0.000000 0.000000 0.000000
0.001683 0.078673 0.000000 0.000000 0.000000
0.006201 0.131619 0.002908 0.000000 0.000000
0.017941 0.151667 0.028905 0.000000 0.000000
0.029574 0.133408 0.062423 0.000000 0.000000
0.048246 0.091286 0.089915 0.024641 0.000000
0.067308 0.063437 0.095212 0.053165 0.000000
0.070404 0.057256 0.083201 0.080418 0.000000
0.069510 0.065867 0.068148 0.111835 0.000000
0.060910 0.074522 0.066068 0.127897 0.000000
0.048206 0.080660 0.075974 0.128217 0.000000
0.033852 0.079109 0.096573 0.105322 0.000000
0.028313 0.063739 0.115270 0.055591 0.011760
0.039040 0.040095 0.116466 0.000000 0.054130
0.080357 0.021059 0.084428 0.000000 0.077260
0.124569 0.003296 0.034145 0.000000 0.078365
0.137919 0.000000 0.000000 0.000000 0.058409
0.117035 0.000000 0.000000 0.000000 0.032026
0.069932 0.000000 0.000000 0.000111 0.014101
0.026461 0.000000 0.000000 0.003341 0.003082
0.004216 0.000000 0.000000 0.000799 0.000548
0.000000 0.000000 -0.000000 -0.000000 0.000000
0.000000 0.000000 -0.000000 -0.000000 0.000000
0.000000 0.000000 -0.000000 -0.000000 0.000000
0.000000 0.000000 -0.000000 -0.000000 0.000000
0.000000 0.000000 -0.000000 -0.000000 0.000000
0.000000 0.000000 -0.000000 -0.000000 0.000000
0.000216 0.002697 0.000000 0.000000 0.000033
0.001273 0.015061 0.000000 0.000000 0.000000
0.002353 0.043811 0.000000 0.000000 0.000000
0.002665 0.092588 0.000000 0.000000 0.000000
0.002116 0.137515 0.015121 0.000000 0.000000
0.005485 0.150628 0.047750 0.000000 0.001066
0.019547 0.138290 0.083905 0.000000 0.000000
0.034444 0.114111 0.109963 0.000000 0.000000
0.047882 0.098217 0.117834 0.012516 0.000000
0.055933 0.088958 0.118762 0.031055 0.000000
0.058499 0.081967 0.118362 0.035413 0.007849
0.051873 0.067018 0.123823 0.021574 0.027081
0.046752 0.047748 0.124477 0.000000 0.056279
0.059264 0.025239 0.107493 0.000000 0.087237
0.088050 0.004068 0.070934 0.000000 0.103216
0.114457 0.000000 0.027976 0.000000 0.094977
0.119051 0.000000 0.000000 0.000000 0.073229
0.098625 0.000000 0.000000 0.000000 0.047566
0.065471 0.000000 0.000000 0.000000 0.024905
0.030217 0.000000 0.000000 0.001306 0.010240
0.009298 0.000000 0.000000 0.002096 0.002648
0.001259 0.000000 0.000000 0.000408 0.000334
0.000000 0.000000 -0.000000 -0.000000 0.000000
0.000000 0.000000 -0.000000 -0.000000 0.000000
0.000000 0.000000 -0.000000 -0.000000 0.000000
0.000000 0.000000 -0.000000 -0.000000 0.000000
0.000000 0.000000 -0.000000 -0.000000 0.000000
0.000000 0.000000 -0.000000 -0.000000 0.000000
0.000144 0.000275 0.000000 0.000000 0.000237
0.000654 0.004118 0.000000 0.000000 0.000714
0.000000 0.016299 0.000000 0.000000 0.003595
0.000000 0.037387 0.000000 0.000000 0.007848
0.000000 0.070763 0.000000 0.000000 0.019380
0.000000 0.100827 0.010689 0.000000 0.033102
0.000000 0.116377 0.036754 0.000000 0.039990
0.000000 0.110762 0.067260 0.000000 0.053906
0.000000 0.091427 0.095089 0.000000 0.066682
0.007301 0.066105 0.109318 0.000000 0.079332
0.024456 0.039680 0.108515 0.000000 0.099902
0.043257 0.015049 0.093441 0.000000 0.118366
0.059628 0.000000 0.066499 0.000000 0.130099
0.074354 0.000000 0.034247 0.000000 0.127869
0.082730 0.000000 0.006128 0.000000 0.107543
0.080455 0.000000 0.000000 0.000000 0.079274
0.064135 0.000000 0.000000 0.000000 0.052463
0.044604 0.000000 0.000000 0.001059 0.028639
0.020880 0.000000 0.000000 0.002224 0.013188
0.008542 0.000000 0.000000 0.002133 0.005296
0.002056 0.000000 0.000000 0.001455 0.001471
0.000202 0.000000 0.000000 0.000412 0.000249
0.000000 0.000000 -0.000000 -0.000000 0.000000
0.000000 0.000000 -0.000000 -0.000000 0.000000
0.000000 0.000000 -0.000000 -0.000000 0.000000
0.000000 0.000000 -0.000000 -0.000000 0.000000
0.000000 0.000000 -0.000000 -0.000000 0.000000
0.000000 0.000000 -0.000000 -0.000000 0.000000
0.000000 0.000000 -0.000000 -0.000000 0.000000
0.000000 0.001578 0.000000 0.002115 0.001231
0.000000 0.004505 0.000000 0.006512 0.004115
0.000000 0.008941 0.000000 0.007033 0.009328
0.000000 0.014018 0.000000 0.010441 0.020193
0.000000 0.021778 0.000000 0.007903 0.036242
0.000000 0.025475 0.000000 0.002698 0.055327
0.000000 0.022980 0.000000 0.000000 0.076832
0.000000 0.015593 0.000000 0.000000 0.097290
0.000000 0.001501 0.003257 0.000000 0.118281
0.000000 0.000000 0.002478 0.000000 0.125244
0.014062 0.000000 0.000000 0.000000 0.123302
0.027290 0.000000 0.000000 0.000000 0.104456
0.035056 0.000000 0.000000 0.000000 0.078736
0.033048 0.000000 0.000000 0.000000 0.054265
0.022727 0.000000 0.000000 0.000000 0.033639
0.015410 0.000000 0.000000 0.003461 0.020603
0.007351 0.000000 0.000000 0.003408 0.009968
0.003831 0.000000 0.000000 0.002740 0.005277
0.001512 0.000000 0.000000 0.001677 0.002160
0.000346 0.000000 0.000000 0.000745 0.000549
0.000048 0.000000 0.000000 0.000165 0.000088
0.000000 0.000000 -0.000000 -0.000000 0.000000
0.000000 0.000000 -0.000000 -0.000000 0.000000
0.000000 0.000000 -0.000000 -0.000000 0.000000
0.000000 0.000000 -0.000000 -0.000000 0.000000
0.000000 0.000000 -0.000000 -0.000000 0.000000
0.000000 0.000000 -0.000000 -0.000000 0.000000
0.000000 0.000000 -0.000000 -0.000000 0.000000
0.000000 0.000060 0.000000 0.000128 0.000028
0.000000 0.000422 0.000000 0.002109 0.000565
0.000000 0.000612 0.000000 0.005805 0.001878
0.000000 0.000775 0.000000 0.009431 0.005526
0.000000 0.000000 0.000000 0.013832 0.009455
0.000000 0.000000 0.000000 0.017415 0.012754
0.000000 0.000000 0.000000 0.020282 0.015734
0.000000 0.000000 0.000000 0.020162 0.018282
0.000000 0.000000 0.000000 0.020496 0.019890
0.000000 0.000000 0.000000 0.021314 0.021963
0.001067 0.000000 0.000000 0.017740 0.022356
0.003093 0.000000 0.000000 0.008595 0.016068
0.003653 0.000000 0.000000 0.005830 0.011783
0.002907 0.000000 0.000000 0.004104 0.008318
0.002239 0.000000 0.000000 0.002929 0.004674
0.002238 0.000000 0.000000 0.004021 0.003626
0.000757 0.000000 0.000000 0.003459 0.002210
0.000381 0.000000 0.000000 0.001445 0.000906
0.000222 0.000000 0.000000 0.000765 0.000410
0.000154 0.000000 0.000000 0.000527 0.000283
0.000000 0.000000 -0.000000 -0.000000 0.000000
0.000000 0.000000 -0.000000 -0.000000 0.000000
0.000000 0.000000 -0.000000 -0.000000 0.000000
0.000000 0.000000 -0.000000 -0.000000 0.000000
0.000000 0.000000 -0.000000 -0.000000 0.000000
0.000000 0.000000 -0.000000 -0.000000 0.000000
0.000000 0.000000 -0.000000 -0.000000 0.000000
0.000000 0.000000 -0.000000 -0.000000 0.000000
0.000000 0.000000 -0.000000 -0.000000 0.000000
0.000000 0.000000 -0.000000 -0.000000 0.000000
0.000000 0.000000 0.000000 0.000601 0.000068
0.000000 0.000000 0.000000 0.001203 0.000135
0.000000 0.000000 0.000000 0.001203 0.000135
0.000000 0.000000 0.000000 0.001203 0.000135
0.000000 0.000000 0.000000 0.001203 0.000135
0.000000 0.000000 0.000000 0.002689 0.000540
0.000000 0.000000 0.000000 0.003838 0.000874
0.000000 0.000000 0.000000 0.003323 0.001134
0.000000 0.000000 0.000000 0.002181 0.001305
0.000000 0.000000 0.000000 0.002129 0.001166
0.000000 0.000000 0.000000 0.001610 0.000714
0.000021 0.000000 0.000000 0.000073 0.000039
0.000116 0.000000 0.000000 0.000396 0.000213
0.000186 0.000000 0.000000 0.000637 0.000342
0.000225 0.000000 0.000000 0.000771 0.000414
0.000216 0.000000 0.000000 0.000740 0.000398
0.000048 0.000000 0.000000 0.000165 0.000088
0.000000 0.000000 -0.000000 -0.000000 0.000000
0.000000 0.000000 -0.000000 -0.000000 0.000000
0.000000 0.000000 -0.000000 -0.000000 0.000000
0.000000 0.000000 -0.000000 -0.000000 0.000000
0.000000 0.000000 -0.000000 -0.000000 0.000000
0.000000 0.000000 -0.000000 -0.000000 0.000000
0.000000 0.000000 -0.000000 -0.000000 0.000000
0.000000 0.000000 -0.000000 -0.000000 0.000000
0.000000 0.000000 -0.000000 -0.000000 0.000000
0.000000 0.000000 -0.000000 -0.000000 0.000000
0.000000 0.000000 -0.000000 -0.000000 0.000000
0.000000 0.000000 -0.000000 -0.000000 0.000000
0.000000 0.000000 -0.000000 -0.000000 0.000000
0.000000 0.000000 -0.000000 -0.000000 0.000000
0.000000 0.000000 -0.000000 -0.000000 0.000000
0.000000 0.000000 -0.000000 -0.000000 0.000000
0.000000 0.000000 -0.000000 -0.000000 0.000000
0.000000 0.000000 -0.000000 -0.000000 0.000000
0.000000 0.000000 -0.000000 -0.000000 0.000000
0.000000 0.000000 -0.000000 -0.000000 0.000000
0.000000 0.000000 -0.000000 -0.000000 0.000000
0.000000 0.000000 -0.000000 -0.000000 0.000000
0.000000 0.000000 -0.000000 -0.000000 0.000000
0.000000 0.000000 -0.000000 -0.000000 0.000000
0.000000 0.000000 -0.000000 -0.000000 0.000000
0.000000 0.000000 -0.000000 -0.000000 0.000000
0.000000 0.000000 -0.000000 -0.000000 0.000000
0.000000 0.000000 -0.000000 -0.000000 0.000000
0.000000 0.000000 -0.000000 -0.000000 0.000000
0.000000 0.000000 -0.000000 -0.000000 0.000000
0.000000 0.000000 -0.000000 -0.000000 0.000000
0.000000 0.000000 -0.000000 -0.000000 0.000000
0.000000 0.000000 -0.000000 -0.000000 0.000000
0.000000 0.000000 -0.000000 -0.000000 0.000000
