0.000000 0.000000 -0.000000 -0.000000 -0.000000
0.000000 0.000000 -0.000000 -0.000000 -0.000000
0.000000 0.000000 -0.000000 -0.000000 -0.000000
0.000000 0.000000 -0.000000 -0.000000 -0.000000
0.000000 0.000000 -0.000000 -0.000000 0.000000
0.000000 0.000000 -0.000000 -0.000000 0.000000
0.000000 0.000000 -0.000000 -0.000000 0.000000
0.000000 0.000000 -0.000000 -0.000000 0.000000
0.000000 0.000000 -0.000000 -0.000000 0.000000
0.000000 0.000000 -0.000000 -0.000000 0.000000
0.000000 0.000000 -0.000000 -0.000000 0.000000
0.000000 0.000000 -0.000000 -0.000000 0.000000
0.000000 0.000000 -0.000000 -0.000000 0.000000
0.000000 0.000000 -0.000000 -0.000000 0.000000
0.000000 0.000000 -0.000000 -0.000000 0.000000
0.000000 0.000000 -0.000000 -0.000000 0.000000
0.000000 0.000000 -0.000000 -0.000000 0.000000
0.000000 0.000000 -0.000000 -0.000000 0.000000
0.000000 0.000000 -0.000000 -0.000000 0.000000
0.000000 0.000000 -0.000000 -0.000000 0.000000
0.000000 0.000000 -0.000000 -0.000000 0.000000
0.000000 0.000000 -0.000000 -0.000000 0.000000
0.000000 0.000000 -0.000000 -0.000000 0.000000
0.000000 0.000000 -0.000000 -0.000000 0.000000
0.000000 0.000000 -0.000000 -0.000000 0.000000
0.000000 0.000000 -0.000000 -0.000000 0.000000
0.000000 0.000000 -0.000000 -0.000000 0.000000
0.000000 0.000000 -0.000000 -0.000000 0.000000
0.000000 0.000000 -0.000000 -0.000000 0.000000
0.000000 0.000000 -0.000000 -0.000000 0.000000
0.000000 0.000000 -0.000000 -0.000000 0.000000
0.000000 0.000000 -0.000000 -0.000000 0.000000
0.000000 0.000000 -0.000000 -0.000000 0.000000
0.000000 0.000000 -0.000000 -0.000000 0.000000
0.000000 0.000000 -0.000000 -0.000000 0.000000
0.000000 0.000000 -0.000000 -0.000000 0.000000
0.000000 0.000000 -0.000000 -0.000000 0.000000
0.000000 0.000000 -0.000000 -0.000000 0.000000
0.000000 0.000000 -0.000000 -0.000000 0.000000
0.000000 0.000000 -0.000000 -0.000000 0.000000
0.000000 0.000000 -0.000000 -0.000000 0.000000
0.000000 0.000000 -0.000000 -0.000000 0.000000
0.000000 0.000000 -0.000000 -0.000000 0.000000
0.000000 0.000000 -0.000000 -0.000000 0.000000
0.000000 0.000000 -0.000000 -0.000000 0.000000
0.000000 0.000000 -0.000000 -0.000000 0.000000
0.000000 0.000000 -0.000000 -0.000000 0.000000
0.000000 0.000000 -0.000000 -0.000000 0.000000
0.000000 0.000000 -0.000000 -0.000000 0.000000
0.000000 0.000000 -0.000000 -0.000000 0.000000
0.000000 0.000000 -0.000000 -0.000000 0.000000
0.000000 0.000000 -0.000000 -0.000000 0.000000
0.000000 0.000000 -0.000000 -0.000000 0.000000
0.000000 0.000000 -0.000000 -0.000000 0.000000
0.000000 0.000000 -0.000000 -0.000000 0.000000
0.000000 0.000000 -0.000000 -0.000000 0.000000
0.000000 0.000000 -0.000000 -0.000000 0.000000
0.000000 0.000000 -0.000000 -0.000000 0.000000
0.000000 0.000000 -0.000000 -0.000000 0.000000
0.000000 0.000000 -0.000000 -0.000000 0.000000
0.000000 0.000000 -0.000000 -0.000000 0.000000
0.000000 0.000000 -0.000000 -0.000000 0.000000
0.000000 0.000000 -0.000000 -0.000000 0.000000
0.000000 0.000000 -0.000000 -0.000000 0.000000
0.000000 0.000000 -0.000000 -0.000000 0.000000
0.000000 0.000000 -0.000000 -0.000000 0.000000
0.000000 0.000000 -0.000000 -0.000000 0.000000
0.000000 0.000000 -0.000000 -0.000000 0.000000
0.000000 0.000000 -0.000000 -0.000000 0.000000
0.000000 0.000000 -0.000000 -0.000000 0.000000
0.000000 0.000000 -0.000000 -0.000000 0.000000
0.000165 0.000032 0.000000 0.000000 0.000000
0.000646 0.000124 0.000000 0.000000 0.000000
0.000138 0.000027 0.000000 0.000000 0.000000
0.000000 0.000000 -0.000000 -0.000000 0.000000
0.000000 0.000000 -0.000000 -0.000000 0.000000
0.000000 0.000000 -0.000000 -0.000000 0.000000
0.000000 0.000000 -0.000000 -0.000000 0.000000
0.000000 0.000000 -0.000000 -0.000000 0.000000
0.000000 0.000000 -0.000000 -0.000000 0.000000
0.000000 0.000000 -0.000000 -0.000000 0.000000
0.000000 0.000000 -0.000000 -0.000000 0.000000
0.000000 0.000000 -0.000000 -0.000000 0.000000
0.000000 0.000000 -0.000000 -0.000000 0.000000
0.000000 0.000000 -0.000000 -0.000000 0.000000
0.000000 0.000000 -0.000000 -0.000000 0.000000
0.000000 0.000000 -0.000000 -0.000000 0.000000
0.000000 0.000000 -0.000000 -0.000000 0.000000
0.000000 0.000000 -0.000000 -0.000000 0.000000
0.000000 0.000000 -0.000000 -0.000000 0.000000
0.000000 0.000000 -0.000000 -0.000000 0.000000
0.000000 0.000000 -0.000000 -0.000000 0.000000
0.000000 0.000000 -0.000000 -0.000000 0.000000
0.000000 0.000000 -0.000000 -0.000000 0.000000
0.000000 0.000000 -0.000000 -0.000000 0.000000
0.000499 0.000000 0.000000 0.000000 0.000000
0.002020 0.000000 0.000000 0.000000 0.000000
0.000732 0.000000 0.000000 0.000028 0.000000
0.001505 0.000000 0.000000 0.000000 0.000000
0.000886 0.000153 0.000000 0.000000 0.000342
0.000986 0.000164 0.000000 0.000000 0.000729
0.000410 0.000059 0.000000 0.000000 0.000041
0.000661 0.000296 0.000000 0.000000 0.000000
0.002626 0.000458 0.000449 0.000000 0.000000
0.005227 0.000443 0.000000 0.000000 0.000792
0.003830 0.000396 0.000000 0.000000 0.000217
0.001000 0.000690 0.000000 0.000028 0.000148
0.000310 0.000770 0.000000 0.000000 0.000134
0.000126 0.000312 0.000000 0.000000 0.000054
0.000000 0.000000 -0.000000 -0.000000 0.000000
0.000000 0.000000 -0.000000 -0.000000 0.000000
0.000000 0.000000 -0.000000 -0.000000 0.000000
0.000000 0.000000 -0.000000 -0.000000 0.000000
0.000000 0.000000 -0.000000 -0.000000 0.000000
0.000000 0.000000 -0.000000 -0.000000 0.000000
0.000000 0.000000 -0.000000 -0.000000 0.000000
0.000172 0.000007 0.000000 0.000000 0.000428
0.001015 0.000137 0.000000 0.000000 0.001873
0.000000 0.000125 0.000285 0.000000 0.002671
0.000628 0.000000 0.000000 0.000000 0.004176
0.000346 0.000000 0.000000 0.000000 0.005935
0.002391 0.000000 0.000000 0.000155 0.004257
0.003845 0.000000 0.000000 0.000749 0.002849
0.009394 0.000000 0.000011 0.000686 0.000000
0.010311 0.000000 0.000000 0.001223 0.000000
0.009203 0.000000 0.000000 0.000000 0.000000
0.006839 0.000000 0.000875 0.000000 0.000000
0.005204 0.000000 0.002242 0.000000 0.000788
0.008104 0.000000 0.003951 0.000000 0.003466
0.014306 0.000000 0.006438 0.000000 0.004588
0.022565 0.000175 0.005828 0.000000 0.007030
0.031734 0.006033 0.002732 0.000000 0.001239
0.032700 0.008182 0.000000 0.000000 0.000000
0.020044 0.007089 0.000000 0.000000 0.001347
0.012417 0.008888 0.000000 0.001126 0.001462
0.004531 0.005658 0.000000 0.003423 0.000000
0.002397 0.001746 0.000000 0.001176 0.000000
0.000606 0.000293 0.000000 0.000000 0.000000
0.000000 0.000000 -0.000000 -0.000000 0.000000
0.000000 0.000000 -0.000000 -0.000000 0.000000
0.000000 0.000000 -0.000000 -0.000000 0.000000
0.000000 0.000000 -0.000000 -0.000000 0.000000
0.000000 0.000000 -0.000000 -0.000000 0.000000
0.000015 0.000007 0.000000 0.000000 0.000088
0.000681 0.000156 0.000000 0.000000 0.002318
0.002041 0.000718 0.000000 0.000000 0.007976
0.001823 0.000775 0.000000 0.000000 0.015101
0.001273 0.000202 0.000000 0.000000 0.023351
0.002720 0.000000 0.000000 0.000000 0.024581
0.005071 0.000000 0.004624 0.003416 0.021728
0.008075 0.000000 0.013317 0.011494 0.011664
0.016775 0.000000 0.014925 0.018896 0.000000
0.023148 0.000000 0.010153 0.019035 0.000000
0.022644 0.000000 0.005557 0.015879 0.000000
0.012773 0.002908 0.005304 0.009244 0.000000
0.008766 0.003814 0.009378 0.000187 0.000000
0.015374 0.001514 0.024071 0.000000 0.003043
0.029252 0.000321 0.033458 0.000000 0.011630
0.041082 0.010637 0.032124 0.000000 0.020192
0.054333 0.031851 0.016211 0.000000 0.014202
0.052386 0.034233 0.000000 0.000000 0.006984
0.032998 0.039121 0.000000 0.008084 0.009300
0.014400 0.032049 0.000000 0.023646 0.002496
0.001329 0.017455 0.000000 0.026666 0.000000
0.000828 0.005770 0.000000 0.012990 0.000000
0.000021 0.002301 0.000000 0.001344 0.000000
0.000000 0.000000 -0.000000 -0.000000 0.000000
0.000000 0.000000 -0.000000 -0.000000 0.000000
0.000000 0.000000 -0.000000 -0.000000 0.000000
0.000000 0.000000 -0.000000 -0.000000 0.000000
0.000000 0.000000 -0.000000 -0.000000 0.000000
0.000006 0.000160 0.000000 0.000000 0.001292
0.001509 0.000531 0.000000 0.000000 0.007541
0.001993 0.001339 0.000000 0.000000 0.019661
0.001443 0.001200 0.000000 0.000000 0.031191
0.001258 0.000000 0.000000 0.000000 0.047351
0.000000 0.000000 0.003563 0.000000 0.054658
0.000379 0.000000 0.018741 0.014190 0.046356
0.007202 0.000000 0.035544 0.033888 0.020457
0.016674 0.000000 0.038991 0.052808 0.000000
0.026090 0.000000 0.027596 0.056859 0.000000
0.022180 0.006076 0.017415 0.040545 0.000000
0.013804 0.015964 0.009251 0.016133 0.000000
0.010564 0.013301 0.019472 0.000000 0.000000
0.017606 0.004321 0.047342 0.000000 0.007103
0.029235 0.006218 0.070840 0.000000 0.016854
0.048590 0.025163 0.066730 0.000000 0.030761
0.074372 0.048358 0.028329 0.000000 0.027007
0.065775 0.056595 0.000000 0.000104 0.021409
0.024579 0.058236 0.000000 0.036139 0.018286
0.003710 0.037306 0.000000 0.055941 0.006726
0.000000 0.013763 0.000000 0.053015 0.000000
0.000000 0.001313 0.000000 0.027915 0.000000
0.000000 0.001194 0.000000 0.004578 0.000000
0.000118 0.000095 0.000000 0.000028 0.000000
0.000000 0.000000 -0.000000 -0.000000 0.000000
0.000000 0.000000 -0.000000 -0.000000 0.000000
0.000000 0.000000 -0.000000 -0.000000 0.000000
0.000000 0.000000 -0.000000 -0.000000 0.000000
0.000000 0.000217 0.000000 0.000000 0.001646
0.000682 0.000921 0.000000 0.000000 0.011468
0.002560 0.001664 0.000000 0.000000 0.031363
0.001333 0.001213 0.000000 0.000000 0.048473
0.000000 0.000000 0.000000 0.000000 0.072271
0.000000 0.000000 0.010397 0.007213 0.089272
0.000000 0.000000 0.040771 0.033723 0.065897
0.002002 0.000000 0.062285 0.066206 0.019570
0.013774 0.000000 0.058271 0.082940 0.000000
0.030487 0.005470 0.033794 0.072773 0.000000
0.023890 0.034584 0.013081 0.041343 0.000000
0.018678 0.034266 0.007844 0.009583 0.000000
0.015916 0.017872 0.027946 0.000000 0.000000
0.018950 0.006933 0.070174 0.000000 0.008080
0.028195 0.016845 0.101704 0.000000 0.022105
0.061474 0.044172 0.084522 0.000000 0.041528
0.083434 0.067624 0.028105 0.000000 0.041370
0.058739 0.072712 0.000000 0.023577 0.039602
0.010560 0.054617 0.000000 0.072805 0.029208
0.000000 0.022170 0.000000 0.089725 0.012238
0.000000 0.003516 0.000000 0.064308 0.000000
0.000000 0.000000 0.000000 0.027477 0.000000
0.001247 0.000636 0.000000 0.005198 0.000000
0.000000 0.000784 0.000000 0.000543 0.000000
0.000000 0.000000 -0.000000 -0.000000 0.000000
0.000000 0.000000 -0.000000 -0.000000 0.000000
0.000000 0.000000 -0.000000 -0.000000 0.000000
0.000000 0.000000 -0.000000 -0.000000 0.000000
0.000000 0.000493 0.000000 0.000000 0.002936
0.000000 0.001927 0.000000 0.000000 0.017282
0.000946 0.002333 0.000000 0.000000 0.037171
0.000000 0.001951 0.000000 0.000000 0.063927
0.000000 0.000000 0.000368 0.000300 0.094363
0.000000 0.000000 0.022142 0.017410 0.104208
0.000000 0.000000 0.061519 0.059069 0.069767
0.001356 0.000000 0.083747 0.095651 0.004381
0.030927 0.000000 0.066363 0.095420 0.000000
0.043123 0.047805 0.025055 0.062600 0.000000
0.033826 0.066388 0.004291 0.022270 0.000000
0.024565 0.043052 0.006720 0.000000 0.000000
0.021144 0.017643 0.034564 0.000000 0.000000
0.022035 0.009351 0.086956 0.000000 0.004363
0.037208 0.027895 0.119853 0.000000 0.023356
0.075965 0.062650 0.081423 0.000000 0.051775
0.079667 0.082295 0.014678 0.000000 0.062736
0.036365 0.072568 0.000000 0.062897 0.055066
0.000000 0.035854 0.000000 0.112344 0.034792
0.000000 0.004089 0.000000 0.105293 0.015789
0.000000 0.000000 0.000000 0.058415 0.003827
0.000013 0.000000 0.000000 0.016227 0.000000
0.000905 0.001333 0.000000 0.003116 0.000000
0.000000 0.000622 0.000000 0.000527 0.000000
0.000000 0.000000 -0.000000 -0.000000 0.000000
0.000000 0.000000 -0.000000 -0.000000 0.000000
0.000000 0.000000 -0.000000 -0.000000 0.000000
0.000000 0.000000 -0.000000 -0.000000 0.000000
0.000000 0.000558 0.000000 0.000000 0.003237
0.000021 0.001689 0.000000 0.000000 0.016684
0.000034 0.002731 0.000000 0.000000 0.042426
0.000000 0.001536 0.000000 0.000000 0.074453
0.000000 0.000000 0.003599 0.004502 0.109556
0.000000 0.000000 0.034265 0.033903 0.112325
0.000000 0.000000 0.080298 0.088324 0.054740
0.015875 0.000000 0.095564 0.113535 0.000000
0.054045 0.039030 0.060783 0.085822 0.000000
0.057441 0.088048 0.015848 0.036979 0.000000
0.038437 0.083024 0.000000 0.000000 0.000000
0.024373 0.041225 0.006030 0.000000 0.000000
0.019789 0.015220 0.041569 0.000000 0.000000
0.019225 0.015417 0.105650 0.000000 0.000000
0.047809 0.044287 0.132087 0.000000 0.023589
0.084060 0.080893 0.072248 0.000000 0.060699
0.068385 0.088144 0.000000 0.023808 0.077155
0.012381 0.053836 0.000000 0.108756 0.059536
0.000000 0.011472 0.000000 0.129010 0.035178
0.000000 0.000000 0.000000 0.093788 0.016796
0.000000 0.000000 0.000000 0.038660 0.005541
0.000619 0.000000 0.000000 0.007992 0.000000
0.000029 0.000720 0.000000 0.001842 0.000000
0.000000 0.000225 0.000000 0.000161 0.000017
0.000000 0.000000 -0.000000 -0.000000 0.000000
0.000000 0.000000 -0.000000 -0.000000 0.000000
0.000000 0.000000 -0.000000 -0.000000 0.000000
0.000000 0.000016 0.000000 0.000000 0.000065
0.000000 0.000722 0.000006 0.000000 0.003187
0.000000 0.001722 0.000000 0.000000 0.018144
0.000000 0.002183 0.000000 0.000000 0.048574
0.000000 0.000889 0.000000 0.000703 0.087060
0.000000 0.000000 0.007422 0.017044 0.122952
0.000000 0.000000 0.050663 0.065775 0.110219
0.000000 0.000000 0.099254 0.114121 0.032317
0.033747 0.018615 0.099732 0.112281 0.000000
0.068170 0.086578 0.049105 0.053321 0.000000
0.065154 0.108105 0.010505 0.000000 0.000000
0.038748 0.073017 0.000000 0.000000 0.000000
0.021401 0.028334 0.008707 0.000000 0.000000
0.013931 0.015660 0.051833 0.000000 0.000000
0.017653 0.026187 0.123959 0.000000 0.000000
0.054998 0.066530 0.139378 0.000000 0.025751
0.080354 0.096321 0.063468 0.000000 0.067888
0.048794 0.079468 0.000000 0.068926 0.089838
0.000000 0.026502 0.000000 0.137321 0.063634
0.000000 0.000000 0.000000 0.120365 0.034900
0.000000 0.000000 0.000000 0.063121 0.018656
0.001952 0.000000 0.000000 0.015351 0.004471
0.000639 0.000000 0.000000 0.003864 0.000000
0.000000 0.000274 0.000000 0.000575 0.000011
0.000000 0.000000 -0.000000 -0.000000 0.000000
0.000000 0.000000 -0.000000 -0.000000 0.000000
0.000000 0.000000 -0.000000 -0.000000 0.000000
0.000000 0.000012 0.000000 0.000000 0.000050
0.000000 0.000184 0.000000 0.000000 0.000738
0.000000 0.000605 0.000000 0.000000 0.003330
0.000000 0.001605 0.000000 0.000000 0.020819
0.000000 0.001174 0.000000 0.000275 0.057244
0.000000 0.000000 0.000000 0.007072 0.102603
0.000000 0.000000 0.012507 0.041943 0.132407
0.000000 0.000000 0.067581 0.100634 0.097926
0.011162 0.000000 0.109621 0.121960 0.009426
0.059588 0.067876 0.089788 0.079581 0.000000
0.076204 0.119763 0.038731 0.008932 0.000000
0.055398 0.103200 0.006066 0.000000 0.000000
0.029109 0.045558 0.003329 0.000000 0.000000
0.011826 0.017796 0.014993 0.000000 0.000000
0.005520 0.021407 0.064884 0.000000 0.000000
0.022585 0.050855 0.133980 0.000000 0.000000
0.061969 0.095522 0.133619 0.000000 0.031714
0.061159 0.097590 0.052430 0.027618 0.077106
0.023784 0.054331 0.000000 0.115348 0.099668
0.000000 0.000961 0.000000 0.138283 0.068896
0.000000 0.000000 0.000000 0.092729 0.034324
0.003058 0.000000 0.000000 0.034332 0.017626
0.002251 0.000000 0.000000 0.007077 0.003498
0.000428 0.000191 0.000000 0.000986 0.000000
0.000000 0.000018 0.000000 0.000013 0.000001
0.000000 0.000000 -0.000000 -0.000000 0.000000
0.000000 0.000000 -0.000000 -0.000000 0.000000
0.000000 0.000000 -0.000000 -0.000000 0.000000
0.000000 0.000122 0.000000 0.000000 0.000492
0.000000 0.000241 0.000000 0.000000 0.000969
0.000000 0.000272 0.000000 0.000000 0.003321
0.000000 0.000922 0.000000 0.000000 0.022593
0.000000 0.000000 0.000000 0.004788 0.065403
0.000000 0.000000 0.000000 0.027928 0.111836
0.000000 0.000000 0.023430 0.075632 0.132951
0.000000 0.000000 0.078754 0.122656 0.082803
0.036353 0.034771 0.111728 0.110851 0.000000
0.067179 0.106417 0.085295 0.041810 0.000000
0.063996 0.122767 0.040228 0.000000 0.000000
0.023351 0.075017 0.015629 0.000000 0.000000
0.000000 0.028923 0.016854 0.000000 0.005442
0.000000 0.021495 0.029617 0.000000 0.007341
0.000000 0.042259 0.081907 0.000000 0.000000
0.022044 0.087712 0.141980 0.000000 0.000000
0.051396 0.112410 0.126113 0.000000 0.036977
0.038936 0.084590 0.046249 0.076850 0.086179
0.008631 0.023623 0.000000 0.138369 0.104654
0.000000 0.000000 0.000000 0.118991 0.072101
0.000131 0.000000 0.000000 0.058121 0.034468
0.006289 0.000000 0.000000 0.013916 0.016589
0.003158 0.001189 0.000000 0.001163 0.003137
0.001348 0.000821 0.000246 0.000000 0.000983
0.000048 0.000110 0.000000 0.000000 0.000081
0.000000 0.000000 -0.000000 -0.000000 0.000000
0.000000 0.000000 -0.000000 -0.000000 0.000000
0.000000 0.000000 -0.000000 -0.000000 0.000000
0.000000 0.000242 0.000000 0.000000 0.000973
0.000000 0.000241 0.000000 0.000000 0.000969
0.000000 0.000253 0.000000 0.000000 0.002651
0.000000 0.000000 0.000000 0.002064 0.025377
0.000000 0.000000 0.000000 0.016679 0.067120
0.000000 0.000000 0.000000 0.055690 0.116710
0.000000 0.000000 0.028345 0.104806 0.128606
0.013277 0.016911 0.078094 0.121803 0.079887
0.047835 0.076447 0.109680 0.084278 0.004263
0.038053 0.124206 0.096584 0.026835 0.000000
0.000000 0.109516 0.071391 0.006750 0.002742
0.000000 0.063743 0.052190 0.017249 0.022107
0.000000 0.045585 0.049364 0.024612 0.031639
0.000000 0.053059 0.059962 0.018278 0.034012
0.000000 0.086408 0.099063 0.000000 0.023809
0.014820 0.124702 0.142117 0.000000 0.010571
0.036846 0.112109 0.123179 0.045252 0.045479
0.015995 0.065896 0.053511 0.112130 0.095536
0.007595 0.015474 0.000000 0.127615 0.113273
0.007735 0.001133 0.000000 0.083730 0.079834
0.005868 0.006379 0.000000 0.029341 0.043810
0.006865 0.007422 0.000000 0.004236 0.021351
0.005587 0.003120 0.001085 0.000000 0.003764
0.002696 0.001460 0.000443 0.000000 0.002289
0.000000 0.000461 0.000057 0.000000 0.000302
0.000000 0.000000 -0.000000 -0.000000 0.000000
0.000000 0.000000 -0.000000 -0.000000 0.000000
0.000000 0.000000 -0.000000 -0.000000 0.000000
0.000000 0.000116 0.000000 0.000000 0.000465
0.000000 0.000242 0.000000 0.000000 0.000973
0.000000 0.000564 0.000000 0.000012 0.005875
0.000000 0.000000 0.000000 0.006378 0.028247
0.000000 0.000000 0.000000 0.032670 0.065849
0.000000 0.000000 0.000000 0.077444 0.110657
0.016098 0.010089 0.026338 0.108848 0.120785
0.045781 0.047333 0.069169 0.104621 0.088646
0.045160 0.101759 0.101787 0.065328 0.050040
0.000000 0.125033 0.115161 0.041570 0.045128
0.000000 0.107999 0.111096 0.050000 0.061569
0.000000 0.090303 0.097639 0.060292 0.081254
0.000000 0.082868 0.093774 0.061404 0.083924
0.000000 0.096416 0.093711 0.044081 0.083791
0.000000 0.133210 0.110190 0.019134 0.063960
0.017364 0.134141 0.134850 0.035601 0.041472
0.035892 0.099878 0.119119 0.083035 0.064034
0.028719 0.055533 0.058103 0.112187 0.106831
0.034414 0.028720 0.003265 0.092330 0.120455
0.038993 0.025333 0.000000 0.039127 0.091851
0.027611 0.023995 0.000000 0.005543 0.050662
0.021648 0.013646 0.000000 0.000000 0.021234
0.013891 0.005553 0.000000 0.000000 0.004431
0.004280 0.000838 0.000067 0.000000 0.002428
0.000000 0.000862 0.000285 0.000000 0.000293
0.000000 0.000000 -0.000000 -0.000000 0.000000
0.000000 0.000000 -0.000000 -0.000000 0.000000
0.000000 0.000000 -0.000000 -0.000000 0.000000
0.000000 0.000006 0.000000 0.000000 0.000023
0.000000 0.000176 0.000000 0.000000 0.000708
0.000000 0.000929 0.000000 0.001034 0.008131
0.000000 0.000440 0.000000 0.007585 0.024549
0.002840 0.000000 0.000000 0.036687 0.055781
0.030600 0.004368 0.000000 0.073633 0.094357
0.068591 0.023714 0.007347 0.087806 0.107172
0.097848 0.057669 0.045118 0.075488 0.088526
0.082550 0.088809 0.080444 0.057688 0.072720
0.018986 0.105590 0.096749 0.056722 0.079907
0.000000 0.100387 0.102173 0.069236 0.089132
0.000000 0.094399 0.100588 0.069336 0.095792
0.000000 0.094790 0.092597 0.064905 0.099309
0.000000 0.113381 0.089026 0.048904 0.091657
0.033071 0.134928 0.101699 0.036704 0.068591
0.054187 0.115816 0.125042 0.063926 0.049540
0.067622 0.070996 0.109552 0.096353 0.067692
0.073015 0.030140 0.047489 0.098281 0.107254
0.084919 0.013193 0.000000 0.057833 0.115704
0.075065 0.014717 0.000000 0.011854 0.088915
0.051564 0.017295 0.000000 0.000000 0.044300
0.035850 0.010380 0.000000 0.000000 0.017561
0.020361 0.004044 0.000000 0.000000 0.004282
0.005019 0.001667 0.000141 0.000000 0.002754
0.000554 0.000437 0.000371 0.000000 0.000394
0.000000 0.000119 0.000000 0.000071 0.000000
0.000000 0.000011 0.000000 0.000007 0.000000
0.000000 0.000000 -0.000000 -0.000000 0.000000
0.000000 0.000000 -0.000000 -0.000000 0.000000
0.000000 0.000011 0.000000 0.000000 0.000042
0.000000 0.000530 0.000000 0.001633 0.004378
0.000000 0.002290 0.000000 0.007064 0.016549
0.021319 0.002367 0.000000 0.027752 0.038368
0.067960 0.004335 0.000000 0.050881 0.067768
0.131609 0.021264 0.000000 0.048486 0.073694
0.168137 0.037096 0.010161 0.038580 0.063255
0.171421 0.043998 0.033621 0.033413 0.054584
0.156269 0.048572 0.044839 0.035046 0.051156
0.139913 0.048052 0.047745 0.038155 0.052191
0.139750 0.052844 0.046807 0.034743 0.049353
0.137438 0.069890 0.045960 0.028430 0.047025
0.126223 0.108775 0.052761 0.020716 0.044923
0.108568 0.117804 0.084524 0.040032 0.032975
0.090540 0.076004 0.119173 0.085114 0.029436
0.096240 0.017202 0.101443 0.105941 0.058321
0.103462 0.000000 0.043959 0.081482 0.095942
0.106776 0.000000 0.000000 0.030809 0.102661
0.083973 0.000000 0.000000 0.000000 0.074739
0.051968 0.002641 0.000000 0.000000 0.035695
0.029160 0.002716 0.000000 0.000000 0.014308
0.013982 0.002047 0.000000 0.000000 0.003908
0.005747 0.000401 0.000438 0.000000 0.001603
0.000000 0.000000 0.000182 0.000000 0.000199
0.000000 0.000427 0.000000 0.000254 0.000000
0.000000 0.000021 0.000000 0.000012 0.000000
0.000000 0.000000 -0.000000 -0.000000 0.000000
0.000000 0.000000 -0.000000 -0.000000 0.000000
0.000000 0.000000 -0.000000 -0.000000 0.000000
0.000384 0.001344 0.000000 0.000063 0.001951
0.004118 0.002989 0.000000 0.002776 0.006481
0.033896 0.000000 0.000000 0.017604 0.017484
0.083169 0.000000 0.000000 0.025821 0.029500
0.151679 0.002340 0.000000 0.015999 0.032862
0.194049 0.004584 0.000000 0.004589 0.025794
0.212491 0.001154 0.000000 0.000000 0.016936
0.219694 0.000000 0.000000 0.000000 0.010246
0.218677 0.000000 0.001102 0.000000 0.006165
0.209969 0.010937 0.005609 0.000000 0.001748
0.189311 0.062901 0.006858 0.000000 0.004406
0.149697 0.117885 0.023030 0.005432 0.000000
0.113191 0.099025 0.075183 0.056087 0.000000
0.087016 0.018833 0.125300 0.112872 0.000000
0.080328 0.000000 0.100954 0.110737 0.047974
0.080393 0.000000 0.032443 0.053910 0.107348
0.077273 0.000000 0.000000 0.010753 0.105496
0.060477 0.000000 0.000000 0.000000 0.066520
0.031773 0.000000 0.000000 0.000000 0.031721
0.015949 0.000000 0.000000 0.000000 0.011753
0.007435 0.000701 0.000000 0.000000 0.002171
0.004016 0.000000 0.000017 0.000000 0.000481
0.000000 0.000000 0.000147 0.000069 0.000022
0.000000 0.000427 0.000000 0.000254 0.000000
0.000000 0.000021 0.000000 0.000012 0.000000
0.000000 0.000000 -0.000000 -0.000000 0.000000
0.000000 0.000000 -0.000000 -0.000000 0.000000
0.000000 0.000000 -0.000000 -0.000000 0.000000
0.000976 0.001068 0.000000 0.000000 0.000629
0.005050 0.003375 0.000000 0.000000 0.001525
0.025435 0.000000 0.000000 0.004728 0.005582
0.055694 0.000000 0.000000 0.009002 0.010046
0.092769 0.000000 0.000000 0.004689 0.013337
0.116404 0.000000 0.000000 0.000000 0.012655
0.127323 0.000000 0.000000 0.000000 0.006790
0.125083 0.000000 0.000000 0.000000 0.001552
0.122584 0.000000 0.000000 0.000000 0.000000
0.112356 0.034976 0.000000 0.000000 0.000000
0.093102 0.107739 0.000000 0.000000 0.000000
0.077643 0.130235 0.019776 0.026686 0.000000
0.065659 0.062236 0.085447 0.090786 0.000000
0.049567 0.000000 0.133350 0.129448 0.000000
0.047796 0.000000 0.096034 0.093275 0.054003
0.045654 0.000000 0.023518 0.026759 0.117706
0.047622 0.000000 0.000000 0.000000 0.110977
0.036960 0.000000 0.000000 0.000000 0.067587
0.022087 0.000469 0.000000 0.000000 0.029523
0.010557 0.000480 0.000000 0.000000 0.010090
0.003601 0.000000 0.000000 0.000000 0.002084
0.000678 0.000000 0.000000 0.000000 0.000823
0.000000 0.000000 -0.000000 -0.000000 0.000000
0.000000 0.000142 0.000000 0.000084 0.000000
0.000000 0.000007 0.000000 0.000004 0.000000
0.000000 0.000000 -0.000000 -0.000000 0.000000
0.000000 0.000000 -0.000000 -0.000000 0.000000
0.000000 0.000000 -0.000000 -0.000000 0.000000
0.001209 0.000000 0.000000 0.000000 0.000261
0.002943 0.000620 0.000000 0.000000 0.000562
0.009135 0.000000 0.000000 0.001062 0.002421
0.024784 0.000000 0.000000 0.000473 0.005405
0.035195 0.000000 0.000000 0.000000 0.004050
0.037930 0.000000 0.000000 0.000701 0.004056
0.038484 0.000000 0.000000 0.002464 0.000631
0.039602 0.003307 0.000000 0.000330 0.000000
0.034984 0.026758 0.000000 0.000000 0.000628
0.031654 0.086849 0.000000 0.000000 0.002641
0.028937 0.140015 0.000000 0.001916 0.000000
0.035034 0.112086 0.031733 0.057128 0.000000
0.031963 0.021332 0.099101 0.116297 0.000000
0.031684 0.000000 0.133168 0.121906 0.000000
0.029823 0.000000 0.088886 0.064798 0.061374
0.031990 0.000000 0.021988 0.010305 0.119935
0.034101 0.000000 0.000000 0.000000 0.108620
0.026443 0.001520 0.000000 0.000000 0.067030
0.015658 0.001833 0.000000 0.000000 0.030592
0.004185 0.000678 0.000000 0.000000 0.009142
0.001654 0.000000 0.000000 0.000000 0.002725
0.000692 0.000000 0.000000 0.000000 0.000863
0.000000 0.000000 -0.000000 -0.000000 0.000000
0.000000 0.000000 -0.000000 -0.000000 0.000000
0.000000 0.000000 -0.000000 -0.000000 0.000000
0.000000 0.000000 -0.000000 -0.000000 0.000000
0.000000 0.000000 -0.000000 -0.000000 0.000000
0.000000 0.000000 -0.000000 -0.000000 0.000000
0.000028 0.000003 0.000000 0.000000 0.000012
0.000562 0.000125 0.000000 0.000000 0.000165
0.000915 0.000000 0.000000 0.000000 0.000683
0.005386 0.000000 0.000000 0.000000 0.001663
0.007505 0.000083 0.000000 0.000000 0.002938
0.007931 0.000911 0.000000 0.000000 0.001841
0.008925 0.006699 0.000000 0.000000 0.000821
0.010103 0.020903 0.000000 0.000000 0.002278
0.008157 0.058296 0.000000 0.000000 0.003742
0.005050 0.121051 0.000000 0.000000 0.001493
0.004334 0.134931 0.002744 0.028961 0.000000
0.018026 0.072757 0.045576 0.083770 0.000000
0.019354 0.000000 0.107354 0.120556 0.000000
0.024157 0.000000 0.124410 0.097147 0.000000
0.025328 0.000000 0.082201 0.041231 0.064235
0.026360 0.000000 0.022489 0.000000 0.117714
0.025284 0.000000 0.000000 0.000000 0.106939
0.021207 0.001541 0.000000 0.000000 0.067356
0.012787 0.001590 0.000000 0.000000 0.033907
0.003701 0.000536 0.000000 0.000000 0.012624
0.000521 0.000082 0.000000 0.000000 0.004818
0.000302 0.000000 0.000000 0.000011 0.002421
0.000000 0.000000 0.000713 0.000056 0.000149
0.000000 0.000000 -0.000000 -0.000000 0.000000
0.000000 0.000000 -0.000000 -0.000000 0.000000
0.000000 0.000000 -0.000000 -0.000000 0.000000
0.000000 0.000000 -0.000000 -0.000000 0.000000
0.000000 0.000000 -0.000000 -0.000000 0.000000
0.000000 0.000000 -0.000000 -0.000000 0.000000
0.000000 0.000000 -0.000000 -0.000000 0.000000
0.000000 0.000000 -0.000000 -0.000000 0.000000
0.000792 0.000220 0.000000 0.000000 0.000016
0.001776 0.000720 0.000000 0.000000 0.000273
0.003635 0.005130 0.000000 0.000000 0.000469
0.005893 0.015117 0.000000 0.000000 0.001088
0.001257 0.042352 0.000000 0.000000 0.003954
0.000000 0.093046 0.000000 0.000000 0.004674
0.000000 0.130039 0.000000 0.007564 0.000000
0.003051 0.110320 0.010868 0.049942 0.000000
0.013566 0.034442 0.054744 0.098803 0.000000
0.015161 0.000000 0.108336 0.109112 0.000000
0.024048 0.000000 0.114443 0.071252 0.000000
0.023567 0.000000 0.075257 0.027128 0.062741
0.022466 0.000000 0.025577 0.000000 0.107966
0.020191 0.000000 0.000000 0.000000 0.103757
0.021325 0.001174 0.000000 0.000000 0.069605
0.012913 0.001615 0.000000 0.000000 0.037392
0.004062 0.001131 0.000000 0.000000 0.014373
0.000281 0.000189 0.000000 0.000000 0.004714
0.000027 0.000000 0.000000 0.000005 0.002312
0.000000 0.000000 0.000713 0.000071 0.000478
0.000000 0.000000 -0.000000 -0.000000 0.000000
0.000000 0.000000 -0.000000 -0.000000 0.000000
0.000000 0.000000 -0.000000 -0.000000 0.000000
0.000000 0.000000 -0.000000 -0.000000 0.000000
0.000000 0.000000 -0.000000 -0.000000 0.000000
0.000000 0.000000 -0.000000 -0.000000 0.000000
0.000000 0.000000 -0.000000 -0.000000 0.000000
0.000482 0.000160 0.000000 0.000000 0.000018
0.000767 0.000308 0.000000 0.000000 0.000036
0.001727 0.003306 0.000000 0.000000 0.000346
0.003372 0.008695 0.000000 0.000000 0.000426
0.002341 0.024382 0.000000 0.000000 0.001709
0.000000 0.062751 0.000000 0.000000 0.004601
0.000000 0.109836 0.000000 0.000000 0.003934
0.000000 0.116603 0.000000 0.025518 0.000000
0.001967 0.079383 0.019241 0.065117 0.000000
0.013739 0.007320 0.062132 0.099040 0.000000
0.017212 0.000000 0.103804 0.091725 0.000000
0.025382 0.000000 0.104235 0.057119 0.000000
0.022872 0.000000 0.073064 0.020916 0.054583
0.018739 0.000000 0.029994 0.000000 0.097800
0.014896 0.000000 0.000000 0.000000 0.102046
0.015091 0.001506 0.000000 0.000000 0.071737
0.011137 0.001619 0.000000 0.000000 0.038848
0.004813 0.000979 0.000000 0.000000 0.015722
0.002022 0.000266 0.000000 0.000000 0.006295
0.000368 0.000000 0.000000 0.000000 0.002047
0.000000 0.000067 0.000000 0.000025 0.000778
0.000000 0.000000 -0.000000 -0.000000 0.000000
0.000000 0.000000 -0.000000 -0.000000 0.000000
0.000000 0.000000 -0.000000 -0.000000 0.000000
0.000000 0.000000 -0.000000 -0.000000 0.000000
0.000000 0.000000 -0.000000 -0.000000 0.000000
0.000000 0.000000 -0.000000 -0.000000 0.000000
0.000000 0.000000 -0.000000 -0.000000 0.000000
0.000585 0.000204 0.000000 0.000000 0.000022
0.000616 0.001942 0.000000 0.000000 0.000183
0.002191 0.005969 0.000000 0.000000 0.000385
0.001864 0.012151 0.000000 0.000000 0.000554
0.000000 0.032330 0.000000 0.000000 0.001901
0.000000 0.069941 0.000000 0.000000 0.004361
0.000000 0.104783 0.000000 0.004294 0.002576
0.000000 0.096375 0.000000 0.038122 0.000000
0.000376 0.050740 0.023714 0.067846 0.000000
0.014642 0.000000 0.062526 0.083223 0.000000
0.010059 0.000000 0.093012 0.073416 0.000000
0.013373 0.000000 0.095584 0.048368 0.000000
0.017899 0.000000 0.071231 0.015922 0.039247
0.011583 0.000000 0.031437 0.000000 0.081587
0.006580 0.000000 0.005471 0.000000 0.088579
0.004863 0.001417 0.000000 0.000000 0.067095
0.006132 0.001826 0.000000 0.000000 0.034937
0.001594 0.001407 0.000000 0.000000 0.015389
0.001155 0.001007 0.000000 0.000000 0.006863
0.000312 0.000128 0.000000 0.000000 0.001242
0.000000 0.000003 0.000000 0.000001 0.000034
0.000000 0.000000 -0.000000 -0.000000 0.000000
0.000000 0.000000 -0.000000 -0.000000 0.000000
0.000000 0.000000 -0.000000 -0.000000 0.000000
0.000000 0.000000 -0.000000 -0.000000 0.000000
0.000000 0.000000 -0.000000 -0.000000 0.000000
0.000000 0.000000 -0.000000 -0.000000 0.000000
0.000000 0.000000 -0.000000 -0.000000 0.000000
0.000000 0.000075 0.000000 0.000000 0.000005
0.000485 0.002899 0.000000 0.000000 0.000158
0.000990 0.005531 0.000000 0.000000 0.000198
0.000000 0.010737 0.000000 0.000000 0.000421
0.000000 0.029137 0.000000 0.000000 0.002450
0.000000 0.054035 0.000000 0.000491 0.004044
0.000000 0.075156 0.000000 0.011257 0.002571
0.000000 0.060139 0.003815 0.034498 0.000000
0.000000 0.023734 0.022564 0.053403 0.000000
0.000000 0.000000 0.049935 0.053418 0.000000
0.000000 0.000000 0.064865 0.046001 0.000000
0.000000 0.000000 0.067253 0.032503 0.000000
0.000000 0.000000 0.050390 0.013963 0.019890
0.000000 0.000000 0.025264 0.000000 0.048354
0.000000 0.000000 0.008892 0.000000 0.050014
0.000000 0.002129 0.000000 0.000000 0.041401
0.000000 0.002678 0.000000 0.000000 0.022457
0.000000 0.001853 0.000000 0.000000 0.011126
0.000302 0.000613 0.000000 0.000000 0.004339
0.000000 0.000076 0.000000 0.000000 0.000489
0.000000 0.000000 -0.000000 -0.000000 0.000000
0.000000 0.000000 -0.000000 -0.000000 0.000000
0.000000 0.000000 -0.000000 -0.000000 0.000000
0.000000 0.000000 -0.000000 -0.000000 0.000000
0.000000 0.000000 -0.000000 -0.000000 0.000000
0.000000 0.000000 -0.000000 -0.000000 0.000000
0.000000 0.000000 -0.000000 -0.000000 0.000000
0.000000 0.000000 -0.000000 -0.000000 0.000000
0.000000 0.000000 -0.000000 -0.000000 0.000000
0.000034 0.000032 0.000000 0.000000 0.000000
0.000000 0.000684 0.000000 0.000000 0.000027
0.000000 0.003921 0.000000 0.000000 0.000442
0.000000 0.010173 0.000000 0.000000 0.001162
0.000000 0.016095 0.000000 0.000507 0.001706
0.000000 0.015928 0.000000 0.004075 0.001184
0.000000 0.011882 0.001410 0.010894 0.000000
0.000000 0.006188 0.007947 0.016078 0.000000
0.000000 0.000000 0.018434 0.017329 0.000000
0.000000 0.000000 0.025067 0.015060 0.000000
0.000000 0.000000 0.024451 0.011608 0.000000
0.000000 0.000000 0.016137 0.006640 0.004793
0.000000 0.000000 0.007954 0.001416 0.006791
0.000000 0.000252 0.002987 0.000000 0.010734
0.000000 0.000468 0.001277 0.000000 0.008844
0.000000 0.000350 0.000220 0.000000 0.002739
0.000000 0.000628 0.000047 0.000000 0.001707
0.000000 0.000442 0.000114 0.000000 0.000161
0.000010 0.000084 0.000000 0.000000 0.000004
0.000000 0.000000 -0.000000 -0.000000 0.000000
0.000000 0.000000 -0.000000 -0.000000 0.000000
0.000000 0.000000 -0.000000 -0.000000 0.000000
0.000000 0.000000 -0.000000 -0.000000 0.000000
0.000000 0.000000 -0.000000 -0.000000 0.000000
0.000000 0.000000 -0.000000 -0.000000 0.000000
0.000000 0.000000 -0.000000 -0.000000 0.000000
0.000000 0.000000 -0.000000 -0.000000 0.000000
0.000000 0.000000 -0.000000 -0.000000 0.000000
0.000000 0.000000 -0.000000 -0.000000 0.000000
0.000000 0.000000 -0.000000 -0.000000 0.000000
0.000000 0.000477 0.000090 0.000000 0.000111
0.000000 0.000299 0.000057 0.000000 0.000069
0.000000 0.000000 -0.000000 -0.000000 0.000000
0.000000 0.000000 -0.000000 -0.000000 0.000000
0.000000 0.000172 0.000087 0.000382 0.000027
0.000000 0.000209 0.000165 0.000666 0.000115
0.000000 0.000000 0.000014 0.000054 0.000015
0.000000 0.000010 0.000316 0.000041 0.000000
0.000000 0.000000 0.000341 0.000389 0.000053
0.000000 0.000000 0.001105 0.000868 0.000300
0.000000 0.000000 0.001033 0.000547 0.000575
0.000000 0.000012 0.000017 0.000000 0.000499
0.000000 0.000000 -0.000000 -0.000000 0.000000
0.000000 0.000000 -0.000000 -0.000000 0.000000
0.000000 0.000000 -0.000000 -0.000000 0.000000
0.000000 0.000000 -0.000000 -0.000000 0.000000
0.000000 0.000000 -0.000000 -0.000000 0.000000
0.000000 0.000000 -0.000000 -0.000000 0.000000
0.000000 0.000000 -0.000000 -0.000000 0.000000
0.000000 0.000000 -0.000000 -0.000000 0.000000
0.000000 0.000000 -0.000000 -0.000000 0.000000
0.000000 0.000000 -0.000000 -0.000000 0.000000
0.000000 0.000000 -0.000000 -0.000000 0.000000
0.000000 0.000000 -0.000000 -0.000000 0.000000
0.000000 0.000000 -0.000000 -0.000000 0.000000
0.000000 0.000000 -0.000000 -0.000000 0.000000
0.000000 0.000000 -0.000000 -0.000000 0.000000
0.000000 0.000000 -0.000000 -0.000000 0.000000
0.000000 0.000000 -0.000000 -0.000000 0.000000
0.000000 0.000000 -0.000000 -0.000000 0.000000
0.000000 0.000000 -0.000000 -0.000000 0.000000
0.000000 0.000000 -0.000000 -0.000000 0.000000
0.000000 0.000000 -0.000000 -0.000000 0.000000
0.000000 0.000000 -0.000000 -0.000000 0.000000
0.000000 0.000000 -0.000000 -0.000000 0.000000
0.000000 0.000000 -0.000000 -0.000000 0.000000
0.000000 0.000000 -0.000000 -0.000000 0.000000
0.000000 0.000000 -0.000000 -0.000000 0.000000
0.000000 0.000000 -0.000000 -0.000000 0.000000
0.000000 0.000000 -0.000000 -0.000000 0.000000
0.000000 0.000000 -0.000000 -0.000000 0.000000
0.000000 0.000000 -0.000000 -0.000000 0.000000
0.000000 0.000000 -0.000000 -0.000000 0.000000
0.000000 0.000000 -0.000000 -0.000000 0.000000
0.000000 0.000000 -0.000000 -0.000000 0.000000
0.000000 0.000000 -0.000000 -0.000000 0.000000
0.000000 0.000000 -0.000000 -0.000000 0.000000
0.000000 0.000000 -0.000000 -0.000000 0.000000
