0.000000000000000000e+00 0.000000000000000000e+00 0.000000000000000000e+00 -0.000000000000000000e+00 -0.000000000000000000e+00
0.000000000000000000e+00 0.000000000000000000e+00 0.000000000000000000e+00 -0.000000000000000000e+00 -0.000000000000000000e+00
0.000000000000000000e+00 0.000000000000000000e+00 0.000000000000000000e+00 -0.000000000000000000e+00 -0.000000000000000000e+00
0.000000000000000000e+00 0.000000000000000000e+00 0.000000000000000000e+00 -0.000000000000000000e+00 -0.000000000000000000e+00
0.000000000000000000e+00 0.000000000000000000e+00 0.000000000000000000e+00 -0.000000000000000000e+00 -0.000000000000000000e+00
0.000000000000000000e+00 0.000000000000000000e+00 0.000000000000000000e+00 -0.000000000000000000e+00 -0.000000000000000000e+00
0.000000000000000000e+00 0.000000000000000000e+00 0.000000000000000000e+00 -0.000000000000000000e+00 -0.000000000000000000e+00
0.000000000000000000e+00 0.000000000000000000e+00 0.000000000000000000e+00 -0.000000000000000000e+00 -0.000000000000000000e+00
0.000000000000000000e+00 0.000000000000000000e+00 0.000000000000000000e+00 -0.000000000000000000e+00 -0.000000000000000000e+00
0.000000000000000000e+00 0.000000000000000000e+00 0.000000000000000000e+00 -0.000000000000000000e+00 -0.000000000000000000e+00
0.000000000000000000e+00 0.000000000000000000e+00 0.000000000000000000e+00 -0.000000000000000000e+00 -0.000000000000000000e+00
0.000000000000000000e+00 0.000000000000000000e+00 0.000000000000000000e+00 -0.000000000000000000e+00 -0.000000000000000000e+00
0.000000000000000000e+00 0.000000000000000000e+00 0.000000000000000000e+00 -0.000000000000000000e+00 -0.000000000000000000e+00
0.000000000000000000e+00 0.000000000000000000e+00 0.000000000000000000e+00 -0.000000000000000000e+00 -0.000000000000000000e+00
0.000000000000000000e+00 0.000000000000000000e+00 0.000000000000000000e+00 -0.000000000000000000e+00 -0.000000000000000000e+00
0.000000000000000000e+00 0.000000000000000000e+00 0.000000000000000000e+00 -0.000000000000000000e+00 -0.000000000000000000e+00
0.000000000000000000e+00 0.000000000000000000e+00 0.000000000000000000e+00 -0.000000000000000000e+00 -0.000000000000000000e+00
0.000000000000000000e+00 0.000000000000000000e+00 0.000000000000000000e+00 -0.000000000000000000e+00 -0.000000000000000000e+00
0.000000000000000000e+00 0.000000000000000000e+00 0.000000000000000000e+00 -0.000000000000000000e+00 -0.000000000000000000e+00
0.000000000000000000e+00 0.000000000000000000e+00 0.000000000000000000e+00 -0.000000000000000000e+00 -0.000000000000000000e+00
0.000000000000000000e+00 0.000000000000000000e+00 0.000000000000000000e+00 -0.000000000000000000e+00 -0.000000000000000000e+00
0.000000000000000000e+00 0.000000000000000000e+00 0.000000000000000000e+00 -0.000000000000000000e+00 -0.000000000000000000e+00
0.000000000000000000e+00 0.000000000000000000e+00 0.000000000000000000e+00 -0.000000000000000000e+00 -0.000000000000000000e+00
0.000000000000000000e+00 0.000000000000000000e+00 0.000000000000000000e+00 -0.000000000000000000e+00 -0.000000000000000000e+00
0.000000000000000000e+00 0.000000000000000000e+00 0.000000000000000000e+00 -0.000000000000000000e+00 -0.000000000000000000e+00
0.000000000000000000e+00 0.000000000000000000e+00 0.000000000000000000e+00 -0.000000000000000000e+00 -0.000000000000000000e+00
0.000000000000000000e+00 0.000000000000000000e+00 0.000000000000000000e+00 -0.000000000000000000e+00 -0.000000000000000000e+00
0.000000000000000000e+00 0.000000000000000000e+00 0.000000000000000000e+00 -0.000000000000000000e+00 -0.000000000000000000e+00
0.000000000000000000e+00 0.000000000000000000e+00 0.000000000000000000e+00 -0.000000000000000000e+00 -0.000000000000000000e+00
0.000000000000000000e+00 0.000000000000000000e+00 0.000000000000000000e+00 -0.000000000000000000e+00 -0.000000000000000000e+00
0.000000000000000000e+00 0.000000000000000000e+00 0.000000000000000000e+00 -0.000000000000000000e+00 -0.000000000000000000e+00
0.000000000000000000e+00 0.000000000000000000e+00 0.000000000000000000e+00 -0.000000000000000000e+00 -0.000000000000000000e+00
0.000000000000000000e+00 0.000000000000000000e+00 0.000000000000000000e+00 -0.000000000000000000e+00 -0.000000000000000000e+00
0.000000000000000000e+00 0.000000000000000000e+00 0.000000000000000000e+00 -0.000000000000000000e+00 -0.000000000000000000e+00
0.000000000000000000e+00 0.000000000000000000e+00 0.000000000000000000e+00 -0.000000000000000000e+00 -0.000000000000000000e+00
0.000000000000000000e+00 0.000000000000000000e+00 0.000000000000000000e+00 -0.000000000000000000e+00 -0.000000000000000000e+00
0.000000000000000000e+00 0.000000000000000000e+00 0.000000000000000000e+00 -0.000000000000000000e+00 -0.000000000000000000e+00
0.000000000000000000e+00 0.000000000000000000e+00 0.000000000000000000e+00 -0.000000000000000000e+00 -0.000000000000000000e+00
0.000000000000000000e+00 0.000000000000000000e+00 0.000000000000000000e+00 -0.000000000000000000e+00 -0.000000000000000000e+00
0.000000000000000000e+00 0.000000000000000000e+00 0.000000000000000000e+00 -0.000000000000000000e+00 -0.000000000000000000e+00
0.000000000000000000e+00 0.000000000000000000e+00 0.000000000000000000e+00 -0.000000000000000000e+00 -0.000000000000000000e+00
0.000000000000000000e+00 0.000000000000000000e+00 0.000000000000000000e+00 -0.000000000000000000e+00 -0.000000000000000000e+00
0.000000000000000000e+00 0.000000000000000000e+00 0.000000000000000000e+00 -0.000000000000000000e+00 -0.000000000000000000e+00
0.000000000000000000e+00 0.000000000000000000e+00 0.000000000000000000e+00 -0.000000000000000000e+00 -0.000000000000000000e+00
0.000000000000000000e+00 0.000000000000000000e+00 0.000000000000000000e+00 -0.000000000000000000e+00 -0.000000000000000000e+00
0.000000000000000000e+00 0.000000000000000000e+00 0.000000000000000000e+00 -0.000000000000000000e+00 -0.000000000000000000e+00
0.000000000000000000e+00 0.000000000000000000e+00 0.000000000000000000e+00 -0.000000000000000000e+00 -0.000000000000000000e+00
0.000000000000000000e+00 0.000000000000000000e+00 0.000000000000000000e+00 -0.000000000000000000e+00 -0.000000000000000000e+00
0.000000000000000000e+00 0.000000000000000000e+00 0.000000000000000000e+00 -0.000000000000000000e+00 -0.000000000000000000e+00
0.000000000000000000e+00 0.000000000000000000e+00 0.000000000000000000e+00 -0.000000000000000000e+00 -0.000000000000000000e+00
0.000000000000000000e+00 0.000000000000000000e+00 0.000000000000000000e+00 -0.000000000000000000e+00 -0.000000000000000000e+00
0.000000000000000000e+00 0.000000000000000000e+00 0.000000000000000000e+00 -0.000000000000000000e+00 -0.000000000000000000e+00
0.000000000000000000e+00 0.000000000000000000e+00 0.000000000000000000e+00 -0.000000000000000000e+00 -0.000000000000000000e+00
0.000000000000000000e+00 0.000000000000000000e+00 0.000000000000000000e+00 -0.000000000000000000e+00 -0.000000000000000000e+00
0.000000000000000000e+00 0.000000000000000000e+00 0.000000000000000000e+00 -0.000000000000000000e+00 -0.000000000000000000e+00
0.000000000000000000e+00 0.000000000000000000e+00 0.000000000000000000e+00 -0.000000000000000000e+00 -0.000000000000000000e+00
0.000000000000000000e+00 0.000000000000000000e+00 0.000000000000000000e+00 -0.000000000000000000e+00 -0.000000000000000000e+00
0.000000000000000000e+00 0.000000000000000000e+00 0.000000000000000000e+00 -0.000000000000000000e+00 -0.000000000000000000e+00
0.000000000000000000e+00 0.000000000000000000e+00 0.000000000000000000e+00 -0.000000000000000000e+00 -0.000000000000000000e+00
0.000000000000000000e+00 0.000000000000000000e+00 0.000000000000000000e+00 -0.000000000000000000e+00 -0.000000000000000000e+00
0.000000000000000000e+00 0.000000000000000000e+00 0.000000000000000000e+00 -0.000000000000000000e+00 -0.000000000000000000e+00
0.000000000000000000e+00 0.000000000000000000e+00 0.000000000000000000e+00 -0.000000000000000000e+00 -0.000000000000000000e+00
0.000000000000000000e+00 0.000000000000000000e+00 0.000000000000000000e+00 -0.000000000000000000e+00 -0.000000000000000000e+00
0.000000000000000000e+00 0.000000000000000000e+00 0.000000000000000000e+00 -0.000000000000000000e+00 -0.000000000000000000e+00
0.000000000000000000e+00 0.000000000000000000e+00 0.000000000000000000e+00 -0.000000000000000000e+00 -0.000000000000000000e+00
0.000000000000000000e+00 0.000000000000000000e+00 0.000000000000000000e+00 -0.000000000000000000e+00 -0.000000000000000000e+00
0.000000000000000000e+00 0.000000000000000000e+00 0.000000000000000000e+00 -0.000000000000000000e+00 -0.000000000000000000e+00
0.000000000000000000e+00 0.000000000000000000e+00 0.000000000000000000e+00 -0.000000000000000000e+00 -0.000000000000000000e+00
4.891691891455436338e-05 1.000000000000000021e-08 5.573746017809719168e-05 1.807941951089367218e-05 1.000000000000000021e-08
1.771819031764318875e-04 1.000000000000000021e-08 1.293195402241752352e-04 7.865730269911250255e-06 1.000000000000000021e-08
4.655154805577274590e-04 1.000000000000000021e-08 1.897130700151221361e-04 1.000000000000000021e-08 1.000000000000000021e-08
4.944374652545630890e-04 1.000000000000000021e-08 1.802148231348368412e-04 1.000000000000000021e-08 1.000000000000000021e-08
3.519155012892711686e-04 1.000000000000000021e-08 2.070881643674787138e-04 1.000000000000000021e-08 1.000000000000000021e-08
2.037465607689182905e-04 1.000000000000000021e-08 1.562980523265730334e-04 1.000000000000000021e-08 1.000000000000000021e-08
9.625246137490389456e-06 1.000000000000000021e-08 1.143352479238859757e-05 4.311176671592928764e-07 1.000000000000000021e-08
1.794503911304338117e-04 1.000000000000000021e-08 1.964242514095652600e-04 1.000000000000000021e-08 4.077171548112585320e-06
1.863636098101879054e-04 1.000000000000000021e-08 1.363017221401504611e-04 1.000000000000000021e-08 1.000000000000000021e-08
1.376932078445687157e-04 1.000000000000000021e-08 4.960924930083715468e-05 1.000000000000000021e-08 1.000000000000000021e-08
1.441984068610468106e-04 1.000000000000000021e-08 5.252814806749073217e-05 1.000000000000000021e-08 1.000000000000000021e-08
0.000000000000000000e+00 0.000000000000000000e+00 0.000000000000000000e+00 -0.000000000000000000e+00 -0.000000000000000000e+00
0.000000000000000000e+00 0.000000000000000000e+00 0.000000000000000000e+00 -0.000000000000000000e+00 -0.000000000000000000e+00
0.000000000000000000e+00 0.000000000000000000e+00 0.000000000000000000e+00 -0.000000000000000000e+00 -0.000000000000000000e+00
0.000000000000000000e+00 0.000000000000000000e+00 0.000000000000000000e+00 -0.000000000000000000e+00 -0.000000000000000000e+00
0.000000000000000000e+00 0.000000000000000000e+00 0.000000000000000000e+00 -0.000000000000000000e+00 -0.000000000000000000e+00
0.000000000000000000e+00 0.000000000000000000e+00 0.000000000000000000e+00 -0.000000000000000000e+00 -0.000000000000000000e+00
0.000000000000000000e+00 0.000000000000000000e+00 0.000000000000000000e+00 -0.000000000000000000e+00 -0.000000000000000000e+00
0.000000000000000000e+00 0.000000000000000000e+00 0.000000000000000000e+00 -0.000000000000000000e+00 -0.000000000000000000e+00
0.000000000000000000e+00 0.000000000000000000e+00 0.000000000000000000e+00 -0.000000000000000000e+00 -0.000000000000000000e+00
0.000000000000000000e+00 0.000000000000000000e+00 0.000000000000000000e+00 -0.000000000000000000e+00 -0.000000000000000000e+00
0.000000000000000000e+00 0.000000000000000000e+00 0.000000000000000000e+00 -0.000000000000000000e+00 -0.000000000000000000e+00
4.165175483902431924e-05 1.000000000000000021e-08 2.967846948132801462e-06 1.000000000000000021e-08 1.000000000000000021e-08
3.516381598385128512e-04 1.000000000000000021e-08 2.591249627151476331e-05 1.000000000000000021e-08 1.000000000000000021e-08
4.107350751742217367e-04 1.000000000000000021e-08 3.387869815508142519e-05 1.000000000000000021e-08 1.000000000000000021e-08
2.418873657442304577e-04 4.414204596288721520e-05 2.211683593696007422e-05 1.000000000000000021e-08 1.000000000000000021e-08
1.000000000000000021e-08 8.189584539915919004e-06 1.000000000000000021e-08 2.850456236705177762e-05 3.014485049075137389e-05
3.021378676525596739e-04 1.000000000000000021e-08 1.000000000000000021e-08 1.000000000000000021e-08 1.103948608231483593e-04
9.819948014552686098e-04 1.000000000000000021e-08 3.190491800696146157e-04 1.000000000000000021e-08 2.689470166741785362e-05
1.040151574637641300e-03 1.000000000000000021e-08 6.601910579430949515e-04 1.000000000000000021e-08 1.000000000000000021e-08
1.411682265497192414e-03 1.000000000000000021e-08 1.533892496790156346e-03 1.000000000000000021e-08 1.000000000000000021e-08
1.369801657950744369e-03 1.000000000000000021e-08 2.126163374886864965e-03 1.000000000000000021e-08 1.000000000000000021e-08
1.449092785258073975e-03 1.000000000000000021e-08 2.723014968949877095e-03 1.000000000000000021e-08 1.000000000000000021e-08
9.858560704521803462e-04 1.000000000000000021e-08 2.411681068181950691e-03 1.000000000000000021e-08 1.000000000000000021e-08
8.826329613681009600e-04 1.000000000000000021e-08 2.475284560066087162e-03 1.383136775607580243e-05 1.000000000000000021e-08
1.971242257004046303e-03 1.000000000000000021e-08 2.675972764299387220e-03 1.000000000000000021e-08 1.000000000000000021e-08
2.473554787359008491e-03 1.000000000000000021e-08 1.768514210357524262e-03 2.241035079646583924e-04 1.000000000000000021e-08
2.042864811504300528e-03 1.000000000000000021e-08 1.052172655374354919e-03 5.369477490041246401e-04 1.000000000000000021e-08
1.770792045768284110e-03 1.000000000000000021e-08 5.489286140522222236e-04 4.994391449474951550e-04 1.000000000000000021e-08
1.521563856638081516e-03 1.000000000000000021e-08 3.288130103195905708e-04 3.050375567077456308e-04 1.000000000000000021e-08
5.692649495050129075e-04 1.000000000000000021e-08 9.213849333802001695e-05 6.259299466987578830e-05 3.153518398789321455e-05
3.269840867353459278e-05 3.779403558688638809e-06 1.000000000000000021e-08 5.829620298900694978e-05 1.000000000000000021e-08
0.000000000000000000e+00 0.000000000000000000e+00 0.000000000000000000e+00 -0.000000000000000000e+00 -0.000000000000000000e+00
0.000000000000000000e+00 0.000000000000000000e+00 0.000000000000000000e+00 -0.000000000000000000e+00 -0.000000000000000000e+00
0.000000000000000000e+00 0.000000000000000000e+00 0.000000000000000000e+00 -0.000000000000000000e+00 -0.000000000000000000e+00
0.000000000000000000e+00 0.000000000000000000e+00 0.000000000000000000e+00 -0.000000000000000000e+00 -0.000000000000000000e+00
0.000000000000000000e+00 0.000000000000000000e+00 0.000000000000000000e+00 -0.000000000000000000e+00 -0.000000000000000000e+00
0.000000000000000000e+00 0.000000000000000000e+00 0.000000000000000000e+00 -0.000000000000000000e+00 -0.000000000000000000e+00
3.707994317321836931e-04 1.000000000000000021e-08 1.000000000000000021e-08 1.000000000000000021e-08 1.000000000000000021e-08
1.039333982861323719e-03 2.356305728182753352e-04 1.000000000000000021e-08 1.000000000000000021e-08 1.000000000000000021e-08
1.342159403700428659e-03 6.578050407715700610e-04 1.000000000000000021e-08 1.000000000000000021e-08 1.000000000000000021e-08
2.837653722715031794e-03 7.765821537025851097e-04 1.000000000000000021e-08 1.000000000000000021e-08 1.000000000000000021e-08
4.997772726112793308e-03 1.627971079225419386e-03 1.000000000000000021e-08 1.000000000000000021e-08 1.000000000000000021e-08
6.024381265811140120e-03 2.018183723922325080e-03 1.000000000000000021e-08 1.000000000000000021e-08 1.000000000000000021e-08
5.910669213959910892e-03 1.521878667324785654e-03 3.086944995399885667e-04 1.000000000000000021e-08 6.071348308217399152e-04
6.651642090365235405e-03 1.000000000000000021e-08 2.318435592997986853e-03 1.000000000000000021e-08 1.395055296047457462e-03
6.385437004481213895e-03 1.000000000000000021e-08 3.799306895293863475e-03 1.000000000000000021e-08 1.427506931049596188e-03
5.033798420128270633e-03 1.000000000000000021e-08 6.084565070489805945e-03 1.000000000000000021e-08 4.166174464428564644e-04
4.621845610472409896e-03 1.000000000000000021e-08 9.590633718186490630e-03 1.000000000000000021e-08 1.000000000000000021e-08
4.158180386181523427e-03 1.000000000000000021e-08 1.403475898310481938e-02 1.000000000000000021e-08 1.000000000000000021e-08
4.348254024697143817e-03 2.532797026474579733e-03 1.855493927218938507e-02 1.000000000000000021e-08 1.000000000000000021e-08
5.326750085636201143e-03 4.390754595979188060e-03 2.051815271040033709e-02 1.000000000000000021e-08 1.000000000000000021e-08
5.826755027501522195e-03 4.570437716871224819e-03 2.049304284765834580e-02 1.000000000000000021e-08 1.000000000000000021e-08
6.939923638253679694e-03 1.682308402428787973e-03 1.634759002219099422e-02 4.472915824874425001e-04 1.000000000000000021e-08
9.624778716300217557e-03 1.000000000000000021e-08 1.043606899241667808e-02 4.961852480696813186e-03 9.583526354651655029e-04
1.196982521551633386e-02 1.000000000000000021e-08 4.955491402219161859e-03 6.727276379406840930e-03 8.791944632452248663e-04
1.228350366482878868e-02 1.000000000000000021e-08 2.195839469380155614e-03 7.444348407738778442e-03 1.000000000000000021e-08
9.525823767325868746e-03 1.000000000000000021e-08 6.789816279807707336e-04 5.201693363522586454e-03 1.000000000000000021e-08
3.943880890799686921e-03 1.000000000000000021e-08 2.085663574072180062e-04 2.632865447209141539e-03 1.000000000000000021e-08
4.391533785940223041e-04 1.000000000000000021e-08 1.000000000000000021e-08 4.712127909680231624e-04 1.000000000000000021e-08
5.438654678990463830e-05 1.000000000000000021e-08 6.484491314353072093e-06 5.754962881960536852e-05 1.000000000000000021e-08
0.000000000000000000e+00 0.000000000000000000e+00 0.000000000000000000e+00 -0.000000000000000000e+00 -0.000000000000000000e+00
0.000000000000000000e+00 0.000000000000000000e+00 0.000000000000000000e+00 -0.000000000000000000e+00 -0.000000000000000000e+00
0.000000000000000000e+00 0.000000000000000000e+00 0.000000000000000000e+00 -0.000000000000000000e+00 -0.000000000000000000e+00
0.000000000000000000e+00 0.000000000000000000e+00 0.000000000000000000e+00 -0.000000000000000000e+00 -0.000000000000000000e+00
2.615713089045403950e-04 2.877815367495159017e-05 4.299612544007796837e-05 1.000000000000000021e-08 1.000000000000000021e-08
2.097895049631170062e-03 7.848845855386647708e-04 1.000000000000000021e-08 1.000000000000000021e-08 1.000000000000000021e-08
5.409891891158615657e-03 3.029917867106039775e-03 1.000000000000000021e-08 1.000000000000000021e-08 1.000000000000000021e-08
1.129537979382178384e-02 6.272753333542250079e-03 1.000000000000000021e-08 1.000000000000000021e-08 1.000000000000000021e-08
1.486012753458392996e-02 9.888911077443208325e-03 1.000000000000000021e-08 1.000000000000000021e-08 1.000000000000000021e-08
1.754633418505817735e-02 1.653232562940915723e-02 1.000000000000000021e-08 1.000000000000000021e-08 1.000000000000000021e-08
1.689379603728004622e-02 2.197907986329344227e-02 1.000000000000000021e-08 1.000000000000000021e-08 9.425579507304141088e-04
1.209424179533170537e-02 1.739995998021208815e-02 1.000000000000000021e-08 1.000000000000000021e-08 1.382408120089025604e-02
1.133276705603611378e-02 3.914224631277183307e-03 3.996946964208186737e-03 1.000000000000000021e-08 2.308948492636623065e-02
1.040165829650006694e-02 1.000000000000000021e-08 1.186323953669039290e-02 1.000000000000000021e-08 2.216767229825489238e-02
9.966916087674729599e-03 1.000000000000000021e-08 2.140908499057542561e-02 1.790903750187904141e-03 1.149701126148620564e-02
8.331656580017422764e-03 1.000000000000000021e-08 3.055568331856200678e-02 2.783643200101074307e-03 9.545989485336463460e-04
7.082229516726886755e-03 1.000000000000000021e-08 4.085616375022226021e-02 1.000000000000000021e-08 1.000000000000000021e-08
5.396187242882596186e-03 1.624114343638241240e-02 5.420367565388566067e-02 1.000000000000000021e-08 1.000000000000000021e-08
4.415454821655831995e-03 3.044861000068531387e-02 6.050502609759611516e-02 1.000000000000000021e-08 1.000000000000000021e-08
1.326911998740394486e-03 3.504736681708695706e-02 5.001008936688287193e-02 1.000000000000000021e-08 1.000000000000000021e-08
2.437418443024648440e-03 2.123538507180230961e-02 2.643415699301110075e-02 1.321931518928139149e-02 1.564053153047016351e-02
1.106055227000563371e-02 1.959420774055190082e-03 6.513309559253783153e-03 2.535657121071206374e-02 2.494574669719413357e-02
2.269197009036161283e-02 1.000000000000000021e-08 1.000000000000000021e-08 3.327559444537737943e-02 1.831958034931805909e-02
3.164529291610710532e-02 1.000000000000000021e-08 1.000000000000000021e-08 3.234795829145162283e-02 7.965136307600061139e-03
2.656603038455405269e-02 1.000000000000000021e-08 1.000000000000000021e-08 2.509029507719226504e-02 2.473565141172667792e-04
1.160787358068250674e-02 1.000000000000000021e-08 1.000000000000000021e-08 1.193049689781644149e-02 1.000000000000000021e-08
1.645354938815202575e-03 1.000000000000000021e-08 1.000000000000000021e-08 2.932990963981968804e-03 1.000000000000000021e-08
7.469400759721018742e-05 1.000000000000000021e-08 1.000000000000000021e-08 1.555887933777621841e-04 2.613238404591722945e-05
0.000000000000000000e+00 0.000000000000000000e+00 0.000000000000000000e+00 -0.000000000000000000e+00 -0.000000000000000000e+00
0.000000000000000000e+00 0.000000000000000000e+00 0.000000000000000000e+00 -0.000000000000000000e+00 -0.000000000000000000e+00
0.000000000000000000e+00 0.000000000000000000e+00 0.000000000000000000e+00 -0.000000000000000000e+00 -0.000000000000000000e+00
0.000000000000000000e+00 0.000000000000000000e+00 0.000000000000000000e+00 -0.000000000000000000e+00 -0.000000000000000000e+00
8.834005781423265530e-04 3.016561143775387714e-04 1.000000000000000021e-08 1.000000000000000021e-08 1.000000000000000021e-08
4.679678300144565935e-03 2.866823837896400381e-03 1.000000000000000021e-08 1.000000000000000021e-08 1.000000000000000021e-08
1.110691621128815157e-02 7.245040818343332668e-03 1.000000000000000021e-08 1.000000000000000021e-08 1.000000000000000021e-08
1.959767146095880985e-02 1.533991716561599120e-02 1.000000000000000021e-08 1.000000000000000021e-08 1.000000000000000021e-08
2.813393480990268938e-02 2.720593210662130765e-02 1.000000000000000021e-08 1.000000000000000021e-08 1.000000000000000021e-08
2.870956464748510711e-02 4.238875842722808485e-02 1.000000000000000021e-08 1.000000000000000021e-08 1.000000000000000021e-08
2.212622458499729702e-02 5.156676398721823928e-02 1.000000000000000021e-08 1.000000000000000021e-08 1.335434038486314236e-02
1.062680318866183332e-02 3.824070082227500056e-02 1.000000000000000021e-08 1.000000000000000021e-08 4.793656146284566016e-02
6.580314054045891328e-03 6.093663339399946546e-03 4.104593731842617887e-03 1.000000000000000021e-08 6.808088706317419470e-02
9.109051383695174545e-03 1.000000000000000021e-08 2.000363255934054993e-02 6.102885453827339157e-03 5.621868344502827658e-02
9.971626671567531547e-03 1.000000000000000021e-08 3.553863326152949254e-02 1.997220208266684699e-02 2.492749422040914375e-02
9.728849641876344961e-03 1.000000000000000021e-08 4.974985095570797627e-02 1.669246011028562710e-02 1.000000000000000021e-08
7.810837527228248200e-03 1.931558624919010522e-03 6.638829519860635353e-02 2.263042588162686355e-03 1.000000000000000021e-08
4.301308523517158658e-03 2.975030288503884707e-02 8.331535631276465459e-02 1.000000000000000021e-08 1.000000000000000021e-08
1.000000000000000021e-08 6.102667836084626346e-02 8.772279084917723735e-02 1.000000000000000021e-08 1.000000000000000021e-08
1.000000000000000021e-08 7.006966882076691439e-02 6.425928148581010191e-02 6.977411232186216637e-03 8.737277270706726023e-03
1.000000000000000021e-08 4.191267204284989528e-02 2.244342495886073041e-02 3.095666183783504083e-02 4.024942861066178185e-02
1.863106634813871051e-02 4.398542950463054692e-03 1.000000000000000021e-08 4.742691799145349468e-02 4.977185946987336407e-02
4.226823352426112290e-02 1.000000000000000021e-08 1.000000000000000021e-08 5.557189192393256760e-02 3.562319247726701554e-02
5.020410398650364259e-02 1.000000000000000021e-08 1.000000000000000021e-08 5.090819790101658304e-02 1.763597172571621310e-02
4.155377096175164042e-02 1.000000000000000021e-08 1.000000000000000021e-08 3.587448912565700115e-02 5.522207244508503185e-03
1.831163937757114210e-02 1.000000000000000021e-08 1.000000000000000021e-08 1.775325330820258854e-02 4.271126272322434115e-04
2.806365456747892013e-03 1.000000000000000021e-08 1.000000000000000021e-08 4.834752432836823995e-03 1.000000000000000021e-08
1.621116087984518300e-04 1.000000000000000021e-08 1.000000000000000021e-08 7.043311296298762668e-04 1.000000000000000021e-08
0.000000000000000000e+00 0.000000000000000000e+00 0.000000000000000000e+00 -0.000000000000000000e+00 -0.000000000000000000e+00
0.000000000000000000e+00 0.000000000000000000e+00 0.000000000000000000e+00 -0.000000000000000000e+00 -0.000000000000000000e+00
0.000000000000000000e+00 0.000000000000000000e+00 0.000000000000000000e+00 -0.000000000000000000e+00 -0.000000000000000000e+00
0.000000000000000000e+00 0.000000000000000000e+00 0.000000000000000000e+00 -0.000000000000000000e+00 -0.000000000000000000e+00
1.317861337155769265e-03 6.224557588187363101e-04 1.000000000000000021e-08 9.511602327676541509e-07 1.000000000000000021e-08
6.553287805248296516e-03 4.476187378099715126e-03 1.000000000000000021e-08 1.000000000000000021e-08 1.000000000000000021e-08
1.791226950538063814e-02 1.220219467270240374e-02 1.000000000000000021e-08 1.000000000000000021e-08 1.000000000000000021e-08
2.955451015766079326e-02 2.371979338480429550e-02 1.000000000000000021e-08 1.000000000000000021e-08 1.000000000000000021e-08
4.091492255614682938e-02 4.275276003854247553e-02 1.000000000000000021e-08 1.000000000000000021e-08 1.000000000000000021e-08
4.086029539475689865e-02 6.811079354187235535e-02 1.000000000000000021e-08 1.000000000000000021e-08 1.000000000000000021e-08
2.367474366309922987e-02 7.748813251194097695e-02 1.000000000000000021e-08 1.000000000000000021e-08 3.688978020428905491e-02
5.809109740998607760e-03 4.838420626314374196e-02 1.000000000000000021e-08 1.000000000000000021e-08 8.879603255184943811e-02
7.001645392136421342e-04 1.996169526923694676e-03 5.742971243707787818e-03 5.717085121266921206e-03 1.065114512488455900e-01
8.729048115814218994e-03 1.000000000000000021e-08 3.033224392664105040e-02 3.196684343372076936e-02 7.169496051751099441e-02
1.598807089861107450e-02 1.000000000000000021e-08 5.233647665972976371e-02 4.501945356733454834e-02 2.159274717842823293e-02
1.583189808414612459e-02 1.000000000000000021e-08 6.842465359311498962e-02 3.023032955267000374e-02 1.000000000000000021e-08
8.833145129402348791e-03 5.034505880070394047e-03 8.295149515196316437e-02 5.281595677300266259e-03 1.000000000000000021e-08
1.000000000000000021e-08 4.336307317247369703e-02 1.025724105496935851e-01 1.000000000000000021e-08 1.000000000000000021e-08
1.000000000000000021e-08 8.636043568565021644e-02 1.033150209480563492e-01 1.000000000000000021e-08 1.000000000000000021e-08
1.000000000000000021e-08 9.339831683413560293e-02 6.628239087504586569e-02 2.180758286466323581e-02 2.212243261469484801e-02
1.000000000000000021e-08 5.181853979680235006e-02 1.135952872998750515e-02 5.157315006042434424e-02 6.033282525984574873e-02
3.941201725257283128e-02 8.234231446109315129e-04 1.000000000000000021e-08 6.480189507064139376e-02 6.442936563289788920e-02
6.789089765001070365e-02 1.000000000000000021e-08 1.000000000000000021e-08 6.549237858962278502e-02 4.349364093739755549e-02
6.679811597799310829e-02 1.000000000000000021e-08 1.000000000000000021e-08 5.254734051926229083e-02 2.252188331325983423e-02
4.516758845270555517e-02 1.000000000000000021e-08 1.000000000000000021e-08 3.288984595732162564e-02 8.828553342800299700e-03
1.746001018839647700e-02 1.000000000000000021e-08 1.000000000000000021e-08 1.473418109567757074e-02 1.840080322267565079e-03
3.448402572038696511e-03 1.000000000000000021e-08 1.000000000000000021e-08 4.374829393053262898e-03 1.000000000000000021e-08
3.356179360003095084e-04 1.000000000000000021e-08 2.936861747959988218e-06 7.516686730429382630e-04 1.000000000000000021e-08
0.000000000000000000e+00 0.000000000000000000e+00 0.000000000000000000e+00 -0.000000000000000000e+00 -0.000000000000000000e+00
0.000000000000000000e+00 0.000000000000000000e+00 0.000000000000000000e+00 -0.000000000000000000e+00 -0.000000000000000000e+00
0.000000000000000000e+00 0.000000000000000000e+00 0.000000000000000000e+00 -0.000000000000000000e+00 -0.000000000000000000e+00
1.000000000000000021e-08 1.342241413876242454e-04 1.000000000000000021e-08 1.207391785037175248e-05 1.000000000000000021e-08
1.522329380864149029e-03 1.324934892879957955e-03 1.000000000000000021e-08 9.017614322631474510e-05 1.000000000000000021e-08
9.330559161916463298e-03 6.476333748884357221e-03 1.000000000000000021e-08 1.000000000000000021e-08 1.000000000000000021e-08
2.260501633924097420e-02 1.511591685566261722e-02 1.000000000000000021e-08 1.000000000000000021e-08 1.000000000000000021e-08
3.761108231352336406e-02 3.141673961393472853e-02 1.000000000000000021e-08 1.000000000000000021e-08 1.000000000000000021e-08
5.244634313453101077e-02 5.839205395284081945e-02 1.000000000000000021e-08 1.000000000000000021e-08 1.000000000000000021e-08
4.599114341587386828e-02 8.957836376628147690e-02 1.000000000000000021e-08 1.000000000000000021e-08 5.060997399167118868e-03
1.952089903190787692e-02 9.167565667808547092e-02 1.000000000000000021e-08 1.000000000000000021e-08 6.883654583955588213e-02
1.000000000000000021e-08 4.589945711018934837e-02 1.000000000000000021e-08 5.739711287010865149e-04 1.274209146831364048e-01
4.030571877295134600e-06 1.000000000000000021e-08 1.872940749997106108e-02 3.418134402160378366e-02 1.198848109299794490e-01
1.316288618291623636e-02 1.000000000000000021e-08 5.317556731316380736e-02 6.587713425084015806e-02 5.808989061608316878e-02
2.379588595055486672e-02 1.000000000000000021e-08 7.515996090228256599e-02 6.647555292662171711e-02 1.000000000000000021e-08
2.084948282299047342e-02 1.000000000000000021e-08 7.928712819476242679e-02 3.696035498177287909e-02 1.000000000000000021e-08
7.994703575446231170e-03 8.781377487204627269e-03 8.925629278537419720e-02 4.022602980795604577e-03 1.000000000000000021e-08
1.000000000000000021e-08 5.354704218259304094e-02 1.118980536641631246e-01 1.000000000000000021e-08 1.000000000000000021e-08
1.000000000000000021e-08 1.053019964348480692e-01 1.098165111961925400e-01 6.106633066375309095e-03 1.000000000000000021e-08
1.000000000000000021e-08 1.070980903924369648e-01 5.824842678898806830e-02 4.138060450468065976e-02 3.664045190809246677e-02
1.517786984446437351e-02 5.280280553675099908e-02 1.000000000000000021e-08 7.032366426688246852e-02 7.413711414529275401e-02
6.712422173267484915e-02 1.000000000000000021e-08 1.000000000000000021e-08 7.617337117247335865e-02 7.248940476410957456e-02
9.057105506163236341e-02 1.000000000000000021e-08 1.000000000000000021e-08 6.170408403736552666e-02 4.379222123299390118e-02
7.299651032527262884e-02 1.000000000000000021e-08 1.000000000000000021e-08 3.991012333507942128e-02 2.219702579630973907e-02
3.841054556540242360e-02 1.000000000000000021e-08 1.000000000000000021e-08 2.071509635003709535e-02 9.190285021540210014e-03
1.170461875067732582e-02 1.000000000000000021e-08 1.000000000000000021e-08 8.857827204498741266e-03 1.645964500038850364e-03
2.649358692678016602e-03 1.000000000000000021e-08 3.652016873488290604e-04 2.662301706219177052e-03 1.000000000000000021e-08
3.346260287884123322e-04 1.000000000000000021e-08 1.690545379316321249e-04 4.902250037732264719e-04 1.000000000000000021e-08
0.000000000000000000e+00 0.000000000000000000e+00 0.000000000000000000e+00 -0.000000000000000000e+00 -0.000000000000000000e+00
0.000000000000000000e+00 0.000000000000000000e+00 0.000000000000000000e+00 -0.000000000000000000e+00 -0.000000000000000000e+00
0.000000000000000000e+00 0.000000000000000000e+00 0.000000000000000000e+00 -0.000000000000000000e+00 -0.000000000000000000e+00
1.000000000000000021e-08 1.460674479806493170e-04 1.000000000000000021e-08 1.313926354305158274e-05 1.000000000000000021e-08
1.653477603887687454e-03 1.271236767748274484e-03 1.000000000000000021e-08 9.304826088939880996e-05 1.000000000000000021e-08
1.015920430804656549e-02 6.512923870160801376e-03 1.000000000000000021e-08 1.000000000000000021e-08 1.000000000000000021e-08
2.743091101574415130e-02 1.612255307378258201e-02 1.000000000000000021e-08 1.000000000000000021e-08 1.000000000000000021e-08
4.586495524680846841e-02 3.656617762638644797e-02 1.000000000000000021e-08 1.000000000000000021e-08 1.000000000000000021e-08
6.158459680835221689e-02 7.102217575186095533e-02 1.000000000000000021e-08 1.000000000000000021e-08 1.000000000000000021e-08
4.914762867708807881e-02 1.035036602867437094e-01 1.000000000000000021e-08 1.000000000000000021e-08 2.318114161627759726e-02
1.503639623663425434e-02 9.229165257265568856e-02 1.000000000000000021e-08 1.000000000000000021e-08 1.042510783876504366e-01
1.000000000000000021e-08 3.433798385387203111e-02 1.000000000000000021e-08 2.515316156304793146e-02 1.475337538555332728e-01
2.288228735774737801e-03 1.000000000000000021e-08 4.859973596084189718e-02 6.878893824026970083e-02 1.039695779370474332e-01
1.739300977620594074e-02 1.000000000000000021e-08 8.492096714520169787e-02 9.176845838753991402e-02 2.664185864787071978e-02
2.662188028742645471e-02 1.000000000000000021e-08 9.232895435843417598e-02 6.947517756263188460e-02 1.000000000000000021e-08
1.792701849170315678e-02 1.000000000000000021e-08 7.640132754567827145e-02 2.918049688316401089e-02 1.000000000000000021e-08
2.835285252279951158e-03 1.286145053753261734e-02 8.551978565632668838e-02 1.000000000000000021e-08 1.000000000000000021e-08
1.000000000000000021e-08 6.363349786510152928e-02 1.170424560456202884e-01 1.000000000000000021e-08 1.000000000000000021e-08
1.000000000000000021e-08 1.196728766165109509e-01 1.121050985351877832e-01 2.233757746532237520e-02 6.857066970399655799e-03
1.000000000000000021e-08 1.122828606210817121e-01 4.194029637905685726e-02 6.577293356234112376e-02 5.602389692206830030e-02
4.249645351177797070e-02 4.590449329698338687e-02 1.000000000000000021e-08 8.520551246854236871e-02 8.349738596484526654e-02
9.690372002436005439e-02 1.000000000000000021e-08 1.000000000000000021e-08 7.328848581373782756e-02 7.094600783073259920e-02
1.025556568695423915e-01 1.000000000000000021e-08 1.000000000000000021e-08 4.634192967702313593e-02 3.658298869019572380e-02
6.573362646756980565e-02 1.000000000000000021e-08 1.000000000000000021e-08 2.409298805289211698e-02 1.765833903197222554e-02
2.536641620968937624e-02 1.000000000000000021e-08 1.000000000000000021e-08 9.541139859473371510e-03 6.516218523876604260e-03
6.171190631751100227e-03 1.000000000000000021e-08 5.472125833181241007e-04 3.373461468970675135e-03 9.426945084276875352e-04
1.411923175374266365e-03 1.000000000000000021e-08 3.587467915116277352e-04 9.919548026326116021e-04 1.000000000000000021e-08
1.696834833071902027e-04 1.000000000000000021e-08 1.415782796019852876e-04 1.682143458997649118e-04 1.000000000000000021e-08
0.000000000000000000e+00 0.000000000000000000e+00 0.000000000000000000e+00 -0.000000000000000000e+00 -0.000000000000000000e+00
0.000000000000000000e+00 0.000000000000000000e+00 0.000000000000000000e+00 -0.000000000000000000e+00 -0.000000000000000000e+00
0.000000000000000000e+00 0.000000000000000000e+00 0.000000000000000000e+00 -0.000000000000000000e+00 -0.000000000000000000e+00
1.000000000000000021e-08 1.610163585995455298e-04 1.000000000000000021e-08 1.607950805897783280e-05 1.000000000000000021e-08
1.851782512766746115e-03 1.376288739737738329e-03 1.000000000000000021e-08 7.805281956961137245e-05 1.000000000000000021e-08
1.139857347657233580e-02 7.254689844425276160e-03 1.000000000000000021e-08 1.000000000000000021e-08 1.000000000000000021e-08
3.208911088467116673e-02 1.771692250335028807e-02 1.000000000000000021e-08 1.000000000000000021e-08 1.000000000000000021e-08
5.717672011717945396e-02 4.093448183123194611e-02 1.000000000000000021e-08 1.000000000000000021e-08 1.000000000000000021e-08
7.190580523915324207e-02 7.895238017073283321e-02 1.000000000000000021e-08 1.000000000000000021e-08 1.000000000000000021e-08
5.099648026825866209e-02 1.098582164041376208e-01 1.000000000000000021e-08 1.000000000000000021e-08 5.325583652189027489e-02
9.249916003562348721e-03 8.455045891527311619e-02 1.000000000000000021e-08 1.366246366618000668e-02 1.325563046434365122e-01
1.000000000000000021e-08 1.887268259182027855e-02 2.881698385583454300e-02 5.773447251277838421e-02 1.396385111862666895e-01
3.461975983984036994e-03 1.000000000000000021e-08 8.766295817783001376e-02 9.692023977120324540e-02 6.677538216731088161e-02
2.004437672834659054e-02 1.000000000000000021e-08 1.108195638513213288e-01 9.338833310060651316e-02 1.000000000000000021e-08
2.134055562397410219e-02 1.000000000000000021e-08 8.750300331281178623e-02 5.262125664671920416e-02 1.000000000000000021e-08
9.764035145736137469e-03 1.000000000000000021e-08 6.040668910929433699e-02 1.462744528468578643e-02 1.000000000000000021e-08
1.000000000000000021e-08 1.928624593888751682e-02 7.801910936050981960e-02 1.000000000000000021e-08 1.000000000000000021e-08
1.000000000000000021e-08 7.383500463952960557e-02 1.221363276168981743e-01 7.346182449977738810e-03 1.000000000000000021e-08
1.000000000000000021e-08 1.298090584238241474e-01 1.060014618048742974e-01 4.790149437439404634e-02 2.287555856492623843e-02
1.000000000000000021e-08 1.102779397802435002e-01 2.267537883735313425e-02 8.905290680097069367e-02 7.236713436528499632e-02
7.538302713391620280e-02 3.638330221712163942e-02 1.000000000000000021e-08 8.872950907031450229e-02 8.759557781838765711e-02
1.198793188207478572e-01 1.000000000000000021e-08 1.000000000000000021e-08 5.742807687129063143e-02 6.230628564257346957e-02
9.890413719394292036e-02 1.000000000000000021e-08 1.000000000000000021e-08 2.675822675391512084e-02 2.911794795928848018e-02
4.974926123139097878e-02 1.000000000000000021e-08 1.000000000000000021e-08 9.230020352148680246e-03 1.105797750179060047e-02
1.498235752171825017e-02 1.000000000000000021e-08 1.000000000000000021e-08 3.157418843387665638e-03 2.367905122047906947e-03
2.570317451543979205e-03 1.000000000000000021e-08 3.834343467711841843e-04 1.336309297285439473e-03 5.443910422571142296e-04
5.411145160304496908e-04 1.000000000000000021e-08 1.000000000000000021e-08 5.987561879345382502e-04 1.000000000000000021e-08
1.435952533646790768e-05 1.000000000000000021e-08 1.466947140750909395e-05 9.414800901454244961e-06 1.000000000000000021e-08
0.000000000000000000e+00 0.000000000000000000e+00 0.000000000000000000e+00 -0.000000000000000000e+00 -0.000000000000000000e+00
0.000000000000000000e+00 0.000000000000000000e+00 0.000000000000000000e+00 -0.000000000000000000e+00 -0.000000000000000000e+00
5.817274782577838021e-07 1.143151988503819671e-05 1.000000000000000021e-08 2.248422276884774045e-06 1.000000000000000021e-08
1.000000000000000021e-08 3.240414992832197044e-04 1.000000000000000021e-08 4.748035509873749617e-05 1.000000000000000021e-08
2.761409148017573718e-03 1.969053114985929755e-03 1.000000000000000021e-08 1.464616335713530887e-05 1.000000000000000021e-08
1.370316212102975009e-02 6.907253387795467964e-03 1.000000000000000021e-08 1.000000000000000021e-08 1.000000000000000021e-08
4.001587504912812454e-02 1.887345864647556673e-02 1.000000000000000021e-08 1.000000000000000021e-08 1.000000000000000021e-08
6.930637446970780435e-02 4.469565984049431867e-02 1.000000000000000021e-08 1.000000000000000021e-08 1.000000000000000021e-08
8.165940476304532625e-02 8.621899505572409861e-02 1.000000000000000021e-08 1.000000000000000021e-08 1.212295702837617832e-02
5.060305723167357606e-02 1.094963044035415917e-01 1.000000000000000021e-08 4.502743921665048124e-03 8.356731412849237317e-02
4.652999355076406322e-03 7.415623190022756217e-02 7.787406715574536772e-05 4.204026333264308107e-02 1.397423607396737766e-01
1.000000000000000021e-08 7.780282043566569099e-03 7.481137042085957145e-02 8.907326883949663598e-02 1.079277877904491895e-01
4.556067033588924627e-03 1.000000000000000021e-08 1.202089089793324239e-01 1.053548909627675390e-01 2.669274100943827208e-02
1.550501181176771291e-02 1.000000000000000021e-08 1.076137308891175898e-01 7.494214649183028598e-02 1.000000000000000021e-08
1.201422071493771920e-02 1.000000000000000021e-08 6.165993774726803711e-02 2.818236875544415793e-02 1.000000000000000021e-08
1.766138339033246352e-03 2.448143134089758241e-03 3.935200573585137529e-02 6.569597248917904454e-03 1.000000000000000021e-08
1.000000000000000021e-08 2.821307337632385920e-02 7.438325475870864734e-02 6.403243417318172509e-03 1.000000000000000021e-08
1.000000000000000021e-08 8.485510475146020026e-02 1.257693586071086111e-01 3.163703029761771174e-02 3.355075779978981040e-04
1.000000000000000021e-08 1.318940442259477208e-01 9.128019464803821537e-02 8.138825435326890734e-02 4.360096337608299066e-02
1.426414734792852065e-02 1.024817448652810825e-01 1.990754869411376620e-03 1.020650064227740239e-01 8.841633734189417726e-02
1.040486851106944971e-01 3.055586410012757839e-02 1.000000000000000021e-08 7.522977222539313502e-02 8.664974269774851356e-02
1.286721103004911659e-01 1.000000000000000021e-08 1.000000000000000021e-08 3.341480197126034390e-02 4.953831453909742638e-02
8.678896369632903285e-02 1.000000000000000021e-08 1.000000000000000021e-08 9.311329373751590574e-03 1.892486437157000698e-02
3.619325828986198063e-02 1.000000000000000021e-08 1.000000000000000021e-08 1.640122669132444049e-03 4.998137793604797048e-03
8.982761356797049068e-03 1.000000000000000021e-08 6.135840704146111255e-04 1.287001410978056348e-03 5.532672112609858918e-04
7.922221280942018905e-04 1.000000000000000021e-08 2.594007989919278054e-05 8.691670636216379140e-04 1.174469862542143646e-04
1.629154310599974784e-04 8.278919890269053655e-07 1.000000000000000021e-08 1.920462358640287720e-04 3.646545572608647678e-05
0.000000000000000000e+00 0.000000000000000000e+00 0.000000000000000000e+00 -0.000000000000000000e+00 -0.000000000000000000e+00
0.000000000000000000e+00 0.000000000000000000e+00 0.000000000000000000e+00 -0.000000000000000000e+00 -0.000000000000000000e+00
0.000000000000000000e+00 0.000000000000000000e+00 0.000000000000000000e+00 -0.000000000000000000e+00 -0.000000000000000000e+00
5.727778247461255181e-06 1.125565034834529523e-04 1.000000000000000021e-08 2.213831164932699165e-05 1.000000000000000021e-08
1.000000000000000021e-08 3.822859379375218697e-04 1.000000000000000021e-08 5.853786313337678215e-05 1.000000000000000021e-08
3.152794751405922288e-03 1.803973513336119871e-03 1.000000000000000021e-08 1.000000000000000021e-08 1.000000000000000021e-08
1.669122094835010991e-02 6.717089246455331709e-03 1.000000000000000021e-08 1.000000000000000021e-08 1.000000000000000021e-08
4.832332202685214045e-02 1.925181660004055689e-02 1.000000000000000021e-08 1.000000000000000021e-08 1.000000000000000021e-08
8.341176990513235467e-02 4.681009961685642790e-02 1.000000000000000021e-08 1.000000000000000021e-08 1.000000000000000021e-08
9.294863902871960959e-02 8.864795564676429540e-02 1.000000000000000021e-08 1.000000000000000021e-08 3.519151534000752868e-02
5.049303506873964453e-02 1.059173920094857030e-01 1.000000000000000021e-08 2.864925362149550736e-02 1.021173770746669762e-01
1.000000000000000021e-08 6.908463342257072093e-02 3.750884628880846172e-02 7.334764544165321698e-02 1.263613467172762239e-01
1.000000000000000021e-08 1.402898823920900942e-02 1.090140507798360581e-01 1.076357309953931973e-01 7.368177132393437245e-02
1.000000000000000021e-08 1.000000000000000021e-08 1.219244389779206295e-01 9.681558598900204260e-02 7.309343519202394016e-03
1.000000000000000021e-08 1.374710580656717765e-04 7.326662875168180045e-02 5.327623373513506316e-02 1.000000000000000021e-08
1.000000000000000021e-08 1.269425668874575412e-02 2.540350264879307624e-02 2.126864861317357552e-02 1.000000000000000021e-08
1.000000000000000021e-08 2.235884096513562208e-02 2.082554034338037277e-02 1.577998749126302905e-02 4.071259718660868478e-03
1.000000000000000021e-08 4.635052046272832710e-02 7.118094181171677470e-02 2.997172678002691174e-02 1.915998197440729484e-03
1.000000000000000021e-08 9.546241099638938521e-02 1.186168687444868614e-01 7.103279218705284281e-02 2.069680270325311919e-02
1.000000000000000021e-08 1.275726934262714218e-01 7.130001100342808762e-02 1.078347284934951106e-01 7.015303088476314286e-02
4.176289057471623684e-02 9.521491724949329716e-02 1.000000000000000021e-08 9.805016959232512597e-02 1.001693177045068495e-01
1.198989465193515264e-01 3.288695586493391859e-02 1.000000000000000021e-08 5.135413070933225743e-02 8.039131926834941488e-02
1.215460512618006111e-01 1.000000000000000021e-08 1.000000000000000021e-08 1.470236618812784980e-02 3.683194774867384891e-02
6.914680263600168908e-02 1.000000000000000021e-08 1.000000000000000021e-08 2.309526922697774202e-03 9.820432034434082788e-03
2.699242345022967449e-02 1.000000000000000021e-08 9.604267167550760908e-04 1.447047291918586659e-03 1.000000000000000021e-08
6.145202281246307276e-03 5.163469179285529306e-04 1.014366250704807878e-03 1.786646785075198668e-03 1.000000000000000021e-08
1.467795180329429811e-03 8.992640096397098081e-04 5.689156746878919505e-04 1.199957973952328269e-03 1.000000000000000021e-08
1.697340124121714407e-04 1.458776809235236337e-04 2.869960499294688452e-04 3.411673726209145602e-04 1.000000000000000021e-08
1.000000000000000021e-08 6.836539629656144936e-06 7.206821043660130606e-05 5.199222937320110993e-05 1.000000000000000021e-08
0.000000000000000000e+00 0.000000000000000000e+00 0.000000000000000000e+00 -0.000000000000000000e+00 -0.000000000000000000e+00
0.000000000000000000e+00 0.000000000000000000e+00 0.000000000000000000e+00 -0.000000000000000000e+00 -0.000000000000000000e+00
1.132131169224738443e-05 2.224749639165128363e-04 1.000000000000000021e-08 4.375775661937293676e-05 1.000000000000000021e-08
7.209552115686881480e-06 2.689688426051504381e-04 1.000000000000000021e-08 4.784618383033195416e-05 1.000000000000000021e-08
3.183999476250554909e-03 1.682335713163019605e-03 1.000000000000000021e-08 1.000000000000000021e-08 1.000000000000000021e-08
2.054551881356476289e-02 7.264375301922570277e-03 1.000000000000000021e-08 1.000000000000000021e-08 1.000000000000000021e-08
5.886716726686854612e-02 1.834982875693475998e-02 1.000000000000000021e-08 1.000000000000000021e-08 1.000000000000000021e-08
1.019183312906844496e-01 4.442864097840578536e-02 1.000000000000000021e-08 1.000000000000000021e-08 7.486988420664677547e-03
1.062531649631310582e-01 8.332971167852012973e-02 1.000000000000000021e-08 1.574950924938541691e-02 5.185778433886788219e-02
5.642728633769044516e-02 1.012910637182011381e-01 1.000000000000000021e-08 5.382340398166333278e-02 9.877824322296888115e-02
1.000000000000000021e-08 7.936755924659034955e-02 6.775067245910097735e-02 9.545285453334287351e-02 1.044741936531080467e-01
1.000000000000000021e-08 4.918808332159628482e-02 1.060855156691243167e-01 1.126671115704601933e-01 6.232249951821821482e-02
1.000000000000000021e-08 4.495560156920785227e-02 7.419746262469970044e-02 9.238830637101635990e-02 2.788576811794726829e-02
1.000000000000000021e-08 5.290975331742956561e-02 1.637408657661481096e-02 6.038534708587309924e-02 2.461794284399415958e-02
1.000000000000000021e-08 6.156387998038116705e-02 1.000000000000000021e-08 4.693490857347037276e-02 2.956941105821770874e-02
1.000000000000000021e-08 6.873442190371611971e-02 5.969927524350728589e-05 5.227581389840919163e-02 2.667309724445130273e-02
1.000000000000000021e-08 8.171886571810813016e-02 5.823891455762307545e-02 7.682260589670013295e-02 2.294957259221805726e-02
1.000000000000000021e-08 1.056413216500880214e-01 1.008569360269807313e-01 1.111674243381166605e-01 5.117164432031711535e-02
1.000000000000000021e-08 1.211540219393641704e-01 5.814307786775967796e-02 1.156753215868063928e-01 9.518200582451086245e-02
5.912251898040685183e-02 9.712697712967052754e-02 1.000000000000000021e-08 8.377068439632649743e-02 1.053621517806631325e-01
1.192831506927361368e-01 4.680428715461541073e-02 1.000000000000000021e-08 3.723266146206009181e-02 6.886631773116647093e-02
1.092865433937793285e-01 1.023556010750465220e-02 1.000000000000000021e-08 1.361960995032873364e-02 2.452668093797704882e-02
5.926251429579774965e-02 4.208847385346016316e-03 4.860902296686821331e-04 7.966276143392044332e-03 3.414936810335680428e-03
2.594096340131793466e-02 3.325470889303238763e-03 3.936116471928323597e-03 4.495579995035638501e-03 1.000000000000000021e-08
8.564650891858220996e-03 2.080011394902763801e-03 4.460433073081800787e-03 2.416546970006277443e-03 1.000000000000000021e-08
3.223384137935529897e-03 1.373720704309434274e-03 3.396577598930670700e-03 6.367001731805580281e-04 1.000000000000000021e-08
3.393189774374194610e-05 2.651087854490961817e-04 9.250138553057382640e-04 2.914623655815744892e-04 1.000000000000000021e-08
1.000000000000000021e-08 4.244776898111628704e-05 2.041972531742974276e-04 1.711789951550902707e-04 1.000000000000000021e-08
0.000000000000000000e+00 0.000000000000000000e+00 0.000000000000000000e+00 -0.000000000000000000e+00 -0.000000000000000000e+00
0.000000000000000000e+00 0.000000000000000000e+00 0.000000000000000000e+00 -0.000000000000000000e+00 -0.000000000000000000e+00
5.414540374553207088e-06 1.064010696992018272e-04 1.000000000000000021e-08 2.092762273100444242e-05 1.000000000000000021e-08
4.113694856660702378e-05 2.296171426803749957e-04 1.000000000000000021e-08 3.855013226202313325e-05 1.000000000000000021e-08
4.360255917460614805e-03 1.909581099633216213e-03 1.000000000000000021e-08 1.000000000000000021e-08 1.000000000000000021e-08
2.539019118896780960e-02 6.655652795707475353e-03 1.000000000000000021e-08 1.000000000000000021e-08 1.000000000000000021e-08
7.004452301089453270e-02 1.427265434912244890e-02 1.000000000000000021e-08 1.000000000000000021e-08 1.000000000000000021e-08
1.213026052741322247e-01 3.339428243813843261e-02 1.000000000000000021e-08 4.803757511335346973e-03 1.703838644010734552e-02
1.253003551463716947e-01 6.616427918367269456e-02 1.000000000000000021e-08 2.866282363027037455e-02 5.317190955631352633e-02
7.460728023923514363e-02 9.094289387639173383e-02 3.556433748440759185e-02 6.675404122035263899e-02 8.379622462797269022e-02
7.908578295494343713e-03 9.671527163377605096e-02 7.709945985008437308e-02 1.007260181462923537e-01 8.947537422337802082e-02
1.000000000000000021e-08 1.002405010530302842e-01 7.026555268414344524e-02 1.124860293743958906e-01 7.735443633929502127e-02
1.000000000000000021e-08 1.094077652384055632e-01 1.909352882886343819e-02 1.063758696989263591e-01 6.808601018361756796e-02
1.000000000000000021e-08 1.155135148658599370e-01 1.000000000000000021e-08 9.478282192780516924e-02 6.962563555030219786e-02
1.000000000000000021e-08 1.182366938261460027e-01 1.000000000000000021e-08 9.092694141483191606e-02 6.762029634655554455e-02
1.000000000000000021e-08 1.181345796514023522e-01 1.000000000000000021e-08 1.012188586620664521e-01 5.767336217531968817e-02
1.000000000000000021e-08 1.111235162238745633e-01 5.212743447267758484e-02 1.216311113683527928e-01 5.307046755284421102e-02
1.000000000000000021e-08 1.107761601832016329e-01 8.974457156165480121e-02 1.261108676403597528e-01 7.933565712720619389e-02
1.433926013474992080e-02 1.170616984919797959e-01 5.890633767572695662e-02 1.054156461549115853e-01 1.087044406435158372e-01
7.439529712073378320e-02 1.009062017595279970e-01 7.126277328020078419e-03 6.883611368442180134e-02 9.708802420429459012e-02
1.223969143282111760e-01 5.785168792552263656e-02 1.000000000000000021e-08 3.244962051739760933e-02 4.952705715937955055e-02
1.099105910859955876e-01 2.191164622191538874e-02 1.241963683161016220e-02 1.728952342075490423e-02 7.783519302881023241e-03
6.264615873151986591e-02 8.813327162643240162e-03 1.816789045377639050e-02 1.315910677923099424e-02 1.000000000000000021e-08
3.283979072529702448e-02 4.147748169426190672e-03 1.691000832890603503e-02 7.535077727529313103e-03 1.000000000000000021e-08
1.490417713822000251e-02 1.647537656754335727e-03 1.468786128990255506e-02 2.468241463005507123e-03 1.000000000000000021e-08
5.577061695565239431e-03 6.020036428730884655e-04 8.058881686832384747e-03 1.000000000000000021e-08 1.000000000000000021e-08
1.622185562136684370e-04 7.712541285940304153e-05 2.047826389652036318e-03 1.426026182250739996e-04 1.000000000000000021e-08
1.974008758593854328e-05 3.054872718695242459e-05 3.392811941222128582e-05 2.242431272615173787e-05 1.000000000000000021e-08
0.000000000000000000e+00 0.000000000000000000e+00 0.000000000000000000e+00 -0.000000000000000000e+00 -0.000000000000000000e+00
0.000000000000000000e+00 0.000000000000000000e+00 0.000000000000000000e+00 -0.000000000000000000e+00 -0.000000000000000000e+00
2.684896053497428558e-07 5.276086100786859891e-06 1.000000000000000021e-08 1.037733358562203210e-06 1.000000000000000021e-08
1.078985718257353927e-04 2.055640743153190749e-04 1.000000000000000021e-08 1.000000000000000021e-08 1.000000000000000021e-08
4.735935794535868666e-03 2.028841301093009010e-03 1.000000000000000021e-08 1.000000000000000021e-08 1.000000000000000021e-08
2.521907933233720825e-02 4.002160102497049309e-03 1.000000000000000021e-08 1.000000000000000021e-08 1.000000000000000021e-08
7.995085973327083206e-02 5.690626419191555443e-03 1.000000000000000021e-08 1.000000000000000021e-08 1.000000000000000021e-08
1.381469443388923246e-01 1.396653110869573375e-02 6.274180991889168751e-03 9.298073725252114022e-03 1.218676857385516885e-02
1.493499721997587903e-01 3.577395237679207446e-02 3.154455040635292806e-02 2.819690692787850742e-02 3.550117004268993348e-02
1.088523959621624654e-01 6.313810739316193243e-02 6.697661052054151853e-02 5.770028264847520266e-02 5.959145234218914122e-02
5.321024612071465626e-02 8.610681459890973111e-02 8.569341645648970163e-02 8.009777714534359327e-02 7.428008131591644359e-02
1.759112013722484782e-02 1.052531963561429834e-01 6.743292969383507529e-02 9.325500435510312991e-02 7.845732267546406957e-02
3.175354523177611934e-03 1.154478329875505555e-01 3.876938537408862462e-02 9.790470724205757591e-02 8.026748565720941142e-02
2.110162203254798904e-03 1.178740012010645183e-01 2.385490409993550401e-02 9.753781824657670185e-02 7.923598366505640866e-02
9.384010525881893508e-03 1.154713130644335617e-01 2.525279312516722288e-02 1.000385251644027029e-01 7.247370063769655035e-02
1.649399108621273438e-02 1.070650857593798133e-01 4.750666286719085890e-02 1.123640936970535104e-01 6.338384558859190554e-02
2.056753124512810879e-02 9.513076207758199010e-02 8.622436391274386491e-02 1.243721288560767635e-01 6.513750004339506627e-02
2.119935823655035370e-02 9.559778067408325475e-02 1.016659032960104125e-01 1.122169117638513042e-01 9.429250794739657549e-02
4.666138863663021191e-02 1.042945408065803492e-01 7.742073843156536961e-02 8.033575850544154295e-02 1.066807378771533615e-01
1.002508375910911298e-01 8.935938958006409139e-02 4.470809410028014214e-02 4.123084152992356061e-02 7.681568800695048882e-02
1.382951131131700540e-01 4.646462820275640282e-02 4.347833748582443508e-02 1.216613797080526478e-02 2.371778215768182915e-02
1.191363596765570299e-01 1.348766431761547376e-02 4.902589906157673455e-02 3.781946944596102297e-03 1.000000000000000021e-08
7.112832444784425445e-02 2.136393428098949838e-03 4.156357752384692156e-02 5.377529524290367013e-03 1.000000000000000021e-08
4.053573170613358062e-02 1.000000000000000021e-08 3.071548031023863673e-02 3.021807133963696525e-03 1.000000000000000021e-08
2.000517030264129664e-02 1.000000000000000021e-08 2.082673924353805120e-02 1.615294750554037298e-03 1.000000000000000021e-08
7.252668108433696359e-03 1.000000000000000021e-08 9.862439039841025198e-03 7.493858941397189529e-04 1.000000000000000021e-08
9.173788700711162265e-04 1.000000000000000021e-08 3.332591818628012365e-03 1.630916587566497893e-04 1.000000000000000021e-08
1.477278143169920418e-04 1.000000000000000021e-08 4.004790400885962598e-04 1.000000000000000021e-08 1.000000000000000021e-08
1.000000000000000021e-08 1.000000000000000021e-08 6.284589467408251194e-07 3.457914355090598691e-06 3.047234870747726686e-07
0.000000000000000000e+00 0.000000000000000000e+00 0.000000000000000000e+00 -0.000000000000000000e+00 -0.000000000000000000e+00
0.000000000000000000e+00 0.000000000000000000e+00 0.000000000000000000e+00 -0.000000000000000000e+00 -0.000000000000000000e+00
2.306426253185349762e-06 9.637162710922483541e-06 1.000000000000000021e-08 1.101444323268334856e-06 1.000000000000000021e-08
3.075786561779840153e-03 6.651657750924149523e-04 1.000000000000000021e-08 1.000000000000000021e-08 1.000000000000000021e-08
2.073148933242084657e-02 3.616184898405465083e-04 2.443131434242433648e-04 1.000000000000000021e-08 1.000000000000000021e-08
7.465690707021770123e-02 1.000000000000000021e-08 1.191003441525944999e-02 1.000000000000000021e-08 1.000000000000000021e-08
1.361365706571195933e-01 1.000000000000000021e-08 3.250228834265903033e-02 5.344611278517426983e-03 1.000000000000000021e-08
1.605698489048575650e-01 1.000000000000000021e-08 6.420379327844834283e-02 1.398525443591557005e-02 9.142671383932444648e-03
1.497131712827182992e-01 1.121374991477612146e-02 9.875668364393649923e-02 2.425423722090973289e-02 2.434975098099841778e-02
1.229901842988440769e-01 2.929228848287054876e-02 1.161863444911084980e-01 3.123938389847514402e-02 3.625240044443778231e-02
1.060141545352008136e-01 3.891636239468655722e-02 1.158450372892529945e-01 3.588867375406872701e-02 4.314908032311975256e-02
9.729804092419035155e-02 4.389105066731210925e-02 1.108993076388724575e-01 3.843661599266216811e-02 4.572500437887814378e-02
9.422532275870482144e-02 4.413950984468902744e-02 1.077188881114015812e-01 4.569480509917073219e-02 4.380515052711022456e-02
9.093906905496564053e-02 4.104261062722747155e-02 1.094294103120372758e-01 6.375344508230072760e-02 3.937161865623493157e-02
7.809130951747821070e-02 4.146956778224621110e-02 1.150133212097291940e-01 9.707300203712040942e-02 3.959298732498668649e-02
5.704514307782985322e-02 4.544402522062412214e-02 1.255403774907274395e-01 1.085837747838545031e-01 6.840420426201457293e-02
4.591147352692057787e-02 6.493632450062908346e-02 1.199419809792400815e-01 7.862427818564951543e-02 1.066953941446139864e-01
7.096639858489053876e-02 8.390407880870583146e-02 9.525741183337675666e-02 3.110846831954783981e-02 1.045805761438342724e-01
1.237612842867410884e-01 7.272642799795663027e-02 7.107950688786505988e-02 1.000000000000000021e-08 5.037343823633185641e-02
1.480824107075795759e-01 3.226375207243993570e-02 6.433560591148744512e-02 1.000000000000000021e-08 1.000000000000000021e-08
1.194322720217587813e-01 1.648130340103942659e-03 5.997379862669979106e-02 1.000000000000000021e-08 1.000000000000000021e-08
6.954471078557979136e-02 1.000000000000000021e-08 4.443037825933306151e-02 1.000000000000000021e-08 1.000000000000000021e-08
3.794982826886087596e-02 1.000000000000000021e-08 2.924799084735901430e-02 1.000000000000000021e-08 1.000000000000000021e-08
1.828862015822467144e-02 1.000000000000000021e-08 1.774574216780057043e-02 1.000000000000000021e-08 1.000000000000000021e-08
6.738889366197356803e-03 1.000000000000000021e-08 8.271799321888647499e-03 1.146443850993991693e-04 1.000000000000000021e-08
6.226027388057940896e-04 1.000000000000000021e-08 1.909361049870945742e-03 1.484375483963443015e-04 1.000000000000000021e-08
1.454167102838218489e-04 2.981895430141494747e-05 1.851409913902243420e-04 9.365899553057909215e-05 1.000000000000000021e-08
1.000000000000000021e-08 1.000000000000000021e-08 1.152174735691493025e-06 6.339509650999475262e-06 5.586597263037514806e-07
0.000000000000000000e+00 0.000000000000000000e+00 0.000000000000000000e+00 -0.000000000000000000e+00 -0.000000000000000000e+00
0.000000000000000000e+00 0.000000000000000000e+00 0.000000000000000000e+00 -0.000000000000000000e+00 -0.000000000000000000e+00
1.840624792762543468e-06 1.000000000000000021e-08 2.275958185293814699e-06 1.000000000000000021e-08 1.000000000000000021e-08
1.866054846650656938e-03 1.000000000000000021e-08 1.577081326330544164e-04 1.000000000000000021e-08 1.000000000000000021e-08
1.434543193079688278e-02 1.000000000000000021e-08 2.984854241104430150e-03 1.000000000000000021e-08 1.000000000000000021e-08
5.615918553733288687e-02 1.000000000000000021e-08 1.837061726339112022e-02 1.000000000000000021e-08 1.000000000000000021e-08
1.051575264031243406e-01 1.000000000000000021e-08 4.341944415481603647e-02 1.000000000000000021e-08 1.000000000000000021e-08
1.341316898685902259e-01 1.000000000000000021e-08 7.432661845066497464e-02 1.000000000000000021e-08 1.000000000000000021e-08
1.428416073352404003e-01 1.000000000000000021e-08 1.040219704987988131e-01 1.000000000000000021e-08 1.000000000000000021e-08
1.431044051813035733e-01 1.000000000000000021e-08 1.212307308211162254e-01 1.000000000000000021e-08 1.000000000000000021e-08
1.384808076992133097e-01 1.000000000000000021e-08 1.275301165779221257e-01 1.000000000000000021e-08 3.231072897121696572e-03
1.331169532441140169e-01 1.000000000000000021e-08 1.272833177199834409e-01 1.000000000000000021e-08 4.285819267573101436e-03
1.240947315741658119e-01 1.000000000000000021e-08 1.235533719130477021e-01 1.248645919352519423e-02 1.000000000000000021e-08
1.089272089977529195e-01 1.000000000000000021e-08 1.161071386438169845e-01 6.124609756541705974e-02 1.000000000000000021e-08
8.085949029226183193e-02 1.000000000000000021e-08 1.175650164487185984e-01 1.081967625929061982e-01 1.755952702845030300e-02
4.703108235200369885e-02 1.000000000000000021e-08 1.306404051072398986e-01 9.290606252731693770e-02 8.511881362099071868e-02
3.557253129770569094e-02 3.711026948902542560e-02 1.209692428031530348e-01 2.936860092732997835e-02 1.327221792511888432e-01
6.599596761490399144e-02 8.100400164368624922e-02 8.024797840323409648e-02 1.000000000000000021e-08 1.030125293234754186e-01
1.177490456657775408e-01 7.972850504717732267e-02 4.877888950178722177e-02 1.000000000000000021e-08 2.372453253452482327e-02
1.311504322107795439e-01 3.745475536075910244e-02 3.857158271737801125e-02 1.000000000000000021e-08 1.000000000000000021e-08
9.925486542816674973e-02 4.602628991827667840e-03 3.659096092735748817e-02 1.000000000000000021e-08 1.000000000000000021e-08
5.516017474205356375e-02 1.000000000000000021e-08 2.672071846774056597e-02 1.000000000000000021e-08 1.000000000000000021e-08
2.711619023376404466e-02 1.000000000000000021e-08 1.666063531105361692e-02 1.000000000000000021e-08 1.000000000000000021e-08
1.126816856286535357e-02 1.000000000000000021e-08 9.598662963683871410e-03 1.000000000000000021e-08 1.000000000000000021e-08
3.407926544376101846e-03 1.000000000000000021e-08 4.253565883373118528e-03 1.000000000000000021e-08 1.000000000000000021e-08
2.583124265228582813e-04 1.000000000000000021e-08 1.781577151295273139e-04 5.393346185800602992e-05 5.036392600363422383e-05
2.292465436422490093e-05 7.388979104452692007e-06 4.935390626878211940e-05 1.271653358563846884e-04 1.000000000000000021e-08
1.000000000000000021e-08 1.000000000000000021e-08 1.152174735691493025e-06 6.339509650999475262e-06 5.586597263037514806e-07
0.000000000000000000e+00 0.000000000000000000e+00 0.000000000000000000e+00 -0.000000000000000000e+00 -0.000000000000000000e+00
0.000000000000000000e+00 0.000000000000000000e+00 0.000000000000000000e+00 -0.000000000000000000e+00 -0.000000000000000000e+00
8.650936525983959425e-05 1.000000000000000021e-08 1.069700347088093950e-04 1.000000000000000021e-08 1.000000000000000021e-08
1.281830047346292547e-03 1.000000000000000021e-08 5.017473448472739789e-04 1.000000000000000021e-08 1.000000000000000021e-08
8.035850192937923214e-03 1.000000000000000021e-08 3.673269287180098118e-03 1.000000000000000021e-08 1.000000000000000021e-08
3.001453951053578359e-02 1.000000000000000021e-08 1.487054028764836153e-02 1.000000000000000021e-08 1.000000000000000021e-08
5.561311718340514881e-02 1.000000000000000021e-08 3.205306037722562701e-02 1.000000000000000021e-08 1.000000000000000021e-08
7.683323802090653853e-02 1.000000000000000021e-08 4.991812551504465345e-02 1.000000000000000021e-08 1.000000000000000021e-08
8.573875158887267478e-02 1.000000000000000021e-08 6.389211669764563450e-02 1.000000000000000021e-08 1.000000000000000021e-08
8.728500396418419072e-02 1.000000000000000021e-08 7.074929323941567261e-02 1.000000000000000021e-08 1.000000000000000021e-08
8.509753248982998564e-02 1.000000000000000021e-08 7.085457452255987387e-02 1.000000000000000021e-08 1.000000000000000021e-08
8.128274097958977651e-02 1.000000000000000021e-08 6.659834973397213420e-02 4.121200564901597932e-03 1.000000000000000021e-08
7.620090639133435262e-02 1.000000000000000021e-08 6.125271786290181070e-02 4.497877691359649516e-02 1.000000000000000021e-08
6.242428883330866651e-02 1.000000000000000021e-08 5.594572333491269756e-02 1.083477468424719481e-01 1.000000000000000021e-08
3.584636147532126171e-02 1.000000000000000021e-08 7.253095307785306645e-02 1.278575096816410295e-01 3.404404462997053654e-02
9.603572024920481801e-03 1.000000000000000021e-08 1.050429021386144468e-01 6.540023012418706705e-02 1.230888360184785174e-01
8.334186154003532521e-03 3.057231803496232234e-02 1.014235218742354089e-01 1.000000000000000021e-08 1.532551135618929750e-01
4.511221876286176241e-02 9.362299357333818406e-02 5.352892532091276662e-02 1.000000000000000021e-08 8.716983993257342023e-02
9.078992899126442362e-02 9.801934789786173607e-02 1.617636632089725773e-02 1.000000000000000021e-08 8.815313719493923610e-04
1.030404334189403831e-01 5.076582663024208769e-02 9.313258791506608125e-03 1.000000000000000021e-08 1.000000000000000021e-08
7.668844612990445564e-02 1.253628466276820660e-02 1.361648006554683037e-02 1.000000000000000021e-08 1.000000000000000021e-08
4.158495682139719957e-02 1.000000000000000021e-08 1.226531977037341285e-02 1.000000000000000021e-08 1.000000000000000021e-08
1.854672288545086700e-02 1.000000000000000021e-08 7.833949543782657565e-03 1.000000000000000021e-08 1.000000000000000021e-08
7.007167830346107754e-03 1.000000000000000021e-08 3.912914671510039390e-03 1.000000000000000021e-08 1.000000000000000021e-08
1.507350866320905170e-03 1.000000000000000021e-08 1.265009791652951408e-03 1.000000000000000021e-08 1.000000000000000021e-08
5.905014637835894305e-05 1.000000000000000021e-08 1.215455039583279962e-05 6.915160020149347525e-05 9.523460626861837033e-06
1.000000000000000021e-08 1.000000000000000021e-08 9.454721606766651324e-06 4.659534971243198341e-05 3.336502832518096862e-06
1.000000000000000021e-08 1.000000000000000021e-08 4.189726311605477503e-07 2.305276236727074406e-06 2.031489913831819908e-07
0.000000000000000000e+00 0.000000000000000000e+00 0.000000000000000000e+00 -0.000000000000000000e+00 -0.000000000000000000e+00
0.000000000000000000e+00 0.000000000000000000e+00 0.000000000000000000e+00 -0.000000000000000000e+00 -0.000000000000000000e+00
2.024687272038796604e-04 1.000000000000000021e-08 2.503554003823192696e-04 1.000000000000000021e-08 1.000000000000000021e-08
1.355638110274908935e-03 1.000000000000000021e-08 5.451483123940125330e-04 1.000000000000000021e-08 1.000000000000000021e-08
5.047830279977950224e-03 1.000000000000000021e-08 2.330014137195653753e-03 1.000000000000000021e-08 1.000000000000000021e-08
1.373547560466853446e-02 1.000000000000000021e-08 6.882900475890307151e-03 1.000000000000000021e-08 1.000000000000000021e-08
2.182021113083504674e-02 1.000000000000000021e-08 1.318108034729703268e-02 1.000000000000000021e-08 1.000000000000000021e-08
2.652168225972669630e-02 1.000000000000000021e-08 1.954844442236476632e-02 1.000000000000000021e-08 1.000000000000000021e-08
2.882096447672024067e-02 1.000000000000000021e-08 2.296194811645241307e-02 1.000000000000000021e-08 1.000000000000000021e-08
2.990902884694009861e-02 1.000000000000000021e-08 2.346207763465078810e-02 1.000000000000000021e-08 1.000000000000000021e-08
3.189222179071279917e-02 1.000000000000000021e-08 2.204675701241150948e-02 8.189296259288651736e-03 1.000000000000000021e-08
3.174456803434189123e-02 1.000000000000000021e-08 1.717906977252159351e-02 3.822688654678873393e-02 1.000000000000000021e-08
2.952546418849957138e-02 1.000000000000000021e-08 1.389287678413646428e-02 9.341729675628472618e-02 1.000000000000000021e-08
1.770523273827837030e-02 1.000000000000000021e-08 2.023606996175409192e-02 1.425070559314543794e-01 1.000000000000000021e-08
1.000000000000000021e-08 1.000000000000000021e-08 5.152184881572610675e-02 1.162783902750819248e-01 6.947142911272453925e-02
1.000000000000000021e-08 1.000000000000000021e-08 8.995517305609007641e-02 2.700703065505478603e-02 1.541310895007752257e-01
1.000000000000000021e-08 3.500823914749884302e-02 8.645674575365210057e-02 1.000000000000000021e-08 1.484228995138503482e-01
3.003142092626862047e-02 1.047787424307534132e-01 3.819400181346450235e-02 1.000000000000000021e-08 6.312125227352151369e-02
7.242654062619949262e-02 1.086617627721599838e-01 2.229352068512071867e-03 1.000000000000000021e-08 1.000000000000000021e-08
8.507453665526033826e-02 5.924668345900638289e-02 1.000000000000000021e-08 1.000000000000000021e-08 1.000000000000000021e-08
6.482687557163203940e-02 1.875949412837032287e-02 1.277306338620927059e-03 1.000000000000000021e-08 1.000000000000000021e-08
3.729819595645594843e-02 3.011266479892724807e-03 3.713181128457665806e-03 1.000000000000000021e-08 1.000000000000000021e-08
1.553220250656450405e-02 1.396271452977234310e-05 2.307004209911043928e-03 1.000000000000000021e-08 1.000000000000000021e-08
5.973904036127440816e-03 1.000000000000000021e-08 9.318966530964429033e-04 1.000000000000000021e-08 1.000000000000000021e-08
1.206942945533353130e-03 1.000000000000000021e-08 1.101481122149431649e-04 1.000000000000000021e-08 1.000000000000000021e-08
1.793050393577990821e-05 1.472504305399603096e-05 1.000000000000000021e-08 5.623129574784763661e-05 1.000000000000000021e-08
0.000000000000000000e+00 0.000000000000000000e+00 0.000000000000000000e+00 -0.000000000000000000e+00 -0.000000000000000000e+00
0.000000000000000000e+00 0.000000000000000000e+00 0.000000000000000000e+00 -0.000000000000000000e+00 -0.000000000000000000e+00
0.000000000000000000e+00 0.000000000000000000e+00 0.000000000000000000e+00 -0.000000000000000000e+00 -0.000000000000000000e+00
0.000000000000000000e+00 0.000000000000000000e+00 0.000000000000000000e+00 -0.000000000000000000e+00 -0.000000000000000000e+00
1.177999867368027820e-04 1.000000000000000021e-08 1.456613238588041408e-04 1.000000000000000021e-08 1.000000000000000021e-08
6.423961857987835243e-04 1.000000000000000021e-08 3.301085170650748567e-04 1.000000000000000021e-08 1.000000000000000021e-08
2.235795241785259839e-03 1.000000000000000021e-08 1.242622657813173374e-03 1.000000000000000021e-08 1.000000000000000021e-08
4.805794811056182669e-03 1.000000000000000021e-08 1.910132805197699898e-03 1.000000000000000021e-08 1.000000000000000021e-08
7.278489756859643500e-03 1.000000000000000021e-08 4.154786833136213386e-03 1.000000000000000021e-08 1.000000000000000021e-08
7.372284496561018648e-03 1.000000000000000021e-08 5.203952838268903480e-03 1.000000000000000021e-08 1.000000000000000021e-08
8.327038446743970090e-03 1.000000000000000021e-08 6.342344945857589927e-03 1.558139173286885327e-03 1.000000000000000021e-08
1.019166788127368918e-02 1.000000000000000021e-08 6.747383570280464371e-03 8.962129402540095977e-03 1.000000000000000021e-08
1.384177276620849120e-02 1.357658059181353263e-04 4.381292646216896139e-03 2.940097428348899603e-02 1.000000000000000021e-08
1.505579285821947132e-02 1.628376408335749500e-03 6.415590255683636034e-04 6.963833644167037595e-02 1.000000000000000021e-08
1.282453218788033068e-02 1.000000000000000021e-08 1.000000000000000021e-08 1.244176080532901907e-01 1.000000000000000021e-08
2.088854876040333660e-04 1.000000000000000021e-08 1.165549615136775644e-02 1.406778327454180078e-01 1.842730003240357697e-02
1.000000000000000021e-08 1.000000000000000021e-08 4.749623041635976650e-02 8.106991484722594898e-02 1.035563485713425907e-01
1.000000000000000021e-08 1.000000000000000021e-08 8.473546634763201579e-02 1.000000000000000021e-08 1.637989695091546516e-01
1.000000000000000021e-08 4.143433250038898452e-02 7.828764994203889216e-02 1.000000000000000021e-08 1.300960952966319639e-01
2.420706610126273708e-02 1.090898446788629850e-01 3.487112946923622003e-02 1.000000000000000021e-08 4.144901068885960965e-02
6.116265360149319985e-02 1.119982586773616701e-01 1.984278664983359086e-03 1.000000000000000021e-08 1.000000000000000021e-08
7.413456644787466687e-02 6.457936203743321057e-02 1.000000000000000021e-08 1.000000000000000021e-08 1.000000000000000021e-08
6.054327100179925786e-02 2.393294742927682198e-02 1.000000000000000021e-08 1.000000000000000021e-08 1.000000000000000021e-08
3.759256997207439249e-02 5.597433957160800888e-03 1.398694076050969147e-03 1.000000000000000021e-08 1.000000000000000021e-08
1.712445061515021835e-02 1.090257820850920514e-03 7.951857466220098878e-04 1.000000000000000021e-08 1.000000000000000021e-08
7.332761154241663852e-03 3.849690222368234191e-04 1.000000000000000021e-08 1.000000000000000021e-08 1.000000000000000021e-08
1.624363928088639773e-03 1.285688792665678592e-04 3.332069402989356596e-05 1.000000000000000021e-08 1.000000000000000021e-08
1.000000000000000021e-08 2.138596626292747467e-04 8.201243863223146502e-06 2.774880654176426606e-05 1.000000000000000021e-08
0.000000000000000000e+00 0.000000000000000000e+00 0.000000000000000000e+00 -0.000000000000000000e+00 -0.000000000000000000e+00
0.000000000000000000e+00 0.000000000000000000e+00 0.000000000000000000e+00 -0.000000000000000000e+00 -0.000000000000000000e+00
0.000000000000000000e+00 0.000000000000000000e+00 0.000000000000000000e+00 -0.000000000000000000e+00 -0.000000000000000000e+00
0.000000000000000000e+00 0.000000000000000000e+00 0.000000000000000000e+00 -0.000000000000000000e+00 -0.000000000000000000e+00
2.760937189143811602e-06 1.000000000000000021e-08 3.413937277940733060e-06 1.000000000000000021e-08 1.000000000000000021e-08
1.136804938187404657e-04 1.000000000000000021e-08 8.565901869959784717e-05 1.000000000000000021e-08 1.000000000000000021e-08
6.580694446651668339e-04 1.000000000000000021e-08 2.712955124139371384e-04 1.000000000000000021e-08 1.000000000000000021e-08
1.881330866360912766e-03 1.000000000000000021e-08 7.713271044139005227e-04 1.000000000000000021e-08 1.000000000000000021e-08
2.278551971001372377e-03 1.000000000000000021e-08 8.937604685187266985e-04 1.000000000000000021e-08 1.000000000000000021e-08
3.250348443364864046e-03 1.000000000000000021e-08 1.502150827357872807e-03 1.570591201428511545e-03 1.000000000000000021e-08
5.195534557825182663e-03 1.000000000000000021e-08 2.194810924930595819e-03 6.617728910873635004e-03 1.000000000000000021e-08
8.608456568679593440e-03 6.116331702337161110e-04 1.153331004338687456e-03 2.093416758881663092e-02 1.000000000000000021e-08
9.960746743023881494e-03 2.297975717268554291e-03 1.000000000000000021e-08 5.158213158025803935e-02 1.000000000000000021e-08
9.986160148792872990e-03 2.772634711096125075e-03 1.000000000000000021e-08 9.708644913621122807e-02 1.000000000000000021e-08
3.090771963183305219e-03 1.000000000000000021e-08 1.000000000000000021e-08 1.351845014085640839e-01 1.000000000000000021e-08
1.000000000000000021e-08 1.000000000000000021e-08 1.349670172761894930e-02 1.181037225572090926e-01 4.832115099445975781e-02
1.000000000000000021e-08 1.000000000000000021e-08 4.828586810604904717e-02 4.295952431941836569e-02 1.249194719389694341e-01
1.000000000000000021e-08 1.000000000000000021e-08 7.963070777424011149e-02 1.000000000000000021e-08 1.582002776939044342e-01
1.000000000000000021e-08 4.571388080969118056e-02 7.390461663379897794e-02 1.000000000000000021e-08 1.083991040208531764e-01
1.884932419356160835e-02 1.089587363531181879e-01 3.505514401593610996e-02 1.000000000000000021e-08 2.727637626306748247e-02
4.932302081770632840e-02 1.129015847426908109e-01 3.066177444911200988e-03 1.000000000000000021e-08 1.000000000000000021e-08
6.536437942059855621e-02 7.173066034762086429e-02 1.000000000000000021e-08 1.000000000000000021e-08 1.000000000000000021e-08
5.900033084661772398e-02 2.928943438493310930e-02 1.000000000000000021e-08 1.000000000000000021e-08 1.000000000000000021e-08
3.783600839000113292e-02 8.872773935293136807e-03 8.135502099893013534e-04 1.000000000000000021e-08 1.000000000000000021e-08
1.881511691544762027e-02 2.582442332728266711e-03 4.959014654907187595e-04 1.000000000000000021e-08 1.000000000000000021e-08
8.056230317311252956e-03 7.057533050004777177e-04 1.000000000000000021e-08 1.000000000000000021e-08 1.000000000000000021e-08
1.651364667716831913e-03 3.984240874589507048e-04 1.000000000000000021e-08 1.000000000000000021e-08 1.000000000000000021e-08
1.000000000000000021e-08 2.601456644909480890e-04 1.000000000000000021e-08 2.221366616248280062e-05 1.000000000000000021e-08
0.000000000000000000e+00 0.000000000000000000e+00 0.000000000000000000e+00 -0.000000000000000000e+00 -0.000000000000000000e+00
0.000000000000000000e+00 0.000000000000000000e+00 0.000000000000000000e+00 -0.000000000000000000e+00 -0.000000000000000000e+00
0.000000000000000000e+00 0.000000000000000000e+00 0.000000000000000000e+00 -0.000000000000000000e+00 -0.000000000000000000e+00
0.000000000000000000e+00 0.000000000000000000e+00 0.000000000000000000e+00 -0.000000000000000000e+00 -0.000000000000000000e+00
0.000000000000000000e+00 0.000000000000000000e+00 0.000000000000000000e+00 -0.000000000000000000e+00 -0.000000000000000000e+00
0.000000000000000000e+00 0.000000000000000000e+00 0.000000000000000000e+00 -0.000000000000000000e+00 -0.000000000000000000e+00
0.000000000000000000e+00 0.000000000000000000e+00 0.000000000000000000e+00 -0.000000000000000000e+00 -0.000000000000000000e+00
2.596574673336325646e-04 9.993692411575706171e-05 6.885083348629608756e-05 8.603063664409348326e-05 1.000000000000000021e-08
9.793708122015402050e-04 2.015051957769264522e-04 1.199415286727216034e-04 9.437680838757830492e-04 1.000000000000000021e-08
2.335895393951861309e-03 9.570029299165057606e-05 7.511174457791977739e-04 4.213411113015774929e-03 1.000000000000000021e-08
4.884242858426854350e-03 2.558929584575032738e-04 3.756593446186553111e-04 1.274726647324819946e-02 1.000000000000000021e-08
7.528087361073207938e-03 1.202045984376621775e-03 1.000000000000000021e-08 3.346456641046674507e-02 1.000000000000000021e-08
8.006738721820136004e-03 2.754189848416950179e-03 1.000000000000000021e-08 7.097399391578505801e-02 1.000000000000000021e-08
4.446385697052124969e-03 1.938746001917467576e-03 1.000000000000000021e-08 1.112396967581485430e-01 1.000000000000000021e-08
1.000000000000000021e-08 1.000000000000000021e-08 1.000000000000000021e-08 1.254192225137285288e-01 1.164780787998841681e-02
1.000000000000000021e-08 1.000000000000000021e-08 1.587668124149094889e-02 8.812612032492576908e-02 7.005041927417153536e-02
1.000000000000000021e-08 1.000000000000000021e-08 4.860704999373200580e-02 1.397653091137250614e-02 1.329187979942188513e-01
1.000000000000000021e-08 1.000000000000000021e-08 7.455039944625005410e-02 1.000000000000000021e-08 1.459944480414032686e-01
1.000000000000000021e-08 4.555609700666825995e-02 6.773991633118831013e-02 1.000000000000000021e-08 9.441781083979919331e-02
1.106310397592197292e-02 1.038435844062158137e-01 3.426670468059774682e-02 1.000000000000000021e-08 2.255844102323089836e-02
3.582883937025553578e-02 1.126536102397509842e-01 3.279800309962325588e-03 1.000000000000000021e-08 1.000000000000000021e-08
5.448062824577199620e-02 7.823119077252040088e-02 1.000000000000000021e-08 1.000000000000000021e-08 1.000000000000000021e-08
5.286401001730746396e-02 3.749110284008167621e-02 1.000000000000000021e-08 1.000000000000000021e-08 1.000000000000000021e-08
3.592069058920307340e-02 1.353586209507140828e-02 1.000000000000000021e-08 1.000000000000000021e-08 1.000000000000000021e-08
1.935160280971221988e-02 3.982655763863100253e-03 2.040579281770033568e-04 1.000000000000000021e-08 1.000000000000000021e-08
8.691754906357700150e-03 9.703410056811994332e-04 1.000000000000000021e-08 1.000000000000000021e-08 1.000000000000000021e-08
1.722949112965792414e-03 5.127293367093912341e-04 1.000000000000000021e-08 1.000000000000000021e-08 1.000000000000000021e-08
1.230816156338320898e-04 9.255549426002677050e-05 1.000000000000000021e-08 1.233159073414393660e-05 1.000000000000000021e-08
0.000000000000000000e+00 0.000000000000000000e+00 0.000000000000000000e+00 -0.000000000000000000e+00 -0.000000000000000000e+00
0.000000000000000000e+00 0.000000000000000000e+00 0.000000000000000000e+00 -0.000000000000000000e+00 -0.000000000000000000e+00
0.000000000000000000e+00 0.000000000000000000e+00 0.000000000000000000e+00 -0.000000000000000000e+00 -0.000000000000000000e+00
0.000000000000000000e+00 0.000000000000000000e+00 0.000000000000000000e+00 -0.000000000000000000e+00 -0.000000000000000000e+00
0.000000000000000000e+00 0.000000000000000000e+00 0.000000000000000000e+00 -0.000000000000000000e+00 -0.000000000000000000e+00
0.000000000000000000e+00 0.000000000000000000e+00 0.000000000000000000e+00 -0.000000000000000000e+00 -0.000000000000000000e+00
0.000000000000000000e+00 0.000000000000000000e+00 0.000000000000000000e+00 -0.000000000000000000e+00 -0.000000000000000000e+00
8.847036987297790631e-05 2.042675018088870606e-05 5.075103324858129273e-05 2.184155852725950793e-04 1.000000000000000021e-08
5.391651810144751974e-04 1.894716492967438962e-04 1.268385403881281195e-04 1.888575806950687887e-03 1.000000000000000021e-08
1.929139991366612137e-03 2.613577173477179411e-04 1.980779484521949367e-04 6.757898270698595514e-03 1.000000000000000021e-08
4.352059340579207333e-03 3.816750026319330226e-04 1.000000000000000021e-08 1.769995813814630170e-02 1.000000000000000021e-08
5.774978757218505836e-03 1.152622441545167247e-03 1.000000000000000021e-08 4.196814160572124447e-02 1.000000000000000021e-08
3.211374703617046050e-03 2.840252660794883362e-03 1.000000000000000021e-08 7.755133788207302370e-02 1.000000000000000021e-08
1.000000000000000021e-08 1.272052414763162696e-03 1.000000000000000021e-08 1.073906233725461096e-01 1.000000000000000021e-08
1.000000000000000021e-08 1.000000000000000021e-08 1.000000000000000021e-08 1.044286824627881083e-01 2.776366534063679642e-02
1.000000000000000021e-08 1.000000000000000021e-08 1.443353947539305175e-02 5.937143129758525040e-02 7.860978844106565611e-02
1.000000000000000021e-08 1.000000000000000021e-08 4.229399175749086470e-02 3.823205259572122570e-04 1.244615169385884512e-01
1.000000000000000021e-08 1.000000000000000021e-08 6.052427478806808592e-02 1.000000000000000021e-08 1.276839494593581537e-01
1.000000000000000021e-08 4.246379655845960999e-02 5.565832246681047535e-02 1.000000000000000021e-08 8.187935751580840971e-02
1.000000000000000021e-08 9.373235679325166159e-02 2.871819957401552242e-02 1.000000000000000021e-08 2.125820035723107945e-02
2.039081336099760056e-02 1.065862807290148678e-01 1.271504780954617504e-03 1.000000000000000021e-08 1.000000000000000021e-08
3.885780708208860790e-02 7.721723066173714900e-02 1.000000000000000021e-08 1.000000000000000021e-08 1.000000000000000021e-08
4.262698635251342683e-02 4.028960080917761560e-02 1.000000000000000021e-08 1.000000000000000021e-08 1.000000000000000021e-08
3.000126360167219147e-02 1.476915051653017799e-02 1.000000000000000021e-08 1.000000000000000021e-08 1.000000000000000021e-08
1.572466402704417177e-02 4.682234172646343798e-03 1.000000000000000021e-08 1.000000000000000021e-08 1.000000000000000021e-08
6.476912689730942099e-03 1.571134936406840378e-03 1.000000000000000021e-08 1.000000000000000021e-08 1.000000000000000021e-08
1.598629614920998518e-03 5.738538073990291817e-04 1.000000000000000021e-08 1.000000000000000021e-08 1.000000000000000021e-08
1.034995268581264955e-04 8.015305822056597185e-05 1.000000000000000021e-08 3.579156251377467213e-05 1.000000000000000021e-08
0.000000000000000000e+00 0.000000000000000000e+00 0.000000000000000000e+00 -0.000000000000000000e+00 -0.000000000000000000e+00
0.000000000000000000e+00 0.000000000000000000e+00 0.000000000000000000e+00 -0.000000000000000000e+00 -0.000000000000000000e+00
0.000000000000000000e+00 0.000000000000000000e+00 0.000000000000000000e+00 -0.000000000000000000e+00 -0.000000000000000000e+00
0.000000000000000000e+00 0.000000000000000000e+00 0.000000000000000000e+00 -0.000000000000000000e+00 -0.000000000000000000e+00
0.000000000000000000e+00 0.000000000000000000e+00 0.000000000000000000e+00 -0.000000000000000000e+00 -0.000000000000000000e+00
0.000000000000000000e+00 0.000000000000000000e+00 0.000000000000000000e+00 -0.000000000000000000e+00 -0.000000000000000000e+00
0.000000000000000000e+00 0.000000000000000000e+00 0.000000000000000000e+00 -0.000000000000000000e+00 -0.000000000000000000e+00
2.709176242330998030e-05 3.682284314390879050e-05 1.000000000000000021e-08 3.593840594794609888e-04 1.000000000000000021e-08
1.418405014330537540e-04 2.154560825090973922e-04 2.935783220982095005e-05 2.195629753069226493e-03 1.000000000000000021e-08
8.817559661701919373e-04 2.143549959067735133e-04 1.000000000000000021e-08 6.148116926863518572e-03 1.000000000000000021e-08
2.214024417060789316e-03 1.744565243177026426e-04 1.000000000000000021e-08 1.645025887710631698e-02 1.000000000000000021e-08
1.299809649706714287e-03 1.294402866647992572e-03 1.000000000000000021e-08 3.533214339454669034e-02 1.000000000000000021e-08
1.000000000000000021e-08 3.165670427328418947e-03 1.000000000000000021e-08 6.067852208741395664e-02 1.000000000000000021e-08
1.000000000000000021e-08 2.663071869898633523e-03 1.000000000000000021e-08 7.852987896434858450e-02 2.877247655479951878e-03
1.000000000000000021e-08 1.000000000000000021e-08 1.000000000000000021e-08 6.709844778115893471e-02 3.031063978870042128e-02
1.000000000000000021e-08 1.000000000000000021e-08 3.370519989898062597e-03 3.295405639494143613e-02 6.395596508844587913e-02
1.000000000000000021e-08 1.000000000000000021e-08 2.070604094074517121e-02 1.000000000000000021e-08 8.950913290253688370e-02
1.000000000000000021e-08 3.470252013988448479e-03 2.909622715100017298e-02 1.000000000000000021e-08 8.795522459023651096e-02
1.000000000000000021e-08 3.399627168000469990e-02 2.612821515994739538e-02 1.000000000000000021e-08 5.546253560754264844e-02
1.000000000000000021e-08 6.502459955946102155e-02 1.027245191024675659e-02 1.000000000000000021e-08 1.730057705088839173e-02
1.076217234059928312e-03 7.553399344400657522e-02 1.000000000000000021e-08 1.000000000000000021e-08 1.000000000000000021e-08
1.371587932158928325e-02 5.499327121211552288e-02 1.000000000000000021e-08 1.000000000000000021e-08 1.000000000000000021e-08
2.033441815950143283e-02 2.654853798303470971e-02 1.000000000000000021e-08 1.000000000000000021e-08 1.000000000000000021e-08
1.618605126978804598e-02 9.547666117938686386e-03 1.000000000000000021e-08 1.000000000000000021e-08 1.000000000000000021e-08
8.335272791082518409e-03 3.162994054794586972e-03 1.000000000000000021e-08 1.000000000000000021e-08 1.000000000000000021e-08
3.057634649028606513e-03 9.494837056903758076e-04 1.000000000000000021e-08 2.776281684566994418e-05 1.000000000000000021e-08
4.054563344476422716e-04 1.980209905186250256e-04 1.000000000000000021e-08 1.827019070910172196e-05 1.000000000000000021e-08
4.079488125563075491e-05 4.041736260982855292e-05 1.000000000000000021e-08 6.264254101049446125e-05 1.000000000000000021e-08
0.000000000000000000e+00 0.000000000000000000e+00 0.000000000000000000e+00 -0.000000000000000000e+00 -0.000000000000000000e+00
0.000000000000000000e+00 0.000000000000000000e+00 0.000000000000000000e+00 -0.000000000000000000e+00 -0.000000000000000000e+00
0.000000000000000000e+00 0.000000000000000000e+00 0.000000000000000000e+00 -0.000000000000000000e+00 -0.000000000000000000e+00
0.000000000000000000e+00 0.000000000000000000e+00 0.000000000000000000e+00 -0.000000000000000000e+00 -0.000000000000000000e+00
0.000000000000000000e+00 0.000000000000000000e+00 0.000000000000000000e+00 -0.000000000000000000e+00 -0.000000000000000000e+00
0.000000000000000000e+00 0.000000000000000000e+00 0.000000000000000000e+00 -0.000000000000000000e+00 -0.000000000000000000e+00
0.000000000000000000e+00 0.000000000000000000e+00 0.000000000000000000e+00 -0.000000000000000000e+00 -0.000000000000000000e+00
9.858937182603024935e-06 1.000000000000000021e-08 5.286219449126801709e-06 4.093248037199009079e-05 1.000000000000000021e-08
1.999591902475302278e-04 1.000000000000000021e-08 1.000000000000000021e-08 8.253160718076065026e-04 1.000000000000000021e-08
3.558960553466959990e-04 1.000000000000000021e-08 1.000000000000000021e-08 1.867762530986283830e-03 1.000000000000000021e-08
5.631498282939632416e-04 1.000000000000000021e-08 1.000000000000000021e-08 5.741423829248333034e-03 1.000000000000000021e-08
1.000000000000000021e-08 5.951528031792921144e-04 1.000000000000000021e-08 1.319909548414752685e-02 1.000000000000000021e-08
1.000000000000000021e-08 1.290347811776306614e-03 1.000000000000000021e-08 2.117437765497128324e-02 1.000000000000000021e-08
1.000000000000000021e-08 6.530826779551101614e-04 1.000000000000000021e-08 2.046634113902052327e-02 3.118305240206628495e-03
1.000000000000000021e-08 1.000000000000000021e-08 1.000000000000000021e-08 1.580729032514325769e-02 1.099379762895220589e-02
1.000000000000000021e-08 1.000000000000000021e-08 1.000000000000000021e-08 8.006769472496670648e-03 2.185010449521454859e-02
1.000000000000000021e-08 1.000000000000000021e-08 2.182239467975676753e-03 7.828665416105102474e-04 2.742896960414405519e-02
1.000000000000000021e-08 4.595556074676358620e-03 3.082206571793990723e-03 1.000000000000000021e-08 2.544715673529701280e-02
1.000000000000000021e-08 1.272088253104755422e-02 1.312855035268350882e-03 1.000000000000000021e-08 1.744801351522344210e-02
1.000000000000000021e-08 1.753905476491528920e-02 1.000000000000000021e-08 1.000000000000000021e-08 5.404135644420495280e-03
1.000000000000000021e-08 1.803395879863389784e-02 1.000000000000000021e-08 1.605676281313864727e-04 1.000000000000000021e-08
1.000000000000000021e-08 1.269519784249111861e-02 1.000000000000000021e-08 7.598096779451934350e-04 1.000000000000000021e-08
9.395476389777296638e-04 5.374176136330304290e-03 1.000000000000000021e-08 2.933205357328225421e-04 1.000000000000000021e-08
1.252674649865371647e-03 1.905210269628474992e-03 1.000000000000000021e-08 2.129492110709466741e-04 1.000000000000000021e-08
1.078836873218515409e-03 7.921082922882347662e-04 1.000000000000000021e-08 2.127245031451289862e-04 1.000000000000000021e-08
4.268550445313051486e-04 2.491919412597979212e-04 1.000000000000000021e-08 1.560836708773465987e-04 1.000000000000000021e-08
1.000000000000000021e-08 5.961962429809068747e-06 2.226026563623649456e-06 1.917056681525744412e-05 1.000000000000000021e-08
0.000000000000000000e+00 0.000000000000000000e+00 0.000000000000000000e+00 -0.000000000000000000e+00 -0.000000000000000000e+00
0.000000000000000000e+00 0.000000000000000000e+00 0.000000000000000000e+00 -0.000000000000000000e+00 -0.000000000000000000e+00
0.000000000000000000e+00 0.000000000000000000e+00 0.000000000000000000e+00 -0.000000000000000000e+00 -0.000000000000000000e+00
0.000000000000000000e+00 0.000000000000000000e+00 0.000000000000000000e+00 -0.000000000000000000e+00 -0.000000000000000000e+00
0.000000000000000000e+00 0.000000000000000000e+00 0.000000000000000000e+00 -0.000000000000000000e+00 -0.000000000000000000e+00
0.000000000000000000e+00 0.000000000000000000e+00 0.000000000000000000e+00 -0.000000000000000000e+00 -0.000000000000000000e+00
0.000000000000000000e+00 0.000000000000000000e+00 0.000000000000000000e+00 -0.000000000000000000e+00 -0.000000000000000000e+00
0.000000000000000000e+00 0.000000000000000000e+00 0.000000000000000000e+00 -0.000000000000000000e+00 -0.000000000000000000e+00
0.000000000000000000e+00 0.000000000000000000e+00 0.000000000000000000e+00 -0.000000000000000000e+00 -0.000000000000000000e+00
0.000000000000000000e+00 0.000000000000000000e+00 0.000000000000000000e+00 -0.000000000000000000e+00 -0.000000000000000000e+00
5.938158099458403964e-06 1.937773659245231872e-06 1.000000000000000021e-08 7.028634009434040802e-06 1.000000000000000021e-08
6.679868533341234125e-05 4.454228355077410959e-05 1.000000000000000021e-08 2.368077498921449464e-04 1.000000000000000021e-08
7.006815443697895975e-05 4.486905732625702959e-05 1.000000000000000021e-08 4.725664501173576677e-04 1.000000000000000021e-08
1.000000000000000021e-08 1.333579225763781035e-04 1.000000000000000021e-08 1.070119490367388640e-03 1.715681658597387931e-04
1.000000000000000021e-08 1.000000000000000021e-08 1.000000000000000021e-08 6.053316456118861856e-04 4.618448473985252564e-04
1.000000000000000021e-08 1.000000000000000021e-08 1.000000000000000021e-08 3.700131170078163959e-04 1.169842162934462727e-03
1.000000000000000021e-08 2.697367027236724249e-05 1.000000000000000021e-08 2.519408130120983215e-04 1.129612186619296729e-03
1.000000000000000021e-08 1.218835259649854712e-04 1.000000000000000021e-08 9.972324140914800954e-05 1.005112418290569345e-03
1.000000000000000021e-08 1.000000000000000021e-08 1.472154343250544836e-04 1.000000000000000021e-08 5.608300244819303809e-04
1.000000000000000021e-08 1.437819520334970922e-04 1.000000000000000021e-08 1.000000000000000021e-08 4.344289306303905076e-04
1.000000000000000021e-08 5.194354130231235720e-04 1.000000000000000021e-08 1.000000000000000021e-08 4.852449184519859785e-04
1.000000000000000021e-08 7.346910122344967172e-04 1.000000000000000021e-08 1.000000000000000021e-08 1.979399948565784418e-04
1.000000000000000021e-08 3.683302406223646361e-04 1.000000000000000021e-08 6.234371949558974587e-06 1.000000000000000021e-08
1.000000000000000021e-08 6.156060809193613953e-05 1.000000000000000021e-08 3.499563609041185224e-06 1.000000000000000021e-08
0.000000000000000000e+00 0.000000000000000000e+00 0.000000000000000000e+00 -0.000000000000000000e+00 -0.000000000000000000e+00
7.170894294180558708e-06 1.000000000000000021e-08 1.000000000000000021e-08 1.228454372763402088e-05 1.893515463805347867e-05
1.574784629310214235e-05 1.000000000000000021e-08 1.000000000000000021e-08 2.697782151951015365e-05 4.158308469533308818e-05
4.218173114223734964e-07 1.000000000000000021e-08 1.000000000000000021e-08 7.226202192725993910e-07 1.113832625767850092e-06
0.000000000000000000e+00 0.000000000000000000e+00 0.000000000000000000e+00 -0.000000000000000000e+00 -0.000000000000000000e+00
0.000000000000000000e+00 0.000000000000000000e+00 0.000000000000000000e+00 -0.000000000000000000e+00 -0.000000000000000000e+00
0.000000000000000000e+00 0.000000000000000000e+00 0.000000000000000000e+00 -0.000000000000000000e+00 -0.000000000000000000e+00
0.000000000000000000e+00 0.000000000000000000e+00 0.000000000000000000e+00 -0.000000000000000000e+00 -0.000000000000000000e+00
0.000000000000000000e+00 0.000000000000000000e+00 0.000000000000000000e+00 -0.000000000000000000e+00 -0.000000000000000000e+00
0.000000000000000000e+00 0.000000000000000000e+00 0.000000000000000000e+00 -0.000000000000000000e+00 -0.000000000000000000e+00
0.000000000000000000e+00 0.000000000000000000e+00 0.000000000000000000e+00 -0.000000000000000000e+00 -0.000000000000000000e+00
0.000000000000000000e+00 0.000000000000000000e+00 0.000000000000000000e+00 -0.000000000000000000e+00 -0.000000000000000000e+00
0.000000000000000000e+00 0.000000000000000000e+00 0.000000000000000000e+00 -0.000000000000000000e+00 -0.000000000000000000e+00
0.000000000000000000e+00 0.000000000000000000e+00 0.000000000000000000e+00 -0.000000000000000000e+00 -0.000000000000000000e+00
0.000000000000000000e+00 0.000000000000000000e+00 0.000000000000000000e+00 -0.000000000000000000e+00 -0.000000000000000000e+00
0.000000000000000000e+00 0.000000000000000000e+00 0.000000000000000000e+00 -0.000000000000000000e+00 -0.000000000000000000e+00
0.000000000000000000e+00 0.000000000000000000e+00 0.000000000000000000e+00 -0.000000000000000000e+00 -0.000000000000000000e+00
0.000000000000000000e+00 0.000000000000000000e+00 0.000000000000000000e+00 -0.000000000000000000e+00 -0.000000000000000000e+00
0.000000000000000000e+00 0.000000000000000000e+00 0.000000000000000000e+00 -0.000000000000000000e+00 -0.000000000000000000e+00
0.000000000000000000e+00 0.000000000000000000e+00 0.000000000000000000e+00 -0.000000000000000000e+00 -0.000000000000000000e+00
0.000000000000000000e+00 0.000000000000000000e+00 0.000000000000000000e+00 -0.000000000000000000e+00 -0.000000000000000000e+00
0.000000000000000000e+00 0.000000000000000000e+00 0.000000000000000000e+00 -0.000000000000000000e+00 -0.000000000000000000e+00
0.000000000000000000e+00 0.000000000000000000e+00 0.000000000000000000e+00 -0.000000000000000000e+00 -0.000000000000000000e+00
0.000000000000000000e+00 0.000000000000000000e+00 0.000000000000000000e+00 -0.000000000000000000e+00 -0.000000000000000000e+00
0.000000000000000000e+00 0.000000000000000000e+00 0.000000000000000000e+00 -0.000000000000000000e+00 -0.000000000000000000e+00
0.000000000000000000e+00 0.000000000000000000e+00 0.000000000000000000e+00 -0.000000000000000000e+00 -0.000000000000000000e+00
0.000000000000000000e+00 0.000000000000000000e+00 0.000000000000000000e+00 -0.000000000000000000e+00 -0.000000000000000000e+00
0.000000000000000000e+00 0.000000000000000000e+00 0.000000000000000000e+00 -0.000000000000000000e+00 -0.000000000000000000e+00
0.000000000000000000e+00 0.000000000000000000e+00 0.000000000000000000e+00 -0.000000000000000000e+00 -0.000000000000000000e+00
0.000000000000000000e+00 0.000000000000000000e+00 0.000000000000000000e+00 -0.000000000000000000e+00 -0.000000000000000000e+00
0.000000000000000000e+00 0.000000000000000000e+00 0.000000000000000000e+00 -0.000000000000000000e+00 -0.000000000000000000e+00
0.000000000000000000e+00 0.000000000000000000e+00 0.000000000000000000e+00 -0.000000000000000000e+00 -0.000000000000000000e+00
0.000000000000000000e+00 0.000000000000000000e+00 0.000000000000000000e+00 -0.000000000000000000e+00 -0.000000000000000000e+00
0.000000000000000000e+00 0.000000000000000000e+00 0.000000000000000000e+00 -0.000000000000000000e+00 -0.000000000000000000e+00
0.000000000000000000e+00 0.000000000000000000e+00 0.000000000000000000e+00 -0.000000000000000000e+00 -0.000000000000000000e+00
