0.000000 0.000000 -0.000000 -0.000000 0.000000 -0.000000 -0.000000 -0.000000 -0.000000 0.000000
0.000000 0.000000 -0.000000 -0.000000 0.000000 -0.000000 -0.000000 -0.000000 -0.000000 0.000000
0.000000 0.000000 -0.000000 -0.000000 0.000000 -0.000000 -0.000000 -0.000000 -0.000000 0.000000
0.000000 0.000000 -0.000000 0.000000 0.000000 -0.000000 -0.000000 -0.000000 -0.000000 0.000000
0.000000 0.000000 -0.000000 0.000000 0.000000 -0.000000 -0.000000 -0.000000 -0.000000 0.000000
0.000000 0.000000 -0.000000 0.000000 0.000000 0.000000 -0.000000 -0.000000 -0.000000 0.000000
0.000000 0.000000 -0.000000 0.000000 0.000000 0.000000 -0.000000 -0.000000 -0.000000 0.000000
0.000000 0.000000 -0.000000 0.000000 0.000000 0.000000 -0.000000 0.000000 -0.000000 0.000000
0.000000 0.000000 -0.000000 0.000000 0.000000 0.000000 -0.000000 0.000000 -0.000000 0.000000
0.000000 0.000000 -0.000000 0.000000 0.000000 0.000000 -0.000000 0.000000 -0.000000 0.000000
0.000000 0.000000 -0.000000 0.000000 0.000000 0.000000 -0.000000 0.000000 -0.000000 0.000000
0.000000 0.000000 -0.000000 0.000000 0.000000 0.000000 -0.000000 0.000000 -0.000000 0.000000
0.000000 0.000000 -0.000000 0.000000 0.000000 0.000000 -0.000000 0.000000 -0.000000 0.000000
0.000000 0.000000 -0.000000 0.000000 0.000000 0.000000 -0.000000 0.000000 -0.000000 0.000000
0.000000 0.000000 -0.000000 0.000000 0.000000 0.000000 -0.000000 0.000000 -0.000000 0.000000
0.000000 0.000000 -0.000000 0.000000 0.000000 0.000000 -0.000000 0.000000 -0.000000 0.000000
0.000000 0.000000 -0.000000 0.000000 0.000000 0.000000 -0.000000 0.000000 -0.000000 0.000000
0.000000 0.000000 -0.000000 0.000000 0.000000 0.000000 -0.000000 0.000000 -0.000000 0.000000
0.000000 0.000000 -0.000000 0.000000 0.000000 0.000000 -0.000000 0.000000 -0.000000 0.000000
0.000000 0.000000 -0.000000 0.000000 0.000000 0.000000 -0.000000 0.000000 -0.000000 0.000000
0.000000 0.000000 -0.000000 0.000000 0.000000 0.000000 -0.000000 0.000000 -0.000000 0.000000
0.000000 0.000000 -0.000000 0.000000 0.000000 0.000000 -0.000000 0.000000 -0.000000 0.000000
0.000000 0.000000 -0.000000 0.000000 0.000000 0.000000 -0.000000 0.000000 -0.000000 0.000000
0.000000 0.000000 -0.000000 0.000000 0.000000 0.000000 -0.000000 0.000000 -0.000000 0.000000
0.000000 0.000000 -0.000000 0.000000 0.000000 0.000000 -0.000000 0.000000 -0.000000 0.000000
0.000000 0.000000 -0.000000 0.000000 0.000000 0.000000 -0.000000 0.000000 -0.000000 0.000000
0.000000 0.000000 -0.000000 0.000000 0.000000 0.000000 -0.000000 0.000000 -0.000000 0.000000
0.000000 0.000000 -0.000000 0.000000 0.000000 0.000000 -0.000000 0.000000 -0.000000 0.000000
0.000000 0.000000 -0.000000 0.000000 0.000000 0.000000 -0.000000 0.000000 -0.000000 0.000000
0.000000 0.000000 -0.000000 0.000000 0.000000 0.000000 -0.000000 0.000000 -0.000000 0.000000
0.000000 0.000000 -0.000000 0.000000 0.000000 0.000000 -0.000000 0.000000 -0.000000 0.000000
0.000000 0.000000 -0.000000 0.000000 0.000000 0.000000 -0.000000 0.000000 -0.000000 0.000000
0.000000 0.000000 -0.000000 0.000000 0.000000 0.000000 -0.000000 0.000000 -0.000000 0.000000
0.000000 0.000000 -0.000000 0.000000 0.000000 0.000000 -0.000000 0.000000 -0.000000 0.000000
0.000000 0.000000 -0.000000 0.000000 0.000000 0.000000 -0.000000 0.000000 -0.000000 0.000000
0.000000 0.000000 -0.000000 0.000000 0.000000 0.000000 -0.000000 0.000000 -0.000000 0.000000
0.000000 0.000000 -0.000000 0.000000 0.000000 0.000000 -0.000000 0.000000 -0.000000 0.000000
0.000000 0.000000 -0.000000 0.000000 0.000000 0.000000 -0.000000 0.000000 -0.000000 0.000000
0.000000 0.000000 -0.000000 0.000000 0.000000 0.000000 -0.000000 0.000000 -0.000000 0.000000
0.000000 0.000000 -0.000000 0.000000 0.000000 0.000000 -0.000000 0.000000 -0.000000 0.000000
0.000000 0.000000 -0.000000 0.000000 0.000000 0.000000 -0.000000 0.000000 -0.000000 0.000000
0.000000 0.000000 -0.000000 0.000000 0.000000 0.000000 -0.000000 0.000000 -0.000000 0.000000
0.000000 0.000000 -0.000000 0.000000 0.000000 0.000000 -0.000000 0.000000 -0.000000 0.000000
0.000000 0.000000 -0.000000 0.000000 0.000000 0.000000 -0.000000 0.000000 -0.000000 0.000000
0.000000 0.000000 -0.000000 0.000000 0.000000 0.000000 -0.000000 0.000000 -0.000000 0.000000
0.000000 0.000000 -0.000000 0.000000 0.000000 0.000000 -0.000000 0.000000 -0.000000 0.000000
0.000000 0.000000 -0.000000 0.000000 0.000000 0.000000 -0.000000 0.000000 -0.000000 0.000000
0.000000 0.000000 -0.000000 0.000000 0.000000 0.000000 -0.000000 0.000000 -0.000000 0.000000
0.000000 0.000000 -0.000000 0.000000 0.000000 0.000000 -0.000000 0.000000 -0.000000 0.000000
0.000000 0.000000 -0.000000 0.000000 0.000000 0.000000 -0.000000 0.000000 -0.000000 0.000000
0.000000 0.000000 -0.000000 0.000000 0.000000 0.000000 -0.000000 0.000000 -0.000000 0.000000
0.000000 0.000000 -0.000000 0.000000 0.000000 0.000000 -0.000000 0.000000 -0.000000 0.000000
0.000000 0.000000 -0.000000 0.000000 0.000000 0.000000 -0.000000 0.000000 -0.000000 0.000000
0.000000 0.000000 -0.000000 0.000000 0.000000 0.000000 -0.000000 0.000000 -0.000000 0.000000
0.000000 0.000000 -0.000000 0.000000 0.000000 0.000000 -0.000000 0.000000 -0.000000 0.000000
0.000000 0.000000 -0.000000 0.000000 0.000000 0.000000 -0.000000 0.000000 -0.000000 0.000000
0.000000 0.000000 -0.000000 0.000000 0.000000 0.000000 -0.000000 0.000000 -0.000000 0.000000
0.000000 0.000000 -0.000000 0.000000 0.000000 0.000000 -0.000000 0.000000 -0.000000 0.000000
0.000000 0.000000 -0.000000 0.000000 0.000000 0.000000 -0.000000 0.000000 -0.000000 0.000000
0.000000 0.000000 -0.000000 0.000000 0.000000 0.000000 -0.000000 0.000000 -0.000000 0.000000
0.000000 0.000000 -0.000000 0.000000 0.000000 0.000000 -0.000000 0.000000 -0.000000 0.000000
0.000000 0.000000 -0.000000 0.000000 0.000000 0.000000 -0.000000 0.000000 -0.000000 0.000000
0.000000 0.000000 -0.000000 0.000000 0.000000 0.000000 -0.000000 0.000000 -0.000000 0.000000
0.000000 0.000000 -0.000000 0.000000 0.000000 0.000000 -0.000000 0.000000 -0.000000 0.000000
0.000000 0.000000 -0.000000 0.000000 0.000000 0.000000 -0.000000 0.000000 -0.000000 0.000000
0.000000 0.000000 -0.000000 0.000000 0.000000 0.000000 -0.000000 0.000000 -0.000000 0.000000
0.000000 0.000000 -0.000000 0.000000 0.000000 0.000000 -0.000000 0.000000 -0.000000 0.000000
0.000000 0.000000 -0.000000 0.000000 0.000000 0.000000 -0.000000 0.000000 -0.000000 0.000000
0.000005 0.000000 0.000000 0.000061 0.000000 0.000089 0.000051 0.000000 0.000000 0.000158
0.000007 0.000000 0.000000 0.000321 0.000000 0.000216 0.000134 0.000000 0.000000 0.000269
0.000013 0.000000 0.000000 0.001030 0.000000 0.000326 0.000275 0.000000 0.000000 0.000048
0.000000 0.000000 0.000000 0.001027 0.000000 0.000189 0.000168 0.000000 0.000000 0.000000
0.000000 0.000000 0.000007 0.000780 0.000000 0.000032 0.000000 0.000000 0.000071 0.000000
0.000000 0.000000 0.000000 0.000512 0.000000 0.000035 0.000086 0.000000 0.000000 0.000065
0.000000 0.000000 0.000000 0.000031 0.000000 0.000002 0.000012 0.000000 0.000000 0.000010
0.000000 0.000070 0.000038 0.000708 0.000000 0.000000 0.000000 0.000140 0.000000 0.000000
0.000000 0.000072 0.000000 0.000675 0.000000 0.000001 0.000000 0.000109 0.000000 0.000000
0.000027 0.000070 0.000000 0.000488 0.000009 0.000000 0.000000 0.000160 0.000000 0.000000
0.000029 0.000074 0.000000 0.000513 0.000008 0.000000 0.000000 0.000170 0.000000 0.000000
0.000000 0.000000 -0.000000 0.000000 0.000000 0.000000 -0.000000 0.000000 -0.000000 0.000000
0.000000 0.000000 -0.000000 0.000000 0.000000 0.000000 -0.000000 0.000000 -0.000000 0.000000
0.000000 0.000000 -0.000000 0.000000 0.000000 0.000000 -0.000000 0.000000 -0.000000 0.000000
0.000000 0.000000 -0.000000 0.000000 0.000000 0.000000 -0.000000 0.000000 -0.000000 0.000000
0.000000 0.000000 -0.000000 0.000000 0.000000 0.000000 -0.000000 0.000000 -0.000000 0.000000
0.000000 0.000000 -0.000000 0.000000 0.000000 0.000000 -0.000000 0.000000 -0.000000 0.000000
0.000000 0.000000 -0.000000 0.000000 0.000000 0.000000 -0.000000 0.000000 -0.000000 0.000000
0.000000 0.000000 -0.000000 0.000000 0.000000 0.000000 -0.000000 0.000000 -0.000000 0.000000
0.000000 0.000000 -0.000000 0.000000 0.000000 0.000000 -0.000000 0.000000 -0.000000 0.000000
0.000000 0.000000 -0.000000 0.000000 0.000000 0.000000 -0.000000 0.000000 -0.000000 0.000000
0.000000 0.000000 -0.000000 0.000000 0.000000 0.000000 -0.000000 0.000000 -0.000000 0.000000
0.000026 0.000001 0.000000 0.000051 0.000025 0.000000 0.000000 0.000000 0.000028 0.000000
0.000215 0.000001 0.000000 0.000434 0.000203 0.000000 0.000000 0.000000 0.000242 0.000000
0.000196 0.000000 0.000000 0.000501 0.000231 0.000000 0.000000 0.000000 0.000311 0.000000
0.000047 0.000000 0.000085 0.000251 0.000101 0.000000 0.000000 0.000000 0.000263 0.000000
0.000000 0.000023 0.000002 0.000086 0.000129 0.000066 0.000028 0.000000 0.000000 0.000000
0.000000 0.000071 0.000000 0.000868 0.000356 0.000569 0.000295 0.000000 0.000000 0.000000
0.000000 0.000000 0.000000 0.001556 0.000000 0.001391 0.000894 0.000000 0.000000 0.000202
0.000044 0.000000 0.000000 0.001781 0.000000 0.001286 0.000826 0.000000 0.000000 0.000606
0.000848 0.000000 0.000000 0.002831 0.000000 0.001375 0.000569 0.000000 0.000000 0.001591
0.001790 0.000000 0.000000 0.002975 0.000000 0.000735 0.000000 0.000000 0.000000 0.001352
0.002738 0.000000 0.000808 0.003143 0.000000 0.000000 0.000000 0.000000 0.000435 0.000767
0.001663 0.000000 0.001800 0.003171 0.000000 0.000000 0.000000 0.000000 0.000000 0.000000
0.000593 0.000000 0.003484 0.002979 0.000055 0.000000 0.000000 0.000000 0.000000 0.000000
0.000608 0.000000 0.003609 0.006991 0.000119 0.000000 0.000000 0.001351 0.000000 0.000000
0.000259 0.000000 0.001842 0.009577 0.000270 0.000000 0.000000 0.004013 0.000000 0.000000
0.000445 0.000000 0.000319 0.008550 0.000740 0.000000 0.000000 0.004406 0.000000 0.000000
0.000495 0.000000 0.000000 0.006017 0.001056 0.000000 0.000000 0.002519 0.000000 0.000000
0.000046 0.000027 0.000000 0.003870 0.001181 0.000000 0.000000 0.000743 0.000000 0.000000
0.000000 0.000183 0.000000 0.001192 0.000643 0.000000 0.000064 0.000000 0.000000 0.000000
0.000000 0.000054 0.000043 0.000000 0.000294 0.000000 0.000000 0.000000 0.000000 0.000000
0.000000 0.000000 -0.000000 0.000000 0.000000 0.000000 -0.000000 0.000000 -0.000000 0.000000
0.000000 0.000000 -0.000000 0.000000 0.000000 0.000000 -0.000000 0.000000 -0.000000 0.000000
0.000000 0.000000 -0.000000 0.000000 0.000000 0.000000 -0.000000 0.000000 -0.000000 0.000000
0.000000 0.000000 -0.000000 0.000000 0.000000 0.000000 -0.000000 0.000000 -0.000000 0.000000
0.000000 0.000000 -0.000000 0.000000 0.000000 0.000000 -0.000000 0.000000 -0.000000 0.000000
0.000000 0.000000 -0.000000 0.000000 0.000000 0.000000 -0.000000 0.000000 -0.000000 0.000000
0.000000 0.000000 0.000141 0.000251 0.000000 0.000000 0.000000 0.000150 0.000627 0.000000
0.000000 0.000000 0.000590 0.000468 0.000000 0.000000 0.000000 0.000663 0.002194 0.000000
0.000406 0.000000 0.000597 0.000552 0.000000 0.000000 0.000000 0.000219 0.002348 0.000000
0.000418 0.000000 0.000302 0.001750 0.000142 0.000003 0.000000 0.000000 0.003417 0.000000
0.000000 0.000000 0.000591 0.003031 0.000728 0.001559 0.000000 0.000000 0.004990 0.000000
0.000000 0.000255 0.000000 0.004414 0.001622 0.004391 0.000385 0.000000 0.004107 0.000000
0.000000 0.001877 0.000000 0.006274 0.001728 0.006755 0.001888 0.000000 0.001591 0.000000
0.000000 0.000690 0.000000 0.009658 0.000227 0.008993 0.004180 0.000000 0.000000 0.000108
0.000000 0.000307 0.000000 0.008870 0.000000 0.011119 0.005060 0.000000 0.000000 0.005631
0.000000 0.000308 0.000000 0.007128 0.000000 0.007892 0.002694 0.000000 0.000000 0.011589
0.007353 0.000000 0.000000 0.008226 0.000000 0.004179 0.000462 0.000000 0.000000 0.012776
0.018596 0.000000 0.000000 0.008647 0.000000 0.001721 0.000000 0.000000 0.000000 0.010375
0.023598 0.000000 0.007191 0.009594 0.000000 0.000000 0.000000 0.000000 0.001213 0.006962
0.013893 0.000000 0.019851 0.013090 0.000000 0.000000 0.000000 0.000000 0.002112 0.001646
0.000000 0.000000 0.032270 0.017338 0.000000 0.000000 0.000000 0.000000 0.004244 0.000000
0.000000 0.000000 0.030462 0.028976 0.000000 0.000000 0.000000 0.012982 0.001278 0.000000
0.000000 0.000000 0.015104 0.041597 0.000000 0.000000 0.000000 0.031112 0.000000 0.000000
0.000000 0.000000 0.000134 0.040934 0.003080 0.000000 0.000000 0.030118 0.000000 0.000000
0.000000 0.000000 0.000000 0.027453 0.012501 0.000000 0.000000 0.013720 0.000000 0.000000
0.000000 0.001155 0.000000 0.013816 0.014997 0.000000 0.000000 0.000000 0.000209 0.000000
0.000000 0.001040 0.000000 0.004046 0.009001 0.000000 0.000000 0.000000 0.000000 0.000000
0.000000 0.000257 0.000290 0.000164 0.002081 0.000000 0.000000 0.000000 0.000025 0.000000
0.000000 0.000015 0.000065 0.000000 0.000232 0.000000 0.000000 0.000000 0.000000 0.000039
0.000000 0.000000 -0.000000 0.000000 0.000000 0.000000 -0.000000 0.000000 -0.000000 0.000000
0.000000 0.000000 -0.000000 0.000000 0.000000 0.000000 -0.000000 0.000000 -0.000000 0.000000
0.000000 0.000000 -0.000000 0.000000 0.000000 0.000000 -0.000000 0.000000 -0.000000 0.000000
0.000000 0.000000 -0.000000 0.000000 0.000000 0.000000 -0.000000 0.000000 -0.000000 0.000000
0.000078 0.000000 0.000087 0.000146 0.000000 0.000000 0.000000 0.000011 0.000402 0.000000
0.000187 0.000000 0.000880 0.000661 0.000000 0.000000 0.000000 0.000358 0.003844 0.000000
0.001129 0.000000 0.001969 0.001292 0.000000 0.000000 0.000000 0.001536 0.010598 0.000000
0.002908 0.000000 0.003228 0.002497 0.000000 0.000000 0.000000 0.002958 0.022318 0.000000
0.002955 0.000000 0.002556 0.002398 0.000000 0.002945 0.000000 0.001695 0.025673 0.000000
0.000088 0.000000 0.000102 0.005089 0.002149 0.017762 0.000000 0.000000 0.020769 0.000000
0.000000 0.010400 0.000000 0.009268 0.007292 0.035573 0.003092 0.000000 0.008885 0.000000
0.000000 0.019876 0.000000 0.014058 0.009372 0.042371 0.012528 0.000000 0.000000 0.000000
0.000000 0.020148 0.000000 0.020964 0.003320 0.039621 0.024280 0.000000 0.000000 0.000000
0.000000 0.012862 0.000000 0.015509 0.000000 0.030615 0.029769 0.000000 0.000000 0.024813
0.000000 0.004135 0.000000 0.008368 0.000000 0.017410 0.021275 0.000000 0.000000 0.054911
0.021637 0.000000 0.000000 0.007295 0.000000 0.007678 0.007054 0.000000 0.000000 0.057857
0.062096 0.000000 0.000000 0.009445 0.000000 0.003472 0.000000 0.000000 0.000417 0.039077
0.085135 0.000000 0.024028 0.009233 0.000000 0.000394 0.000000 0.000000 0.006479 0.018829
0.047239 0.000000 0.073484 0.011683 0.000000 0.000000 0.000000 0.000000 0.013878 0.004045
0.000000 0.000000 0.103390 0.020418 0.000000 0.000000 0.000000 0.006889 0.014873 0.000000
0.000000 0.000000 0.071141 0.051412 0.000000 0.000000 0.000000 0.075431 0.002165 0.000000
0.000000 0.000000 0.014570 0.077862 0.000000 0.000000 0.000000 0.116094 0.000000 0.000000
0.000000 0.005296 0.000000 0.070170 0.022168 0.000000 0.000000 0.084228 0.000000 0.000000
0.000000 0.013964 0.000000 0.043935 0.063370 0.000000 0.007775 0.017671 0.001787 0.000000
0.000000 0.012363 0.000000 0.018019 0.069308 0.000000 0.012336 0.000000 0.004881 0.000000
0.000000 0.006271 0.000000 0.003311 0.038198 0.001039 0.006013 0.000000 0.002458 0.000000
0.000000 0.000949 0.000000 0.000000 0.009094 0.000357 0.000301 0.000000 0.000106 0.000000
0.000000 0.000083 0.000005 0.000000 0.000772 0.000153 0.000145 0.000000 0.000000 0.000000
0.000000 0.000000 -0.000000 0.000000 0.000000 0.000000 -0.000000 0.000000 -0.000000 0.000000
0.000000 0.000000 -0.000000 0.000000 0.000000 0.000000 -0.000000 0.000000 -0.000000 0.000000
0.000000 0.000000 -0.000000 0.000000 0.000000 0.000000 -0.000000 0.000000 -0.000000 0.000000
0.000000 0.000000 -0.000000 0.000000 0.000000 0.000000 -0.000000 0.000000 -0.000000 0.000000
0.000391 0.000000 0.000423 0.000019 0.000000 0.000000 0.000000 0.000621 0.002054 0.000000
0.002531 0.000000 0.001643 0.000231 0.000000 0.000000 0.000000 0.002231 0.010608 0.000000
0.005812 0.000000 0.003297 0.000588 0.000000 0.000000 0.000000 0.004690 0.024598 0.000000
0.008216 0.000000 0.005534 0.001000 0.000000 0.000000 0.000000 0.007665 0.042971 0.000000
0.009644 0.000000 0.003115 0.002595 0.000000 0.011770 0.000000 0.007578 0.051491 0.000000
0.009117 0.009890 0.000000 0.004274 0.006977 0.037978 0.000000 0.004389 0.039903 0.000000
0.000000 0.037011 0.000000 0.010113 0.019015 0.070305 0.007857 0.000000 0.011372 0.000000
0.000000 0.056090 0.000000 0.021557 0.022215 0.081546 0.037861 0.000000 0.000000 0.000000
0.000000 0.050056 0.000000 0.025256 0.006516 0.063855 0.072208 0.000000 0.000000 0.000000
0.000000 0.027208 0.000000 0.013795 0.000000 0.044574 0.078995 0.000000 0.000000 0.051161
0.000000 0.006320 0.000000 0.000000 0.000000 0.022835 0.045969 0.000000 0.000000 0.105753
0.041078 0.000000 0.000000 0.000650 0.000000 0.006253 0.008183 0.000000 0.000000 0.101647
0.115745 0.000000 0.000000 0.007686 0.000000 0.002153 0.000000 0.000000 0.001503 0.060960
0.141277 0.000000 0.040108 0.006147 0.000000 0.000000 0.000000 0.000000 0.011602 0.025406
0.074570 0.000000 0.122881 0.000041 0.000000 0.000000 0.000000 0.000000 0.020799 0.000000
0.000000 0.000000 0.155108 0.017223 0.000000 0.000000 0.000000 0.039778 0.020133 0.000000
0.000000 0.000000 0.079732 0.072991 0.000000 0.000000 0.000000 0.160049 0.000000 0.000000
0.000000 0.015435 0.000000 0.102839 0.000000 0.000000 0.000000 0.181823 0.000000 0.000000
0.000000 0.030241 0.000000 0.080745 0.066670 0.000000 0.009060 0.092491 0.002991 0.000000
0.000000 0.033373 0.000000 0.040373 0.116126 0.000318 0.033687 0.000000 0.013562 0.000000
0.000000 0.024012 0.000000 0.012387 0.105259 0.004176 0.036312 0.000000 0.017295 0.000000
0.000000 0.009566 0.000000 0.000000 0.053968 0.003800 0.019496 0.000000 0.008514 0.002398
0.000000 0.001477 0.000000 0.000000 0.013529 0.001245 0.002620 0.000000 0.000545 0.001420
0.000093 0.000222 0.000000 0.000000 0.002346 0.000295 0.000012 0.000000 0.000000 0.000000
0.000000 0.000000 -0.000000 0.000000 0.000000 0.000000 -0.000000 0.000000 -0.000000 0.000000
0.000000 0.000000 -0.000000 0.000000 0.000000 0.000000 -0.000000 0.000000 -0.000000 0.000000
0.000000 0.000000 -0.000000 0.000000 0.000000 0.000000 -0.000000 0.000000 -0.000000 0.000000
0.000000 0.000000 -0.000000 0.000000 0.000000 0.000000 -0.000000 0.000000 -0.000000 0.000000
0.000812 0.000000 0.000601 0.000000 0.000000 0.000000 0.000000 0.001119 0.003385 0.000000
0.004192 0.000000 0.002101 0.000000 0.000000 0.000000 0.000000 0.003204 0.015829 0.000000
0.009294 0.000000 0.004813 0.000000 0.000000 0.000000 0.000000 0.008641 0.040808 0.000000
0.015076 0.000000 0.005972 0.000000 0.000000 0.000000 0.000000 0.012425 0.065617 0.000000
0.016873 0.000488 0.002282 0.003464 0.000000 0.015996 0.000000 0.013417 0.077437 0.000000
0.011568 0.031825 0.000000 0.007104 0.014647 0.054674 0.000000 0.008719 0.060043 0.000000
0.000000 0.071474 0.000000 0.018439 0.037951 0.098163 0.021655 0.000000 0.007606 0.000000
0.000000 0.085215 0.000000 0.031032 0.040451 0.103162 0.080395 0.000000 0.000000 0.000000
0.000000 0.062526 0.000000 0.022278 0.013595 0.074276 0.129983 0.000000 0.000000 0.000000
0.000000 0.023755 0.000000 0.001523 0.000000 0.044528 0.113661 0.000000 0.000000 0.093755
0.000000 0.000449 0.000000 0.000000 0.000000 0.016680 0.048426 0.000000 0.000000 0.154321
0.065238 0.000000 0.000000 0.002286 0.000000 0.000000 0.000000 0.000000 0.000606 0.130124
0.152818 0.000000 0.000000 0.008368 0.000000 0.000000 0.000000 0.000000 0.003137 0.066592
0.182461 0.000000 0.059138 0.002175 0.000000 0.000000 0.000000 0.000000 0.012604 0.019946
0.089055 0.000000 0.162238 0.000000 0.000000 0.000000 0.000000 0.000000 0.022102 0.000000
0.000000 0.000000 0.173285 0.027214 0.000000 0.000000 0.000000 0.093715 0.013416 0.000000
0.000000 0.007983 0.061127 0.092049 0.000000 0.000000 0.000000 0.227426 0.000000 0.000000
0.000000 0.040888 0.000000 0.112779 0.037883 0.000000 0.000000 0.185541 0.000000 0.000000
0.000000 0.054173 0.000000 0.070549 0.117184 0.002509 0.041206 0.042471 0.024122 0.000000
0.000000 0.045284 0.000000 0.019685 0.138421 0.009269 0.066115 0.000000 0.037442 0.003855
0.000000 0.025663 0.000000 0.000000 0.098916 0.008148 0.053896 0.000000 0.029337 0.009516
0.000000 0.007572 0.000000 0.000000 0.042305 0.004202 0.025238 0.000000 0.012659 0.007869
0.000000 0.001365 0.000000 0.000000 0.012177 0.001516 0.004451 0.000000 0.001080 0.003003
0.000000 0.000173 0.000000 0.000000 0.002117 0.000219 0.000208 0.000000 0.000000 0.000555
0.000000 0.000000 -0.000000 0.000000 0.000000 0.000000 -0.000000 0.000000 -0.000000 0.000000
0.000000 0.000000 -0.000000 0.000000 0.000000 0.000000 -0.000000 0.000000 -0.000000 0.000000
0.000000 0.000000 -0.000000 0.000000 0.000000 0.000000 -0.000000 0.000000 -0.000000 0.000000
0.000081 0.000025 0.000000 0.000000 0.000000 0.000159 0.000000 0.000228 0.000000 0.000000
0.001042 0.000000 0.000666 0.000000 0.000000 0.000000 0.000000 0.001989 0.004272 0.000000
0.004489 0.000000 0.002767 0.000000 0.000000 0.000000 0.000000 0.006170 0.022758 0.000000
0.010915 0.000000 0.005997 0.000000 0.000000 0.000000 0.000000 0.011724 0.052129 0.000000
0.018884 0.000000 0.007097 0.000000 0.000000 0.000000 0.000000 0.016933 0.085199 0.000000
0.024175 0.009084 0.001376 0.002963 0.000271 0.020583 0.000000 0.018178 0.101360 0.000000
0.017432 0.055667 0.000000 0.010298 0.027702 0.071440 0.000000 0.009104 0.066173 0.000000
0.000000 0.103724 0.000000 0.026177 0.060095 0.113752 0.046811 0.000000 0.000000 0.000000
0.000000 0.102896 0.001312 0.030918 0.058919 0.107804 0.129567 0.000000 0.000000 0.000000
0.000000 0.050832 0.000000 0.015890 0.018168 0.064401 0.165828 0.000000 0.000000 0.024215
0.000000 0.002248 0.000000 0.000000 0.000000 0.024071 0.106649 0.000000 0.000000 0.153352
0.020918 0.000000 0.000000 0.000000 0.000000 0.000000 0.017347 0.000000 0.002413 0.190427
0.094794 0.000000 0.000000 0.007658 0.000490 0.000000 0.000000 0.000000 0.004888 0.128445
0.180374 0.000000 0.002484 0.011329 0.000000 0.000000 0.000000 0.000000 0.004704 0.053720
0.202979 0.000000 0.079410 0.000000 0.000000 0.000000 0.000000 0.000000 0.010238 0.007362
0.082265 0.000000 0.193552 0.000000 0.000000 0.000000 0.000000 0.000000 0.017415 0.000000
0.000000 0.000000 0.167894 0.041475 0.000000 0.002051 0.000000 0.157733 0.002901 0.000000
0.000000 0.029329 0.019817 0.108920 0.000000 0.013185 0.000000 0.252896 0.000000 0.000000
0.000000 0.068588 0.000000 0.102184 0.092141 0.019724 0.029354 0.133884 0.016020 0.000000
0.000000 0.066853 0.000000 0.045754 0.142707 0.019542 0.078407 0.000000 0.051781 0.006295
0.000000 0.045624 0.000000 0.004282 0.121700 0.015490 0.083480 0.000000 0.054010 0.016140
0.000000 0.020034 0.000000 0.000000 0.064725 0.009086 0.053669 0.000000 0.032458 0.015996
0.000000 0.004230 0.000000 0.000000 0.023417 0.003678 0.019818 0.000000 0.009961 0.009927
0.000000 0.000758 0.000000 0.000000 0.006936 0.001018 0.003820 0.000000 0.001365 0.003762
0.000161 0.000075 0.000000 0.000000 0.001239 0.000103 0.000158 0.000000 0.000151 0.000846
0.000000 0.000000 -0.000000 0.000000 0.000000 0.000000 -0.000000 0.000000 -0.000000 0.000000
0.000000 0.000000 -0.000000 0.000000 0.000000 0.000000 -0.000000 0.000000 -0.000000 0.000000
0.000000 0.000000 -0.000000 0.000000 0.000000 0.000000 -0.000000 0.000000 -0.000000 0.000000
0.000088 0.000027 0.000000 0.000000 0.000000 0.000173 0.000000 0.000249 0.000000 0.000000
0.000822 0.000000 0.000630 0.000000 0.000000 0.000000 0.000000 0.002263 0.004501 0.000000
0.004820 0.000000 0.002915 0.000000 0.000000 0.000000 0.000000 0.007159 0.025009 0.000000
0.011632 0.000000 0.006436 0.000000 0.000000 0.000000 0.000000 0.014076 0.062673 0.000000
0.020490 0.000000 0.005677 0.000000 0.000000 0.000000 0.000000 0.020534 0.102103 0.000000
0.025866 0.021119 0.000000 0.005725 0.007171 0.030117 0.000000 0.020980 0.113798 0.000000
0.015568 0.080384 0.000000 0.021092 0.049300 0.090799 0.007876 0.004578 0.059142 0.000000
0.000000 0.123512 0.003288 0.037290 0.084434 0.125532 0.089563 0.000000 0.000000 0.000000
0.000000 0.095594 0.016941 0.027803 0.070356 0.099161 0.169539 0.000000 0.000000 0.000000
0.000000 0.025416 0.016691 0.005422 0.015227 0.037892 0.154836 0.000000 0.000000 0.092989
0.000000 0.000000 0.001131 0.000000 0.000000 0.000000 0.055146 0.019652 0.000000 0.209215
0.058983 0.000000 0.000000 0.007943 0.000000 0.000000 0.000000 0.016797 0.004448 0.185464
0.119440 0.000000 0.000000 0.017327 0.005887 0.000000 0.000000 0.004580 0.003846 0.089889
0.199065 0.000000 0.006553 0.013643 0.000000 0.000000 0.000000 0.000000 0.002538 0.027181
0.210922 0.000000 0.103885 0.000000 0.000000 0.000000 0.000000 0.000000 0.008617 0.000000
0.067544 0.000000 0.215592 0.000000 0.000000 0.000000 0.000000 0.039378 0.007604 0.000000
0.000000 0.003932 0.139955 0.058280 0.000000 0.019746 0.000000 0.214540 0.000000 0.000000
0.000000 0.055272 0.000000 0.110906 0.049962 0.043564 0.000000 0.225240 0.002434 0.000000
0.000000 0.084959 0.000000 0.081368 0.128409 0.042445 0.067566 0.052137 0.044786 0.003004
0.000000 0.064277 0.000000 0.022694 0.131480 0.026234 0.099351 0.000000 0.078076 0.021740
0.000000 0.034890 0.000000 0.000000 0.081933 0.015801 0.080142 0.000000 0.060014 0.023730
0.000000 0.011648 0.000000 0.000000 0.030591 0.006591 0.038783 0.000000 0.026014 0.015143
0.000000 0.001981 0.000000 0.000000 0.007907 0.001515 0.010919 0.000000 0.006589 0.008250
0.000000 0.000381 0.000000 0.000000 0.002441 0.000254 0.002022 0.000000 0.001272 0.002610
0.000166 0.000018 0.000000 0.000000 0.000441 0.000021 0.000046 0.000000 0.000061 0.000437
0.000000 0.000000 -0.000000 0.000000 0.000000 0.000000 -0.000000 0.000000 -0.000000 0.000000
0.000000 0.000000 -0.000000 0.000000 0.000000 0.000000 -0.000000 0.000000 -0.000000 0.000000
0.000000 0.000000 -0.000000 0.000000 0.000000 0.000000 -0.000000 0.000000 -0.000000 0.000000
0.000083 0.000016 0.000000 0.000000 0.000000 0.000183 0.000000 0.000267 0.000000 0.000000
0.000917 0.000000 0.000681 0.000000 0.000000 0.000000 0.000000 0.002573 0.004936 0.000000
0.006063 0.000000 0.002982 0.000000 0.000000 0.000000 0.000000 0.008301 0.028486 0.000000
0.012344 0.000000 0.005481 0.000000 0.000000 0.000000 0.000000 0.015932 0.072740 0.000000
0.018849 0.001109 0.002055 0.000172 0.000000 0.000000 0.000000 0.022551 0.120155 0.000000
0.019611 0.041828 0.000000 0.013543 0.020807 0.040518 0.000000 0.016268 0.121250 0.000000
0.000481 0.104572 0.000000 0.031185 0.078635 0.112155 0.043793 0.000000 0.047787 0.000000
0.000000 0.126247 0.012918 0.036211 0.106794 0.130951 0.136932 0.000000 0.000000 0.000000
0.000000 0.069253 0.035519 0.020508 0.067252 0.078478 0.175445 0.000000 0.000000 0.004942
0.000000 0.000000 0.032691 0.000000 0.003685 0.006547 0.101720 0.021436 0.000000 0.169483
0.040997 0.000000 0.011490 0.005653 0.000000 0.000000 0.000000 0.043819 0.000000 0.220393
0.092396 0.000000 0.000000 0.024653 0.001328 0.000000 0.000000 0.033748 0.000276 0.131011
0.124908 0.000000 0.000000 0.024752 0.001044 0.000000 0.000000 0.013501 0.000000 0.040084
0.206362 0.000000 0.013574 0.007589 0.000000 0.000000 0.000000 0.000000 0.000000 0.004959
0.204789 0.000000 0.131195 0.000000 0.000000 0.000000 0.000000 0.000000 0.003345 0.000000
0.053317 0.000000 0.214900 0.000000 0.000000 0.000151 0.000000 0.101725 0.000000 0.000000
0.000000 0.030176 0.095158 0.070865 0.027650 0.044217 0.000000 0.232701 0.000000 0.000000
0.000000 0.080913 0.000000 0.099965 0.097494 0.075174 0.033017 0.155530 0.024239 0.005711
0.000000 0.087795 0.000000 0.056171 0.130300 0.056024 0.099551 0.000000 0.077960 0.023706
0.000000 0.053631 0.000000 0.006286 0.094076 0.025229 0.101902 0.000000 0.091843 0.029234
0.000000 0.020213 0.000000 0.000000 0.036941 0.009645 0.059688 0.000000 0.055205 0.022604
0.000000 0.004635 0.000000 0.000000 0.009651 0.001971 0.020100 0.000000 0.018709 0.011516
0.000000 0.001079 0.000000 0.000000 0.002642 0.000446 0.004621 0.000000 0.003503 0.004229
0.000000 0.000254 0.000099 0.000000 0.001545 0.000022 0.000644 0.000000 0.000723 0.000853
0.000016 0.000000 0.000000 0.000000 0.000029 0.000000 0.000000 0.000000 0.000006 0.000033
0.000000 0.000000 -0.000000 0.000000 0.000000 0.000000 -0.000000 0.000000 -0.000000 0.000000
0.000000 0.000000 -0.000000 0.000000 0.000000 0.000000 -0.000000 0.000000 -0.000000 0.000000
0.000000 0.000000 0.000006 0.000000 0.000000 0.000008 0.000000 0.000014 0.000007 0.000000
0.000058 0.000000 0.000000 0.000000 0.000000 0.000307 0.000000 0.000461 0.000079 0.000000
0.001784 0.000000 0.000774 0.000000 0.000000 0.000000 0.000000 0.003417 0.007091 0.000000
0.006339 0.000000 0.002765 0.000000 0.000000 0.000000 0.000000 0.008553 0.032554 0.000000
0.010171 0.000000 0.003159 0.000000 0.000000 0.000000 0.000000 0.016473 0.085040 0.000000
0.012456 0.013295 0.000000 0.004154 0.000200 0.000000 0.000000 0.021058 0.135322 0.000000
0.006013 0.063310 0.000000 0.021956 0.046041 0.056367 0.012366 0.004720 0.123802 0.000000
0.000000 0.116711 0.000000 0.038829 0.107036 0.128643 0.088490 0.000000 0.034795 0.000000
0.000000 0.109368 0.027633 0.030802 0.111372 0.125803 0.160259 0.000000 0.000000 0.000000
0.000000 0.031430 0.051214 0.012197 0.042606 0.049409 0.136752 0.011182 0.000000 0.094257
0.039155 0.000000 0.035172 0.002937 0.000000 0.000000 0.031458 0.056446 0.000000 0.209593
0.095774 0.000000 0.005705 0.021629 0.000000 0.000000 0.000000 0.064447 0.000000 0.168531
0.106689 0.000000 0.000000 0.032202 0.000738 0.000000 0.000000 0.037061 0.000000 0.055259
0.121424 0.000000 0.000000 0.016984 0.000000 0.000000 0.000000 0.012409 0.000000 0.005101
0.214775 0.000000 0.025253 0.000000 0.000771 0.000000 0.003847 0.000000 0.000000 0.000000
0.204232 0.000000 0.151870 0.000000 0.005496 0.000000 0.000000 0.024235 0.000000 0.000000
0.038545 0.003189 0.189646 0.011514 0.027828 0.012122 0.000000 0.158140 0.000000 0.000000
0.000000 0.063973 0.037745 0.070089 0.077076 0.082844 0.003680 0.196182 0.000000 0.006641
0.000000 0.096727 0.000000 0.076916 0.111869 0.103125 0.076677 0.067057 0.055127 0.025973
0.000000 0.076883 0.000000 0.035566 0.098197 0.057872 0.111578 0.000000 0.106106 0.033428
0.000000 0.035949 0.000000 0.002468 0.050254 0.018908 0.083665 0.000000 0.094145 0.025936
0.000000 0.009929 0.000000 0.000000 0.012991 0.002995 0.035955 0.000000 0.045515 0.015377
0.000000 0.001804 0.000000 0.000000 0.003833 0.000000 0.009321 0.000000 0.012269 0.005516
0.000264 0.000355 0.000085 0.000000 0.001552 0.000000 0.001191 0.000000 0.001472 0.000731
0.000000 0.000145 0.000107 0.000000 0.000522 0.000000 0.000201 0.000000 0.000304 0.000000
0.000000 0.000000 -0.000000 0.000000 0.000000 0.000000 -0.000000 0.000000 -0.000000 0.000000
0.000000 0.000000 -0.000000 0.000000 0.000000 0.000000 -0.000000 0.000000 -0.000000 0.000000
0.000000 0.000000 -0.000000 0.000000 0.000000 0.000000 -0.000000 0.000000 -0.000000 0.000000
0.000000 0.000000 0.000061 0.000000 0.000000 0.000080 0.000000 0.000139 0.000066 0.000000
0.000054 0.000000 0.000000 0.000000 0.000000 0.000353 0.000000 0.000529 0.000108 0.000000
0.001958 0.000000 0.000421 0.000000 0.000000 0.000000 0.000000 0.003451 0.007576 0.000000
0.005381 0.000000 0.001887 0.000000 0.000000 0.000000 0.000000 0.007251 0.037477 0.000000
0.007140 0.001421 0.000000 0.000000 0.000000 0.000000 0.000000 0.013698 0.097099 0.000000
0.004625 0.029269 0.000000 0.007814 0.015940 0.006307 0.000000 0.012404 0.149955 0.000000
0.000000 0.081093 0.000000 0.031042 0.075091 0.074113 0.046501 0.000000 0.123603 0.000000
0.000000 0.114491 0.000142 0.040349 0.122920 0.135991 0.120059 0.000000 0.025731 0.000000
0.000000 0.081762 0.044192 0.023994 0.095994 0.110304 0.143994 0.000000 0.000000 0.007956
0.055520 0.006428 0.051508 0.002778 0.021409 0.029163 0.081185 0.058317 0.000000 0.144788
0.122922 0.000000 0.016144 0.008825 0.000000 0.000000 0.000000 0.095558 0.000000 0.173363
0.151658 0.000000 0.000000 0.022705 0.000000 0.000000 0.000000 0.081089 0.000000 0.072045
0.127267 0.000000 0.000000 0.013806 0.007056 0.004598 0.000000 0.047292 0.000000 0.000000
0.148427 0.000000 0.000000 0.000633 0.008501 0.011092 0.012127 0.032175 0.000000 0.000000
0.238717 0.000000 0.035922 0.000000 0.016274 0.000000 0.014285 0.030428 0.000000 0.000000
0.197271 0.000000 0.153658 0.000000 0.035165 0.000000 0.000000 0.093859 0.000000 0.000000
0.024955 0.037916 0.138822 0.019335 0.074181 0.038062 0.000000 0.170170 0.000000 0.000233
0.000000 0.091142 0.000000 0.057627 0.098822 0.120817 0.051393 0.130655 0.006876 0.026490
0.000000 0.096839 0.000000 0.053392 0.093536 0.121903 0.108744 0.000000 0.083116 0.034672
0.000000 0.056152 0.000000 0.018952 0.055822 0.053076 0.106729 0.000000 0.122861 0.031306
0.000000 0.019234 0.000000 0.001594 0.021289 0.008620 0.056341 0.000000 0.089142 0.016640
0.002617 0.002294 0.000000 0.002328 0.006840 0.000000 0.015975 0.000000 0.040225 0.004775
0.002916 0.000000 0.001960 0.001940 0.004318 0.000000 0.002687 0.000000 0.010138 0.000000
0.001630 0.000000 0.002635 0.001390 0.002574 0.000000 0.000000 0.000000 0.002906 0.000000
0.000971 0.000000 0.000456 0.000314 0.000800 0.000000 0.000367 0.000000 0.000058 0.000000
0.000259 0.000000 0.000039 0.000000 0.000067 0.000000 0.000000 0.000000 0.000000 0.000010
0.000000 0.000000 -0.000000 0.000000 0.000000 0.000000 -0.000000 0.000000 -0.000000 0.000000
0.000000 0.000000 -0.000000 0.000000 0.000000 0.000000 -0.000000 0.000000 -0.000000 0.000000
0.000000 0.000000 0.000121 0.000000 0.000000 0.000158 0.000000 0.000275 0.000131 0.000000
0.000000 0.000000 0.000084 0.000000 0.000000 0.000214 0.000000 0.000355 0.000125 0.000000
0.001737 0.000000 0.000050 0.000000 0.000000 0.000000 0.000000 0.003452 0.007460 0.000000
0.003013 0.000000 0.000259 0.000000 0.000000 0.000000 0.000000 0.006897 0.044173 0.000000
0.001616 0.009003 0.000000 0.000237 0.000727 0.000000 0.000000 0.005211 0.109798 0.000000
0.000000 0.041296 0.000000 0.017473 0.035813 0.014107 0.022319 0.000000 0.161224 0.000000
0.000000 0.086536 0.000000 0.040816 0.096008 0.078593 0.071964 0.000000 0.127241 0.000000
0.000000 0.099772 0.020133 0.039632 0.120050 0.121378 0.112286 0.000000 0.035178 0.000000
0.026963 0.058805 0.056918 0.010922 0.073904 0.092560 0.103920 0.045028 0.000000 0.062369
0.118260 0.009072 0.033711 0.000000 0.012374 0.040165 0.051385 0.108634 0.000000 0.132240
0.188463 0.000000 0.000000 0.000000 0.000997 0.027914 0.019586 0.132965 0.000000 0.081608
0.190130 0.006397 0.000000 0.000000 0.018342 0.041420 0.028338 0.111655 0.000000 0.000000
0.167413 0.013609 0.000000 0.000000 0.025218 0.053297 0.040877 0.092412 0.000000 0.000000
0.194799 0.007548 0.000000 0.000000 0.032802 0.043095 0.039918 0.086628 0.003131 0.000000
0.241081 0.000000 0.046047 0.000000 0.053026 0.003432 0.026913 0.096791 0.003524 0.000000
0.168878 0.018618 0.130637 0.000000 0.079772 0.000000 0.012656 0.137068 0.000000 0.000000
0.020267 0.075885 0.082677 0.014306 0.097399 0.068879 0.037548 0.134843 0.000000 0.028370
0.000000 0.104309 0.000000 0.033725 0.089881 0.142214 0.089846 0.069615 0.036471 0.043481
0.000000 0.079125 0.000000 0.029058 0.061370 0.117579 0.113836 0.000000 0.111316 0.037078
0.000000 0.029486 0.000000 0.009009 0.026118 0.036457 0.086216 0.000000 0.137606 0.027093
0.007234 0.003855 0.000000 0.003357 0.011866 0.000000 0.035617 0.000000 0.093089 0.008387
0.010992 0.000000 0.008526 0.006242 0.006569 0.000000 0.008252 0.000000 0.046371 0.000000
0.009127 0.000000 0.007088 0.004168 0.003090 0.000000 0.002382 0.000000 0.016683 0.000000
0.005577 0.000000 0.004421 0.002407 0.000746 0.000000 0.000000 0.000000 0.006450 0.000280
0.002797 0.000000 0.000896 0.000577 0.000746 0.000000 0.000653 0.000000 0.000155 0.000000
0.000775 0.000000 0.000183 0.000000 0.000295 0.000000 0.000050 0.000000 0.000000 0.000000
0.000000 0.000000 -0.000000 0.000000 0.000000 0.000000 -0.000000 0.000000 -0.000000 0.000000
0.000000 0.000000 -0.000000 0.000000 0.000000 0.000000 -0.000000 0.000000 -0.000000 0.000000
0.000000 0.000000 0.000058 0.000000 0.000000 0.000076 0.000000 0.000132 0.000063 0.000000
0.000000 0.000000 0.000113 0.000000 0.000000 0.000179 0.000000 0.000296 0.000155 0.000000
0.000646 0.000000 0.000220 0.000000 0.000000 0.000000 0.000000 0.002996 0.009439 0.000403
0.000619 0.000956 0.000000 0.000000 0.000000 0.000000 0.000000 0.003867 0.049967 0.000345
0.000000 0.014137 0.000000 0.004400 0.010451 0.000000 0.009414 0.000000 0.117529 0.000000
0.000000 0.046912 0.000000 0.033976 0.050969 0.013427 0.040698 0.000000 0.166171 0.000000
0.000000 0.081510 0.000000 0.060595 0.093448 0.059571 0.070037 0.000000 0.135984 0.000000
0.000000 0.083374 0.044305 0.045177 0.098500 0.085414 0.081256 0.013858 0.068569 0.027694
0.017167 0.056398 0.076661 0.000000 0.061197 0.072797 0.067678 0.068959 0.023278 0.090840
0.090751 0.039659 0.046043 0.000000 0.030192 0.057807 0.052857 0.116670 0.021878 0.101830
0.139950 0.039166 0.000000 0.000000 0.036360 0.065163 0.057396 0.135889 0.029104 0.042292
0.137845 0.046347 0.000000 0.000000 0.046531 0.073420 0.068996 0.129605 0.038520 0.000000
0.132414 0.045295 0.000000 0.000000 0.051815 0.072302 0.069517 0.121190 0.044538 0.000000
0.149212 0.033641 0.006827 0.000000 0.067269 0.054432 0.056454 0.120716 0.047793 0.000000
0.165377 0.022103 0.074871 0.000000 0.088494 0.012679 0.041443 0.130187 0.043782 0.000000
0.111606 0.054256 0.107870 0.000000 0.099183 0.015960 0.043703 0.122147 0.026272 0.030224
0.012506 0.097304 0.055473 0.004759 0.086961 0.087970 0.072381 0.087241 0.025803 0.062824
0.000000 0.095753 0.000000 0.016207 0.064059 0.134679 0.097986 0.032211 0.074186 0.065443
0.000000 0.050020 0.000000 0.018555 0.032368 0.088184 0.091125 0.000000 0.144953 0.052315
0.002804 0.005305 0.006072 0.017069 0.013050 0.005930 0.049062 0.000000 0.158590 0.029833
0.021853 0.000000 0.025247 0.015880 0.008010 0.000000 0.015560 0.000000 0.106916 0.009186
0.022332 0.000000 0.023056 0.015462 0.004748 0.000000 0.002648 0.000000 0.059080 0.002816
0.017174 0.000000 0.013265 0.012368 0.000000 0.000000 0.000000 0.000000 0.023949 0.006118
0.008134 0.000000 0.005665 0.005244 0.000000 0.000000 0.000000 0.000000 0.008082 0.005477
0.002667 0.000000 0.001784 0.000761 0.000000 0.000000 0.000000 0.000000 0.000600 0.000599
0.000106 0.000000 0.000054 0.000069 0.000055 0.000020 0.000000 0.000008 0.000000 0.000000
0.000000 0.000000 -0.000000 0.000000 0.000000 0.000000 -0.000000 0.000000 -0.000000 0.000000
0.000000 0.000000 -0.000000 0.000000 0.000000 0.000000 -0.000000 0.000000 -0.000000 0.000000
0.000000 0.000000 0.000003 0.000000 0.000000 0.000004 0.000000 0.000007 0.000003 0.000000
0.000000 0.000000 0.000059 0.000000 0.000000 0.000270 0.000000 0.000195 0.000148 0.000078
0.000000 0.000000 0.000000 0.000000 0.000000 0.000687 0.000000 0.002183 0.009562 0.001432
0.000000 0.001397 0.000000 0.000000 0.000000 0.000000 0.000462 0.001016 0.043644 0.001779
0.000000 0.012014 0.000000 0.022696 0.018317 0.000000 0.014445 0.000000 0.109380 0.000000
0.000000 0.035494 0.000000 0.066911 0.045652 0.001306 0.036134 0.000000 0.156428 0.003968
0.000000 0.060205 0.011585 0.096938 0.067878 0.024907 0.044147 0.000000 0.142601 0.027509
0.000000 0.066431 0.064485 0.073789 0.069526 0.038411 0.041589 0.015691 0.105153 0.071009
0.000000 0.064721 0.101534 0.001380 0.053388 0.042276 0.038673 0.036822 0.084653 0.112841
0.000000 0.065425 0.102174 0.000000 0.046682 0.043768 0.042032 0.050399 0.092575 0.121735
0.000000 0.070620 0.084513 0.000000 0.053687 0.046467 0.052568 0.054183 0.100754 0.104592
0.000000 0.070775 0.079145 0.000000 0.058081 0.044576 0.054117 0.057457 0.106024 0.090258
0.000437 0.063598 0.084319 0.000000 0.068327 0.037868 0.049481 0.058883 0.108161 0.080611
0.034166 0.048341 0.099076 0.000000 0.085895 0.021859 0.043065 0.071029 0.098055 0.070481
0.074109 0.038920 0.118189 0.000000 0.095851 0.003060 0.049202 0.086729 0.077384 0.061848
0.056304 0.075673 0.104662 0.001417 0.086652 0.022779 0.064627 0.078347 0.053281 0.072476
0.000000 0.103685 0.058099 0.019678 0.063231 0.086779 0.075250 0.043324 0.053860 0.092248
0.000000 0.078338 0.018751 0.032613 0.029594 0.116315 0.080040 0.000000 0.100340 0.091647
0.000000 0.021395 0.025190 0.048845 0.002452 0.055323 0.056158 0.000000 0.157655 0.068268
0.008460 0.000000 0.041600 0.056071 0.000000 0.000000 0.017749 0.000000 0.155556 0.035467
0.028355 0.000000 0.040177 0.045703 0.000000 0.000000 0.000160 0.000000 0.103857 0.014325
0.027106 0.000000 0.028021 0.035694 0.000205 0.000000 0.000000 0.000000 0.057192 0.006950
0.017707 0.000000 0.014878 0.023052 0.000007 0.000000 0.000000 0.000000 0.023035 0.008311
0.008248 0.000000 0.007177 0.007671 0.000000 0.000000 0.000000 0.000000 0.008593 0.006555
0.003494 0.000000 0.001788 0.001483 0.000000 0.000000 0.000000 0.000000 0.001017 0.002434
0.000854 0.000000 0.000092 0.000505 0.000000 0.000058 0.000060 0.000000 0.000000 0.000000
0.000000 0.000000 0.000000 0.000000 0.000000 0.000002 0.000005 0.000000 0.000001 0.000011
0.000000 0.000000 -0.000000 0.000000 0.000000 0.000000 -0.000000 0.000000 -0.000000 0.000000
0.000000 0.000000 -0.000000 0.000000 0.000000 0.000000 -0.000000 0.000000 -0.000000 0.000000
0.000000 0.000000 0.000003 0.000000 0.000000 0.000010 0.000000 0.000012 0.000005 0.000000
0.000000 0.000027 0.000000 0.000000 0.000000 0.000335 0.000000 0.000300 0.005502 0.001077
0.000000 0.001272 0.000000 0.006879 0.000000 0.000000 0.001718 0.000000 0.027230 0.001792
0.000000 0.003470 0.000000 0.047393 0.008848 0.000000 0.008256 0.000000 0.076359 0.010590
0.000000 0.011846 0.000000 0.108948 0.022803 0.000000 0.017406 0.000000 0.115166 0.024568
0.000000 0.024782 0.014765 0.151653 0.025712 0.000000 0.015480 0.000000 0.117268 0.053856
0.000000 0.034848 0.063004 0.146038 0.021922 0.000000 0.007265 0.000000 0.109016 0.092188
0.000000 0.042664 0.108829 0.098883 0.020722 0.000000 0.005179 0.000000 0.104070 0.118861
0.000000 0.048188 0.129294 0.052565 0.022883 0.002932 0.010797 0.000000 0.106691 0.135786
0.000000 0.052172 0.135530 0.024147 0.027826 0.003377 0.015896 0.000000 0.109019 0.139330
0.000000 0.050032 0.138709 0.019022 0.041059 0.000016 0.013929 0.000000 0.106195 0.136311
0.000000 0.041144 0.142750 0.027641 0.067766 0.000000 0.010793 0.000000 0.096529 0.125352
0.000000 0.023479 0.144834 0.042199 0.094209 0.000000 0.026121 0.019431 0.076140 0.098390
0.036937 0.038523 0.127247 0.050768 0.089293 0.000000 0.065770 0.047285 0.053943 0.077853
0.032065 0.094426 0.085490 0.054994 0.059296 0.025635 0.084147 0.035636 0.038290 0.081676
0.000000 0.115330 0.039128 0.063146 0.020393 0.096981 0.077447 0.000000 0.048689 0.098044
0.000000 0.062293 0.018792 0.083367 0.000000 0.120897 0.055605 0.000000 0.092794 0.089675
0.000000 0.000000 0.029083 0.101831 0.000000 0.052081 0.026012 0.000000 0.134572 0.052220
0.017258 0.000000 0.036093 0.098683 0.000000 0.000000 0.001109 0.000000 0.124048 0.024521
0.024043 0.000000 0.030697 0.071451 0.000000 0.000000 0.000000 0.000000 0.076428 0.009370
0.020092 0.000000 0.019531 0.046944 0.000000 0.000000 0.000000 0.000000 0.038664 0.004042
0.013083 0.000000 0.009402 0.026633 0.000805 0.000000 0.000000 0.000000 0.014307 0.004499
0.006554 0.000000 0.004552 0.011060 0.000271 0.000000 0.000000 0.000000 0.004394 0.002851
0.002483 0.000000 0.000965 0.001514 0.000000 0.000000 0.000000 0.000000 0.000169 0.000549
0.000296 0.000000 0.000033 0.000381 0.000098 0.000238 0.000192 0.000000 0.000000 0.000063
0.000000 0.000000 0.000000 0.000000 0.000000 0.000003 0.000009 0.000000 0.000001 0.000020
0.000000 0.000000 -0.000000 0.000000 0.000000 0.000000 -0.000000 0.000000 -0.000000 0.000000
0.000000 0.000000 -0.000000 0.000000 0.000000 0.000000 -0.000000 0.000000 -0.000000 0.000000
0.000001 0.000000 0.000000 0.000004 0.000000 0.000001 0.000000 0.000001 0.000000 0.000001
0.000109 0.000000 0.000000 0.000982 0.000000 0.000097 0.000000 0.000442 0.001838 0.000507
0.002172 0.000000 0.000000 0.012869 0.000000 0.000000 0.000349 0.001234 0.010895 0.001942
0.001585 0.000000 0.000000 0.060609 0.000000 0.000000 0.000041 0.000000 0.034953 0.012825
0.000000 0.000000 0.000000 0.129753 0.000000 0.000000 0.001350 0.000000 0.053551 0.026806
0.000000 0.000000 0.000761 0.190409 0.000000 0.000000 0.000000 0.005896 0.054210 0.042731
0.000000 0.000908 0.024194 0.218039 0.000000 0.000000 0.000000 0.000000 0.048470 0.060014
0.000000 0.006817 0.048272 0.218785 0.000000 0.000000 0.000000 0.000000 0.045563 0.068629
0.000000 0.014295 0.061759 0.210996 0.000000 0.000000 0.000000 0.000000 0.040234 0.069301
0.000000 0.016904 0.070328 0.203108 0.020293 0.000000 0.000000 0.000000 0.032823 0.065108
0.000000 0.011918 0.080570 0.192401 0.060063 0.000000 0.000000 0.000000 0.023688 0.057661
0.000000 0.000000 0.096413 0.173970 0.112948 0.000000 0.000000 0.000000 0.015455 0.047256
0.034400 0.000000 0.103489 0.148785 0.116685 0.000000 0.046716 0.042711 0.005691 0.032396
0.062811 0.036914 0.082750 0.115501 0.067788 0.000000 0.107150 0.048303 0.001954 0.038921
0.035139 0.132045 0.034630 0.091128 0.010900 0.027638 0.103887 0.006332 0.002303 0.066583
0.000000 0.136765 0.000000 0.086957 0.000000 0.126739 0.062920 0.000000 0.017481 0.078549
0.000000 0.046771 0.000000 0.103585 0.000000 0.154355 0.025288 0.000000 0.060872 0.055280
0.000000 0.000000 0.003424 0.110948 0.000000 0.074373 0.005922 0.000000 0.100445 0.018024
0.015134 0.000000 0.015255 0.096592 0.000000 0.000000 0.000000 0.000000 0.092839 0.003633
0.018514 0.000000 0.012928 0.063662 0.000000 0.000000 0.000000 0.000000 0.054499 0.000000
0.013248 0.000000 0.007009 0.038555 0.000000 0.000000 0.000000 0.000000 0.022665 0.000000
0.008693 0.000000 0.003406 0.019401 0.000782 0.000000 0.000000 0.000000 0.006311 0.000030
0.003833 0.000000 0.001153 0.007313 0.000000 0.000000 0.000000 0.000000 0.000644 0.000620
0.000055 0.000000 0.000156 0.000539 0.000335 0.000063 0.000126 0.000000 0.000018 0.000000
0.000000 0.000000 0.000000 0.000000 0.000019 0.000153 0.000183 0.000000 0.000000 0.000305
0.000000 0.000000 0.000000 0.000000 0.000000 0.000003 0.000009 0.000000 0.000001 0.000020
0.000000 0.000000 -0.000000 0.000000 0.000000 0.000000 -0.000000 0.000000 -0.000000 0.000000
0.000000 0.000000 -0.000000 0.000000 0.000000 0.000000 -0.000000 0.000000 -0.000000 0.000000
0.000058 0.000000 0.000000 0.000196 0.000000 0.000060 0.000000 0.000034 0.000000 0.000046
0.000618 0.000000 0.000000 0.001697 0.000000 0.000421 0.000000 0.000592 0.000261 0.000391
0.002663 0.000000 0.000000 0.012773 0.000000 0.000614 0.000000 0.002928 0.001462 0.001869
0.004956 0.000000 0.000000 0.047825 0.000000 0.001155 0.000000 0.003420 0.005574 0.007705
0.008948 0.000000 0.000000 0.094796 0.000000 0.000000 0.000000 0.007039 0.009638 0.014561
0.009308 0.000000 0.000000 0.143792 0.000000 0.000000 0.000000 0.010441 0.008649 0.016440
0.009366 0.000000 0.000000 0.174008 0.000000 0.000000 0.000000 0.005803 0.002034 0.015988
0.012941 0.000000 0.000000 0.189933 0.000000 0.003603 0.000000 0.000000 0.000000 0.008377
0.015947 0.000000 0.000256 0.191321 0.008368 0.005641 0.000000 0.000000 0.000000 0.001781
0.022167 0.000000 0.007687 0.183689 0.050376 0.004314 0.000000 0.000000 0.000000 0.000000
0.031065 0.000000 0.025797 0.167488 0.118246 0.000000 0.000000 0.004111 0.000000 0.000000
0.041842 0.000000 0.050638 0.144392 0.157786 0.000000 0.005160 0.046923 0.000000 0.000000
0.062272 0.000000 0.057426 0.116771 0.103401 0.000000 0.106482 0.078692 0.000000 0.000000
0.073313 0.062614 0.029764 0.092209 0.016746 0.000000 0.154015 0.046476 0.000000 0.018156
0.029483 0.174638 0.000000 0.069017 0.000000 0.030013 0.096407 0.000000 0.000000 0.061164
0.000000 0.145270 0.000000 0.057379 0.000000 0.147714 0.025066 0.000000 0.000000 0.067182
0.000000 0.025926 0.000000 0.061761 0.000000 0.179856 0.003102 0.000000 0.041765 0.034057
0.001475 0.000000 0.000000 0.068847 0.000000 0.088190 0.000000 0.002122 0.087167 0.005509
0.012617 0.000000 0.008371 0.056967 0.000000 0.002235 0.000000 0.006727 0.088780 0.000000
0.014719 0.000000 0.007192 0.037029 0.000000 0.000000 0.000000 0.005332 0.053490 0.000000
0.010134 0.000000 0.002792 0.021531 0.000000 0.000000 0.000000 0.003471 0.021354 0.000000
0.006187 0.000000 0.000381 0.010010 0.000000 0.000000 0.000000 0.000837 0.006305 0.000000
0.002025 0.000000 0.000151 0.002559 0.000039 0.000000 0.000000 0.000000 0.000963 0.000000
0.000000 0.000000 0.000132 0.000087 0.000220 0.000000 0.000067 0.000000 0.000001 0.000000
0.000000 0.000000 0.000000 0.000000 0.000000 0.000021 0.000060 0.000000 0.000005 0.000132
0.000000 0.000000 0.000000 0.000000 0.000000 0.000001 0.000003 0.000000 0.000000 0.000007
0.000000 0.000000 -0.000000 0.000000 0.000000 0.000000 -0.000000 0.000000 -0.000000 0.000000
0.000000 0.000000 -0.000000 0.000000 0.000000 0.000000 -0.000000 0.000000 -0.000000 0.000000
0.000136 0.000000 0.000000 0.000459 0.000000 0.000140 0.000000 0.000079 0.000000 0.000107
0.001318 0.000000 0.000000 0.001821 0.000000 0.000370 0.000000 0.000365 0.000395 0.000000
0.001628 0.000000 0.000000 0.008401 0.000000 0.000972 0.000000 0.001383 0.000368 0.001223
0.003872 0.000000 0.000000 0.026430 0.000000 0.002806 0.000000 0.003930 0.000000 0.001654
0.006735 0.000000 0.000000 0.044824 0.000000 0.003778 0.000000 0.007610 0.000000 0.003110
0.009042 0.000000 0.000000 0.060098 0.000000 0.003066 0.000000 0.009021 0.000000 0.003945
0.012164 0.000000 0.000000 0.070344 0.000000 0.004235 0.000000 0.007220 0.000000 0.000995
0.014374 0.000000 0.000000 0.074254 0.006587 0.006609 0.000000 0.002734 0.000000 0.000000
0.020389 0.000000 0.000000 0.073297 0.034728 0.004400 0.000000 0.001801 0.000000 0.000000
0.026689 0.000000 0.004622 0.066318 0.097761 0.000000 0.000000 0.005442 0.000000 0.000000
0.031751 0.000000 0.026969 0.061406 0.163333 0.000000 0.000000 0.032514 0.000000 0.000000
0.039448 0.000000 0.045551 0.058233 0.145897 0.000000 0.050725 0.078643 0.000000 0.000000
0.055581 0.000000 0.036507 0.058093 0.048398 0.000000 0.161266 0.082748 0.000000 0.000000
0.058227 0.104623 0.007020 0.049259 0.000000 0.000000 0.159017 0.029997 0.000000 0.023425
0.017933 0.202866 0.000000 0.035263 0.000000 0.024342 0.052359 0.000000 0.000000 0.066114
0.000000 0.134844 0.000000 0.021603 0.000000 0.154709 0.000000 0.000000 0.000000 0.062076
0.000000 0.008308 0.000000 0.026021 0.000000 0.188689 0.000000 0.000000 0.034222 0.024929
0.000070 0.000000 0.000000 0.035735 0.000000 0.092044 0.000000 0.004329 0.083818 0.001123
0.007504 0.000000 0.007909 0.030544 0.000000 0.006279 0.000000 0.008994 0.090018 0.000000
0.008945 0.000000 0.006562 0.019811 0.000000 0.000000 0.000000 0.005810 0.059338 0.000000
0.006078 0.000000 0.002461 0.009030 0.000000 0.000000 0.000000 0.002824 0.025841 0.000000
0.002800 0.000000 0.000420 0.003694 0.000000 0.000000 0.000000 0.000353 0.009473 0.000000
0.000472 0.000000 0.000083 0.000768 0.000000 0.000000 0.000000 0.000000 0.001937 0.000000
0.000000 0.000000 0.000104 0.000000 0.000128 0.000000 0.000055 0.000000 0.000062 0.000000
0.000000 0.000000 -0.000000 0.000000 0.000000 0.000000 -0.000000 0.000000 -0.000000 0.000000
0.000000 0.000000 -0.000000 0.000000 0.000000 0.000000 -0.000000 0.000000 -0.000000 0.000000
0.000000 0.000000 -0.000000 0.000000 0.000000 0.000000 -0.000000 0.000000 -0.000000 0.000000
0.000000 0.000000 -0.000000 0.000000 0.000000 0.000000 -0.000000 0.000000 -0.000000 0.000000
0.000079 0.000000 0.000000 0.000267 0.000000 0.000082 0.000000 0.000046 0.000000 0.000062
0.000885 0.000000 0.000000 0.000970 0.000000 0.000392 0.000005 0.000264 0.000023 0.000000
0.001792 0.000000 0.000000 0.003241 0.000000 0.000145 0.000000 0.000181 0.000746 0.000477
0.002764 0.000000 0.000000 0.008563 0.000000 0.001163 0.000000 0.002126 0.000615 0.000284
0.005265 0.000000 0.000000 0.015471 0.000000 0.001893 0.000000 0.003657 0.000000 0.000153
0.006733 0.000000 0.000000 0.017541 0.000000 0.002108 0.000000 0.004461 0.000000 0.000000
0.008977 0.000000 0.000000 0.018921 0.004923 0.000531 0.000000 0.003803 0.000000 0.000020
0.013218 0.000000 0.000649 0.018230 0.024288 0.000000 0.000000 0.001366 0.000000 0.000855
0.016576 0.000000 0.005966 0.016629 0.071955 0.000000 0.000000 0.002438 0.000000 0.000000
0.021093 0.000000 0.017513 0.015208 0.140595 0.000000 0.000000 0.013721 0.000000 0.000000
0.023157 0.000000 0.036027 0.020156 0.169844 0.000000 0.000000 0.052053 0.000000 0.000000
0.026261 0.000000 0.041785 0.024071 0.095499 0.000000 0.105828 0.085529 0.000000 0.000000
0.041593 0.000000 0.021459 0.031733 0.000000 0.000000 0.192279 0.066953 0.000000 0.000000
0.039722 0.141062 0.000236 0.031755 0.000000 0.000000 0.128247 0.011377 0.000000 0.028215
0.013274 0.210396 0.000000 0.018349 0.000000 0.021592 0.008597 0.000000 0.000000 0.063774
0.000000 0.114673 0.000000 0.006429 0.000000 0.157288 0.000000 0.000000 0.000000 0.056543
0.000000 0.000000 0.000000 0.012477 0.000000 0.188830 0.000000 0.000000 0.026113 0.022532
0.005250 0.000000 0.002222 0.023703 0.000000 0.096739 0.000000 0.005458 0.076076 0.000000
0.008702 0.000000 0.010236 0.020982 0.000000 0.010650 0.000000 0.008357 0.089909 0.000000
0.008769 0.000000 0.008009 0.012979 0.000000 0.000000 0.000000 0.005590 0.065787 0.000000
0.004779 0.000000 0.004045 0.005145 0.000000 0.000000 0.000000 0.002872 0.032928 0.000000
0.002462 0.000000 0.001042 0.001867 0.000000 0.000000 0.000000 0.000545 0.014271 0.000000
0.000572 0.000000 0.000235 0.000529 0.000000 0.000000 0.000000 0.000000 0.002955 0.000000
0.000399 0.000009 0.000084 0.000000 0.000124 0.000107 0.000000 0.000000 0.000000 0.000000
0.000000 0.000000 -0.000000 0.000000 0.000000 0.000000 -0.000000 0.000000 -0.000000 0.000000
0.000000 0.000000 -0.000000 0.000000 0.000000 0.000000 -0.000000 0.000000 -0.000000 0.000000
0.000000 0.000000 -0.000000 0.000000 0.000000 0.000000 -0.000000 0.000000 -0.000000 0.000000
0.000000 0.000000 -0.000000 0.000000 0.000000 0.000000 -0.000000 0.000000 -0.000000 0.000000
0.000002 0.000000 0.000000 0.000006 0.000000 0.000002 0.000000 0.000001 0.000000 0.000001
0.000225 0.000000 0.000000 0.000252 0.000000 0.000003 0.000000 0.000093 0.000000 0.000000
0.000833 0.000000 0.000000 0.000933 0.000000 0.000000 0.000000 0.000085 0.000280 0.000000
0.003058 0.000000 0.000000 0.002757 0.000000 0.000270 0.000000 0.000671 0.000947 0.000000
0.003358 0.000000 0.000000 0.003893 0.000087 0.000368 0.000000 0.001153 0.000701 0.000000
0.004658 0.000000 0.000000 0.004738 0.003754 0.000000 0.000000 0.001574 0.000861 0.000303
0.006608 0.000000 0.000690 0.005084 0.016988 0.000000 0.000000 0.000000 0.000213 0.002050
0.009584 0.000000 0.004627 0.003751 0.051911 0.000000 0.000000 0.000000 0.000000 0.002178
0.014442 0.000000 0.011446 0.000720 0.112300 0.000000 0.000000 0.005744 0.000000 0.000000
0.017185 0.000000 0.024054 0.003098 0.164056 0.000000 0.000000 0.029714 0.000000 0.000000
0.015531 0.000000 0.035263 0.011243 0.136051 0.000000 0.039415 0.072418 0.000000 0.000000
0.016824 0.000000 0.030621 0.016821 0.034776 0.000000 0.152665 0.083283 0.000000 0.000000
0.026547 0.027804 0.011166 0.025943 0.000000 0.000000 0.189363 0.049288 0.000000 0.000000
0.025519 0.165342 0.000000 0.022680 0.000000 0.000000 0.085048 0.001987 0.000000 0.029939
0.014336 0.201033 0.000000 0.010371 0.000000 0.019877 0.000000 0.000000 0.000000 0.059987
0.010475 0.097823 0.000000 0.000000 0.000000 0.152557 0.000000 0.000000 0.000000 0.053479
0.008446 0.000000 0.000000 0.006189 0.000000 0.186799 0.000000 0.000000 0.014310 0.020045
0.010289 0.000000 0.002736 0.016165 0.000000 0.106661 0.000000 0.005704 0.066053 0.000000
0.009566 0.000000 0.011056 0.019488 0.000000 0.019862 0.000000 0.007360 0.085718 0.000000
0.008677 0.000000 0.009078 0.012185 0.000000 0.000000 0.000000 0.005879 0.066312 0.000000
0.006298 0.000000 0.004299 0.005857 0.000000 0.000000 0.000000 0.003719 0.035942 0.000000
0.002128 0.000000 0.001321 0.001820 0.000000 0.000000 0.000000 0.000207 0.015564 0.000000
0.000500 0.000000 0.000410 0.000071 0.000000 0.000000 0.000000 0.000000 0.003490 0.000000
0.000420 0.000019 0.000096 0.000000 0.000146 0.000102 0.000000 0.000000 0.000027 0.000000
0.000000 0.000000 -0.000000 0.000000 0.000000 0.000000 -0.000000 0.000000 -0.000000 0.000000
0.000000 0.000000 -0.000000 0.000000 0.000000 0.000000 -0.000000 0.000000 -0.000000 0.000000
0.000000 0.000000 -0.000000 0.000000 0.000000 0.000000 -0.000000 0.000000 -0.000000 0.000000
0.000000 0.000000 -0.000000 0.000000 0.000000 0.000000 -0.000000 0.000000 -0.000000 0.000000
0.000000 0.000000 -0.000000 0.000000 0.000000 0.000000 -0.000000 0.000000 -0.000000 0.000000
0.000000 0.000000 -0.000000 0.000000 0.000000 0.000000 -0.000000 0.000000 -0.000000 0.000000
0.000000 0.000000 -0.000000 0.000000 0.000000 0.000000 -0.000000 0.000000 -0.000000 0.000000
0.000393 0.000000 0.000000 0.000481 0.000129 0.000113 0.000000 0.000246 0.000000 0.000015
0.001136 0.000000 0.000000 0.000980 0.002218 0.000015 0.000000 0.000580 0.000131 0.000155
0.002878 0.000000 0.000957 0.000711 0.010260 0.000000 0.000000 0.000000 0.000565 0.001679
0.005200 0.000000 0.002434 0.000089 0.032550 0.000000 0.000000 0.000000 0.000000 0.002750
0.007886 0.000000 0.005809 0.000000 0.077956 0.000000 0.000000 0.000000 0.000000 0.003186
0.013926 0.000000 0.014374 0.000000 0.137673 0.000000 0.000000 0.014401 0.000000 0.000000
0.014808 0.000000 0.023755 0.000501 0.151456 0.000000 0.000000 0.047257 0.000000 0.000000
0.010187 0.000000 0.028700 0.007020 0.082847 0.000000 0.084141 0.078899 0.000000 0.000000
0.011307 0.000000 0.021105 0.010969 0.000000 0.000000 0.171987 0.075938 0.000000 0.000000
0.017631 0.056357 0.006668 0.019657 0.000000 0.000000 0.163031 0.035363 0.001351 0.000000
0.015677 0.172571 0.003862 0.014822 0.000000 0.000000 0.052056 0.000000 0.000000 0.030092
0.011983 0.186058 0.000000 0.002959 0.000000 0.019391 0.000000 0.000000 0.000000 0.056670
0.015518 0.088931 0.000000 0.000000 0.000000 0.140281 0.000000 0.000000 0.000000 0.050884
0.016154 0.000000 0.000000 0.000000 0.000000 0.179819 0.000000 0.000000 0.004345 0.015673
0.013726 0.000000 0.003848 0.006221 0.000000 0.115164 0.000000 0.004874 0.054768 0.000000
0.010399 0.000000 0.012457 0.010367 0.000000 0.031768 0.000000 0.007202 0.079769 0.000000
0.008736 0.000000 0.009878 0.009485 0.000000 0.000000 0.000000 0.005880 0.063823 0.000000
0.005714 0.000000 0.004797 0.006429 0.000000 0.000000 0.000000 0.004271 0.036155 0.000000
0.001773 0.000000 0.001700 0.002272 0.000000 0.000000 0.000000 0.000735 0.016652 0.000000
0.000206 0.000000 0.000690 0.000000 0.000000 0.000000 0.000000 0.000204 0.004075 0.000069
0.000000 0.000000 0.000136 0.000000 0.000120 0.000000 0.000000 0.000000 0.000342 0.000000
0.000000 0.000000 -0.000000 0.000000 0.000000 0.000000 -0.000000 0.000000 -0.000000 0.000000
0.000000 0.000000 -0.000000 0.000000 0.000000 0.000000 -0.000000 0.000000 -0.000000 0.000000
0.000000 0.000000 -0.000000 0.000000 0.000000 0.000000 -0.000000 0.000000 -0.000000 0.000000
0.000000 0.000000 -0.000000 0.000000 0.000000 0.000000 -0.000000 0.000000 -0.000000 0.000000
0.000000 0.000000 -0.000000 0.000000 0.000000 0.000000 -0.000000 0.000000 -0.000000 0.000000
0.000000 0.000000 -0.000000 0.000000 0.000000 0.000000 -0.000000 0.000000 -0.000000 0.000000
0.000000 0.000000 -0.000000 0.000000 0.000000 0.000000 -0.000000 0.000000 -0.000000 0.000000
0.000254 0.000000 0.000059 0.000073 0.000338 0.000000 0.000000 0.000221 0.000028 0.000116
0.000836 0.000000 0.000325 0.000000 0.004276 0.000000 0.000000 0.000283 0.000000 0.000844
0.002753 0.000000 0.001022 0.000000 0.016471 0.000000 0.000000 0.000000 0.000000 0.002263
0.005713 0.000094 0.002157 0.000000 0.042276 0.000000 0.000000 0.000000 0.000000 0.003653
0.007883 0.000000 0.003824 0.000000 0.089941 0.000000 0.000000 0.001295 0.000000 0.004228
0.012690 0.000000 0.011162 0.000000 0.130787 0.000000 0.000000 0.023545 0.000000 0.000000
0.013057 0.000000 0.016825 0.000000 0.116786 0.000000 0.023840 0.055218 0.000000 0.000000
0.007805 0.000000 0.015241 0.000000 0.037048 0.000000 0.109851 0.075168 0.000000 0.000000
0.008625 0.000000 0.010457 0.000013 0.000000 0.000000 0.164486 0.062188 0.000000 0.000000
0.013203 0.068313 0.005658 0.009122 0.000000 0.000000 0.128050 0.030571 0.000199 0.000000
0.007740 0.160841 0.003833 0.003366 0.000000 0.000000 0.033192 0.000000 0.000000 0.025671
0.010098 0.165305 0.002318 0.000000 0.000000 0.015060 0.000000 0.000000 0.000000 0.047829
0.015218 0.083628 0.000000 0.000000 0.000000 0.116463 0.000000 0.000000 0.000000 0.042019
0.018965 0.002376 0.000000 0.000000 0.000000 0.161612 0.000000 0.000000 0.000000 0.013414
0.015332 0.000000 0.001727 0.000000 0.000000 0.115806 0.000000 0.003381 0.035701 0.000000
0.010474 0.000000 0.009940 0.003570 0.000000 0.039261 0.000000 0.006887 0.065538 0.000000
0.007781 0.000000 0.008669 0.005766 0.000000 0.000000 0.000000 0.006610 0.055091 0.000000
0.005055 0.000000 0.004285 0.003324 0.000000 0.000000 0.000000 0.004426 0.031764 0.000000
0.002043 0.000000 0.001627 0.001433 0.000000 0.000000 0.000000 0.002367 0.013606 0.000000
0.000963 0.000000 0.000275 0.000037 0.000000 0.000000 0.000000 0.001098 0.003770 0.000000
0.000000 0.000000 0.000094 0.000000 0.000000 0.000000 0.000000 0.000098 0.000404 0.000000
0.000000 0.000000 -0.000000 0.000000 0.000000 0.000000 -0.000000 0.000000 -0.000000 0.000000
0.000000 0.000000 -0.000000 0.000000 0.000000 0.000000 -0.000000 0.000000 -0.000000 0.000000
0.000000 0.000000 -0.000000 0.000000 0.000000 0.000000 -0.000000 0.000000 -0.000000 0.000000
0.000000 0.000000 -0.000000 0.000000 0.000000 0.000000 -0.000000 0.000000 -0.000000 0.000000
0.000000 0.000000 -0.000000 0.000000 0.000000 0.000000 -0.000000 0.000000 -0.000000 0.000000
0.000000 0.000000 -0.000000 0.000000 0.000000 0.000000 -0.000000 0.000000 -0.000000 0.000000
0.000000 0.000000 -0.000000 0.000000 0.000000 0.000000 -0.000000 0.000000 -0.000000 0.000000
0.000079 0.000004 0.000026 0.000000 0.000738 0.000000 0.000000 0.000028 0.000000 0.000287
0.001035 0.000000 0.000000 0.000000 0.004636 0.000000 0.000000 0.000366 0.000000 0.001167
0.001423 0.000517 0.000000 0.000000 0.014497 0.000070 0.000000 0.000000 0.000000 0.002375
0.003485 0.001346 0.000000 0.000000 0.038131 0.000417 0.000000 0.000000 0.000000 0.003588
0.006240 0.000000 0.000823 0.000000 0.069554 0.000575 0.000000 0.001868 0.000000 0.003821
0.008902 0.000000 0.001603 0.000000 0.093260 0.001897 0.000000 0.018088 0.000000 0.000000
0.012741 0.000000 0.001148 0.000000 0.069684 0.002763 0.041041 0.041363 0.000000 0.000000
0.008489 0.000000 0.000000 0.000000 0.009426 0.001213 0.097272 0.052647 0.000000 0.000000
0.008761 0.000000 0.000000 0.000000 0.000000 0.000000 0.118510 0.043315 0.000000 0.000000
0.012203 0.055265 0.000000 0.000000 0.000000 0.000000 0.084722 0.025109 0.000000 0.000000
0.006988 0.115320 0.000000 0.000000 0.000000 0.000000 0.018132 0.005208 0.000000 0.012429
0.014145 0.114784 0.000000 0.000000 0.000000 0.013661 0.000000 0.000000 0.000000 0.024271
0.014545 0.060865 0.000000 0.000000 0.000000 0.073936 0.000000 0.000000 0.000000 0.019811
0.019315 0.005987 0.000000 0.000000 0.000000 0.105826 0.000000 0.001910 0.000000 0.003306
0.012706 0.000000 0.000360 0.000000 0.000000 0.077027 0.000133 0.005367 0.015691 0.000000
0.008166 0.000000 0.006923 0.000000 0.000000 0.023887 0.000000 0.005646 0.037302 0.000000
0.005755 0.000000 0.005985 0.000751 0.000000 0.000000 0.000000 0.005723 0.033868 0.000000
0.003918 0.000000 0.002388 0.000731 0.000000 0.000000 0.000000 0.003577 0.018621 0.000000
0.001568 0.000000 0.000741 0.000366 0.000000 0.000000 0.000000 0.001652 0.007127 0.000000
0.000385 0.000000 0.000076 0.000000 0.000000 0.000000 0.000000 0.000378 0.001163 0.000000
0.000028 0.000000 0.000000 0.000000 0.000052 0.000000 0.000007 0.000049 0.000184 0.000000
0.000000 0.000000 -0.000000 0.000000 0.000000 0.000000 -0.000000 0.000000 -0.000000 0.000000
0.000000 0.000000 -0.000000 0.000000 0.000000 0.000000 -0.000000 0.000000 -0.000000 0.000000
0.000000 0.000000 -0.000000 0.000000 0.000000 0.000000 -0.000000 0.000000 -0.000000 0.000000
0.000000 0.000000 -0.000000 0.000000 0.000000 0.000000 -0.000000 0.000000 -0.000000 0.000000
0.000000 0.000000 -0.000000 0.000000 0.000000 0.000000 -0.000000 0.000000 -0.000000 0.000000
0.000000 0.000000 -0.000000 0.000000 0.000000 0.000000 -0.000000 0.000000 -0.000000 0.000000
0.000000 0.000000 -0.000000 0.000000 0.000000 0.000000 -0.000000 0.000000 -0.000000 0.000000
0.000000 0.000011 0.000000 0.000000 0.000097 0.000001 0.000000 0.000000 0.000003 0.000065
0.000089 0.000214 0.000000 0.000000 0.002075 0.000213 0.000000 0.000000 0.000049 0.000889
0.000035 0.000411 0.000000 0.000000 0.004515 0.000400 0.000000 0.000000 0.000000 0.001440
0.001422 0.000514 0.000000 0.000000 0.012622 0.000542 0.000000 0.000000 0.000000 0.001447
0.003193 0.000000 0.000000 0.000000 0.024262 0.001510 0.000000 0.000338 0.000000 0.000565
0.005246 0.000000 0.000000 0.000000 0.029558 0.003805 0.006609 0.005361 0.000000 0.000000
0.006216 0.000000 0.000000 0.000000 0.016808 0.004485 0.018847 0.008488 0.000000 0.000000
0.005170 0.000000 0.000000 0.000000 0.000000 0.004007 0.030836 0.013687 0.000000 0.000000
0.003902 0.002214 0.000000 0.000000 0.000000 0.001120 0.036316 0.012998 0.000000 0.000000
0.006024 0.017840 0.000000 0.000000 0.000000 0.000000 0.025060 0.008992 0.000000 0.000000
0.010027 0.033764 0.000000 0.000000 0.000000 0.000000 0.004886 0.006315 0.000000 0.000000
0.007171 0.034204 0.000000 0.000000 0.001446 0.003442 0.000000 0.002963 0.000000 0.000041
0.007514 0.018070 0.000000 0.000000 0.001920 0.016861 0.000000 0.002394 0.000000 0.000000
0.007749 0.004009 0.000000 0.000000 0.000700 0.022867 0.000000 0.003229 0.000000 0.000000
0.004979 0.000000 0.000000 0.000000 0.000000 0.016575 0.000163 0.002811 0.001022 0.000000
0.003925 0.000000 0.000000 0.000000 0.000000 0.005448 0.000000 0.001501 0.003761 0.000000
0.002492 0.000000 0.000000 0.000000 0.000000 0.000878 0.000000 0.001734 0.003721 0.000000
0.001796 0.000000 0.000000 0.000000 0.000000 0.000000 0.000000 0.001112 0.003268 0.000052
0.000882 0.000000 0.000000 0.000023 0.000000 0.000000 0.000000 0.000629 0.001069 0.000000
0.000049 0.000000 0.000000 0.000011 0.000012 0.000000 0.000000 0.000054 0.000000 0.000000
0.000000 0.000000 -0.000000 0.000000 0.000000 0.000000 -0.000000 0.000000 -0.000000 0.000000
0.000000 0.000000 -0.000000 0.000000 0.000000 0.000000 -0.000000 0.000000 -0.000000 0.000000
0.000000 0.000000 -0.000000 0.000000 0.000000 0.000000 -0.000000 0.000000 -0.000000 0.000000
0.000000 0.000000 -0.000000 0.000000 0.000000 0.000000 -0.000000 0.000000 -0.000000 0.000000
0.000000 0.000000 -0.000000 0.000000 0.000000 0.000000 -0.000000 0.000000 -0.000000 0.000000
0.000000 0.000000 -0.000000 0.000000 0.000000 0.000000 -0.000000 0.000000 -0.000000 0.000000
0.000000 0.000000 -0.000000 0.000000 0.000000 0.000000 -0.000000 0.000000 -0.000000 0.000000
0.000000 0.000000 -0.000000 0.000000 0.000000 0.000000 -0.000000 0.000000 -0.000000 0.000000
0.000000 0.000000 -0.000000 0.000000 0.000000 0.000000 -0.000000 0.000000 -0.000000 0.000000
0.000000 0.000000 -0.000000 0.000000 0.000000 0.000000 -0.000000 0.000000 -0.000000 0.000000
0.000000 0.000007 0.000008 0.000001 0.000049 0.000003 0.000000 0.000000 0.000000 0.000000
0.000244 0.000035 0.000109 0.000000 0.000887 0.000013 0.000000 0.000000 0.000000 0.000000
0.000197 0.000033 0.000045 0.000000 0.001322 0.000137 0.000173 0.000000 0.000000 0.000000
0.001161 0.000000 0.000000 0.000000 0.001844 0.000584 0.001001 0.000481 0.000000 0.000000
0.000622 0.000000 0.000000 0.000000 0.000803 0.000613 0.001709 0.000000 0.000000 0.000000
0.000254 0.000044 0.000000 0.000000 0.000000 0.000690 0.002466 0.000249 0.000000 0.000000
0.000779 0.000436 0.000000 0.000000 0.000000 0.000506 0.001904 0.000359 0.000000 0.000000
0.001298 0.000936 0.000000 0.000000 0.000065 0.000007 0.000835 0.000586 0.000000 0.000000
0.000564 0.000807 0.000000 0.000000 0.000017 0.000000 0.000205 0.000000 0.000000 0.000162
0.000618 0.000860 0.000000 0.000000 0.000171 0.000000 0.000000 0.000048 0.000025 0.000000
0.000726 0.001129 0.000000 0.000000 0.000320 0.000174 0.000000 0.000159 0.000000 0.000000
0.000897 0.000672 0.000000 0.000000 0.000285 0.000599 0.000000 0.000082 0.000000 0.000000
0.000473 0.000000 0.000000 0.000000 0.000057 0.000572 0.000040 0.000132 0.000000 0.000000
0.000137 0.000000 0.000000 0.000000 0.000009 0.000104 0.000014 0.000014 0.000000 0.000000
0.000000 0.000000 -0.000000 0.000000 0.000000 0.000000 -0.000000 0.000000 -0.000000 0.000000
0.000000 0.000000 0.000000 0.000052 0.000040 0.000020 0.000055 0.000000 0.000000 0.000000
0.000000 0.000000 0.000000 0.000113 0.000089 0.000045 0.000121 0.000000 0.000000 0.000000
0.000000 0.000000 0.000000 0.000003 0.000002 0.000001 0.000003 0.000000 0.000000 0.000000
0.000000 0.000000 -0.000000 0.000000 0.000000 0.000000 -0.000000 0.000000 -0.000000 0.000000
0.000000 0.000000 -0.000000 0.000000 0.000000 0.000000 -0.000000 0.000000 -0.000000 0.000000
0.000000 0.000000 -0.000000 0.000000 0.000000 0.000000 -0.000000 0.000000 -0.000000 0.000000
0.000000 0.000000 -0.000000 0.000000 0.000000 0.000000 -0.000000 0.000000 -0.000000 0.000000
0.000000 0.000000 -0.000000 0.000000 0.000000 0.000000 -0.000000 0.000000 -0.000000 0.000000
0.000000 0.000000 -0.000000 0.000000 0.000000 0.000000 -0.000000 0.000000 -0.000000 0.000000
0.000000 0.000000 -0.000000 0.000000 0.000000 0.000000 -0.000000 0.000000 -0.000000 0.000000
0.000000 0.000000 -0.000000 0.000000 0.000000 0.000000 -0.000000 0.000000 -0.000000 0.000000
0.000000 0.000000 -0.000000 0.000000 0.000000 0.000000 -0.000000 0.000000 -0.000000 0.000000
0.000000 0.000000 -0.000000 0.000000 0.000000 0.000000 -0.000000 0.000000 -0.000000 0.000000
0.000000 0.000000 -0.000000 0.000000 0.000000 0.000000 -0.000000 0.000000 -0.000000 0.000000
0.000000 0.000000 -0.000000 0.000000 0.000000 0.000000 -0.000000 0.000000 -0.000000 0.000000
0.000000 0.000000 -0.000000 0.000000 0.000000 0.000000 -0.000000 0.000000 -0.000000 0.000000
0.000000 0.000000 -0.000000 0.000000 0.000000 0.000000 -0.000000 0.000000 -0.000000 0.000000
0.000000 0.000000 -0.000000 0.000000 0.000000 0.000000 -0.000000 0.000000 -0.000000 0.000000
0.000000 0.000000 -0.000000 0.000000 0.000000 0.000000 -0.000000 0.000000 -0.000000 0.000000
0.000000 0.000000 -0.000000 0.000000 0.000000 0.000000 -0.000000 0.000000 -0.000000 0.000000
0.000000 0.000000 -0.000000 0.000000 0.000000 0.000000 -0.000000 0.000000 -0.000000 0.000000
0.000000 0.000000 -0.000000 0.000000 0.000000 0.000000 -0.000000 0.000000 -0.000000 0.000000
0.000000 0.000000 -0.000000 0.000000 0.000000 0.000000 -0.000000 0.000000 -0.000000 0.000000
0.000000 0.000000 -0.000000 0.000000 0.000000 0.000000 -0.000000 0.000000 -0.000000 0.000000
0.000000 0.000000 -0.000000 0.000000 0.000000 0.000000 -0.000000 0.000000 -0.000000 0.000000
0.000000 0.000000 -0.000000 0.000000 0.000000 0.000000 -0.000000 0.000000 -0.000000 0.000000
0.000000 0.000000 -0.000000 0.000000 0.000000 0.000000 -0.000000 0.000000 -0.000000 0.000000
0.000000 0.000000 -0.000000 0.000000 0.000000 0.000000 -0.000000 0.000000 -0.000000 0.000000
0.000000 0.000000 -0.000000 0.000000 0.000000 0.000000 -0.000000 0.000000 -0.000000 0.000000
0.000000 0.000000 -0.000000 0.000000 0.000000 0.000000 -0.000000 0.000000 -0.000000 0.000000
0.000000 0.000000 -0.000000 0.000000 0.000000 0.000000 -0.000000 0.000000 -0.000000 0.000000
0.000000 0.000000 -0.000000 0.000000 0.000000 0.000000 -0.000000 0.000000 -0.000000 0.000000
0.000000 0.000000 -0.000000 0.000000 0.000000 0.000000 -0.000000 0.000000 -0.000000 0.000000
0.000000 0.000000 -0.000000 0.000000 0.000000 0.000000 -0.000000 0.000000 -0.000000 0.000000
