0.000000000000000000e+00 -0.000000000000000000e+00 -0.000000000000000000e+00 0.000000000000000000e+00 -0.000000000000000000e+00
0.000000000000000000e+00 -0.000000000000000000e+00 -0.000000000000000000e+00 0.000000000000000000e+00 -0.000000000000000000e+00
0.000000000000000000e+00 -0.000000000000000000e+00 -0.000000000000000000e+00 0.000000000000000000e+00 -0.000000000000000000e+00
0.000000000000000000e+00 -0.000000000000000000e+00 -0.000000000000000000e+00 0.000000000000000000e+00 -0.000000000000000000e+00
0.000000000000000000e+00 -0.000000000000000000e+00 -0.000000000000000000e+00 0.000000000000000000e+00 -0.000000000000000000e+00
0.000000000000000000e+00 -0.000000000000000000e+00 -0.000000000000000000e+00 0.000000000000000000e+00 -0.000000000000000000e+00
0.000000000000000000e+00 -0.000000000000000000e+00 -0.000000000000000000e+00 0.000000000000000000e+00 -0.000000000000000000e+00
0.000000000000000000e+00 -0.000000000000000000e+00 -0.000000000000000000e+00 0.000000000000000000e+00 -0.000000000000000000e+00
0.000000000000000000e+00 -0.000000000000000000e+00 -0.000000000000000000e+00 0.000000000000000000e+00 -0.000000000000000000e+00
0.000000000000000000e+00 -0.000000000000000000e+00 -0.000000000000000000e+00 0.000000000000000000e+00 -0.000000000000000000e+00
0.000000000000000000e+00 -0.000000000000000000e+00 -0.000000000000000000e+00 0.000000000000000000e+00 -0.000000000000000000e+00
0.000000000000000000e+00 -0.000000000000000000e+00 -0.000000000000000000e+00 0.000000000000000000e+00 -0.000000000000000000e+00
0.000000000000000000e+00 -0.000000000000000000e+00 -0.000000000000000000e+00 0.000000000000000000e+00 -0.000000000000000000e+00
0.000000000000000000e+00 -0.000000000000000000e+00 -0.000000000000000000e+00 0.000000000000000000e+00 -0.000000000000000000e+00
0.000000000000000000e+00 -0.000000000000000000e+00 -0.000000000000000000e+00 0.000000000000000000e+00 -0.000000000000000000e+00
0.000000000000000000e+00 -0.000000000000000000e+00 -0.000000000000000000e+00 0.000000000000000000e+00 -0.000000000000000000e+00
0.000000000000000000e+00 -0.000000000000000000e+00 -0.000000000000000000e+00 0.000000000000000000e+00 -0.000000000000000000e+00
0.000000000000000000e+00 -0.000000000000000000e+00 -0.000000000000000000e+00 0.000000000000000000e+00 -0.000000000000000000e+00
0.000000000000000000e+00 -0.000000000000000000e+00 -0.000000000000000000e+00 0.000000000000000000e+00 -0.000000000000000000e+00
0.000000000000000000e+00 -0.000000000000000000e+00 -0.000000000000000000e+00 0.000000000000000000e+00 -0.000000000000000000e+00
0.000000000000000000e+00 -0.000000000000000000e+00 -0.000000000000000000e+00 0.000000000000000000e+00 -0.000000000000000000e+00
0.000000000000000000e+00 -0.000000000000000000e+00 -0.000000000000000000e+00 0.000000000000000000e+00 -0.000000000000000000e+00
0.000000000000000000e+00 -0.000000000000000000e+00 -0.000000000000000000e+00 0.000000000000000000e+00 -0.000000000000000000e+00
0.000000000000000000e+00 -0.000000000000000000e+00 -0.000000000000000000e+00 0.000000000000000000e+00 -0.000000000000000000e+00
0.000000000000000000e+00 -0.000000000000000000e+00 -0.000000000000000000e+00 0.000000000000000000e+00 -0.000000000000000000e+00
0.000000000000000000e+00 -0.000000000000000000e+00 -0.000000000000000000e+00 0.000000000000000000e+00 -0.000000000000000000e+00
0.000000000000000000e+00 -0.000000000000000000e+00 -0.000000000000000000e+00 0.000000000000000000e+00 -0.000000000000000000e+00
0.000000000000000000e+00 -0.000000000000000000e+00 -0.000000000000000000e+00 0.000000000000000000e+00 -0.000000000000000000e+00
0.000000000000000000e+00 -0.000000000000000000e+00 -0.000000000000000000e+00 0.000000000000000000e+00 -0.000000000000000000e+00
0.000000000000000000e+00 -0.000000000000000000e+00 -0.000000000000000000e+00 0.000000000000000000e+00 -0.000000000000000000e+00
0.000000000000000000e+00 -0.000000000000000000e+00 -0.000000000000000000e+00 0.000000000000000000e+00 -0.000000000000000000e+00
0.000000000000000000e+00 -0.000000000000000000e+00 -0.000000000000000000e+00 0.000000000000000000e+00 -0.000000000000000000e+00
0.000000000000000000e+00 -0.000000000000000000e+00 -0.000000000000000000e+00 0.000000000000000000e+00 -0.000000000000000000e+00
0.000000000000000000e+00 -0.000000000000000000e+00 -0.000000000000000000e+00 0.000000000000000000e+00 -0.000000000000000000e+00
0.000000000000000000e+00 -0.000000000000000000e+00 -0.000000000000000000e+00 0.000000000000000000e+00 -0.000000000000000000e+00
0.000000000000000000e+00 -0.000000000000000000e+00 -0.000000000000000000e+00 0.000000000000000000e+00 -0.000000000000000000e+00
0.000000000000000000e+00 -0.000000000000000000e+00 -0.000000000000000000e+00 0.000000000000000000e+00 -0.000000000000000000e+00
0.000000000000000000e+00 -0.000000000000000000e+00 -0.000000000000000000e+00 0.000000000000000000e+00 -0.000000000000000000e+00
0.000000000000000000e+00 -0.000000000000000000e+00 -0.000000000000000000e+00 0.000000000000000000e+00 -0.000000000000000000e+00
0.000000000000000000e+00 -0.000000000000000000e+00 -0.000000000000000000e+00 0.000000000000000000e+00 -0.000000000000000000e+00
0.000000000000000000e+00 -0.000000000000000000e+00 -0.000000000000000000e+00 0.000000000000000000e+00 -0.000000000000000000e+00
0.000000000000000000e+00 -0.000000000000000000e+00 -0.000000000000000000e+00 0.000000000000000000e+00 -0.000000000000000000e+00
0.000000000000000000e+00 -0.000000000000000000e+00 -0.000000000000000000e+00 0.000000000000000000e+00 -0.000000000000000000e+00
0.000000000000000000e+00 -0.000000000000000000e+00 -0.000000000000000000e+00 0.000000000000000000e+00 -0.000000000000000000e+00
0.000000000000000000e+00 -0.000000000000000000e+00 -0.000000000000000000e+00 0.000000000000000000e+00 -0.000000000000000000e+00
0.000000000000000000e+00 -0.000000000000000000e+00 -0.000000000000000000e+00 0.000000000000000000e+00 -0.000000000000000000e+00
0.000000000000000000e+00 -0.000000000000000000e+00 -0.000000000000000000e+00 0.000000000000000000e+00 -0.000000000000000000e+00
0.000000000000000000e+00 -0.000000000000000000e+00 -0.000000000000000000e+00 0.000000000000000000e+00 -0.000000000000000000e+00
0.000000000000000000e+00 -0.000000000000000000e+00 -0.000000000000000000e+00 0.000000000000000000e+00 -0.000000000000000000e+00
0.000000000000000000e+00 -0.000000000000000000e+00 -0.000000000000000000e+00 0.000000000000000000e+00 -0.000000000000000000e+00
0.000000000000000000e+00 -0.000000000000000000e+00 -0.000000000000000000e+00 0.000000000000000000e+00 -0.000000000000000000e+00
0.000000000000000000e+00 -0.000000000000000000e+00 -0.000000000000000000e+00 0.000000000000000000e+00 -0.000000000000000000e+00
0.000000000000000000e+00 -0.000000000000000000e+00 -0.000000000000000000e+00 0.000000000000000000e+00 -0.000000000000000000e+00
0.000000000000000000e+00 -0.000000000000000000e+00 -0.000000000000000000e+00 0.000000000000000000e+00 -0.000000000000000000e+00
0.000000000000000000e+00 -0.000000000000000000e+00 -0.000000000000000000e+00 0.000000000000000000e+00 -0.000000000000000000e+00
0.000000000000000000e+00 -0.000000000000000000e+00 -0.000000000000000000e+00 0.000000000000000000e+00 -0.000000000000000000e+00
0.000000000000000000e+00 -0.000000000000000000e+00 -0.000000000000000000e+00 0.000000000000000000e+00 -0.000000000000000000e+00
0.000000000000000000e+00 -0.000000000000000000e+00 -0.000000000000000000e+00 0.000000000000000000e+00 -0.000000000000000000e+00
0.000000000000000000e+00 -0.000000000000000000e+00 -0.000000000000000000e+00 0.000000000000000000e+00 -0.000000000000000000e+00
0.000000000000000000e+00 -0.000000000000000000e+00 -0.000000000000000000e+00 0.000000000000000000e+00 -0.000000000000000000e+00
0.000000000000000000e+00 -0.000000000000000000e+00 -0.000000000000000000e+00 0.000000000000000000e+00 -0.000000000000000000e+00
0.000000000000000000e+00 -0.000000000000000000e+00 -0.000000000000000000e+00 0.000000000000000000e+00 -0.000000000000000000e+00
0.000000000000000000e+00 -0.000000000000000000e+00 -0.000000000000000000e+00 0.000000000000000000e+00 -0.000000000000000000e+00
0.000000000000000000e+00 -0.000000000000000000e+00 -0.000000000000000000e+00 0.000000000000000000e+00 -0.000000000000000000e+00
0.000000000000000000e+00 -0.000000000000000000e+00 -0.000000000000000000e+00 0.000000000000000000e+00 -0.000000000000000000e+00
0.000000000000000000e+00 -0.000000000000000000e+00 -0.000000000000000000e+00 0.000000000000000000e+00 -0.000000000000000000e+00
0.000000000000000000e+00 -0.000000000000000000e+00 -0.000000000000000000e+00 0.000000000000000000e+00 -0.000000000000000000e+00
0.000000000000000000e+00 -0.000000000000000000e+00 -0.000000000000000000e+00 0.000000000000000000e+00 -0.000000000000000000e+00
0.000000000000000000e+00 -0.000000000000000000e+00 -0.000000000000000000e+00 0.000000000000000000e+00 -0.000000000000000000e+00
0.000000000000000000e+00 -0.000000000000000000e+00 -0.000000000000000000e+00 0.000000000000000000e+00 -0.000000000000000000e+00
1.743329230588718141e-05 1.000000000000000021e-08 4.939325874875340709e-06 1.049379250216345483e-05 1.464765848982544043e-05
8.216784384877777469e-05 1.000000000000000021e-08 1.000000000000000021e-08 1.096370117551750744e-04 1.032653050843987109e-04
6.789379213474310286e-05 1.000000000000000021e-08 1.000000000000000021e-08 3.089442662922912931e-04 2.206581857825271802e-04
1.692089531129645935e-04 1.000000000000000021e-08 1.000000000000000021e-08 2.214683099198722375e-04 2.377316290063525694e-04
8.123700414141837715e-05 1.000000000000000021e-08 1.000000000000000021e-08 1.944700721153011980e-04 1.917082207761991767e-04
9.635189019869995762e-06 1.000000000000000021e-08 1.000000000000000021e-08 2.965772427518105860e-04 1.489901723296024601e-04
1.000000000000000021e-08 1.000000000000000021e-08 3.269283943944116039e-05 1.231351315749996944e-04 7.304554573055798230e-05
1.348610755665508959e-06 1.000000000000000021e-08 3.682105897699196957e-05 4.725806256299897143e-05 3.435651205896312385e-05
7.576464919467693178e-07 1.000000000000000021e-08 2.068598818932131523e-05 2.654947334999939075e-05 1.930141126908049829e-05
4.621643600876443956e-07 1.000000000000000021e-08 1.261845279548595079e-05 1.619517874349961904e-05 1.177386087413899747e-05
0.000000000000000000e+00 -0.000000000000000000e+00 -0.000000000000000000e+00 0.000000000000000000e+00 -0.000000000000000000e+00
0.000000000000000000e+00 -0.000000000000000000e+00 -0.000000000000000000e+00 0.000000000000000000e+00 -0.000000000000000000e+00
0.000000000000000000e+00 -0.000000000000000000e+00 -0.000000000000000000e+00 0.000000000000000000e+00 -0.000000000000000000e+00
0.000000000000000000e+00 -0.000000000000000000e+00 -0.000000000000000000e+00 0.000000000000000000e+00 -0.000000000000000000e+00
0.000000000000000000e+00 -0.000000000000000000e+00 -0.000000000000000000e+00 0.000000000000000000e+00 -0.000000000000000000e+00
0.000000000000000000e+00 -0.000000000000000000e+00 -0.000000000000000000e+00 0.000000000000000000e+00 -0.000000000000000000e+00
0.000000000000000000e+00 -0.000000000000000000e+00 -0.000000000000000000e+00 0.000000000000000000e+00 -0.000000000000000000e+00
0.000000000000000000e+00 -0.000000000000000000e+00 -0.000000000000000000e+00 0.000000000000000000e+00 -0.000000000000000000e+00
0.000000000000000000e+00 -0.000000000000000000e+00 -0.000000000000000000e+00 0.000000000000000000e+00 -0.000000000000000000e+00
0.000000000000000000e+00 -0.000000000000000000e+00 -0.000000000000000000e+00 0.000000000000000000e+00 -0.000000000000000000e+00
0.000000000000000000e+00 -0.000000000000000000e+00 -0.000000000000000000e+00 0.000000000000000000e+00 -0.000000000000000000e+00
0.000000000000000000e+00 -0.000000000000000000e+00 -0.000000000000000000e+00 0.000000000000000000e+00 -0.000000000000000000e+00
7.992287098476956236e-05 1.000000000000000021e-08 1.637923033156604095e-04 1.000000000000000021e-08 1.669985217835830588e-05
1.548314995277398599e-04 1.000000000000000021e-08 4.063011407803462818e-04 1.000000000000000021e-08 6.085560162389234604e-05
2.863031601857735672e-04 1.000000000000000021e-08 4.994991914948631890e-04 1.027769656155311717e-05 8.245316966277022031e-05
1.973776437779549607e-05 1.000000000000000021e-08 3.353392261340188817e-04 3.963089353202200386e-04 3.377068487345994286e-04
1.000000000000000021e-08 1.000000000000000021e-08 7.206453059376037107e-04 1.056417931740474955e-03 7.802592135451458114e-04
1.000000000000000021e-08 1.000000000000000021e-08 1.099580704747374783e-03 1.741126689806013483e-03 9.698540219979600143e-04
1.000000000000000021e-08 1.000000000000000021e-08 1.302336584617353301e-03 3.265615035650622569e-03 1.516790929027364869e-03
1.000000000000000021e-08 1.000000000000000021e-08 8.011082710744142459e-04 4.555449028732709398e-03 1.883674234988800449e-03
1.000000000000000021e-08 1.000000000000000021e-08 4.346078742502789902e-04 4.942190646400700278e-03 1.859501012643975659e-03
1.000000000000000021e-08 1.000000000000000021e-08 1.000000000000000021e-08 5.424947891964537229e-03 1.955282833331006657e-03
4.574089659111036190e-04 1.000000000000000021e-08 1.000000000000000021e-08 5.362637649394833006e-03 1.758636560814785072e-03
1.648203115947795630e-03 1.000000000000000021e-08 1.000000000000000021e-08 4.723245116675317025e-03 1.532929357193916521e-03
2.687506182141090934e-03 1.000000000000000021e-08 1.000000000000000021e-08 2.934764653570650153e-03 1.019934038305681228e-03
3.412909432840100562e-03 1.000000000000000021e-08 1.000000000000000021e-08 1.989699619640180901e-03 5.834121073833559547e-04
3.226409179252990450e-03 1.000000000000000021e-08 1.000000000000000021e-08 1.133447245205069240e-03 5.614632428445515437e-04
1.962334153879469537e-03 1.000000000000000021e-08 1.000000000000000021e-08 5.204109598136161859e-04 5.083677572005968403e-04
1.005049378830836972e-03 1.000000000000000021e-08 1.000000000000000021e-08 7.346201459168413914e-05 2.916754961637747540e-04
3.653074619647987621e-04 1.000000000000000021e-08 1.000000000000000021e-08 1.000000000000000021e-08 6.994486926564409137e-05
4.645234571130075455e-05 7.747076991658734540e-07 1.000000000000000021e-08 1.000000000000000021e-08 7.867008292388779896e-06
0.000000000000000000e+00 -0.000000000000000000e+00 -0.000000000000000000e+00 0.000000000000000000e+00 -0.000000000000000000e+00
0.000000000000000000e+00 -0.000000000000000000e+00 -0.000000000000000000e+00 0.000000000000000000e+00 -0.000000000000000000e+00
0.000000000000000000e+00 -0.000000000000000000e+00 -0.000000000000000000e+00 0.000000000000000000e+00 -0.000000000000000000e+00
0.000000000000000000e+00 -0.000000000000000000e+00 -0.000000000000000000e+00 0.000000000000000000e+00 -0.000000000000000000e+00
0.000000000000000000e+00 -0.000000000000000000e+00 -0.000000000000000000e+00 0.000000000000000000e+00 -0.000000000000000000e+00
0.000000000000000000e+00 -0.000000000000000000e+00 -0.000000000000000000e+00 0.000000000000000000e+00 -0.000000000000000000e+00
1.323377923186050973e-04 1.000000000000000021e-08 3.422221404145579554e-04 1.000000000000000021e-08 1.000000000000000021e-08
3.565782863856231969e-04 1.000000000000000021e-08 2.156446179242920650e-03 1.000000000000000021e-08 1.170915586609781630e-04
3.223122467119885664e-04 1.000000000000000021e-08 3.924397811242215373e-03 1.000000000000000021e-08 3.699741814951355086e-04
4.321139232512014841e-04 1.000000000000000021e-08 6.485435733059417319e-03 1.000000000000000021e-08 5.377433932330285280e-04
1.000000000000000021e-08 1.000000000000000021e-08 1.039708980270749074e-02 1.696740144917283869e-03 1.122967672778251835e-03
1.000000000000000021e-08 1.000000000000000021e-08 1.632990530864161446e-02 5.812516494021309314e-03 1.677799149277839222e-03
1.000000000000000021e-08 1.000000000000000021e-08 1.860791292376249781e-02 1.242912739531418925e-02 2.746429682149317385e-03
1.000000000000000021e-08 1.000000000000000021e-08 1.890506787888370649e-02 2.000011054742433306e-02 2.990760262894402721e-03
1.000000000000000021e-08 1.000000000000000021e-08 1.911906340101373475e-02 2.759040892294054026e-02 3.484401066185900762e-03
1.000000000000000021e-08 1.000000000000000021e-08 2.054424430183475134e-02 3.441191781183373932e-02 4.827632780770323498e-03
1.000000000000000021e-08 1.000000000000000021e-08 2.059160350852612398e-02 4.080335792711595189e-02 5.390441958671031604e-03
1.087053979143618983e-03 1.000000000000000021e-08 2.087221525181455831e-02 4.516533873789824877e-02 4.696489396268625424e-03
5.813215310096816330e-03 1.000000000000000021e-08 1.788857273518669813e-02 4.462842863770384583e-02 3.109700852682768975e-03
1.218997973987891344e-02 1.000000000000000021e-08 1.294990830738521233e-02 4.070879781003958892e-02 1.267383208056176418e-03
1.999088549489911465e-02 1.000000000000000021e-08 7.379576099320424819e-03 3.302162326598416520e-02 1.000000000000000021e-08
2.771877770538450775e-02 1.000000000000000021e-08 2.492833219996297509e-03 2.503489562296414006e-02 1.000000000000000021e-08
3.364173983280147745e-02 1.000000000000000021e-08 1.000000000000000021e-08 1.654690017182632381e-02 1.000000000000000021e-08
3.384871505922921325e-02 1.000000000000000021e-08 1.000000000000000021e-08 7.047974748360516170e-03 1.000000000000000021e-08
2.589565015302794718e-02 1.000000000000000021e-08 1.000000000000000021e-08 1.867325090912907819e-03 1.000000000000000021e-08
1.339997484330448033e-02 1.000000000000000021e-08 1.000000000000000021e-08 1.000000000000000021e-08 1.000000000000000021e-08
3.857793934293381362e-03 1.067701713302343246e-04 1.000000000000000021e-08 1.000000000000000021e-08 1.000000000000000021e-08
4.190414821692197409e-04 1.938346369182825340e-04 1.000000000000000021e-08 1.000000000000000021e-08 1.000000000000000021e-08
0.000000000000000000e+00 -0.000000000000000000e+00 -0.000000000000000000e+00 0.000000000000000000e+00 -0.000000000000000000e+00
0.000000000000000000e+00 -0.000000000000000000e+00 -0.000000000000000000e+00 0.000000000000000000e+00 -0.000000000000000000e+00
0.000000000000000000e+00 -0.000000000000000000e+00 -0.000000000000000000e+00 0.000000000000000000e+00 -0.000000000000000000e+00
0.000000000000000000e+00 -0.000000000000000000e+00 -0.000000000000000000e+00 0.000000000000000000e+00 -0.000000000000000000e+00
0.000000000000000000e+00 -0.000000000000000000e+00 -0.000000000000000000e+00 0.000000000000000000e+00 -0.000000000000000000e+00
3.147445549943508989e-05 3.258700626648629046e-05 1.926623731541321797e-04 1.000000000000000021e-08 1.000000000000000021e-08
4.954599052941988048e-05 1.000000000000000021e-08 2.077491213264287626e-03 1.000000000000000021e-08 1.165494671254349839e-04
6.564764867767939162e-04 1.000000000000000021e-08 7.610699004459755765e-03 1.000000000000000021e-08 4.606237341273762510e-04
1.201944296779006681e-03 1.000000000000000021e-08 1.751998208934403903e-02 1.000000000000000021e-08 5.561495524117621983e-04
1.000000000000000021e-08 1.000000000000000021e-08 3.252605166813085646e-02 1.000000000000000021e-08 7.390112240505638305e-04
1.000000000000000021e-08 1.000000000000000021e-08 5.099512004369496226e-02 2.917908298642066245e-03 1.389972327232589068e-03
1.000000000000000021e-08 1.000000000000000021e-08 6.690314785997460156e-02 1.808852702421822820e-02 1.744518696310406927e-03
1.000000000000000021e-08 1.000000000000000021e-08 7.319395962872610184e-02 4.247287429472895032e-02 1.920923164472322859e-03
1.000000000000000021e-08 1.000000000000000021e-08 7.387654838337662233e-02 6.572404906986258066e-02 1.308838952117234982e-03
1.000000000000000021e-08 1.000000000000000021e-08 6.955806851319103201e-02 8.624102840623411315e-02 5.284523197685699145e-04
1.000000000000000021e-08 1.000000000000000021e-08 6.629098802846208893e-02 9.680863744206059940e-02 1.000000000000000021e-08
1.078125176402398855e-03 1.000000000000000021e-08 6.366919993468597716e-02 1.030098886329833541e-01 1.000000000000000021e-08
1.059640577991525709e-02 1.000000000000000021e-08 5.829513485340045986e-02 1.047852928860301680e-01 1.000000000000000021e-08
2.099121790841350713e-02 1.000000000000000021e-08 5.275730773425211378e-02 1.016825235712068010e-01 1.000000000000000021e-08
3.841436090233071865e-02 1.000000000000000021e-08 3.957434557610328696e-02 8.899659524531411403e-02 1.000000000000000021e-08
5.660540646522915775e-02 1.592184070181514857e-03 2.424525887917951261e-02 6.923879279196697156e-02 1.000000000000000021e-08
7.638019277109051042e-02 1.210816048280676134e-02 9.674525404716824081e-03 4.536358990930643847e-02 1.000000000000000021e-08
8.685730295637701659e-02 2.071930043639856264e-02 1.000000000000000021e-08 2.118387811177881511e-02 1.000000000000000021e-08
8.434914406469878889e-02 2.451594094073910809e-02 1.000000000000000021e-08 4.908197131128565031e-03 1.000000000000000021e-08
6.908783989136614567e-02 2.293774226717101156e-02 1.000000000000000021e-08 1.000000000000000021e-08 1.000000000000000021e-08
4.039312405792851168e-02 1.711486620024694691e-02 1.000000000000000021e-08 1.000000000000000021e-08 1.000000000000000021e-08
1.178420253481926930e-02 6.535447988148986899e-03 1.000000000000000021e-08 1.000000000000000021e-08 1.000000000000000021e-08
1.284759773601783879e-03 1.841340603743158886e-03 1.000000000000000021e-08 1.000000000000000021e-08 1.000000000000000021e-08
1.951860261432840668e-06 2.207751912291303764e-05 1.000000000000000021e-08 1.000000000000000021e-08 2.879375930124142302e-05
0.000000000000000000e+00 -0.000000000000000000e+00 -0.000000000000000000e+00 0.000000000000000000e+00 -0.000000000000000000e+00
0.000000000000000000e+00 -0.000000000000000000e+00 -0.000000000000000000e+00 0.000000000000000000e+00 -0.000000000000000000e+00
4.745035310238520271e-05 1.361425778195602776e-05 1.000000000000000021e-08 4.251642909312676401e-05 1.000000000000000021e-08
0.000000000000000000e+00 -0.000000000000000000e+00 -0.000000000000000000e+00 0.000000000000000000e+00 -0.000000000000000000e+00
1.501234468736699303e-04 1.086294631043582939e-04 1.139926049969260590e-03 1.000000000000000021e-08 1.000000000000000021e-08
4.862995319823925863e-04 1.000000000000000021e-08 5.774492090163432269e-03 1.000000000000000021e-08 3.224092777313919845e-04
1.200693863097580675e-03 1.000000000000000021e-08 1.725277296878290761e-02 1.000000000000000021e-08 4.246027565514800444e-04
1.736469611709340550e-03 1.000000000000000021e-08 3.811337861645007485e-02 1.000000000000000021e-08 1.000000000000000021e-08
1.000000000000000021e-08 1.000000000000000021e-08 6.733139413472834234e-02 1.000000000000000021e-08 1.000000000000000021e-08
1.000000000000000021e-08 1.000000000000000021e-08 9.886293142424007474e-02 6.363113910792015694e-03 1.000000000000000021e-08
1.000000000000000021e-08 1.000000000000000021e-08 1.184309719830435870e-01 3.757466441591270773e-02 1.000000000000000021e-08
1.000000000000000021e-08 1.000000000000000021e-08 1.175518871100807994e-01 7.787874231818214810e-02 1.000000000000000021e-08
1.000000000000000021e-08 2.987609333070969254e-03 1.063769135992760767e-01 1.093015237290669434e-01 1.000000000000000021e-08
1.000000000000000021e-08 1.342529833797022169e-02 9.305779450999714097e-02 1.221867690203007339e-01 1.000000000000000021e-08
1.485808749495887149e-02 2.366758405176331084e-02 8.181835077726383465e-02 1.229164764564425472e-01 1.000000000000000021e-08
3.544211279131816855e-02 3.206848321440469718e-02 7.502234389094340761e-02 1.137821864262641008e-01 1.000000000000000021e-08
4.990211119746190693e-02 4.115746811041948172e-02 6.798925457996850275e-02 1.029943411514536306e-01 1.000000000000000021e-08
6.849270822150661797e-02 5.141006643137328164e-02 5.664912999296298213e-02 8.855199073823179223e-02 1.000000000000000021e-08
8.973783799161394459e-02 6.295045613422839414e-02 4.179398765922519993e-02 6.870107002414002628e-02 1.000000000000000021e-08
1.085598318592161243e-01 7.408926442127734824e-02 2.339651626676925861e-02 4.479610562702373427e-02 1.000000000000000021e-08
1.200090445662120447e-01 8.213843173444235202e-02 5.702943698839516018e-03 2.059055512464787879e-02 1.000000000000000021e-08
1.239151600174923512e-01 8.321572744429577007e-02 1.000000000000000021e-08 1.000000000000000021e-08 1.000000000000000021e-08
1.159408528322867643e-01 7.694668366512413815e-02 1.000000000000000021e-08 1.000000000000000021e-08 1.000000000000000021e-08
9.538490208039901441e-02 6.251138553284261989e-02 1.000000000000000021e-08 1.000000000000000021e-08 1.000000000000000021e-08
5.774821349391648373e-02 4.480860011800977261e-02 1.000000000000000021e-08 1.000000000000000021e-08 7.366357704910527111e-04
1.795747582387018440e-02 2.130081476468125706e-02 1.000000000000000021e-08 1.000000000000000021e-08 2.955114473305429142e-03
1.805498818523892110e-03 5.748784714905287585e-03 1.000000000000000021e-08 1.000000000000000021e-08 6.607290581733404758e-04
1.000000000000000021e-08 4.760901294626559586e-04 1.000000000000000021e-08 1.000000000000000021e-08 2.975320497851991668e-04
0.000000000000000000e+00 -0.000000000000000000e+00 -0.000000000000000000e+00 0.000000000000000000e+00 -0.000000000000000000e+00
0.000000000000000000e+00 -0.000000000000000000e+00 -0.000000000000000000e+00 0.000000000000000000e+00 -0.000000000000000000e+00
3.123814912573683245e-05 8.962719706454360207e-06 1.000000000000000021e-08 2.798998248630847827e-05 1.000000000000000021e-08
0.000000000000000000e+00 -0.000000000000000000e+00 -0.000000000000000000e+00 0.000000000000000000e+00 -0.000000000000000000e+00
1.188645841295405602e-04 7.583479430763833253e-05 1.123368613939594064e-03 1.000000000000000021e-08 1.000000000000000021e-08
5.215403627796963903e-04 2.383126798571111099e-04 7.913079180905762539e-03 1.000000000000000021e-08 7.489212999741127368e-05
8.395963862193223277e-04 6.879712336076375780e-04 2.507189679676692651e-02 1.000000000000000021e-08 1.799384435992018973e-04
1.015542758352757898e-03 1.604231425601186038e-03 5.768638078644411360e-02 1.000000000000000021e-08 1.000000000000000021e-08
1.000000000000000021e-08 3.813933516781134198e-03 9.659137182160673629e-02 1.000000000000000021e-08 1.000000000000000021e-08
1.000000000000000021e-08 8.524092654485707424e-03 1.261251557592604766e-01 1.860772540010243239e-02 1.000000000000000021e-08
1.000000000000000021e-08 1.875830503330415053e-02 1.294346338980591482e-01 6.413197654616993593e-02 1.000000000000000021e-08
1.000000000000000021e-08 3.439623393713891336e-02 1.072033222311645773e-01 1.057218464358320731e-01 1.000000000000000021e-08
1.000000000000000021e-08 5.750276771208284732e-02 7.858700497450131495e-02 1.170944828774300173e-01 1.000000000000000021e-08
3.446871812995933038e-02 7.855081340656870637e-02 5.835350928147080979e-02 9.904931277345774276e-02 1.000000000000000021e-08
7.242974900396495497e-02 9.395104721102938428e-02 4.796495895347548805e-02 7.177833407930901688e-02 1.000000000000000021e-08
9.116229531984562651e-02 1.064103750069517185e-01 4.186662676588275706e-02 4.973657324421933146e-02 1.000000000000000021e-08
1.019898525203329076e-01 1.163790111829416385e-01 3.546634127405988435e-02 3.273385644788975174e-02 1.000000000000000021e-08
1.118962660961906608e-01 1.249628214593517250e-01 2.765735733147384190e-02 1.623165626560886185e-02 1.000000000000000021e-08
1.169354057696903593e-01 1.300701442661973961e-01 1.790964488972334942e-02 2.943084872139489858e-03 1.000000000000000021e-08
1.201834652972706419e-01 1.303162191080121102e-01 7.318368715221922061e-03 1.000000000000000021e-08 1.000000000000000021e-08
1.148056079496610343e-01 1.258968174527175243e-01 1.000000000000000021e-08 1.000000000000000021e-08 1.003407131555344306e-03
1.082854826111656205e-01 1.148752107237840658e-01 1.000000000000000021e-08 1.000000000000000021e-08 1.613171620301130649e-02
9.355567432473918532e-02 9.826022046978562241e-02 1.000000000000000021e-08 1.000000000000000021e-08 3.055117869349558909e-02
7.215644838938363448e-02 7.978722394606566071e-02 1.000000000000000021e-08 1.000000000000000021e-08 4.302627670197423787e-02
4.179597608199971115e-02 5.478926361876704232e-02 1.000000000000000021e-08 1.000000000000000021e-08 4.091863295550836332e-02
1.152656314850539036e-02 2.861475206915847086e-02 1.000000000000000021e-08 1.000000000000000021e-08 2.343525324016539416e-02
2.342905227007450000e-04 6.738459840138348242e-03 1.000000000000000021e-08 1.000000000000000021e-08 4.853291333798009227e-03
1.000000000000000021e-08 3.423043150990989205e-04 3.556456944015799120e-06 1.000000000000000021e-08 2.402091181407218319e-04
0.000000000000000000e+00 -0.000000000000000000e+00 -0.000000000000000000e+00 0.000000000000000000e+00 -0.000000000000000000e+00
0.000000000000000000e+00 -0.000000000000000000e+00 -0.000000000000000000e+00 0.000000000000000000e+00 -0.000000000000000000e+00
0.000000000000000000e+00 -0.000000000000000000e+00 -0.000000000000000000e+00 0.000000000000000000e+00 -0.000000000000000000e+00
0.000000000000000000e+00 -0.000000000000000000e+00 -0.000000000000000000e+00 0.000000000000000000e+00 -0.000000000000000000e+00
6.363258440397241570e-05 8.197815727475390969e-05 1.253424038808692532e-03 1.000000000000000021e-08 1.000000000000000021e-08
4.647126017557663561e-04 5.672737236641719636e-04 9.873496631136452831e-03 1.000000000000000021e-08 1.000000000000000021e-08
7.930561193219002247e-04 2.016068720064498679e-03 3.027285401177627969e-02 1.000000000000000021e-08 1.000000000000000021e-08
1.000000000000000021e-08 6.473093820840091286e-03 6.989910613507591131e-02 1.000000000000000021e-08 1.000000000000000021e-08
1.000000000000000021e-08 1.437879169525521639e-02 1.130250514748390028e-01 1.000000000000000021e-08 1.000000000000000021e-08
1.000000000000000021e-08 2.756467304021166867e-02 1.249836640910778618e-01 3.404662861288992176e-02 1.000000000000000021e-08
1.000000000000000021e-08 4.920947263320965548e-02 9.772658674881253005e-02 8.541305808080917883e-02 1.000000000000000021e-08
1.000000000000000021e-08 7.520826200180573406e-02 4.935281399718681461e-02 1.154541434504611219e-01 1.000000000000000021e-08
3.526696273888229455e-02 1.030243834846220480e-01 1.052903503945711895e-02 9.236782414029978683e-02 1.000000000000000021e-08
8.820102023274957459e-02 1.189495929748628361e-01 1.000000000000000021e-08 4.401324431716446134e-02 1.000000000000000021e-08
1.135766496960050609e-01 1.275633793585580211e-01 1.000000000000000021e-08 3.497774941748620428e-03 1.388854649405385326e-02
1.088330715189852332e-01 1.316306781039745244e-01 1.000000000000000021e-08 1.000000000000000021e-08 2.872345853015816769e-02
1.001505724364416261e-01 1.304671901971705961e-01 1.000000000000000021e-08 1.000000000000000021e-08 4.105852277007345646e-02
8.876177945402030645e-02 1.265092253695190017e-01 1.000000000000000021e-08 1.000000000000000021e-08 5.326351140079678415e-02
7.721539822136219700e-02 1.196355666296198550e-01 1.000000000000000021e-08 1.000000000000000021e-08 6.690174733342420244e-02
6.332333978746011727e-02 1.107415183776803841e-01 1.000000000000000021e-08 1.000000000000000021e-08 7.909897774435786788e-02
5.058869170322439351e-02 9.828820150193398608e-02 1.000000000000000021e-08 1.000000000000000021e-08 9.090125685622864327e-02
3.766768220593902372e-02 8.375333371526019755e-02 1.000000000000000021e-08 1.000000000000000021e-08 1.003206448773036052e-01
2.572325383311951236e-02 6.457624391003267961e-02 1.000000000000000021e-08 1.000000000000000021e-08 1.066672335692311624e-01
1.468601636658004549e-02 4.675467230077103020e-02 1.000000000000000021e-08 1.000000000000000021e-08 1.079647252367587490e-01
3.166792428925840463e-03 3.187960411620333750e-02 1.000000000000000021e-08 1.000000000000000021e-08 8.874111447400222230e-02
1.000000000000000021e-08 1.677556678132098578e-02 1.000000000000000021e-08 1.000000000000000021e-08 4.770965496135406991e-02
1.000000000000000021e-08 4.557215617620099038e-03 1.000000000000000021e-08 1.000000000000000021e-08 7.180493506886593061e-03
1.000000000000000021e-08 1.939445204859165583e-04 1.000000000000000021e-08 1.000000000000000021e-08 2.694977843035496214e-04
0.000000000000000000e+00 -0.000000000000000000e+00 -0.000000000000000000e+00 0.000000000000000000e+00 -0.000000000000000000e+00
0.000000000000000000e+00 -0.000000000000000000e+00 -0.000000000000000000e+00 0.000000000000000000e+00 -0.000000000000000000e+00
0.000000000000000000e+00 -0.000000000000000000e+00 -0.000000000000000000e+00 0.000000000000000000e+00 -0.000000000000000000e+00
0.000000000000000000e+00 -0.000000000000000000e+00 -0.000000000000000000e+00 0.000000000000000000e+00 -0.000000000000000000e+00
1.000000000000000021e-08 2.111520577636294513e-04 1.705546875954064116e-03 1.000000000000000021e-08 8.869466146094424024e-06
2.706378981501168920e-04 1.109408979141024215e-03 1.183222214697904687e-02 1.000000000000000021e-08 1.000000000000000021e-08
3.553438506978196312e-04 3.899758849276225865e-03 3.616657521721536317e-02 1.000000000000000021e-08 1.000000000000000021e-08
1.000000000000000021e-08 1.233590239908256489e-02 7.895053090347367575e-02 1.000000000000000021e-08 1.000000000000000021e-08
1.000000000000000021e-08 2.653510602756710066e-02 1.208802887894544487e-01 3.666370479600563215e-03 1.000000000000000021e-08
1.000000000000000021e-08 4.815289644451860307e-02 1.139122714565977135e-01 4.827298317840597597e-02 1.000000000000000021e-08
1.000000000000000021e-08 7.319531624589233065e-02 6.051525492810485435e-02 9.942885017424428484e-02 1.000000000000000021e-08
1.438743362557012677e-02 9.564827009152157555e-02 1.000000000000000021e-08 1.086791742009152739e-01 4.024044158979779053e-03
7.848779949643923393e-02 1.072327922279270734e-01 1.000000000000000021e-08 5.894960344338266711e-02 2.435850722290560516e-02
1.152166400987136990e-01 1.035561931823285320e-01 1.000000000000000021e-08 7.155365460337290975e-04 5.574007718686272567e-02
1.017069867499983404e-01 9.439356267103615750e-02 1.000000000000000021e-08 1.000000000000000021e-08 8.920120941605090559e-02
7.272139864709326051e-02 8.279286234398750000e-02 1.000000000000000021e-08 1.000000000000000021e-08 1.078693233461286843e-01
4.608466666343473406e-02 7.062673804813483780e-02 1.000000000000000021e-08 1.000000000000000021e-08 1.212962699155174795e-01
2.354108400876557539e-02 6.050495855100104792e-02 1.000000000000000021e-08 1.000000000000000021e-08 1.325797023409391873e-01
6.351298292322923693e-03 5.071993283751709963e-02 1.000000000000000021e-08 1.000000000000000021e-08 1.386064887656623668e-01
1.000000000000000021e-08 4.191898364634814855e-02 1.000000000000000021e-08 1.000000000000000021e-08 1.402645673463809584e-01
1.000000000000000021e-08 3.273407411512497395e-02 1.000000000000000021e-08 1.000000000000000021e-08 1.387075734983415909e-01
1.000000000000000021e-08 2.712408971036326180e-02 1.000000000000000021e-08 1.000000000000000021e-08 1.323206969284576318e-01
1.000000000000000021e-08 2.030025035146952248e-02 1.000000000000000021e-08 1.000000000000000021e-08 1.243349162977056277e-01
1.000000000000000021e-08 1.336354157405685548e-02 1.000000000000000021e-08 4.559000327269230823e-04 1.114238295892557573e-01
1.000000000000000021e-08 9.275468112965928533e-03 1.000000000000000021e-08 1.051006750993897223e-03 8.721500987006926275e-02
1.000000000000000021e-08 5.936396475095735356e-03 1.000000000000000021e-08 1.000000000000000021e-08 4.198617070850910182e-02
1.000000000000000021e-08 2.518306809799784191e-03 2.834366363089066898e-04 1.000000000000000021e-08 5.263832515488372880e-03
1.000000000000000021e-08 1.235886537122940368e-04 1.209363526890429170e-05 1.000000000000000021e-08 1.737545149165957209e-04
0.000000000000000000e+00 -0.000000000000000000e+00 -0.000000000000000000e+00 0.000000000000000000e+00 -0.000000000000000000e+00
0.000000000000000000e+00 -0.000000000000000000e+00 -0.000000000000000000e+00 0.000000000000000000e+00 -0.000000000000000000e+00
0.000000000000000000e+00 -0.000000000000000000e+00 -0.000000000000000000e+00 0.000000000000000000e+00 -0.000000000000000000e+00
0.000000000000000000e+00 -0.000000000000000000e+00 -0.000000000000000000e+00 0.000000000000000000e+00 -0.000000000000000000e+00
1.000000000000000021e-08 5.049019386337016708e-04 2.891866811255122422e-03 1.000000000000000021e-08 1.364060627372208933e-05
2.939324293364401017e-04 1.896752263604232006e-03 1.323327343950876818e-02 1.000000000000000021e-08 1.000000000000000021e-08
1.000000000000000021e-08 6.645199751006656240e-03 4.156719750046296291e-02 1.000000000000000021e-08 1.000000000000000021e-08
1.000000000000000021e-08 1.929501348946039210e-02 8.520883018892333460e-02 1.000000000000000021e-08 1.000000000000000021e-08
1.000000000000000021e-08 3.975860003414288801e-02 1.209075659722963630e-01 9.097301050325834124e-03 1.000000000000000021e-08
1.000000000000000021e-08 6.668115922605676038e-02 1.003166184188571952e-01 5.936990469473781007e-02 1.000000000000000021e-08
1.000000000000000021e-08 8.603436341036473090e-02 3.609206904176191777e-02 1.009021335526240487e-01 8.507824786344101581e-03
5.695648280486667603e-02 8.733666750725029015e-02 1.000000000000000021e-08 9.344040763083659440e-02 3.236279344325324742e-02
1.098738990914708419e-01 7.303772471009080391e-02 1.000000000000000021e-08 3.505170573952160612e-02 7.047581369701302889e-02
1.112973295643975291e-01 4.830555799200936945e-02 1.000000000000000021e-08 1.000000000000000021e-08 1.103483679271785867e-01
7.168318189841225985e-02 2.810543365864505080e-02 5.416577017564319467e-03 1.000000000000000021e-08 1.321520316146154450e-01
3.231465428005735052e-02 1.308454027435261048e-02 1.583105041121631029e-02 1.000000000000000021e-08 1.374360117411850546e-01
7.633362334252497515e-03 5.130269778201262780e-03 1.853387366748726617e-02 1.000000000000000021e-08 1.346872127992754242e-01
1.000000000000000021e-08 2.109380820133615643e-03 1.537658430197583366e-02 1.000000000000000021e-08 1.269861733058807729e-01
1.000000000000000021e-08 1.303897180070422374e-03 1.174643106585125489e-02 1.000000000000000021e-08 1.174091884976605354e-01
1.000000000000000021e-08 3.966847655534161366e-04 7.499923703824181581e-03 1.248775369931691762e-03 1.052483140896614128e-01
1.000000000000000021e-08 6.419727973762261218e-04 4.649630881560737686e-03 2.489592732869820059e-03 9.230674093590265916e-02
1.000000000000000021e-08 5.925688201965247613e-04 2.981208051664118244e-03 2.941324537839787832e-03 7.932950655238638071e-02
1.000000000000000021e-08 3.285367992618768839e-04 1.559175727739313573e-03 2.952554765843655882e-03 6.796428573224738701e-02
1.000000000000000021e-08 1.000000000000000021e-08 1.039076577960800635e-03 2.564923663765039229e-03 5.853974218406249319e-02
1.000000000000000021e-08 1.000000000000000021e-08 8.609832929463039942e-04 2.089868698593186271e-03 4.463177342089818395e-02
1.000000000000000021e-08 7.604664668069942160e-04 5.865612595913066588e-04 7.301738997872274503e-04 2.187495988170837583e-02
1.000000000000000021e-08 7.074932054401370267e-04 2.250800380623221809e-04 1.000000000000000021e-08 3.466551317649447551e-03
1.000000000000000021e-08 2.024149983980629984e-04 2.655847701891161855e-06 1.000000000000000021e-08 4.239907971156613577e-05
0.000000000000000000e+00 -0.000000000000000000e+00 -0.000000000000000000e+00 0.000000000000000000e+00 -0.000000000000000000e+00
0.000000000000000000e+00 -0.000000000000000000e+00 -0.000000000000000000e+00 0.000000000000000000e+00 -0.000000000000000000e+00
0.000000000000000000e+00 -0.000000000000000000e+00 -0.000000000000000000e+00 0.000000000000000000e+00 -0.000000000000000000e+00
2.756845239611240899e-06 2.845819498136756997e-05 1.790707882136950832e-04 1.000000000000000021e-08 1.153558863368508437e-05
1.000000000000000021e-08 7.982433972887257017e-04 3.743176681312366735e-03 1.000000000000000021e-08 1.000000000000000021e-08
9.968357776668844265e-05 2.536360881395746843e-03 1.577155173112289657e-02 1.000000000000000021e-08 1.000000000000000021e-08
1.262898757460450140e-04 9.476298393748880042e-03 4.650602134199825766e-02 1.000000000000000021e-08 1.000000000000000021e-08
1.000000000000000021e-08 2.770920510114251167e-02 8.894323132274997712e-02 1.000000000000000021e-08 1.000000000000000021e-08
1.000000000000000021e-08 5.600414574520204414e-02 1.158738301714616475e-01 1.378398683896171241e-02 1.000000000000000021e-08
1.000000000000000021e-08 8.268589457051568614e-02 9.128483573956623631e-02 6.073805353425057452e-02 9.289515908538730285e-03
3.015413511599028540e-02 8.351482218706966776e-02 3.827098438749843012e-02 9.431206576108608353e-02 3.037132625012877937e-02
8.878724921440918350e-02 5.878028947811432536e-02 4.853668989157897302e-03 8.067194438066492557e-02 6.671900725973706203e-02
1.246158193963392141e-01 2.145584496201925762e-02 1.117865224907011942e-02 3.542298828212014916e-02 1.013180143406260392e-01
1.130394544603156165e-01 1.000000000000000021e-08 3.708155798428721533e-02 6.244027086010402010e-03 1.127493777047056805e-01
7.903554336045053030e-02 1.000000000000000021e-08 5.596400346959941319e-02 1.858468271210009801e-03 9.969230066729428685e-02
5.462668593135437678e-02 1.000000000000000021e-08 6.204370163251557435e-02 3.207407037882047552e-03 8.061610579690207945e-02
4.002818384706047228e-02 1.000000000000000021e-08 6.180729610805339030e-02 2.142200759935630836e-03 6.196956013724161383e-02
2.445572634201873680e-02 1.000000000000000021e-08 5.565599490451412362e-02 1.000000000000000021e-08 5.154080698534398153e-02
1.185289136566912600e-02 1.000000000000000021e-08 4.290498806000758725e-02 1.000000000000000021e-08 4.307830096361786598e-02
2.721124972162910181e-03 1.000000000000000021e-08 2.650374795099413178e-02 1.000000000000000021e-08 3.499239656414280392e-02
1.000000000000000021e-08 1.000000000000000021e-08 1.385824699665111522e-02 1.000000000000000021e-08 2.826249614699135465e-02
1.000000000000000021e-08 1.000000000000000021e-08 6.378291727281370019e-03 1.000000000000000021e-08 2.308607257814530161e-02
1.000000000000000021e-08 1.000000000000000021e-08 3.065506010774912173e-03 8.164678646418508756e-05 1.852962516251772246e-02
1.000000000000000021e-08 1.000000000000000021e-08 1.874747064665940747e-03 4.967205776188071426e-04 1.655951590778129839e-02
1.000000000000000021e-08 1.000000000000000021e-08 1.061600495564091933e-03 2.882442269935653291e-04 1.272437039334412510e-02
1.000000000000000021e-08 1.000000000000000021e-08 4.843487744668774613e-04 1.742775635631987376e-04 6.461975033837780678e-03
1.000000000000000021e-08 5.171555428460526595e-04 8.815314406845023854e-05 1.000000000000000021e-08 1.243970975505045290e-03
1.000000000000000021e-08 8.309756354842005453e-05 1.000711595484066446e-06 1.000000000000000021e-08 1.640016299264837209e-05
0.000000000000000000e+00 -0.000000000000000000e+00 -0.000000000000000000e+00 0.000000000000000000e+00 -0.000000000000000000e+00
0.000000000000000000e+00 -0.000000000000000000e+00 -0.000000000000000000e+00 0.000000000000000000e+00 -0.000000000000000000e+00
0.000000000000000000e+00 -0.000000000000000000e+00 -0.000000000000000000e+00 0.000000000000000000e+00 -0.000000000000000000e+00
1.000000000000000021e-08 2.852770384036982035e-04 9.224100425754926374e-04 1.000000000000000021e-08 8.570560551069230429e-07
1.000000000000000021e-08 1.021773292821640325e-03 4.343748085437699157e-03 1.000000000000000021e-08 1.000000000000000021e-08
1.717588887513868206e-04 3.146315038139272779e-03 1.810245595866273594e-02 1.000000000000000021e-08 1.000000000000000021e-08
1.231711531580973818e-03 1.258902524897603445e-02 4.989478674153813298e-02 1.000000000000000021e-08 1.000000000000000021e-08
1.000000000000000021e-08 3.748843389881896526e-02 8.883339809018424293e-02 1.000000000000000021e-08 1.000000000000000021e-08
1.000000000000000021e-08 7.358366730470070061e-02 1.107216241457630174e-01 1.084120822489662191e-02 5.999358496376001708e-03
6.146533614185590438e-03 9.347160465466521073e-02 9.521831882781497947e-02 5.121758263438926095e-02 2.575066877647068722e-02
4.220143570235949243e-02 7.921098783679519917e-02 6.181309927642097274e-02 8.621812592285672816e-02 6.100940475749907360e-02
8.376654316502582520e-02 3.925901547099912292e-02 4.283772005036213387e-02 8.731236214646984073e-02 9.422476612179349342e-02
1.065526430065380642e-01 1.000000000000000021e-08 5.123291094362606574e-02 6.619272028656648932e-02 1.012681556489345019e-01
1.042701453655103805e-01 1.000000000000000021e-08 6.585223740056100894e-02 5.332149084450311244e-02 8.026673942175308052e-02
9.236153070592524605e-02 1.000000000000000021e-08 7.607004622487315015e-02 4.677757016002295071e-02 5.063070151673927655e-02
8.352343477101561997e-02 1.000000000000000021e-08 8.168824657704037984e-02 3.923271887236679661e-02 2.897123276845544118e-02
7.347066023121875955e-02 1.000000000000000021e-08 8.573700265305608803e-02 2.925687250022479188e-02 1.226623983569436610e-02
6.063462453965939858e-02 1.000000000000000021e-08 8.601814963154158500e-02 1.566378342467707532e-02 3.716319169134588759e-03
4.528635838641757033e-02 1.000000000000000021e-08 7.820795657841551896e-02 2.264446642942669410e-03 7.022118045655283526e-04
2.987421631688976648e-02 1.000000000000000021e-08 6.049767385435605993e-02 1.000000000000000021e-08 1.051232969752620905e-03
1.526357355586687239e-02 1.000000000000000021e-08 3.748296486164600511e-02 1.000000000000000021e-08 2.485142756750819207e-03
5.201235163895708870e-03 1.000000000000000021e-08 1.775744705264084566e-02 1.000000000000000021e-08 3.013532364678306406e-03
1.457240293504321379e-03 1.000000000000000021e-08 6.411157726449353590e-03 1.000000000000000021e-08 2.873602773777777803e-03
1.862098378550006356e-04 1.000000000000000021e-08 2.382405054879490908e-03 1.000000000000000021e-08 2.460059618518569378e-03
1.000000000000000021e-08 1.000000000000000021e-08 2.355459042628643576e-04 6.196835217009043965e-05 1.642482494952163686e-03
1.000000000000000021e-08 1.000000000000000021e-08 6.738197817053747274e-05 4.424251282938411100e-06 7.101072927323393144e-04
1.000000000000000021e-08 1.000000000000000021e-08 3.586072842523331826e-05 1.000000000000000021e-08 3.324676157642032716e-04
0.000000000000000000e+00 -0.000000000000000000e+00 -0.000000000000000000e+00 0.000000000000000000e+00 -0.000000000000000000e+00
0.000000000000000000e+00 -0.000000000000000000e+00 -0.000000000000000000e+00 0.000000000000000000e+00 -0.000000000000000000e+00
0.000000000000000000e+00 -0.000000000000000000e+00 -0.000000000000000000e+00 0.000000000000000000e+00 -0.000000000000000000e+00
0.000000000000000000e+00 -0.000000000000000000e+00 -0.000000000000000000e+00 0.000000000000000000e+00 -0.000000000000000000e+00
1.000000000000000021e-08 2.694474775224568221e-04 7.015865956935439995e-04 1.000000000000000021e-08 3.081586444043727036e-05
1.000000000000000021e-08 1.171026410101261035e-03 4.334910276160152016e-03 1.000000000000000021e-08 1.000000000000000021e-08
8.448281076153301089e-04 4.238862095187128504e-03 1.837544005845296105e-02 1.000000000000000021e-08 1.000000000000000021e-08
1.888773799338510371e-03 1.517767313486835176e-02 4.661321095165604778e-02 1.000000000000000021e-08 1.000000000000000021e-08
1.000000000000000021e-08 4.437327827482121650e-02 7.967803502356375633e-02 1.000000000000000021e-08 2.738299974975885211e-03
1.000000000000000021e-08 8.254217990107054481e-02 1.015205074680048392e-01 3.259612388255038636e-03 1.678801790812460906e-02
6.524139985456468144e-03 1.032706346001943665e-01 9.331242909805108343e-02 3.698354371923353451e-02 4.823926088998119893e-02
2.485450385140829457e-02 8.936424518150873353e-02 7.027965479883760413e-02 7.273774966158863542e-02 8.882378877311299104e-02
4.091374068083900029e-02 5.788761559063155399e-02 5.235223673975260977e-02 9.125768379459078816e-02 1.093729295958553727e-01
5.185647041574362875e-02 2.849970911763715156e-02 4.626362658435059783e-02 9.587686837944041363e-02 9.948521787351743972e-02
5.039596886701160072e-02 8.918183826583473209e-03 4.407004969294058688e-02 9.930827272194538147e-02 7.749060316978993723e-02
4.488098746763983377e-02 1.000000000000000021e-08 4.528835836545806737e-02 1.025249470670031998e-01 5.761421209642675345e-02
4.669125332149863528e-02 1.000000000000000021e-08 5.046196455337211700e-02 9.646192174994538959e-02 3.732757825942207425e-02
5.528803461794849078e-02 1.000000000000000021e-08 6.071201107375763517e-02 8.132719677878752496e-02 1.768139640730505627e-02
6.149925489635915676e-02 1.000000000000000021e-08 7.733660472721655410e-02 5.922194639026346491e-02 9.667101172873794265e-04
5.858630952807763331e-02 1.000000000000000021e-08 9.259637500545470079e-02 3.079209014877488243e-02 1.000000000000000021e-08
4.566250790309110685e-02 1.000000000000000021e-08 9.184332454063295903e-02 3.469511985905599557e-03 1.000000000000000021e-08
2.923194684339222582e-02 1.000000000000000021e-08 6.696321058461097986e-02 1.000000000000000021e-08 1.000000000000000021e-08
1.456564286530596941e-02 1.000000000000000021e-08 3.750835747220339356e-02 1.000000000000000021e-08 1.000000000000000021e-08
5.944873007184087350e-03 1.000000000000000021e-08 1.663995410579229353e-02 1.000000000000000021e-08 1.000000000000000021e-08
1.860941309051993703e-03 1.000000000000000021e-08 5.812065568002166074e-03 1.000000000000000021e-08 1.713898886877337352e-04
2.036151712196973909e-04 1.759691761793822482e-06 9.774942353057069697e-04 1.000000000000000021e-08 7.182797356466307957e-05
2.954541908335292977e-05 1.000000000000000021e-08 6.028236416706511821e-05 1.000000000000000021e-08 6.225542961084501946e-05
1.000000000000000021e-08 1.000000000000000021e-08 5.683140744866761455e-06 1.000000000000000021e-08 3.511683941752080407e-05
0.000000000000000000e+00 -0.000000000000000000e+00 -0.000000000000000000e+00 0.000000000000000000e+00 -0.000000000000000000e+00
1.000000000000000021e-08 1.000000000000000021e-08 1.000000000000000021e-08 8.284959718571445941e-05 1.000000000000000021e-08
0.000000000000000000e+00 -0.000000000000000000e+00 -0.000000000000000000e+00 0.000000000000000000e+00 -0.000000000000000000e+00
0.000000000000000000e+00 -0.000000000000000000e+00 -0.000000000000000000e+00 0.000000000000000000e+00 -0.000000000000000000e+00
1.924507648674924915e-04 1.000000000000000021e-08 2.063876839299725392e-04 1.000000000000000021e-08 1.052089822358863761e-04
1.650033897235605443e-04 6.829546112354428419e-04 3.530020494883828394e-03 1.000000000000000021e-08 1.325071175546887179e-04
9.944779264837422771e-04 4.189935242164054968e-03 1.447381430465051640e-02 1.000000000000000021e-08 8.062559036501898034e-04
1.281086940853033793e-03 1.518949255190604752e-02 3.597511131260693745e-02 1.000000000000000021e-08 1.537421144855749761e-03
1.000000000000000021e-08 4.235774371817388473e-02 5.969631868313658024e-02 1.000000000000000021e-08 5.589833291349222306e-03
1.000000000000000021e-08 7.963512250355973821e-02 7.644163116290211835e-02 1.000000000000000021e-08 2.282536874354978637e-02
1.000000000000000021e-08 1.040004698686085999e-01 7.354060623373148697e-02 2.131413601678396053e-02 6.042992538705779099e-02
1.000000000000000021e-08 1.056464064257660457e-01 5.342006281550915753e-02 4.992449262657641662e-02 9.599341473036195060e-02
1.000000000000000021e-08 9.617468555211063086e-02 3.220749185959048688e-02 6.865740003464929075e-02 1.095023476139405511e-01
1.000000000000000021e-08 8.783254685658394012e-02 1.610479101519636178e-02 7.960346395790197926e-02 1.055807328032655895e-01
1.000000000000000021e-08 7.523815278391531025e-02 6.403893020772069740e-03 8.916975688848920167e-02 9.521174417440894655e-02
1.000000000000000021e-08 5.773075631463187724e-02 2.737209215611658732e-03 9.902369071128042100e-02 8.261915363452886074e-02
1.000000000000000021e-08 3.522275862870653806e-02 6.031171199047573664e-03 1.115541637373305556e-01 6.699014364805920552e-02
2.560023874024327118e-03 1.019768312757241176e-02 1.395913878381136765e-02 1.165419374052198004e-01 4.617560841156316542e-02
2.154653839090069772e-02 1.000000000000000021e-08 3.451214014888893261e-02 1.089693303132075325e-01 2.112572599984852487e-02
4.014654584394253961e-02 1.000000000000000021e-08 7.023178087777535994e-02 7.678749100776635639e-02 4.708402398190719750e-04
4.393943153947182934e-02 1.000000000000000021e-08 9.717113838027822970e-02 3.173938124357952167e-02 1.000000000000000021e-08
3.543148485932595682e-02 1.000000000000000021e-08 9.409135239014081165e-02 1.000000000000000021e-08 1.000000000000000021e-08
2.234499109634240088e-02 1.000000000000000021e-08 6.343314830288065975e-02 1.000000000000000021e-08 1.000000000000000021e-08
1.035205763317750306e-02 1.000000000000000021e-08 3.153990694780799825e-02 1.000000000000000021e-08 1.000000000000000021e-08
3.498916551612645236e-03 1.000000000000000021e-08 1.172497426127282368e-02 1.000000000000000021e-08 1.000000000000000021e-08
7.020567786631936582e-04 2.302750872936054294e-05 3.194429446027075015e-03 1.000000000000000021e-08 1.729315095315021975e-05
9.140761685014087297e-05 1.000000000000000021e-08 1.578263445165560878e-04 1.000000000000000021e-08 1.000000000000000021e-08
0.000000000000000000e+00 -0.000000000000000000e+00 -0.000000000000000000e+00 0.000000000000000000e+00 -0.000000000000000000e+00
0.000000000000000000e+00 -0.000000000000000000e+00 -0.000000000000000000e+00 0.000000000000000000e+00 -0.000000000000000000e+00
1.000000000000000021e-08 1.000000000000000021e-08 1.000000000000000021e-08 2.712774421125183462e-05 1.000000000000000021e-08
0.000000000000000000e+00 -0.000000000000000000e+00 -0.000000000000000000e+00 0.000000000000000000e+00 -0.000000000000000000e+00
0.000000000000000000e+00 -0.000000000000000000e+00 -0.000000000000000000e+00 0.000000000000000000e+00 -0.000000000000000000e+00
6.553874672872590226e-04 1.000000000000000021e-08 2.233491426595956296e-07 5.885079290874762600e-05 1.530125696484627368e-04
8.289051022102595766e-04 1.000000000000000021e-08 1.487920751299343916e-03 1.000000000000000021e-08 5.901789970511944414e-04
2.262232687680804533e-03 2.062241120387556075e-03 8.455578164103373304e-03 1.000000000000000021e-08 2.478280275815084987e-03
2.438795298129563683e-03 1.090376463508221233e-02 2.025015235342837727e-02 1.000000000000000021e-08 6.840099994952658115e-03
1.000000000000000021e-08 3.141349259889280460e-02 3.376103998266176409e-02 1.000000000000000021e-08 1.095941632031231273e-02
1.000000000000000021e-08 6.136138329155719356e-02 4.472392572925898424e-02 1.000000000000000021e-08 2.403791013453106598e-02
1.000000000000000021e-08 8.489143771015530970e-02 4.486790633099270453e-02 7.428065552585604199e-03 4.893954044584995777e-02
1.000000000000000021e-08 1.007383355796888924e-01 3.191463106330696964e-02 2.194497442761066466e-02 6.911653071665442571e-02
1.000000000000000021e-08 1.090153579438219861e-01 1.397828195222194751e-02 2.828687666991587871e-02 7.574519832522878804e-02
1.000000000000000021e-08 1.130240389068180723e-01 1.000000000000000021e-08 2.781235781753052527e-02 7.625996049703084867e-02
1.000000000000000021e-08 1.118434720221448686e-01 1.000000000000000021e-08 2.904282362698928921e-02 7.587819243779836409e-02
1.000000000000000021e-08 1.026360791428835156e-01 1.000000000000000021e-08 3.859093161040151598e-02 7.687015595930377088e-02
1.000000000000000021e-08 8.264242062810199518e-02 1.000000000000000021e-08 6.127300869511064646e-02 7.659389214814624203e-02
1.000000000000000021e-08 5.646686449792830825e-02 1.000000000000000021e-08 9.432000378760282966e-02 6.204534853945975481e-02
1.000000000000000021e-08 2.243152533969550166e-02 1.000000000000000021e-08 1.230775816505362413e-01 3.571846703605988799e-02
1.119108738297612017e-02 1.000000000000000021e-08 2.784067932308979809e-02 1.165436475886409001e-01 1.210205034190319461e-02
2.402806095872432601e-02 1.000000000000000021e-08 8.126904282172384142e-02 7.066708620090395021e-02 1.000000000000000021e-08
2.978831614889990848e-02 1.000000000000000021e-08 1.051992544483801306e-01 1.702334022418594550e-02 1.000000000000000021e-08
2.573583541158918839e-02 1.000000000000000021e-08 8.634378271608640631e-02 1.000000000000000021e-08 1.000000000000000021e-08
1.492442854752422735e-02 1.000000000000000021e-08 5.005448499730123096e-02 1.000000000000000021e-08 1.000000000000000021e-08
6.079216080847209269e-03 1.000000000000000021e-08 2.087704312878476895e-02 1.000000000000000021e-08 1.000000000000000021e-08
1.379901110400075801e-03 1.000000000000000021e-08 5.908157913698946183e-03 1.000000000000000021e-08 1.000000000000000021e-08
1.289483525504100481e-04 1.000000000000000021e-08 3.565609553398953690e-04 1.000000000000000021e-08 1.000000000000000021e-08
0.000000000000000000e+00 -0.000000000000000000e+00 -0.000000000000000000e+00 0.000000000000000000e+00 -0.000000000000000000e+00
0.000000000000000000e+00 -0.000000000000000000e+00 -0.000000000000000000e+00 0.000000000000000000e+00 -0.000000000000000000e+00
0.000000000000000000e+00 -0.000000000000000000e+00 -0.000000000000000000e+00 0.000000000000000000e+00 -0.000000000000000000e+00
0.000000000000000000e+00 -0.000000000000000000e+00 -0.000000000000000000e+00 0.000000000000000000e+00 -0.000000000000000000e+00
0.000000000000000000e+00 -0.000000000000000000e+00 -0.000000000000000000e+00 0.000000000000000000e+00 -0.000000000000000000e+00
1.337801228638497248e-03 1.000000000000000021e-08 3.400077387301155712e-05 2.740943104079136217e-05 5.752926936779131456e-05
3.501444022508101109e-03 1.000000000000000021e-08 3.910167267863760344e-04 1.877819359041031145e-04 1.513822984792207588e-03
5.775625532595691884e-03 1.000000000000000021e-08 4.647413311475020667e-03 1.000000000000000021e-08 7.282709541397617767e-03
5.405355630796738337e-03 1.424531631189364378e-03 9.294343687875107618e-03 1.000000000000000021e-08 1.912380777134425891e-02
2.106456883267132218e-03 1.353424687009647555e-02 1.277783646863779946e-02 1.000000000000000021e-08 2.190539338681757320e-02
1.000000000000000021e-08 3.206145499151862727e-02 1.837860482482897920e-02 1.000000000000000021e-08 2.199695885295235853e-02
1.000000000000000021e-08 5.126279845006263824e-02 2.034672795043199547e-02 3.188455573684572698e-03 2.848734379425975349e-02
1.000000000000000021e-08 6.565914904769988569e-02 1.545639784491619970e-02 4.916521476884642104e-03 3.298652641032439464e-02
1.000000000000000021e-08 7.654298030972163380e-02 6.714758128650725848e-03 1.402764403916470937e-03 3.383596086350380144e-02
1.000000000000000021e-08 8.539027343694387262e-02 1.000000000000000021e-08 1.000000000000000021e-08 3.937475696873636577e-02
2.654247942936785280e-03 9.284383777169681606e-02 1.000000000000000021e-08 1.000000000000000021e-08 5.087097468616380569e-02
8.379638786331435746e-03 9.753384993099030453e-02 1.000000000000000021e-08 1.000000000000000021e-08 6.761793476989710894e-02
7.621046396592184684e-03 9.639119971392585973e-02 1.000000000000000021e-08 5.976732323611070458e-03 7.693771427542236974e-02
6.474082301939821163e-03 8.335189868802096724e-02 1.000000000000000021e-08 4.378363508412119742e-02 7.030119806813113492e-02
2.007632865103567855e-03 5.313077175095645699e-02 1.000000000000000021e-08 1.031657956131749321e-01 4.223331562918136023e-02
1.000000000000000021e-08 1.487515066806742794e-02 1.000000000000000021e-08 1.329017344325139072e-01 1.741427601360946015e-02
5.956644723597652805e-03 1.000000000000000021e-08 5.701355213275171446e-02 1.011332160739931985e-01 1.000000000000000021e-08
1.590981396941925155e-02 1.000000000000000021e-08 1.040341642044835535e-01 3.847683908105375278e-02 1.000000000000000021e-08
2.051078830744031134e-02 1.000000000000000021e-08 1.007409295100252095e-01 1.000000000000000021e-08 1.000000000000000021e-08
1.647882132093931098e-02 1.000000000000000021e-08 6.460150308500953176e-02 1.000000000000000021e-08 1.000000000000000021e-08
7.855000547540144304e-03 1.000000000000000021e-08 3.016602896970118838e-02 1.000000000000000021e-08 1.000000000000000021e-08
2.534515221079737188e-03 1.000000000000000021e-08 9.606490961605635912e-03 1.000000000000000021e-08 1.000000000000000021e-08
1.016267373430770904e-04 2.277061344764687092e-05 4.123978783421503708e-04 1.000000000000000021e-08 1.000000000000000021e-08
1.000000000000000021e-08 1.254412265820318343e-05 1.000000000000000021e-08 5.240329987911912786e-07 1.000000000000000021e-08
0.000000000000000000e+00 -0.000000000000000000e+00 -0.000000000000000000e+00 0.000000000000000000e+00 -0.000000000000000000e+00
0.000000000000000000e+00 -0.000000000000000000e+00 -0.000000000000000000e+00 0.000000000000000000e+00 -0.000000000000000000e+00
0.000000000000000000e+00 -0.000000000000000000e+00 -0.000000000000000000e+00 0.000000000000000000e+00 -0.000000000000000000e+00
0.000000000000000000e+00 -0.000000000000000000e+00 -0.000000000000000000e+00 0.000000000000000000e+00 -0.000000000000000000e+00
1.748631700733022879e-03 1.000000000000000021e-08 6.686873817167970360e-05 1.000000000000000021e-08 1.000000000000000021e-08
8.497661488243983541e-03 1.000000000000000021e-08 1.937341578167359288e-04 1.000000000000000021e-08 1.710638344374007394e-03
1.707725269615141886e-02 1.000000000000000021e-08 1.416951392678019719e-03 1.000000000000000021e-08 1.757662750391671483e-02
1.962138031953221048e-02 1.000000000000000021e-08 3.552758319540730726e-03 2.131679803296998240e-04 4.171891241864433136e-02
1.078518608253230954e-02 1.000000000000000021e-08 5.198182886447833516e-03 4.359752564005144396e-03 4.452994633619754977e-02
4.666533892826753120e-03 5.542286934341436253e-03 8.211853213105911251e-03 5.021601801307005661e-03 3.303589713240379783e-02
1.000000000000000021e-08 1.524829791706124905e-02 1.106199237535731433e-02 6.441267396300952644e-03 2.679456849580111322e-02
1.000000000000000021e-08 2.395787286621774842e-02 9.991651733873570251e-03 4.558739227682824004e-03 2.188618040844795415e-02
1.000000000000000021e-08 3.190629039121515437e-02 6.774815517622643536e-03 1.000000000000000021e-08 2.218298970778383519e-02
1.704426427774442159e-03 4.012899382816736277e-02 2.944354352439972327e-03 1.000000000000000021e-08 2.925907259840265784e-02
1.288386734812815675e-02 5.124811039001605367e-02 1.000000000000000021e-08 1.000000000000000021e-08 4.706393490403160823e-02
2.528215909412879353e-02 6.559006288635395310e-02 1.000000000000000021e-08 1.000000000000000021e-08 7.128419086053380815e-02
3.737345480011994986e-02 7.919272542822028416e-02 1.000000000000000021e-08 1.000000000000000021e-08 8.483138508074583584e-02
4.357256724522708818e-02 8.629990759291226998e-02 1.000000000000000021e-08 1.011769986399940584e-02 7.472144898880100916e-02
2.503193674990264808e-02 6.952595607238898356e-02 1.000000000000000021e-08 8.175037770995131903e-02 4.128948090266068571e-02
1.000000000000000021e-08 3.307176441120487226e-02 1.000000000000000021e-08 1.343901050126859176e-01 1.351400240529003136e-02
1.000000000000000021e-08 7.175278279614202663e-04 4.263181005605661683e-02 1.149164337702138217e-01 1.000000000000000021e-08
3.100141287783178632e-03 1.000000000000000021e-08 1.036810843351351624e-01 5.021630511038283756e-02 1.000000000000000021e-08
1.271394233845117572e-02 1.000000000000000021e-08 1.101614388459755400e-01 1.082711137864848317e-03 1.000000000000000021e-08
1.410530616110992896e-02 1.000000000000000021e-08 7.382981659403158037e-02 1.000000000000000021e-08 1.000000000000000021e-08
8.478509630920515877e-03 1.000000000000000021e-08 3.712279937213992104e-02 1.000000000000000021e-08 1.000000000000000021e-08
2.813043978395807828e-03 1.000000000000000021e-08 1.180456473155665903e-02 1.000000000000000021e-08 1.000000000000000021e-08
9.161722016303754101e-05 4.828563782613709695e-05 4.765131545192717501e-04 1.000000000000000021e-08 1.000000000000000021e-08
1.000000000000000021e-08 4.041995078754358634e-05 1.000000000000000021e-08 1.688550773882718512e-06 1.000000000000000021e-08
0.000000000000000000e+00 -0.000000000000000000e+00 -0.000000000000000000e+00 0.000000000000000000e+00 -0.000000000000000000e+00
0.000000000000000000e+00 -0.000000000000000000e+00 -0.000000000000000000e+00 0.000000000000000000e+00 -0.000000000000000000e+00
0.000000000000000000e+00 -0.000000000000000000e+00 -0.000000000000000000e+00 0.000000000000000000e+00 -0.000000000000000000e+00
2.280915028591984565e-05 1.000000000000000021e-08 9.471099503427300425e-06 8.797632631853906355e-06 3.106826858157877484e-06
2.325550933894031998e-03 1.000000000000000021e-08 8.128706348870688497e-04 1.000000000000000021e-08 1.000000000000000021e-08
1.622371598393588035e-02 1.000000000000000021e-08 1.379920649813626927e-03 1.000000000000000021e-08 1.496896558495985951e-03
4.061455750008417104e-02 1.000000000000000021e-08 1.000000000000000021e-08 1.000000000000000021e-08 2.450105809454346945e-02
4.992643000433071715e-02 1.000000000000000021e-08 1.000000000000000021e-08 4.566145352117432945e-04 6.826919628996459821e-02
3.832182096316900238e-02 1.000000000000000021e-08 2.529351533756253601e-03 7.906652294773513015e-03 7.402793682673748654e-02
1.596904732036942207e-02 1.000000000000000021e-08 7.863900424223427277e-03 1.532594021284259568e-02 5.937177583740309988e-02
1.407782710030427683e-03 1.000000000000000021e-08 1.056199221579324013e-02 1.566236856934323518e-02 4.694922936078843589e-02
1.000000000000000021e-08 1.000000000000000021e-08 1.063342290149435661e-02 1.144714675217448421e-02 4.042794488447083029e-02
1.000000000000000021e-08 2.188274025162795493e-03 7.180553064760413287e-03 4.375449731637161450e-03 4.192825276714727545e-02
6.234305854613630504e-05 8.804018535192888531e-03 3.721957851603354371e-03 1.000000000000000021e-08 5.365880821379788446e-02
1.481928885767126551e-02 1.877489121252892690e-02 1.000000000000000021e-08 1.000000000000000021e-08 7.670799672287981208e-02
3.964408309690646559e-02 3.522408732216619764e-02 1.000000000000000021e-08 1.000000000000000021e-08 9.939073757747217408e-02
7.038638123960219706e-02 6.015967905564378188e-02 1.000000000000000021e-08 1.000000000000000021e-08 9.817219954115627423e-02
7.869412856459498395e-02 8.091683278173093796e-02 1.000000000000000021e-08 4.256188542541989792e-03 6.782453901483098679e-02
4.452948996562191425e-02 7.314071147501430281e-02 1.000000000000000021e-08 8.204544490793244660e-02 2.847671502940170296e-02
1.000000000000000021e-08 4.277045927577181883e-02 1.000000000000000021e-08 1.359476068868367693e-01 4.866000782680603154e-03
1.000000000000000021e-08 8.049714631881966370e-03 4.330360916848750158e-02 1.162391310026788804e-01 1.000000000000000021e-08
1.000000000000000021e-08 1.000000000000000021e-08 1.071730881030196897e-01 5.125953372302016059e-02 1.000000000000000021e-08
5.790122441116719518e-03 1.000000000000000021e-08 1.142765968921141129e-01 5.622539985302767726e-04 1.000000000000000021e-08
9.729145829829590267e-03 1.000000000000000021e-08 8.021794421643048401e-02 1.000000000000000021e-08 1.000000000000000021e-08
8.193545004719970937e-03 1.000000000000000021e-08 3.982811303768112737e-02 1.000000000000000021e-08 1.000000000000000021e-08
2.937677908195390070e-03 1.000000000000000021e-08 1.172786257944738626e-02 1.000000000000000021e-08 1.000000000000000021e-08
3.428279579332060546e-05 5.047453537740573644e-05 4.493235369078510313e-04 1.000000000000000021e-08 3.547537335100653701e-06
1.000000000000000021e-08 9.268712853005655445e-05 1.000000000000000021e-08 3.872021602179328476e-06 1.000000000000000021e-08
0.000000000000000000e+00 -0.000000000000000000e+00 -0.000000000000000000e+00 0.000000000000000000e+00 -0.000000000000000000e+00
0.000000000000000000e+00 -0.000000000000000000e+00 -0.000000000000000000e+00 0.000000000000000000e+00 -0.000000000000000000e+00
0.000000000000000000e+00 -0.000000000000000000e+00 -0.000000000000000000e+00 0.000000000000000000e+00 -0.000000000000000000e+00
3.053675203268605559e-04 1.000000000000000021e-08 8.614081743205758812e-05 2.180548413081953877e-05 1.000000000000000021e-08
2.281115604899444562e-03 1.000000000000000021e-08 5.862004783445942321e-04 1.000000000000000021e-08 1.000000000000000021e-08
2.138242090699492975e-02 1.000000000000000021e-08 8.633402540752590799e-04 1.000000000000000021e-08 4.472302410182625435e-04
6.552396800526152920e-02 1.000000000000000021e-08 1.000000000000000021e-08 1.000000000000000021e-08 2.307650876577113652e-02
9.362832224633092781e-02 1.000000000000000021e-08 1.000000000000000021e-08 1.000000000000000021e-08 7.256937345321419486e-02
8.321206541510876853e-02 1.000000000000000021e-08 1.764518066834632089e-03 5.660920351860305490e-03 9.460991828517553714e-02
4.833633295850327249e-02 1.000000000000000021e-08 1.265998569300421511e-02 2.172123927380967268e-02 9.157697796121261336e-02
1.605314624569708498e-02 1.000000000000000021e-08 1.803219668577023607e-02 2.816011055762941348e-02 8.693391179409366842e-02
8.281478661064143416e-04 1.000000000000000021e-08 1.737580738124214555e-02 2.478981920338918857e-02 8.639414293641407838e-02
2.413528245662915374e-04 1.000000000000000021e-08 1.186119947940217877e-02 1.619265529039382381e-02 9.208640317669734843e-02
1.147326723936571528e-02 1.000000000000000021e-08 2.560267561621173797e-03 4.300217449123386326e-03 1.044281383710170263e-01
3.660649031413125420e-02 1.000000000000000021e-08 1.000000000000000021e-08 1.000000000000000021e-08 1.191379353374042160e-01
7.575880097812660863e-02 1.790607263612680952e-02 1.000000000000000021e-08 1.000000000000000021e-08 1.194651327033262739e-01
1.078587331158046003e-01 5.322607320097114819e-02 1.000000000000000021e-08 1.000000000000000021e-08 8.944045680652358554e-02
9.630740775121575392e-02 7.681214799950066008e-02 1.000000000000000021e-08 3.016588590204858852e-02 4.382220759891358036e-02
4.259539485275336962e-02 7.206075662214261879e-02 1.000000000000000021e-08 1.018961126053295196e-01 8.563446021690478138e-03
1.000000000000000021e-08 4.256528685056552158e-02 1.000000000000000021e-08 1.382659568009740603e-01 1.000000000000000021e-08
1.000000000000000021e-08 1.095754577172595653e-02 6.644733243360056996e-02 1.029295418857618799e-01 1.000000000000000021e-08
1.000000000000000021e-08 1.000000000000000021e-08 1.176853924720090289e-01 3.942925227009556194e-02 1.000000000000000021e-08
1.117980157526957162e-03 1.000000000000000021e-08 1.146021774705802271e-01 1.000000000000000021e-08 1.000000000000000021e-08
6.300400814526588809e-03 1.000000000000000021e-08 7.749541118320206479e-02 1.000000000000000021e-08 1.000000000000000021e-08
6.837372906497778298e-03 1.000000000000000021e-08 3.530447836572616488e-02 1.000000000000000021e-08 1.000000000000000021e-08
2.198760239235027746e-03 1.000000000000000021e-08 8.570739603337084248e-03 1.000000000000000021e-08 1.000000000000000021e-08
1.000000000000000021e-08 6.858253459643057475e-05 3.733913726746871070e-04 1.000000000000000021e-08 2.045539332119522381e-05
1.000000000000000021e-08 1.080188340011940280e-04 1.000000000000000021e-08 4.512506378479692171e-06 1.000000000000000021e-08
0.000000000000000000e+00 -0.000000000000000000e+00 -0.000000000000000000e+00 0.000000000000000000e+00 -0.000000000000000000e+00
0.000000000000000000e+00 -0.000000000000000000e+00 -0.000000000000000000e+00 0.000000000000000000e+00 -0.000000000000000000e+00
0.000000000000000000e+00 -0.000000000000000000e+00 -0.000000000000000000e+00 0.000000000000000000e+00 -0.000000000000000000e+00
1.810720650653481055e-04 1.000000000000000021e-08 3.996201854663533880e-05 1.000000000000000021e-08 1.000000000000000021e-08
2.430076768467730620e-03 1.000000000000000021e-08 9.282701751077012081e-05 8.704271043995836566e-05 1.000000000000000021e-08
1.955433585318387332e-02 1.000000000000000021e-08 5.194104498785984472e-04 1.000000000000000021e-08 1.000000000000000021e-08
7.075273739046697430e-02 1.000000000000000021e-08 1.000000000000000021e-08 1.000000000000000021e-08 1.108984947670368232e-02
1.222183943149869334e-01 1.000000000000000021e-08 1.000000000000000021e-08 1.000000000000000021e-08 5.048746794060149368e-02
1.322423090341331986e-01 1.000000000000000021e-08 1.346862083070711220e-03 1.000000000000000021e-08 8.209716703739146360e-02
1.068077711042145217e-01 1.000000000000000021e-08 1.821386472803885118e-02 1.868098911554622737e-02 9.706331442190899161e-02
6.999205863824571605e-02 1.000000000000000021e-08 2.624184770822273957e-02 3.428450835486614168e-02 1.111868749842203352e-01
4.408485330969683785e-02 1.000000000000000021e-08 2.854939346966624963e-02 3.758288839528771408e-02 1.221239666550830161e-01
4.353191230944902790e-02 1.000000000000000021e-08 2.116394609557088746e-02 2.666920315698559363e-02 1.301091295355126520e-01
6.435093496591397233e-02 1.000000000000000021e-08 5.057611994997732695e-03 1.083174703984196574e-02 1.290002471811182994e-01
9.727522816141086215e-02 1.000000000000000021e-08 1.000000000000000021e-08 1.000000000000000021e-08 1.187354745726871691e-01
1.259910064352775805e-01 2.565668810436476724e-02 1.000000000000000021e-08 1.000000000000000021e-08 9.153616102609075933e-02
1.259665572822339652e-01 5.978994047608858498e-02 1.000000000000000021e-08 2.467671379085977640e-02 4.857085395644037545e-02
8.168787293606198652e-02 7.417268144015139175e-02 1.000000000000000021e-08 7.971230511847746114e-02 1.090544777550798983e-02
1.713585206703435032e-02 6.445595221227179428e-02 1.000000000000000021e-08 1.280484755685494247e-01 1.000000000000000021e-08
1.000000000000000021e-08 3.636914196200401184e-02 4.562666367212031560e-02 1.268623468972548129e-01 1.000000000000000021e-08
1.000000000000000021e-08 1.094158676134525908e-02 1.067412753037130652e-01 7.364510409773289412e-02 1.000000000000000021e-08
1.000000000000000021e-08 2.330746590818184166e-03 1.280121840392320631e-01 1.817744063059461429e-02 1.000000000000000021e-08
3.635242313254089669e-04 2.928670241271433034e-04 1.041252332035344369e-01 1.000000000000000021e-08 1.000000000000000021e-08
4.749969362902688522e-03 2.289101933991743087e-04 6.339771154580865764e-02 1.000000000000000021e-08 1.000000000000000021e-08
3.709965701585622461e-03 5.695825382533933629e-04 2.553729205775958841e-02 1.000000000000000021e-08 1.000000000000000021e-08
1.336036241394730891e-03 1.000000000000000021e-08 5.516761129147877522e-03 1.000000000000000021e-08 1.000000000000000021e-08
1.000000000000000021e-08 4.777879082258154213e-05 2.081257789450202786e-04 1.000000000000000021e-08 3.686092155545915718e-05
1.000000000000000021e-08 1.181052019516950130e-04 1.000000000000000021e-08 1.712505278438696572e-07 1.000000000000000021e-08
2.018756922064857419e-05 2.966578808971022537e-05 1.000000000000000021e-08 1.000000000000000021e-08 1.000000000000000021e-08
0.000000000000000000e+00 -0.000000000000000000e+00 -0.000000000000000000e+00 0.000000000000000000e+00 -0.000000000000000000e+00
0.000000000000000000e+00 -0.000000000000000000e+00 -0.000000000000000000e+00 0.000000000000000000e+00 -0.000000000000000000e+00
4.492151286299900969e-06 1.000000000000000021e-08 8.137950782562727636e-07 1.000000000000000021e-08 1.000000000000000021e-08
1.762067308382103030e-03 1.000000000000000021e-08 1.000000000000000021e-08 1.000000000000000021e-08 1.000000000000000021e-08
1.410621456587670720e-02 1.000000000000000021e-08 7.141619916161552313e-04 1.000000000000000021e-08 1.000000000000000021e-08
5.201655816900315615e-02 3.211321030325710421e-04 1.000000000000000021e-08 1.000000000000000021e-08 1.000000000000000021e-08
1.134292417242781376e-01 7.294279966522605740e-03 1.000000000000000021e-08 1.000000000000000021e-08 1.301216013857112164e-02
1.535004618816935007e-01 1.191967328563536301e-02 1.000000000000000021e-08 1.000000000000000021e-08 3.446917600936640763e-02
1.569611654389740096e-01 7.622139175026185383e-03 1.476145383160393579e-02 9.881879161635626421e-03 5.416590484841073833e-02
1.369322225579961694e-01 1.000000000000000021e-08 3.138253055922104323e-02 3.268178372797401338e-02 7.197406398225787705e-02
1.182098611964552265e-01 1.000000000000000021e-08 3.926237628803352919e-02 4.340332087547033729e-02 8.519339801999391282e-02
1.146000849975197244e-01 1.000000000000000021e-08 3.565308407433179227e-02 4.199480599568264361e-02 9.010601145310588589e-02
1.273552838497188089e-01 3.798495996012843205e-03 2.321381987097440730e-02 3.388088791331557437e-02 8.145799904939775293e-02
1.365430075148120481e-01 2.377947533329123272e-02 5.806461356357590746e-03 3.639017658558147544e-02 6.055898331491804676e-02
1.256362444301147296e-01 4.989243385284460736e-02 1.000000000000000021e-08 5.470920687443477093e-02 3.116008765134325662e-02
8.658949478090843810e-02 7.190743387850417889e-02 1.000000000000000021e-08 8.632691878750702041e-02 2.450202875009812285e-03
2.769756719302349235e-02 7.364038089120890362e-02 2.062247425300394246e-02 1.194553621755062717e-01 1.000000000000000021e-08
1.000000000000000021e-08 5.481159846693126059e-02 6.285307047368433875e-02 1.258496972768165523e-01 1.000000000000000021e-08
1.000000000000000021e-08 2.877666479884767245e-02 1.095113757445727171e-01 8.731911823120322436e-02 1.000000000000000021e-08
1.000000000000000021e-08 1.041040154563996345e-02 1.332497108064166491e-01 3.495528144228625400e-02 1.000000000000000021e-08
1.000000000000000021e-08 3.994702297394760009e-03 1.206519448741043693e-01 1.000000000000000021e-08 1.000000000000000021e-08
1.413339541024527480e-03 2.260879636277346276e-03 8.182806267922566879e-02 1.000000000000000021e-08 1.000000000000000021e-08
2.571996857346747420e-03 1.829813996680749446e-03 4.127178986592711790e-02 1.000000000000000021e-08 1.000000000000000021e-08
1.216497964018672592e-03 1.057755662117752619e-03 1.449644643437636438e-02 1.000000000000000021e-08 1.000000000000000021e-08
1.083686715154540993e-04 9.777521094274455927e-05 2.009003370945173107e-03 1.000000000000000021e-08 7.666350762353648849e-05
1.000000000000000021e-08 6.855233568145003393e-05 1.233803732359584169e-04 1.000000000000000021e-08 3.102460572312396150e-05
1.000000000000000021e-08 9.547471134299076500e-05 1.000000000000000021e-08 3.988473379688505763e-06 1.000000000000000021e-08
0.000000000000000000e+00 -0.000000000000000000e+00 -0.000000000000000000e+00 0.000000000000000000e+00 -0.000000000000000000e+00
0.000000000000000000e+00 -0.000000000000000000e+00 -0.000000000000000000e+00 0.000000000000000000e+00 -0.000000000000000000e+00
0.000000000000000000e+00 -0.000000000000000000e+00 -0.000000000000000000e+00 0.000000000000000000e+00 -0.000000000000000000e+00
0.000000000000000000e+00 -0.000000000000000000e+00 -0.000000000000000000e+00 0.000000000000000000e+00 -0.000000000000000000e+00
4.912634473041005813e-04 2.254516367916499419e-05 1.000000000000000021e-08 1.000000000000000021e-08 1.000000000000000021e-08
7.281718377791505936e-03 1.000000000000000021e-08 4.786762494276655699e-04 1.000000000000000021e-08 1.000000000000000021e-08
2.558503530290340625e-02 3.314620382040554900e-03 1.618937152473140214e-03 1.000000000000000021e-08 1.000000000000000021e-08
6.637500805221613343e-02 1.667470573565574959e-02 1.177595517774533403e-04 1.000000000000000021e-08 1.000000000000000021e-08
1.118297594987407578e-01 3.283984553627625202e-02 1.000000000000000021e-08 1.000000000000000021e-08 1.000000000000000021e-08
1.391120445840502151e-01 4.603737556703939304e-02 7.381679774233116352e-03 4.411973031553469496e-03 1.000000000000000021e-08
1.425562008968461747e-01 4.861095173932514918e-02 2.528407694786869581e-02 2.680708383409001819e-02 5.499583923330518542e-03
1.313371287032894519e-01 4.581456421184403743e-02 4.239303217893097137e-02 4.940741421039791803e-02 1.452568698552983602e-02
1.194273486825341429e-01 4.662794610138011608e-02 5.186974779113103645e-02 6.493925703574172925e-02 1.778256143111887899e-02
1.077241131004084002e-01 5.542970914205697791e-02 5.415492833860265087e-02 7.404470753424113871e-02 1.172799671960097524e-02
8.658783632420517795e-02 6.951273532100374353e-02 5.485866234931949942e-02 8.516988742969312798e-02 1.000000000000000021e-08
5.223571544539157285e-02 8.209681626573314683e-02 5.912278105959219154e-02 9.993909484344012939e-02 1.000000000000000021e-08
7.368546073213673962e-03 8.335642134160735350e-02 7.409403449642221196e-02 1.143454906404815785e-01 1.000000000000000021e-08
1.000000000000000021e-08 6.822179558628027607e-02 9.767338133607676720e-02 1.119168418069239473e-01 1.000000000000000021e-08
1.000000000000000021e-08 4.628270148355009134e-02 1.251081417869294998e-01 7.960778792075633159e-02 1.000000000000000021e-08
1.000000000000000021e-08 2.421419584202747291e-02 1.366886888382664866e-01 3.665460484796099344e-02 1.000000000000000021e-08
1.000000000000000021e-08 1.093179595418433854e-02 1.195393510366540846e-01 1.854478951174957707e-03 1.000000000000000021e-08
1.000000000000000021e-08 6.460583347945149033e-03 8.331372643400337952e-02 1.000000000000000021e-08 1.000000000000000021e-08
1.000000000000000021e-08 3.700604013093922780e-03 4.600393220358958701e-02 1.000000000000000021e-08 1.000000000000000021e-08
2.200624689769278841e-04 2.326349442039712251e-03 2.054169649913484275e-02 1.000000000000000021e-08 1.000000000000000021e-08
1.000000000000000021e-08 1.077142358369044409e-03 5.807906351833323592e-03 1.000000000000000021e-08 8.835716525694421828e-05
1.000000000000000021e-08 1.604322136623053893e-04 5.652228676963700401e-04 1.000000000000000021e-08 1.246682250432310727e-04
1.000000000000000021e-08 4.851787250183074300e-05 1.265193405942923116e-04 1.000000000000000021e-08 3.627522493926523347e-05
1.000000000000000021e-08 5.575165625868064489e-06 1.000000000000000021e-08 2.329035550183044938e-07 1.000000000000000021e-08
0.000000000000000000e+00 -0.000000000000000000e+00 -0.000000000000000000e+00 0.000000000000000000e+00 -0.000000000000000000e+00
0.000000000000000000e+00 -0.000000000000000000e+00 -0.000000000000000000e+00 0.000000000000000000e+00 -0.000000000000000000e+00
0.000000000000000000e+00 -0.000000000000000000e+00 -0.000000000000000000e+00 0.000000000000000000e+00 -0.000000000000000000e+00
1.000000000000000021e-08 4.377321488591860482e-05 1.000000000000000021e-08 1.929258925316908687e-05 1.000000000000000021e-08
1.000000000000000021e-08 1.288429792634361256e-04 1.584068242405299758e-05 1.940812778605457436e-04 1.000000000000000021e-08
2.713793947556043980e-03 2.421655823386270774e-04 1.000000000000000021e-08 1.000000000000000021e-08 1.000000000000000021e-08
8.827361506734512572e-03 3.225272345037984243e-03 4.003330099021035009e-04 1.000000000000000021e-08 1.000000000000000021e-08
2.272192841172103808e-02 1.537137489190736755e-02 1.000000000000000021e-08 1.000000000000000021e-08 1.000000000000000021e-08
4.505500843555727830e-02 3.529523918322790416e-02 1.000000000000000021e-08 1.000000000000000021e-08 1.000000000000000021e-08
6.612173627298355283e-02 6.005413084849903910e-02 2.099650645059162549e-03 1.207712815541122156e-03 1.000000000000000021e-08
7.506457140569260111e-02 8.093226308021599091e-02 9.871900473881898425e-03 1.734823582370709910e-02 1.000000000000000021e-08
7.124674988167135903e-02 9.335262898357363226e-02 2.643870622449046373e-02 3.943207517930186895e-02 1.000000000000000021e-08
5.247806396051014899e-02 9.996478898753873021e-02 4.587891641080489580e-02 6.211716815997177232e-02 1.000000000000000021e-08
2.670817842304780074e-02 1.042664321140084477e-01 6.398321064724930840e-02 8.032795816134251365e-02 1.000000000000000021e-08
1.000000000000000021e-08 1.030455865639259283e-01 8.009696704540603118e-02 9.047591112418848502e-02 1.000000000000000021e-08
1.000000000000000021e-08 9.569366139495003032e-02 9.500336675088540128e-02 9.143202728611470043e-02 1.000000000000000021e-08
1.000000000000000021e-08 7.966080205432908568e-02 1.104383867334967489e-01 7.901762180038146566e-02 1.000000000000000021e-08
1.000000000000000021e-08 5.596783980004182285e-02 1.208491867841072903e-01 5.357627448628208416e-02 1.000000000000000021e-08
1.000000000000000021e-08 3.485087395480528094e-02 1.148156457695543586e-01 2.297372672579112499e-02 1.000000000000000021e-08
1.000000000000000021e-08 2.010348334768854994e-02 9.254776687836505089e-02 1.000000000000000021e-08 1.000000000000000021e-08
1.000000000000000021e-08 1.054322890528668240e-02 6.437869729864763302e-02 1.000000000000000021e-08 1.000000000000000021e-08
1.000000000000000021e-08 5.768151119236049860e-03 3.744499237397735242e-02 1.000000000000000021e-08 1.000000000000000021e-08
1.000000000000000021e-08 3.010351890442738727e-03 1.697434502265855738e-02 1.000000000000000021e-08 1.000000000000000021e-08
1.000000000000000021e-08 1.335526920204383253e-03 6.167520815536771915e-03 1.000000000000000021e-08 1.242122898077881014e-04
1.000000000000000021e-08 5.500661716311018969e-04 1.533499455409491168e-03 1.000000000000000021e-08 9.571040606376432253e-05
1.000000000000000021e-08 2.457122641640113389e-04 2.670550671697986237e-04 1.000000000000000021e-08 9.564986461004704231e-05
1.000000000000000021e-08 3.247259183193369742e-05 8.467829882295179367e-05 1.000000000000000021e-08 2.427869385698848057e-05
0.000000000000000000e+00 -0.000000000000000000e+00 -0.000000000000000000e+00 0.000000000000000000e+00 -0.000000000000000000e+00
0.000000000000000000e+00 -0.000000000000000000e+00 -0.000000000000000000e+00 0.000000000000000000e+00 -0.000000000000000000e+00
0.000000000000000000e+00 -0.000000000000000000e+00 -0.000000000000000000e+00 0.000000000000000000e+00 -0.000000000000000000e+00
0.000000000000000000e+00 -0.000000000000000000e+00 -0.000000000000000000e+00 0.000000000000000000e+00 -0.000000000000000000e+00
0.000000000000000000e+00 -0.000000000000000000e+00 -0.000000000000000000e+00 0.000000000000000000e+00 -0.000000000000000000e+00
1.000000000000000021e-08 3.949593078903705315e-05 2.149496072221111938e-04 1.000000000000000021e-08 1.000000000000000021e-08
2.266311431057963432e-04 1.000000000000000021e-08 1.000000000000000021e-08 3.370434763669846821e-04 1.000000000000000021e-08
1.056928015867590392e-03 1.057040883041059738e-03 5.360360453588706330e-05 3.535772275871937667e-04 1.000000000000000021e-08
2.866759619214810477e-03 6.785979620026904094e-03 1.000000000000000021e-08 1.691235815370359472e-04 1.000000000000000021e-08
7.266835559043161724e-03 1.956717498109498965e-02 1.000000000000000021e-08 1.000000000000000021e-08 1.000000000000000021e-08
1.052587177299646980e-02 3.959352204602013814e-02 1.000000000000000021e-08 1.000000000000000021e-08 1.000000000000000021e-08
9.965350605635567294e-03 6.303607105700224922e-02 1.208901174936111026e-03 3.029825946433004763e-03 1.000000000000000021e-08
4.361524456813451085e-03 8.301290586541182348e-02 7.215507081232861060e-03 1.015227000480892205e-02 1.000000000000000021e-08
1.000000000000000021e-08 9.658356453822639076e-02 1.801905712308208771e-02 1.983129529495812615e-02 1.000000000000000021e-08
1.000000000000000021e-08 1.003846249430044302e-01 3.261356885427570823e-02 2.861366740469245551e-02 1.000000000000000021e-08
1.000000000000000021e-08 9.293031533172060876e-02 4.707861401866062639e-02 3.110354628506047797e-02 1.000000000000000021e-08
1.000000000000000021e-08 7.607464742837177774e-02 5.815806226087868319e-02 2.544201462435176711e-02 1.000000000000000021e-08
1.000000000000000021e-08 5.390087561828464657e-02 6.356409138447031981e-02 1.344738476613560954e-02 1.000000000000000021e-08
1.000000000000000021e-08 3.360932481068315547e-02 5.802008293923651555e-02 1.867614038748573223e-03 1.000000000000000021e-08
1.000000000000000021e-08 2.021368036683911587e-02 4.532618981842877898e-02 1.000000000000000021e-08 1.000000000000000021e-08
1.000000000000000021e-08 1.083514640425830948e-02 3.088293905431314240e-02 1.000000000000000021e-08 1.000000000000000021e-08
1.000000000000000021e-08 5.408762246861133216e-03 1.885162170244265162e-02 1.000000000000000021e-08 2.266564901108457267e-04
1.000000000000000021e-08 2.936968396034038767e-03 9.277414349141224065e-03 1.000000000000000021e-08 3.569436305270327404e-04
1.000000000000000021e-08 1.468201945051587042e-03 4.081489669356201319e-03 1.000000000000000021e-08 3.141239843962761102e-04
1.000000000000000021e-08 7.048373170538945734e-04 1.482324465388772800e-03 1.000000000000000021e-08 1.017563362047530222e-04
1.000000000000000021e-08 4.034022201811888445e-04 5.924099909247042836e-04 1.000000000000000021e-08 8.153051121283650792e-05
1.000000000000000021e-08 2.154599694494482203e-04 1.896894468674276569e-04 1.000000000000000021e-08 7.891445605447426539e-05
0.000000000000000000e+00 -0.000000000000000000e+00 -0.000000000000000000e+00 0.000000000000000000e+00 -0.000000000000000000e+00
0.000000000000000000e+00 -0.000000000000000000e+00 -0.000000000000000000e+00 0.000000000000000000e+00 -0.000000000000000000e+00
0.000000000000000000e+00 -0.000000000000000000e+00 -0.000000000000000000e+00 0.000000000000000000e+00 -0.000000000000000000e+00
0.000000000000000000e+00 -0.000000000000000000e+00 -0.000000000000000000e+00 0.000000000000000000e+00 -0.000000000000000000e+00
0.000000000000000000e+00 -0.000000000000000000e+00 -0.000000000000000000e+00 0.000000000000000000e+00 -0.000000000000000000e+00
0.000000000000000000e+00 -0.000000000000000000e+00 -0.000000000000000000e+00 0.000000000000000000e+00 -0.000000000000000000e+00
1.000000000000000021e-08 5.206796163186188953e-05 2.376983209304544935e-04 1.000000000000000021e-08 1.000000000000000021e-08
1.000000000000000021e-08 1.864067624989065072e-04 2.853327369508219390e-04 1.000000000000000021e-08 1.000000000000000021e-08
9.521729101172422276e-06 2.349759462113224894e-04 2.345014688122727176e-04 1.000000000000000021e-08 1.804044608642900587e-05
1.000000000000000021e-08 1.593737145295105609e-03 1.710147650397770929e-04 1.000000000000000021e-08 1.075743561718077288e-04
1.000000000000000021e-08 4.955198902456200115e-03 1.000000000000000021e-08 1.000000000000000021e-08 2.306759422963400329e-04
1.000000000000000021e-08 1.098666006015095765e-02 1.000000000000000021e-08 1.000000000000000021e-08 5.250318555659991455e-04
1.000000000000000021e-08 1.743558285545794909e-02 1.000000000000000021e-08 1.000000000000000021e-08 6.115004127890525699e-04
1.000000000000000021e-08 2.428230484916933316e-02 2.716812742887608290e-04 1.000000000000000021e-08 1.911957901120956110e-05
1.000000000000000021e-08 2.862460998032183984e-02 1.683935300456493572e-03 1.000000000000000021e-08 1.000000000000000021e-08
1.000000000000000021e-08 2.902013800065419633e-02 3.812203642798167244e-03 1.000000000000000021e-08 1.000000000000000021e-08
1.000000000000000021e-08 2.585238780674111586e-02 6.631891037141379383e-03 1.000000000000000021e-08 1.000000000000000021e-08
1.000000000000000021e-08 1.901486147051850012e-02 7.939453099409120654e-03 1.000000000000000021e-08 1.000000000000000021e-08
1.000000000000000021e-08 1.274283997821170494e-02 8.651481867141543394e-03 1.000000000000000021e-08 1.088591392658349032e-04
1.000000000000000021e-08 8.252487670090246502e-03 7.736459088478623083e-03 1.000000000000000021e-08 6.510243496859139528e-04
1.000000000000000021e-08 5.798001911369065828e-03 5.919047901993775007e-03 1.000000000000000021e-08 6.656568095337965897e-04
1.000000000000000021e-08 3.164777101747791744e-03 3.638477320793495704e-03 1.000000000000000021e-08 6.407597972179498265e-04
1.000000000000000021e-08 1.285468891657683349e-03 1.953190340826064467e-03 1.000000000000000021e-08 4.063287960808146214e-04
1.000000000000000021e-08 3.416529865744829305e-04 7.078674397596247019e-04 1.000000000000000021e-08 1.971436435351491532e-04
1.000000000000000021e-08 1.923648323202221467e-04 4.541046651330090419e-04 1.000000000000000021e-08 7.888646534869645616e-05
1.000000000000000021e-08 2.733350868185238170e-04 5.041140647198208164e-04 1.000000000000000021e-08 2.443963945079071661e-05
1.000000000000000021e-08 2.397740441989771589e-04 3.321616278986814336e-04 1.000000000000000021e-08 6.948366871790701569e-05
1.000000000000000021e-08 1.886969699542513006e-04 1.416633293355481333e-04 1.000000000000000021e-08 5.120856252366580614e-05
0.000000000000000000e+00 -0.000000000000000000e+00 -0.000000000000000000e+00 0.000000000000000000e+00 -0.000000000000000000e+00
0.000000000000000000e+00 -0.000000000000000000e+00 -0.000000000000000000e+00 0.000000000000000000e+00 -0.000000000000000000e+00
0.000000000000000000e+00 -0.000000000000000000e+00 -0.000000000000000000e+00 0.000000000000000000e+00 -0.000000000000000000e+00
0.000000000000000000e+00 -0.000000000000000000e+00 -0.000000000000000000e+00 0.000000000000000000e+00 -0.000000000000000000e+00
0.000000000000000000e+00 -0.000000000000000000e+00 -0.000000000000000000e+00 0.000000000000000000e+00 -0.000000000000000000e+00
0.000000000000000000e+00 -0.000000000000000000e+00 -0.000000000000000000e+00 0.000000000000000000e+00 -0.000000000000000000e+00
0.000000000000000000e+00 -0.000000000000000000e+00 -0.000000000000000000e+00 0.000000000000000000e+00 -0.000000000000000000e+00
0.000000000000000000e+00 -0.000000000000000000e+00 -0.000000000000000000e+00 0.000000000000000000e+00 -0.000000000000000000e+00
0.000000000000000000e+00 -0.000000000000000000e+00 -0.000000000000000000e+00 0.000000000000000000e+00 -0.000000000000000000e+00
1.000000000000000021e-08 1.052327639390584135e-04 1.000000000000000021e-08 1.000000000000000021e-08 5.548109064637995520e-05
1.000000000000000021e-08 1.052327639390584135e-04 1.000000000000000021e-08 1.000000000000000021e-08 5.548109064637995520e-05
1.000000000000000021e-08 3.085183685284304585e-04 1.000000000000000021e-08 1.000000000000000021e-08 2.048856589809504021e-04
1.000000000000000021e-08 6.271324588709029438e-04 1.000000000000000021e-08 1.000000000000000021e-08 6.055361806796518472e-04
1.000000000000000021e-08 1.194386058843498405e-03 1.000000000000000021e-08 1.000000000000000021e-08 5.732451952604856278e-04
1.000000000000000021e-08 1.347953155859682841e-03 3.847879014003450322e-05 1.000000000000000021e-08 5.780678788754454360e-04
1.000000000000000021e-08 1.454030328588576306e-03 1.000000000000000021e-08 1.000000000000000021e-08 6.742758076329808965e-04
1.000000000000000021e-08 1.182463309435803937e-03 1.296549454835002103e-04 1.000000000000000021e-08 7.802987907856791423e-04
1.000000000000000021e-08 8.162442135877630766e-04 1.704506842534371373e-04 1.000000000000000021e-08 7.386336416600092387e-04
1.000000000000000021e-08 1.056640625854161865e-03 3.840413428659691822e-04 1.000000000000000021e-08 7.900894940964510406e-04
1.000000000000000021e-08 8.982347945708737567e-04 3.503875426648990921e-04 1.000000000000000021e-08 5.676409912378997105e-04
1.000000000000000021e-08 6.900232101832334515e-04 3.924615964995705310e-04 1.000000000000000021e-08 3.801351693036462216e-04
1.000000000000000021e-08 3.765298503692191185e-04 3.316613648511582049e-04 1.000000000000000021e-08 2.257506460955749209e-04
1.000000000000000021e-08 1.268433818833102848e-04 2.595513510771645820e-04 1.000000000000000021e-08 1.602781049609527432e-04
1.000000000000000021e-08 1.022128409222763012e-04 2.628440223247543290e-04 1.000000000000000021e-08 1.286060093289365168e-04
1.000000000000000021e-08 6.268636331118979685e-05 1.785052513807220374e-04 3.751754155237041884e-05 3.004496413986434963e-05
1.000000000000000021e-08 1.628245898967303179e-05 6.906891708708621375e-05 1.712839439207037591e-05 1.236424375749106517e-05
1.000000000000000021e-08 3.069952665540629013e-07 1.878302661560065062e-06 4.756898698910312212e-07 4.009337120678207067e-07
0.000000000000000000e+00 -0.000000000000000000e+00 -0.000000000000000000e+00 0.000000000000000000e+00 -0.000000000000000000e+00
0.000000000000000000e+00 -0.000000000000000000e+00 -0.000000000000000000e+00 0.000000000000000000e+00 -0.000000000000000000e+00
0.000000000000000000e+00 -0.000000000000000000e+00 -0.000000000000000000e+00 0.000000000000000000e+00 -0.000000000000000000e+00
0.000000000000000000e+00 -0.000000000000000000e+00 -0.000000000000000000e+00 0.000000000000000000e+00 -0.000000000000000000e+00
0.000000000000000000e+00 -0.000000000000000000e+00 -0.000000000000000000e+00 0.000000000000000000e+00 -0.000000000000000000e+00
0.000000000000000000e+00 -0.000000000000000000e+00 -0.000000000000000000e+00 0.000000000000000000e+00 -0.000000000000000000e+00
0.000000000000000000e+00 -0.000000000000000000e+00 -0.000000000000000000e+00 0.000000000000000000e+00 -0.000000000000000000e+00
0.000000000000000000e+00 -0.000000000000000000e+00 -0.000000000000000000e+00 0.000000000000000000e+00 -0.000000000000000000e+00
0.000000000000000000e+00 -0.000000000000000000e+00 -0.000000000000000000e+00 0.000000000000000000e+00 -0.000000000000000000e+00
0.000000000000000000e+00 -0.000000000000000000e+00 -0.000000000000000000e+00 0.000000000000000000e+00 -0.000000000000000000e+00
0.000000000000000000e+00 -0.000000000000000000e+00 -0.000000000000000000e+00 0.000000000000000000e+00 -0.000000000000000000e+00
0.000000000000000000e+00 -0.000000000000000000e+00 -0.000000000000000000e+00 0.000000000000000000e+00 -0.000000000000000000e+00
0.000000000000000000e+00 -0.000000000000000000e+00 -0.000000000000000000e+00 0.000000000000000000e+00 -0.000000000000000000e+00
0.000000000000000000e+00 -0.000000000000000000e+00 -0.000000000000000000e+00 0.000000000000000000e+00 -0.000000000000000000e+00
0.000000000000000000e+00 -0.000000000000000000e+00 -0.000000000000000000e+00 0.000000000000000000e+00 -0.000000000000000000e+00
0.000000000000000000e+00 -0.000000000000000000e+00 -0.000000000000000000e+00 0.000000000000000000e+00 -0.000000000000000000e+00
0.000000000000000000e+00 -0.000000000000000000e+00 -0.000000000000000000e+00 0.000000000000000000e+00 -0.000000000000000000e+00
0.000000000000000000e+00 -0.000000000000000000e+00 -0.000000000000000000e+00 0.000000000000000000e+00 -0.000000000000000000e+00
0.000000000000000000e+00 -0.000000000000000000e+00 -0.000000000000000000e+00 0.000000000000000000e+00 -0.000000000000000000e+00
0.000000000000000000e+00 -0.000000000000000000e+00 -0.000000000000000000e+00 0.000000000000000000e+00 -0.000000000000000000e+00
0.000000000000000000e+00 -0.000000000000000000e+00 -0.000000000000000000e+00 0.000000000000000000e+00 -0.000000000000000000e+00
0.000000000000000000e+00 -0.000000000000000000e+00 -0.000000000000000000e+00 0.000000000000000000e+00 -0.000000000000000000e+00
0.000000000000000000e+00 -0.000000000000000000e+00 -0.000000000000000000e+00 0.000000000000000000e+00 -0.000000000000000000e+00
0.000000000000000000e+00 -0.000000000000000000e+00 -0.000000000000000000e+00 0.000000000000000000e+00 -0.000000000000000000e+00
0.000000000000000000e+00 -0.000000000000000000e+00 -0.000000000000000000e+00 0.000000000000000000e+00 -0.000000000000000000e+00
0.000000000000000000e+00 -0.000000000000000000e+00 -0.000000000000000000e+00 0.000000000000000000e+00 -0.000000000000000000e+00
0.000000000000000000e+00 -0.000000000000000000e+00 -0.000000000000000000e+00 0.000000000000000000e+00 -0.000000000000000000e+00
0.000000000000000000e+00 -0.000000000000000000e+00 -0.000000000000000000e+00 0.000000000000000000e+00 -0.000000000000000000e+00
0.000000000000000000e+00 -0.000000000000000000e+00 -0.000000000000000000e+00 0.000000000000000000e+00 -0.000000000000000000e+00
0.000000000000000000e+00 -0.000000000000000000e+00 -0.000000000000000000e+00 0.000000000000000000e+00 -0.000000000000000000e+00
0.000000000000000000e+00 -0.000000000000000000e+00 -0.000000000000000000e+00 0.000000000000000000e+00 -0.000000000000000000e+00
0.000000000000000000e+00 -0.000000000000000000e+00 -0.000000000000000000e+00 0.000000000000000000e+00 -0.000000000000000000e+00
