0.000000000000000000e+00 0.000000000000000000e+00 -0.000000000000000000e+00 -0.000000000000000000e+00 0.000000000000000000e+00
0.000000000000000000e+00 0.000000000000000000e+00 -0.000000000000000000e+00 -0.000000000000000000e+00 0.000000000000000000e+00
0.000000000000000000e+00 0.000000000000000000e+00 -0.000000000000000000e+00 -0.000000000000000000e+00 0.000000000000000000e+00
0.000000000000000000e+00 0.000000000000000000e+00 -0.000000000000000000e+00 -0.000000000000000000e+00 0.000000000000000000e+00
0.000000000000000000e+00 0.000000000000000000e+00 -0.000000000000000000e+00 -0.000000000000000000e+00 0.000000000000000000e+00
0.000000000000000000e+00 0.000000000000000000e+00 -0.000000000000000000e+00 -0.000000000000000000e+00 0.000000000000000000e+00
0.000000000000000000e+00 0.000000000000000000e+00 -0.000000000000000000e+00 -0.000000000000000000e+00 0.000000000000000000e+00
0.000000000000000000e+00 0.000000000000000000e+00 -0.000000000000000000e+00 -0.000000000000000000e+00 0.000000000000000000e+00
0.000000000000000000e+00 0.000000000000000000e+00 -0.000000000000000000e+00 -0.000000000000000000e+00 0.000000000000000000e+00
0.000000000000000000e+00 0.000000000000000000e+00 -0.000000000000000000e+00 -0.000000000000000000e+00 0.000000000000000000e+00
0.000000000000000000e+00 0.000000000000000000e+00 -0.000000000000000000e+00 -0.000000000000000000e+00 0.000000000000000000e+00
0.000000000000000000e+00 0.000000000000000000e+00 -0.000000000000000000e+00 -0.000000000000000000e+00 0.000000000000000000e+00
0.000000000000000000e+00 0.000000000000000000e+00 -0.000000000000000000e+00 -0.000000000000000000e+00 0.000000000000000000e+00
0.000000000000000000e+00 0.000000000000000000e+00 -0.000000000000000000e+00 -0.000000000000000000e+00 0.000000000000000000e+00
0.000000000000000000e+00 0.000000000000000000e+00 -0.000000000000000000e+00 -0.000000000000000000e+00 0.000000000000000000e+00
0.000000000000000000e+00 0.000000000000000000e+00 -0.000000000000000000e+00 -0.000000000000000000e+00 0.000000000000000000e+00
0.000000000000000000e+00 0.000000000000000000e+00 -0.000000000000000000e+00 -0.000000000000000000e+00 0.000000000000000000e+00
0.000000000000000000e+00 0.000000000000000000e+00 -0.000000000000000000e+00 -0.000000000000000000e+00 0.000000000000000000e+00
0.000000000000000000e+00 0.000000000000000000e+00 -0.000000000000000000e+00 -0.000000000000000000e+00 0.000000000000000000e+00
0.000000000000000000e+00 0.000000000000000000e+00 -0.000000000000000000e+00 -0.000000000000000000e+00 0.000000000000000000e+00
0.000000000000000000e+00 0.000000000000000000e+00 -0.000000000000000000e+00 -0.000000000000000000e+00 0.000000000000000000e+00
0.000000000000000000e+00 0.000000000000000000e+00 -0.000000000000000000e+00 -0.000000000000000000e+00 0.000000000000000000e+00
0.000000000000000000e+00 0.000000000000000000e+00 -0.000000000000000000e+00 -0.000000000000000000e+00 0.000000000000000000e+00
0.000000000000000000e+00 0.000000000000000000e+00 -0.000000000000000000e+00 -0.000000000000000000e+00 0.000000000000000000e+00
0.000000000000000000e+00 0.000000000000000000e+00 -0.000000000000000000e+00 -0.000000000000000000e+00 0.000000000000000000e+00
0.000000000000000000e+00 0.000000000000000000e+00 -0.000000000000000000e+00 -0.000000000000000000e+00 0.000000000000000000e+00
0.000000000000000000e+00 0.000000000000000000e+00 -0.000000000000000000e+00 -0.000000000000000000e+00 0.000000000000000000e+00
0.000000000000000000e+00 0.000000000000000000e+00 -0.000000000000000000e+00 -0.000000000000000000e+00 0.000000000000000000e+00
0.000000000000000000e+00 0.000000000000000000e+00 -0.000000000000000000e+00 -0.000000000000000000e+00 0.000000000000000000e+00
0.000000000000000000e+00 0.000000000000000000e+00 -0.000000000000000000e+00 -0.000000000000000000e+00 0.000000000000000000e+00
0.000000000000000000e+00 0.000000000000000000e+00 -0.000000000000000000e+00 -0.000000000000000000e+00 0.000000000000000000e+00
0.000000000000000000e+00 0.000000000000000000e+00 -0.000000000000000000e+00 -0.000000000000000000e+00 0.000000000000000000e+00
0.000000000000000000e+00 0.000000000000000000e+00 -0.000000000000000000e+00 -0.000000000000000000e+00 0.000000000000000000e+00
0.000000000000000000e+00 0.000000000000000000e+00 -0.000000000000000000e+00 -0.000000000000000000e+00 0.000000000000000000e+00
0.000000000000000000e+00 0.000000000000000000e+00 -0.000000000000000000e+00 -0.000000000000000000e+00 0.000000000000000000e+00
0.000000000000000000e+00 0.000000000000000000e+00 -0.000000000000000000e+00 -0.000000000000000000e+00 0.000000000000000000e+00
0.000000000000000000e+00 0.000000000000000000e+00 -0.000000000000000000e+00 -0.000000000000000000e+00 0.000000000000000000e+00
0.000000000000000000e+00 0.000000000000000000e+00 -0.000000000000000000e+00 -0.000000000000000000e+00 0.000000000000000000e+00
0.000000000000000000e+00 0.000000000000000000e+00 -0.000000000000000000e+00 -0.000000000000000000e+00 0.000000000000000000e+00
0.000000000000000000e+00 0.000000000000000000e+00 -0.000000000000000000e+00 -0.000000000000000000e+00 0.000000000000000000e+00
0.000000000000000000e+00 0.000000000000000000e+00 -0.000000000000000000e+00 -0.000000000000000000e+00 0.000000000000000000e+00
0.000000000000000000e+00 0.000000000000000000e+00 -0.000000000000000000e+00 -0.000000000000000000e+00 0.000000000000000000e+00
0.000000000000000000e+00 0.000000000000000000e+00 -0.000000000000000000e+00 -0.000000000000000000e+00 0.000000000000000000e+00
0.000000000000000000e+00 0.000000000000000000e+00 -0.000000000000000000e+00 -0.000000000000000000e+00 0.000000000000000000e+00
0.000000000000000000e+00 0.000000000000000000e+00 -0.000000000000000000e+00 -0.000000000000000000e+00 0.000000000000000000e+00
0.000000000000000000e+00 0.000000000000000000e+00 -0.000000000000000000e+00 -0.000000000000000000e+00 0.000000000000000000e+00
0.000000000000000000e+00 0.000000000000000000e+00 -0.000000000000000000e+00 -0.000000000000000000e+00 0.000000000000000000e+00
0.000000000000000000e+00 0.000000000000000000e+00 -0.000000000000000000e+00 -0.000000000000000000e+00 0.000000000000000000e+00
0.000000000000000000e+00 0.000000000000000000e+00 -0.000000000000000000e+00 -0.000000000000000000e+00 0.000000000000000000e+00
0.000000000000000000e+00 0.000000000000000000e+00 -0.000000000000000000e+00 -0.000000000000000000e+00 0.000000000000000000e+00
0.000000000000000000e+00 0.000000000000000000e+00 -0.000000000000000000e+00 -0.000000000000000000e+00 0.000000000000000000e+00
0.000000000000000000e+00 0.000000000000000000e+00 -0.000000000000000000e+00 -0.000000000000000000e+00 0.000000000000000000e+00
0.000000000000000000e+00 0.000000000000000000e+00 -0.000000000000000000e+00 -0.000000000000000000e+00 0.000000000000000000e+00
0.000000000000000000e+00 0.000000000000000000e+00 -0.000000000000000000e+00 -0.000000000000000000e+00 0.000000000000000000e+00
0.000000000000000000e+00 0.000000000000000000e+00 -0.000000000000000000e+00 -0.000000000000000000e+00 0.000000000000000000e+00
0.000000000000000000e+00 0.000000000000000000e+00 -0.000000000000000000e+00 -0.000000000000000000e+00 0.000000000000000000e+00
0.000000000000000000e+00 0.000000000000000000e+00 -0.000000000000000000e+00 -0.000000000000000000e+00 0.000000000000000000e+00
0.000000000000000000e+00 0.000000000000000000e+00 -0.000000000000000000e+00 -0.000000000000000000e+00 0.000000000000000000e+00
0.000000000000000000e+00 0.000000000000000000e+00 -0.000000000000000000e+00 -0.000000000000000000e+00 0.000000000000000000e+00
0.000000000000000000e+00 0.000000000000000000e+00 -0.000000000000000000e+00 -0.000000000000000000e+00 0.000000000000000000e+00
0.000000000000000000e+00 0.000000000000000000e+00 -0.000000000000000000e+00 -0.000000000000000000e+00 0.000000000000000000e+00
0.000000000000000000e+00 0.000000000000000000e+00 -0.000000000000000000e+00 -0.000000000000000000e+00 0.000000000000000000e+00
0.000000000000000000e+00 0.000000000000000000e+00 -0.000000000000000000e+00 -0.000000000000000000e+00 0.000000000000000000e+00
0.000000000000000000e+00 0.000000000000000000e+00 -0.000000000000000000e+00 -0.000000000000000000e+00 0.000000000000000000e+00
0.000000000000000000e+00 0.000000000000000000e+00 -0.000000000000000000e+00 -0.000000000000000000e+00 0.000000000000000000e+00
0.000000000000000000e+00 0.000000000000000000e+00 -0.000000000000000000e+00 -0.000000000000000000e+00 0.000000000000000000e+00
0.000000000000000000e+00 0.000000000000000000e+00 -0.000000000000000000e+00 -0.000000000000000000e+00 0.000000000000000000e+00
0.000000000000000000e+00 0.000000000000000000e+00 -0.000000000000000000e+00 -0.000000000000000000e+00 0.000000000000000000e+00
0.000000000000000000e+00 0.000000000000000000e+00 -0.000000000000000000e+00 -0.000000000000000000e+00 0.000000000000000000e+00
0.000000000000000000e+00 0.000000000000000000e+00 -0.000000000000000000e+00 -0.000000000000000000e+00 0.000000000000000000e+00
0.000000000000000000e+00 0.000000000000000000e+00 -0.000000000000000000e+00 -0.000000000000000000e+00 0.000000000000000000e+00
0.000000000000000000e+00 0.000000000000000000e+00 -0.000000000000000000e+00 -0.000000000000000000e+00 0.000000000000000000e+00
0.000000000000000000e+00 0.000000000000000000e+00 -0.000000000000000000e+00 -0.000000000000000000e+00 0.000000000000000000e+00
0.000000000000000000e+00 0.000000000000000000e+00 -0.000000000000000000e+00 -0.000000000000000000e+00 0.000000000000000000e+00
0.000000000000000000e+00 0.000000000000000000e+00 -0.000000000000000000e+00 -0.000000000000000000e+00 0.000000000000000000e+00
0.000000000000000000e+00 0.000000000000000000e+00 -0.000000000000000000e+00 -0.000000000000000000e+00 0.000000000000000000e+00
0.000000000000000000e+00 0.000000000000000000e+00 -0.000000000000000000e+00 -0.000000000000000000e+00 0.000000000000000000e+00
0.000000000000000000e+00 0.000000000000000000e+00 -0.000000000000000000e+00 -0.000000000000000000e+00 0.000000000000000000e+00
0.000000000000000000e+00 0.000000000000000000e+00 -0.000000000000000000e+00 -0.000000000000000000e+00 0.000000000000000000e+00
0.000000000000000000e+00 0.000000000000000000e+00 -0.000000000000000000e+00 -0.000000000000000000e+00 0.000000000000000000e+00
0.000000000000000000e+00 0.000000000000000000e+00 -0.000000000000000000e+00 -0.000000000000000000e+00 0.000000000000000000e+00
0.000000000000000000e+00 0.000000000000000000e+00 -0.000000000000000000e+00 -0.000000000000000000e+00 0.000000000000000000e+00
0.000000000000000000e+00 0.000000000000000000e+00 -0.000000000000000000e+00 -0.000000000000000000e+00 0.000000000000000000e+00
0.000000000000000000e+00 0.000000000000000000e+00 -0.000000000000000000e+00 -0.000000000000000000e+00 0.000000000000000000e+00
0.000000000000000000e+00 0.000000000000000000e+00 -0.000000000000000000e+00 -0.000000000000000000e+00 0.000000000000000000e+00
0.000000000000000000e+00 0.000000000000000000e+00 -0.000000000000000000e+00 -0.000000000000000000e+00 0.000000000000000000e+00
0.000000000000000000e+00 0.000000000000000000e+00 -0.000000000000000000e+00 -0.000000000000000000e+00 0.000000000000000000e+00
0.000000000000000000e+00 0.000000000000000000e+00 -0.000000000000000000e+00 -0.000000000000000000e+00 0.000000000000000000e+00
0.000000000000000000e+00 0.000000000000000000e+00 -0.000000000000000000e+00 -0.000000000000000000e+00 0.000000000000000000e+00
0.000000000000000000e+00 0.000000000000000000e+00 -0.000000000000000000e+00 -0.000000000000000000e+00 0.000000000000000000e+00
0.000000000000000000e+00 0.000000000000000000e+00 -0.000000000000000000e+00 -0.000000000000000000e+00 0.000000000000000000e+00
0.000000000000000000e+00 0.000000000000000000e+00 -0.000000000000000000e+00 -0.000000000000000000e+00 0.000000000000000000e+00
0.000000000000000000e+00 0.000000000000000000e+00 -0.000000000000000000e+00 -0.000000000000000000e+00 0.000000000000000000e+00
0.000000000000000000e+00 0.000000000000000000e+00 -0.000000000000000000e+00 -0.000000000000000000e+00 0.000000000000000000e+00
8.766572918100154477e-05 1.087958944936154938e-04 1.000000000000000021e-08 1.000000000000000021e-08 2.484777440661393969e-05
6.211739667957582613e-05 7.411170604252003379e-04 1.000000000000000021e-08 1.160018731065873575e-04 1.000000000000000021e-08
1.000000000000000021e-08 2.232260045220045390e-03 8.891330994246268021e-05 2.421337484335902841e-04 1.000000000000000021e-08
1.000000000000000021e-08 3.262268862013534797e-03 2.885701002258777106e-04 2.138218496429998886e-04 1.000000000000000021e-08
1.000000000000000021e-08 6.010069402121035950e-03 5.500919599458850996e-04 1.000000000000000021e-08 1.000000000000000021e-08
1.000000000000000021e-08 6.059879058749365402e-03 8.920176284575170866e-04 1.000000000000000021e-08 1.700707756994657366e-04
1.000000000000000021e-08 5.218309769043879762e-03 9.609751077665321150e-04 1.000000000000000021e-08 8.610136121827982603e-04
1.000000000000000021e-08 5.120736993644918814e-03 8.544337549062110387e-04 1.000000000000000021e-08 7.498580316911973576e-04
1.000000000000000021e-08 5.516500913010380543e-03 4.103940902959386555e-04 1.000000000000000021e-08 2.076758201038195911e-04
3.990366909256025445e-05 6.411147904503812847e-03 1.000000000000000021e-08 1.000000000000000021e-08 1.000000000000000021e-08
6.793025797590938235e-04 6.179163822732360208e-03 1.000000000000000021e-08 1.000000000000000021e-08 1.000000000000000021e-08
5.356411246897400903e-04 6.962793450595652044e-03 1.000000000000000021e-08 1.000000000000000021e-08 1.000000000000000021e-08
4.704605149347461206e-04 6.575129742881775062e-03 1.000000000000000021e-08 1.000000000000000021e-08 1.000000000000000021e-08
1.290884436146991721e-05 3.480373571519060089e-03 4.879626126055795873e-05 1.000000000000000021e-08 1.000000000000000021e-08
1.000000000000000021e-08 1.721850026123682023e-03 8.690278443128972925e-05 1.000000000000000021e-08 1.000000000000000021e-08
0.000000000000000000e+00 0.000000000000000000e+00 -0.000000000000000000e+00 -0.000000000000000000e+00 0.000000000000000000e+00
0.000000000000000000e+00 0.000000000000000000e+00 -0.000000000000000000e+00 -0.000000000000000000e+00 0.000000000000000000e+00
0.000000000000000000e+00 0.000000000000000000e+00 -0.000000000000000000e+00 -0.000000000000000000e+00 0.000000000000000000e+00
0.000000000000000000e+00 0.000000000000000000e+00 -0.000000000000000000e+00 -0.000000000000000000e+00 0.000000000000000000e+00
0.000000000000000000e+00 0.000000000000000000e+00 -0.000000000000000000e+00 -0.000000000000000000e+00 0.000000000000000000e+00
0.000000000000000000e+00 0.000000000000000000e+00 -0.000000000000000000e+00 -0.000000000000000000e+00 0.000000000000000000e+00
0.000000000000000000e+00 0.000000000000000000e+00 -0.000000000000000000e+00 -0.000000000000000000e+00 0.000000000000000000e+00
0.000000000000000000e+00 0.000000000000000000e+00 -0.000000000000000000e+00 -0.000000000000000000e+00 0.000000000000000000e+00
0.000000000000000000e+00 0.000000000000000000e+00 -0.000000000000000000e+00 -0.000000000000000000e+00 0.000000000000000000e+00
2.008560293739100182e-05 1.000000000000000021e-08 1.000000000000000021e-08 6.862922577925456872e-04 1.000000000000000021e-08
1.000000000000000021e-08 4.149707200965737118e-05 2.312762785545566244e-05 1.992196137697863859e-03 1.000000000000000021e-08
1.000000000000000021e-08 1.545237374130585322e-03 1.000000000000000021e-08 5.297765866656381495e-03 1.000000000000000021e-08
1.000000000000000021e-08 4.446513785870010588e-03 1.447511706521846682e-05 6.286786839665667662e-03 1.000000000000000021e-08
1.000000000000000021e-08 1.257476037678151477e-02 1.000000000000000021e-08 1.142263155768950995e-02 1.000000000000000021e-08
1.000000000000000021e-08 2.655828927915029197e-02 1.000000000000000021e-08 7.700916370078897573e-03 1.000000000000000021e-08
1.000000000000000021e-08 3.636558198305152312e-02 3.420422424639226128e-05 2.486009393871624080e-03 1.000000000000000021e-08
1.000000000000000021e-08 4.440139894901969086e-02 4.994809137902036155e-04 1.000000000000000021e-08 1.000000000000000021e-08
1.000000000000000021e-08 5.545263859168093890e-02 8.652646301126003638e-04 1.000000000000000021e-08 1.771761453156065359e-03
1.000000000000000021e-08 6.245977980680849501e-02 5.976569703830378246e-04 1.000000000000000021e-08 3.903121625551038334e-03
1.000000000000000021e-08 6.651497013608825837e-02 1.000000000000000021e-08 1.000000000000000021e-08 3.767097505355726083e-03
1.000000000000000021e-08 7.023008921211225386e-02 1.000000000000000021e-08 1.000000000000000021e-08 4.757108100140097946e-03
1.000000000000000021e-08 6.838939485243412941e-02 1.000000000000000021e-08 1.000000000000000021e-08 4.392440041469830234e-03
1.000000000000000021e-08 5.956153856334710922e-02 1.000000000000000021e-08 1.000000000000000021e-08 4.731768861040693518e-03
2.570872727702981295e-03 4.846409475294392866e-02 1.000000000000000021e-08 1.000000000000000021e-08 5.718431669006371516e-03
8.673047326080150429e-03 3.701043079991506168e-02 1.000000000000000021e-08 1.000000000000000021e-08 6.199791783411475951e-03
1.400151239875249871e-02 2.291770821070782116e-02 1.000000000000000021e-08 1.000000000000000021e-08 6.079273056093757732e-03
1.391517349818512626e-02 1.059322814896013557e-02 1.000000000000000021e-08 1.000000000000000021e-08 3.785353148966552183e-03
7.542794929034205703e-03 5.308664067271461236e-03 1.000000000000000021e-08 1.000000000000000021e-08 8.856516487956605285e-04
1.689675101509165948e-03 1.160508323820834495e-03 1.000000000000000021e-08 1.000000000000000021e-08 1.630930718590902168e-04
9.133744226508237158e-06 1.000000000000000021e-08 1.000000000000000021e-08 1.538956141846163764e-05 1.035232589428797266e-05
0.000000000000000000e+00 0.000000000000000000e+00 -0.000000000000000000e+00 -0.000000000000000000e+00 0.000000000000000000e+00
0.000000000000000000e+00 0.000000000000000000e+00 -0.000000000000000000e+00 -0.000000000000000000e+00 0.000000000000000000e+00
0.000000000000000000e+00 0.000000000000000000e+00 -0.000000000000000000e+00 -0.000000000000000000e+00 0.000000000000000000e+00
0.000000000000000000e+00 0.000000000000000000e+00 -0.000000000000000000e+00 -0.000000000000000000e+00 0.000000000000000000e+00
0.000000000000000000e+00 0.000000000000000000e+00 -0.000000000000000000e+00 -0.000000000000000000e+00 0.000000000000000000e+00
5.584369256854193809e-05 1.000000000000000021e-08 1.000000000000000021e-08 6.384658775186621794e-04 1.000000000000000021e-08
9.947729481927349634e-05 1.000000000000000021e-08 1.000000000000000021e-08 1.255580978185862236e-03 1.000000000000000021e-08
3.770227339413493423e-04 1.000000000000000021e-08 1.000000000000000021e-08 6.125126018958739794e-03 1.000000000000000021e-08
3.483421686224010558e-04 6.387348232092257896e-04 1.000000000000000021e-08 1.453057568615593285e-02 1.000000000000000021e-08
1.000000000000000021e-08 4.855109698062483499e-03 1.000000000000000021e-08 2.803215260723975269e-02 1.000000000000000021e-08
1.000000000000000021e-08 1.252876509649661699e-02 1.000000000000000021e-08 4.086229035624414779e-02 1.000000000000000021e-08
1.000000000000000021e-08 3.050900555681160253e-02 3.911962645406987676e-04 5.073594515274493927e-02 1.000000000000000021e-08
1.000000000000000021e-08 5.422010822358424437e-02 1.000000000000000021e-08 4.417622966462753098e-02 6.097185897763582850e-03
1.000000000000000021e-08 7.415314229799709056e-02 1.000000000000000021e-08 3.128389843299581724e-02 1.976106314875029912e-02
1.000000000000000021e-08 9.302454416555806793e-02 1.000000000000000021e-08 1.685890584849920187e-02 3.298721393654101275e-02
1.000000000000000021e-08 1.082276269951640696e-01 1.000000000000000021e-08 5.476525222174064185e-03 4.057086842783995395e-02
1.000000000000000021e-08 1.192647251168906797e-01 1.000000000000000021e-08 1.000000000000000021e-08 4.509499185948910582e-02
1.000000000000000021e-08 1.238131616998799922e-01 1.000000000000000021e-08 1.000000000000000021e-08 4.976583757919937623e-02
1.000000000000000021e-08 1.206538495932017174e-01 1.000000000000000021e-08 1.000000000000000021e-08 5.843357355982150420e-02
1.000000000000000021e-08 1.085579141681177889e-01 1.000000000000000021e-08 1.000000000000000021e-08 6.027741303895382124e-02
2.962441967067425391e-03 8.641591324497466253e-02 1.000000000000000021e-08 1.000000000000000021e-08 5.990199561928404026e-02
2.177251838779972054e-02 6.052285964168616084e-02 1.000000000000000021e-08 1.000000000000000021e-08 5.320093139823731804e-02
3.840324529398597697e-02 3.807400888266311567e-02 1.000000000000000021e-08 1.000000000000000021e-08 4.159299029003518666e-02
5.012746690451665849e-02 1.740315171221386986e-02 1.000000000000000021e-08 1.000000000000000021e-08 2.970041594418464104e-02
5.192582226014730296e-02 3.375233101593573017e-03 1.000000000000000021e-08 1.000000000000000021e-08 1.504719756644057674e-02
3.739181661111393162e-02 1.000000000000000021e-08 1.000000000000000021e-08 1.000000000000000021e-08 7.505440624289789510e-03
1.210928601000947624e-02 1.000000000000000021e-08 1.000000000000000021e-08 1.000000000000000021e-08 2.719394635784321002e-03
7.201227027444620293e-05 1.000000000000000021e-08 1.000000000000000021e-08 4.632224991740980027e-04 1.408821496970433761e-03
1.000000000000000021e-08 1.000000000000000021e-08 1.874284324024920861e-06 1.000000000000000021e-08 8.981349088908549972e-05
0.000000000000000000e+00 0.000000000000000000e+00 -0.000000000000000000e+00 -0.000000000000000000e+00 0.000000000000000000e+00
0.000000000000000000e+00 0.000000000000000000e+00 -0.000000000000000000e+00 -0.000000000000000000e+00 0.000000000000000000e+00
0.000000000000000000e+00 0.000000000000000000e+00 -0.000000000000000000e+00 -0.000000000000000000e+00 0.000000000000000000e+00
0.000000000000000000e+00 0.000000000000000000e+00 -0.000000000000000000e+00 -0.000000000000000000e+00 0.000000000000000000e+00
3.180044990822624286e-04 1.735845713446455959e-04 4.740270152581963788e-05 2.684460058581424492e-03 1.000000000000000021e-08
1.190445321836155291e-04 1.000000000000000021e-08 1.000000000000000021e-08 4.557946267662558136e-03 1.000000000000000021e-08
3.338500194227157791e-04 1.000000000000000021e-08 1.000000000000000021e-08 1.391075488695786219e-02 1.000000000000000021e-08
2.531786447744996686e-05 2.420524301617072317e-04 1.000000000000000021e-08 3.469205964752978405e-02 1.000000000000000021e-08
1.000000000000000021e-08 2.849117922111350787e-03 1.000000000000000021e-08 6.633267434535523865e-02 1.000000000000000021e-08
1.000000000000000021e-08 1.261093457503011106e-02 1.000000000000000021e-08 9.871068800398261067e-02 1.000000000000000021e-08
1.000000000000000021e-08 3.573864996727959403e-02 1.000000000000000021e-08 1.064366532883213590e-01 1.430602544790181112e-02
1.000000000000000021e-08 6.954255765843241066e-02 1.000000000000000021e-08 8.359544239190928872e-02 3.990595170957910581e-02
1.000000000000000021e-08 9.002567494457895669e-02 1.000000000000000021e-08 5.992034194830703209e-02 6.919196308111721927e-02
1.000000000000000021e-08 9.757492300659842410e-02 1.000000000000000021e-08 4.333766666442902260e-02 9.315847357900262915e-02
1.000000000000000021e-08 1.036157326547991614e-01 1.000000000000000021e-08 3.251128264732455753e-02 1.052898252090485320e-01
1.000000000000000021e-08 9.849153191182419276e-02 1.000000000000000021e-08 3.547002114139646833e-02 1.074662887801766248e-01
9.272298357119235224e-03 8.900084834040508652e-02 1.000000000000000021e-08 3.937695695454965922e-02 1.062239913221494914e-01
2.590320340198273147e-02 7.541101685945281186e-02 1.000000000000000021e-08 3.444106590982946164e-02 1.037889864788238137e-01
4.831087121369567750e-02 5.857414333185274880e-02 1.000000000000000021e-08 3.441693442641720335e-02 9.666142314763732923e-02
7.323193331556815400e-02 3.605991754492750279e-02 1.000000000000000021e-08 3.765931052554658681e-02 8.547370263711949467e-02
9.673777400417638006e-02 1.403737304237946508e-02 1.000000000000000021e-08 3.242969090172531654e-02 6.700248169174849444e-02
1.143522486522044329e-01 9.563369932955601287e-05 1.000000000000000021e-08 3.187732594770886080e-02 4.271794563546345985e-02
1.187122376661903927e-01 1.000000000000000021e-08 1.000000000000000021e-08 2.506678041920021999e-02 2.226259054464084161e-02
1.085418728465923355e-01 1.000000000000000021e-08 1.000000000000000021e-08 1.951701405500820205e-02 1.016602892864562797e-02
7.660736278329033366e-02 1.000000000000000021e-08 1.000000000000000021e-08 1.596343150922121396e-02 5.378629757116410587e-03
2.834043013148484016e-02 1.000000000000000021e-08 1.882375643590278877e-03 1.032068238507003778e-02 3.503706719513719099e-03
3.882227859657708981e-03 1.000000000000000021e-08 1.000000000000000021e-08 3.721463195948233275e-03 2.243318303190596982e-03
1.000000000000000021e-08 1.000000000000000021e-08 1.839755201455215024e-04 2.239382838142402535e-04 2.880379887626662461e-04
0.000000000000000000e+00 0.000000000000000000e+00 -0.000000000000000000e+00 -0.000000000000000000e+00 0.000000000000000000e+00
0.000000000000000000e+00 0.000000000000000000e+00 -0.000000000000000000e+00 -0.000000000000000000e+00 0.000000000000000000e+00
0.000000000000000000e+00 0.000000000000000000e+00 -0.000000000000000000e+00 -0.000000000000000000e+00 0.000000000000000000e+00
0.000000000000000000e+00 0.000000000000000000e+00 -0.000000000000000000e+00 -0.000000000000000000e+00 0.000000000000000000e+00
1.000000000000000021e-08 5.312791833018645250e-04 1.160514872367597995e-04 1.465634289846739222e-03 1.000000000000000021e-08
1.000000000000000021e-08 1.000000000000000021e-08 4.754844422797734635e-05 7.489318288125973617e-03 1.000000000000000021e-08
9.802999571161993256e-05 1.000000000000000021e-08 1.000000000000000021e-08 2.175166002390441916e-02 1.000000000000000021e-08
1.120282082791183853e-03 1.000000000000000021e-08 1.000000000000000021e-08 5.762474167324618118e-02 1.000000000000000021e-08
1.000000000000000021e-08 1.000000000000000021e-08 1.000000000000000021e-08 1.064038121746927468e-01 1.000000000000000021e-08
1.000000000000000021e-08 1.404712816676536094e-02 1.000000000000000021e-08 1.334378898669691949e-01 1.210685224919558385e-02
1.000000000000000021e-08 4.002589254701561378e-02 1.000000000000000021e-08 1.257408357687301859e-01 4.657735512216104601e-02
1.000000000000000021e-08 6.733655494582692358e-02 1.000000000000000021e-08 8.860039057368838955e-02 8.758498727065174017e-02
1.000000000000000021e-08 6.978272535927174114e-02 1.000000000000000021e-08 6.084506690215317481e-02 1.175760792114595998e-01
1.600168366674658074e-02 5.884897441803228768e-02 1.000000000000000021e-08 5.468098785448538557e-02 1.234773679225301957e-01
5.482792677482119237e-02 4.794787436087451227e-02 1.000000000000000021e-08 5.413211781844090575e-02 1.125746864771320771e-01
8.080667982409268923e-02 3.050568151485347212e-02 1.000000000000000021e-08 6.120987531511660334e-02 1.020486886415477995e-01
1.002784607957463575e-01 1.568988784788400218e-02 1.000000000000000021e-08 6.811168796616801080e-02 8.992450223685827249e-02
1.210684644356688627e-01 3.154319252845111973e-04 1.000000000000000021e-08 7.396776365695575950e-02 7.540012450067573591e-02
1.376917475725674411e-01 1.000000000000000021e-08 1.000000000000000021e-08 7.645636399803398819e-02 6.056643381646838187e-02
1.506749692047659461e-01 1.000000000000000021e-08 1.000000000000000021e-08 7.144202346784186974e-02 4.744483566265628866e-02
1.549641327416172443e-01 1.000000000000000021e-08 1.000000000000000021e-08 6.323298045881832474e-02 3.153748084621734588e-02
1.540100129815630270e-01 1.000000000000000021e-08 6.326887332643079537e-03 5.977633839253631426e-02 1.155553537654683237e-02
1.421710250974592138e-01 1.000000000000000021e-08 2.320384758408520695e-02 5.050515458521683682e-02 1.000000000000000021e-08
1.206591906403577802e-01 1.000000000000000021e-08 3.993330858927246485e-02 3.766993699350636160e-02 1.000000000000000021e-08
8.012110012363415912e-02 1.000000000000000021e-08 4.313572860429482764e-02 2.654657834748257866e-02 4.028080966516337956e-04
3.070457954056868624e-02 1.000000000000000021e-08 2.933918412945855578e-02 1.347246530615511285e-02 2.493381355940600154e-03
4.707018468576076690e-03 1.000000000000000021e-08 5.749527522146825713e-03 4.567232506730290603e-03 2.171272469814429246e-03
1.718214238922480649e-05 1.000000000000000021e-08 1.000000000000000021e-08 4.095503311256608607e-04 3.662745284365104075e-04
0.000000000000000000e+00 0.000000000000000000e+00 -0.000000000000000000e+00 -0.000000000000000000e+00 0.000000000000000000e+00
0.000000000000000000e+00 0.000000000000000000e+00 -0.000000000000000000e+00 -0.000000000000000000e+00 0.000000000000000000e+00
0.000000000000000000e+00 0.000000000000000000e+00 -0.000000000000000000e+00 -0.000000000000000000e+00 0.000000000000000000e+00
0.000000000000000000e+00 0.000000000000000000e+00 -0.000000000000000000e+00 -0.000000000000000000e+00 0.000000000000000000e+00
4.437839270049341486e-05 5.159395614390098472e-04 5.985718247320547024e-05 1.713662282145861490e-03 1.000000000000000021e-08
4.849957769760268123e-04 1.000000000000000021e-08 1.000000000000000021e-08 1.038036038611042308e-02 1.000000000000000021e-08
7.932184390715759119e-04 1.000000000000000021e-08 1.000000000000000021e-08 2.903743214392141489e-02 1.000000000000000021e-08
1.661868065063327928e-03 1.000000000000000021e-08 1.000000000000000021e-08 8.162112536476263946e-02 1.000000000000000021e-08
1.000000000000000021e-08 1.000000000000000021e-08 1.000000000000000021e-08 1.334835618603068819e-01 6.307744348397788378e-04
1.000000000000000021e-08 1.596585979131947414e-02 1.000000000000000021e-08 1.395785305885820227e-01 3.061715468195279344e-02
1.000000000000000021e-08 4.319861832333744822e-02 1.000000000000000021e-08 1.005802294220298071e-01 7.860353063118960537e-02
1.000000000000000021e-08 6.560382644635057159e-02 1.000000000000000021e-08 4.713795685426470927e-02 1.208259086627169049e-01
2.928059927335551968e-02 5.594821889827280431e-02 1.000000000000000021e-08 1.528854691769372491e-02 1.284889535248374404e-01
9.020637894957124481e-02 2.941397860027158279e-02 1.000000000000000021e-08 2.152807040115852291e-02 1.001320902068032759e-01
1.371822173075144535e-01 5.306963275453336834e-03 4.042594114187350596e-03 3.538408620076521210e-02 6.316779463423798091e-02
1.490478175053938925e-01 1.000000000000000021e-08 1.937936174976922707e-02 5.559820109410717331e-02 3.967143610735820308e-02
1.500562364541689897e-01 1.000000000000000021e-08 3.245311255761650776e-02 7.080933348415822948e-02 2.221948405328716403e-02
1.450470648737854085e-01 1.000000000000000021e-08 4.734638057209086121e-02 7.130375058941496036e-02 1.553379664079273213e-02
1.356206990535810397e-01 1.000000000000000021e-08 6.345986421974378344e-02 6.813859526992135929e-02 9.027061728333432913e-03
1.224765616707671617e-01 1.000000000000000021e-08 7.900456488071559702e-02 5.637653831849121638e-02 6.753575561896662388e-03
1.077091796960271686e-01 1.000000000000000021e-08 9.520838545584914270e-02 5.008889696547282749e-02 3.548714212307580492e-03
8.719110453617742729e-02 1.000000000000000021e-08 1.090428867653296108e-01 3.962961069517827867e-02 2.772712822483380975e-03
6.563116770925818411e-02 1.000000000000000021e-08 1.183269216274209640e-01 2.824413741557160046e-02 1.000000000000000021e-08
4.430306542136137893e-02 1.000000000000000021e-08 1.210357154854342920e-01 1.695201907123155410e-02 1.000000000000000021e-08
2.406773130196956587e-02 1.000000000000000021e-08 1.020187173810112591e-01 1.246845500280774691e-02 6.989561953854661960e-04
3.021169892963549656e-03 1.000000000000000021e-08 6.288255015727739483e-02 4.691234725653922223e-03 2.789550109431740161e-03
1.000000000000000021e-08 1.000000000000000021e-08 9.055655523294472986e-03 1.670691158789469827e-03 1.622914131896317476e-03
1.000000000000000021e-08 1.000000000000000021e-08 2.982339116891579399e-04 2.022276400277193812e-04 1.264556542725148907e-04
0.000000000000000000e+00 0.000000000000000000e+00 -0.000000000000000000e+00 -0.000000000000000000e+00 0.000000000000000000e+00
0.000000000000000000e+00 0.000000000000000000e+00 -0.000000000000000000e+00 -0.000000000000000000e+00 0.000000000000000000e+00
0.000000000000000000e+00 0.000000000000000000e+00 -0.000000000000000000e+00 -0.000000000000000000e+00 0.000000000000000000e+00
0.000000000000000000e+00 0.000000000000000000e+00 -0.000000000000000000e+00 -0.000000000000000000e+00 0.000000000000000000e+00
4.244811160212290184e-04 1.000000000000000021e-08 1.000000000000000021e-08 3.415690009919860812e-03 1.000000000000000021e-08
1.001669509231797308e-03 1.000000000000000021e-08 1.000000000000000021e-08 1.090453279611311964e-02 1.000000000000000021e-08
8.460057475813700066e-04 1.000000000000000021e-08 1.000000000000000021e-08 3.427503181127918019e-02 1.000000000000000021e-08
1.633928132459099448e-03 1.000000000000000021e-08 1.000000000000000021e-08 9.396037897123603322e-02 1.000000000000000021e-08
1.000000000000000021e-08 1.000000000000000021e-08 1.000000000000000021e-08 1.462651016802301585e-01 8.179622039633564767e-03
1.000000000000000021e-08 1.480555927943339074e-02 1.000000000000000021e-08 1.324261356771657960e-01 5.472010309373506048e-02
1.000000000000000021e-08 4.778598606783336644e-02 5.367259501477141155e-03 6.745138337999026512e-02 1.051197695433407214e-01
1.851749607013165530e-02 7.402257796175185089e-02 8.099730514040686183e-03 1.000000000000000021e-08 1.277953384185244179e-01
7.930983711246675227e-02 5.482114921928039203e-02 2.009707687860275496e-02 1.000000000000000021e-08 9.552853786459351848e-02
1.317652507020477815e-01 2.606475891396746805e-02 4.663623773806821471e-02 1.000000000000000021e-08 3.600225842397212356e-02
1.354868973290462852e-01 1.302554099782658770e-05 8.260092954738795790e-02 1.213820742859312088e-02 1.000000000000000021e-08
1.065662202355583815e-01 1.000000000000000021e-08 1.094339702055167757e-01 2.717607889814221966e-02 1.000000000000000021e-08
8.212237533656438493e-02 1.000000000000000021e-08 1.252328456052990424e-01 2.734337820783790118e-02 1.000000000000000021e-08
6.007183411158836112e-02 1.000000000000000021e-08 1.378048485759579556e-01 2.696163538650346234e-02 1.000000000000000021e-08
3.971900568098780948e-02 1.000000000000000021e-08 1.480983137289974827e-01 1.795610334799482150e-02 1.000000000000000021e-08
1.992166376441921807e-02 1.000000000000000021e-08 1.508360636012253397e-01 1.052228189604915466e-02 5.130521975727136974e-03
8.800839967220934609e-04 1.000000000000000021e-08 1.506728445665551641e-01 3.803650564926187860e-03 9.928824518272654984e-03
1.000000000000000021e-08 1.000000000000000021e-08 1.445935653293882739e-01 9.448969173749509343e-06 1.144208605127215901e-02
1.000000000000000021e-08 1.000000000000000021e-08 1.338013545141835958e-01 1.000000000000000021e-08 9.400894853906846191e-03
1.000000000000000021e-08 1.000000000000000021e-08 1.175058534020762546e-01 1.000000000000000021e-08 6.870436002988575264e-03
1.000000000000000021e-08 1.000000000000000021e-08 9.091411147401005921e-02 1.000000000000000021e-08 6.327037731336341078e-03
1.000000000000000021e-08 1.000000000000000021e-08 4.535746495707457943e-02 2.528261828672192461e-04 4.690191931294682669e-03
1.000000000000000021e-08 1.000000000000000021e-08 5.619948219287882601e-03 4.729827158763502703e-04 1.395621760164896192e-03
1.000000000000000021e-08 1.000000000000000021e-08 4.635090123927401782e-04 2.798982595126624267e-05 3.645384596523708922e-05
0.000000000000000000e+00 0.000000000000000000e+00 -0.000000000000000000e+00 -0.000000000000000000e+00 0.000000000000000000e+00
0.000000000000000000e+00 0.000000000000000000e+00 -0.000000000000000000e+00 -0.000000000000000000e+00 0.000000000000000000e+00
0.000000000000000000e+00 0.000000000000000000e+00 -0.000000000000000000e+00 -0.000000000000000000e+00 0.000000000000000000e+00
0.000000000000000000e+00 0.000000000000000000e+00 -0.000000000000000000e+00 -0.000000000000000000e+00 0.000000000000000000e+00
2.464245938762209026e-04 1.000000000000000021e-08 1.000000000000000021e-08 3.839172087297761538e-03 1.000000000000000021e-08
1.172350952755441119e-03 1.000000000000000021e-08 1.000000000000000021e-08 1.196533210870544262e-02 1.000000000000000021e-08
1.554296237234015785e-03 1.000000000000000021e-08 1.000000000000000021e-08 4.201223482899202333e-02 1.000000000000000021e-08
4.481809686846722519e-03 1.000000000000000021e-08 1.000000000000000021e-08 9.977723344512773318e-02 1.000000000000000021e-08
3.849597906266731973e-03 1.000000000000000021e-08 1.000000000000000021e-08 1.485556749101684948e-01 1.957820080159851373e-02
1.000000000000000021e-08 1.963280659313709417e-02 4.010427374242757879e-03 1.163084427774432328e-01 7.473531377918105068e-02
1.182897533575984379e-02 6.108692706196528627e-02 1.466602392100392095e-02 3.868621306623240552e-02 1.115836521068868659e-01
5.327785875608948701e-02 8.659026472346016690e-02 3.299485256909823888e-02 1.000000000000000021e-08 1.049869517073766245e-01
1.014131110470275765e-01 7.296828311834686887e-02 6.757363859484701030e-02 1.000000000000000021e-08 4.565350318332581786e-02
1.084750591915242257e-01 4.949551613521857574e-02 1.069862536501805655e-01 1.000000000000000021e-08 1.000000000000000021e-08
7.057227147367579889e-02 3.237544249345322006e-02 1.323990913625273103e-01 1.000000000000000021e-08 1.000000000000000021e-08
2.172722041940500573e-02 2.379026447746066322e-02 1.456240423218829738e-01 4.403414523805959137e-03 1.000000000000000021e-08
1.000000000000000021e-08 1.664997821389086960e-02 1.423213653184237371e-01 7.129935332854802320e-03 1.000000000000000021e-08
1.000000000000000021e-08 1.066928740071288600e-02 1.336054466122708062e-01 5.813139075937933178e-03 1.451235001193074007e-03
1.000000000000000021e-08 6.154755499304292825e-03 1.234664749215828444e-01 3.133594138584477624e-03 5.700521049088212722e-03
1.000000000000000021e-08 4.087241779439415058e-03 1.082724717303105849e-01 1.000000000000000021e-08 9.178927553297298522e-03
1.000000000000000021e-08 1.085790349923956670e-03 9.206646062358971039e-02 1.000000000000000021e-08 1.131414066124948950e-02
1.000000000000000021e-08 1.434273276335797358e-03 7.797662557404161365e-02 1.000000000000000021e-08 9.673821939819915450e-03
1.000000000000000021e-08 1.560175954302659915e-03 6.333149376651460438e-02 1.000000000000000021e-08 7.995398667728291844e-03
1.000000000000000021e-08 1.423426171416836876e-03 5.029290032252672904e-02 1.000000000000000021e-08 5.911155866488072667e-03
1.000000000000000021e-08 9.730506856892723322e-04 3.573989231221792046e-02 1.000000000000000021e-08 4.909199881135694297e-03
1.000000000000000021e-08 8.486945193429246657e-04 1.688636490547312449e-02 1.000000000000000021e-08 2.140393371438635475e-03
1.000000000000000021e-08 2.581558134370293069e-04 2.189354977156357258e-03 1.000000000000000021e-08 1.737062220509086189e-04
1.000000000000000021e-08 1.554415985462776029e-05 1.331574744836860240e-04 1.000000000000000021e-08 2.805104322636468868e-06
0.000000000000000000e+00 0.000000000000000000e+00 -0.000000000000000000e+00 -0.000000000000000000e+00 0.000000000000000000e+00
0.000000000000000000e+00 0.000000000000000000e+00 -0.000000000000000000e+00 -0.000000000000000000e+00 0.000000000000000000e+00
0.000000000000000000e+00 0.000000000000000000e+00 -0.000000000000000000e+00 -0.000000000000000000e+00 0.000000000000000000e+00
1.000000000000000021e-08 1.000000000000000021e-08 1.000000000000000021e-08 3.261983914030747557e-04 9.049606898163515441e-06
1.000000000000000021e-08 1.000000000000000021e-08 1.000000000000000021e-08 3.438722324433147841e-03 1.000000000000000021e-08
9.869905322177649574e-04 1.000000000000000021e-08 1.000000000000000021e-08 1.307721609117377948e-02 1.000000000000000021e-08
2.932067900335584738e-03 1.000000000000000021e-08 1.000000000000000021e-08 5.143034638270807535e-02 1.000000000000000021e-08
9.026838353981854815e-03 1.000000000000000021e-08 1.000000000000000021e-08 1.111367862075216956e-01 2.299948892489485971e-03
9.449572451563619663e-03 1.000000000000000021e-08 4.019667402863104626e-04 1.413656603101321463e-01 3.522795661585664817e-02
1.781847803324562718e-02 2.694116458907727663e-02 1.417519623375704599e-02 1.034071988993160163e-01 8.269875496120117353e-02
4.366469477472619681e-02 7.534426255772164183e-02 3.396457543133841323e-02 3.116152629321766732e-02 9.825844513430367910e-02
7.414621338190841016e-02 1.042317119252579444e-01 7.145743513422261883e-02 1.000000000000000021e-08 6.871373156374446789e-02
9.374499093092242274e-02 1.026899824203469785e-01 9.788261914253133800e-02 1.000000000000000021e-08 7.176532156382959757e-03
7.442822760371840818e-02 9.613851864380398848e-02 1.049726236467970197e-01 1.000000000000000021e-08 1.000000000000000021e-08
3.185501711141154602e-02 8.814199832901752074e-02 9.131474946590889541e-02 1.165972173745574714e-02 1.000000000000000021e-08
6.163941888302548744e-03 8.324919745247608138e-02 7.000940265824481812e-02 1.727270766242782959e-02 1.000000000000000021e-08
1.000000000000000021e-08 7.053718588975781134e-02 5.353523482586733384e-02 2.178802261741577539e-02 1.000000000000000021e-08
1.000000000000000021e-08 4.618830402841937743e-02 4.411978498799302290e-02 2.745423830552832720e-02 1.000000000000000021e-08
1.000000000000000021e-08 2.442441094312259101e-02 3.516056089341783319e-02 2.404904811921625141e-02 1.000000000000000021e-08
1.000000000000000021e-08 1.252406239016862211e-02 2.780803012603609570e-02 1.548476667393464644e-02 1.000000000000000021e-08
1.000000000000000021e-08 5.673768981746495771e-03 2.101253060569679282e-02 6.154913646910436381e-03 4.547579584538503266e-04
1.000000000000000021e-08 2.165131729546821218e-03 1.771376714299366731e-02 1.000000000000000021e-08 2.744080551154313898e-03
1.000000000000000021e-08 1.267035365838365367e-03 1.433499911045178418e-02 1.000000000000000021e-08 2.938719512336419176e-03
1.000000000000000021e-08 1.237804807531256825e-03 1.246003489695189821e-02 1.000000000000000021e-08 2.458121283840889772e-03
1.000000000000000021e-08 1.084236979272471414e-03 8.986971252934777138e-03 1.000000000000000021e-08 1.342957276022028459e-03
1.000000000000000021e-08 7.725751446290333134e-04 5.405792702837891595e-03 1.000000000000000021e-08 5.106657534039582428e-04
1.000000000000000021e-08 1.000000000000000021e-08 2.098783376819616641e-03 1.559728419635589758e-04 4.603622057910902992e-04
0.000000000000000000e+00 0.000000000000000000e+00 -0.000000000000000000e+00 -0.000000000000000000e+00 0.000000000000000000e+00
0.000000000000000000e+00 0.000000000000000000e+00 -0.000000000000000000e+00 -0.000000000000000000e+00 0.000000000000000000e+00
0.000000000000000000e+00 0.000000000000000000e+00 -0.000000000000000000e+00 -0.000000000000000000e+00 0.000000000000000000e+00
0.000000000000000000e+00 0.000000000000000000e+00 -0.000000000000000000e+00 -0.000000000000000000e+00 0.000000000000000000e+00
1.000000000000000021e-08 1.000000000000000021e-08 1.000000000000000021e-08 1.299696715746631159e-03 3.605702748487023219e-05
1.114907935474827481e-04 1.000000000000000021e-08 1.000000000000000021e-08 3.649681410623878321e-03 1.000000000000000021e-08
1.138980243035564053e-03 1.000000000000000021e-08 1.000000000000000021e-08 1.480292875239991486e-02 1.000000000000000021e-08
4.623597726747864269e-03 1.000000000000000021e-08 1.000000000000000021e-08 6.272897782554746893e-02 1.000000000000000021e-08
1.497955025833404633e-02 1.000000000000000021e-08 1.000000000000000021e-08 1.187471908623093514e-01 7.788273459397628516e-03
2.315142171430981458e-02 1.000000000000000021e-08 6.160035691539632319e-03 1.363894782390325799e-01 4.476121165258679924e-02
3.799755764797204532e-02 2.525551517770290369e-02 3.166424116660788296e-02 1.082409121672070068e-01 7.975944441035345833e-02
5.699022111296284804e-02 7.108661280819152106e-02 6.752115382747307659e-02 5.665164086671747867e-02 8.634182023574189790e-02
7.560356610763052654e-02 1.070647567903395408e-01 9.572708079894157174e-02 9.479664179718197414e-03 5.716065614130035749e-02
8.649293757170797847e-02 1.161693537677283838e-01 9.049725409804387777e-02 1.398730734829559640e-02 4.920754065364591617e-03
7.527575407847657274e-02 1.198057886135625860e-01 5.931616318906627466e-02 2.913450939115424382e-02 1.000000000000000021e-08
5.175905097069530975e-02 1.222135296836718704e-01 2.627462255350707446e-02 3.373908176769083167e-02 1.000000000000000021e-08
3.475421453952273060e-02 1.210291230581755223e-01 7.583735022135386708e-03 3.657160304404680901e-02 1.000000000000000021e-08
2.016297266888749523e-02 1.146375379354243051e-01 1.000000000000000021e-08 3.851911654762018439e-02 1.000000000000000021e-08
7.832396316082028756e-03 9.599948376131214878e-02 1.000000000000000021e-08 4.412138057096141874e-02 1.000000000000000021e-08
1.124343394710208832e-03 6.333228783422595320e-02 1.000000000000000021e-08 5.115707137406231425e-02 1.000000000000000021e-08
1.000000000000000021e-08 3.155160564000140250e-02 4.482434321680743550e-04 4.714425714312309862e-02 1.000000000000000021e-08
1.000000000000000021e-08 1.349541476611564560e-02 1.521298794244247765e-03 3.103711713767208155e-02 1.000000000000000021e-08
1.000000000000000021e-08 2.895756171564220927e-03 3.013899357708349491e-03 1.479170916951920954e-02 1.000000000000000021e-08
1.000000000000000021e-08 3.920818724821301246e-04 3.079996854068793762e-03 4.489679975790447468e-03 1.000000000000000021e-08
1.000000000000000021e-08 3.101341085650878506e-04 2.402611427047163500e-03 9.627125780880172422e-04 4.008911252495368240e-04
1.000000000000000021e-08 2.433872776682390884e-04 1.370510369993868790e-03 1.000000000000000021e-08 3.455922144413056218e-04
1.000000000000000021e-08 2.078387563664619328e-04 1.051012776623433355e-03 1.000000000000000021e-08 6.658176853193929214e-05
1.000000000000000021e-08 1.000000000000000021e-08 6.371299433969688933e-04 4.163993623351556491e-05 1.614932040056658966e-04
0.000000000000000000e+00 0.000000000000000000e+00 -0.000000000000000000e+00 -0.000000000000000000e+00 0.000000000000000000e+00
0.000000000000000000e+00 0.000000000000000000e+00 -0.000000000000000000e+00 -0.000000000000000000e+00 0.000000000000000000e+00
0.000000000000000000e+00 0.000000000000000000e+00 -0.000000000000000000e+00 -0.000000000000000000e+00 0.000000000000000000e+00
0.000000000000000000e+00 0.000000000000000000e+00 -0.000000000000000000e+00 -0.000000000000000000e+00 0.000000000000000000e+00
1.000000000000000021e-08 1.560071123688541565e-04 6.951623733390975752e-05 1.743844069665981462e-04 1.000000000000000021e-08
1.014116475947202621e-04 1.000000000000000021e-08 1.000000000000000021e-08 3.273102834514641374e-03 1.000000000000000021e-08
1.370953749817451243e-03 1.000000000000000021e-08 1.000000000000000021e-08 1.634955389767761211e-02 1.000000000000000021e-08
5.873647633350949013e-03 1.000000000000000021e-08 1.000000000000000021e-08 6.346707586915853461e-02 1.000000000000000021e-08
1.691830702138709050e-02 1.000000000000000021e-08 1.287566112798457178e-03 1.124174053110409410e-01 1.050745672317162857e-02
2.815982114220174845e-02 1.000000000000000021e-08 1.910519028665006933e-02 1.328742821957403508e-01 4.450088482352625857e-02
4.727858333158180965e-02 6.988602438066242144e-03 5.483650683285396649e-02 1.175690124557774996e-01 7.596796250404094786e-02
5.454607724148975711e-02 3.896171199848263295e-02 9.936230069247234398e-02 8.180583040727333610e-02 8.526532436783931801e-02
6.392729425801513266e-02 6.980385852850895523e-02 1.120202809713441716e-01 4.601617149983285721e-02 7.149562507025727931e-02
7.332153348678063787e-02 7.776353938520469411e-02 8.650600549550561957e-02 3.697921624951620162e-02 5.131831965092605030e-02
7.694715887696389200e-02 7.897395817475992563e-02 5.565450158061741731e-02 3.596093748818485897e-02 3.447530839491762950e-02
6.916088181430841975e-02 9.139680519367601730e-02 3.207649182830400736e-02 2.936658050658224120e-02 2.298543419643255675e-02
5.263857705171743478e-02 1.067343058226057628e-01 1.449016833775864516e-02 2.423363359694524072e-02 1.281996028690432672e-02
4.307915041362404135e-02 1.175597689639715643e-01 1.000000000000000021e-08 2.335801457255665819e-02 1.000000000000000021e-08
2.366094978491924475e-02 1.211701587535593261e-01 1.000000000000000021e-08 2.999253684812179174e-02 1.000000000000000021e-08
7.637350129640012482e-03 1.058949921625201990e-01 1.000000000000000021e-08 4.545073122116896625e-02 1.000000000000000021e-08
1.808909486749831885e-03 6.720964725230288428e-02 1.000000000000000021e-08 6.631126730976055761e-02 1.000000000000000021e-08
5.323163575487361871e-04 3.070077321560529815e-02 1.000000000000000021e-08 5.861764708969617599e-02 1.000000000000000021e-08
2.318076194661713909e-03 9.888860899908332933e-03 1.000000000000000021e-08 3.460119045976906699e-02 1.000000000000000021e-08
1.238990479088097462e-03 1.090708108996859627e-03 1.000000000000000021e-08 1.443022060390612531e-02 1.000000000000000021e-08
6.827438109991843451e-04 2.732344410656472418e-04 1.000000000000000021e-08 5.194820507396637026e-03 1.000000000000000021e-08
1.198656689239546171e-04 1.000000000000000021e-08 1.000000000000000021e-08 6.067252713593524307e-04 1.000000000000000021e-08
0.000000000000000000e+00 0.000000000000000000e+00 -0.000000000000000000e+00 -0.000000000000000000e+00 0.000000000000000000e+00
0.000000000000000000e+00 0.000000000000000000e+00 -0.000000000000000000e+00 -0.000000000000000000e+00 0.000000000000000000e+00
0.000000000000000000e+00 0.000000000000000000e+00 -0.000000000000000000e+00 -0.000000000000000000e+00 0.000000000000000000e+00
0.000000000000000000e+00 0.000000000000000000e+00 -0.000000000000000000e+00 -0.000000000000000000e+00 0.000000000000000000e+00
0.000000000000000000e+00 0.000000000000000000e+00 -0.000000000000000000e+00 -0.000000000000000000e+00 0.000000000000000000e+00
0.000000000000000000e+00 0.000000000000000000e+00 -0.000000000000000000e+00 -0.000000000000000000e+00 0.000000000000000000e+00
1.000000000000000021e-08 6.623346486302917214e-04 2.617126763874893570e-04 1.000000000000000021e-08 1.000000000000000021e-08
1.912606136991362973e-05 6.778246417296411542e-04 2.852057016886746848e-04 6.021150817204504657e-04 1.000000000000000021e-08
1.298505086617331074e-03 6.284346684518378077e-04 1.000000000000000021e-08 1.243659566255092205e-02 1.000000000000000021e-08
4.671974470067541928e-03 1.000000000000000021e-08 5.102420492597494351e-04 5.336564679254963278e-02 1.000000000000000021e-08
1.578229537026159049e-02 1.000000000000000021e-08 5.402406751517673834e-03 8.893261303098531911e-02 8.227975555983348122e-03
2.388313479566344863e-02 1.000000000000000021e-08 2.846741340042176910e-02 1.107263430490644379e-01 3.638136515696018675e-02
3.412013919833008224e-02 1.000000000000000021e-08 7.108906791931381142e-02 1.086072913832625275e-01 6.920809266698844942e-02
3.333167299314143683e-02 1.000000000000000021e-08 1.103598697337337120e-01 8.156118261045769424e-02 9.172966694033587998e-02
3.562824773017168878e-02 7.471300603926188735e-03 1.183026380281035905e-01 5.226657251805900267e-02 9.869148490430301734e-02
4.039311308986690691e-02 9.624932563734690111e-03 1.067503734852718322e-01 3.307346923306974523e-02 1.021175801541378964e-01
4.079995788670547768e-02 1.082682756979325839e-02 9.114818155315823622e-02 2.075726097198227205e-02 1.020307521984947646e-01
5.144232366430092490e-02 1.712425878173357702e-02 7.334919033279846401e-02 1.193264172913092828e-02 8.723082497913457745e-02
5.670249679129846926e-02 3.272501668352573168e-02 5.150289182433202828e-02 8.741631430108311521e-03 6.957143135939820866e-02
5.107510997894901955e-02 6.419804306033656538e-02 2.525944623388923574e-02 2.958398050474674891e-03 5.007012545385158137e-02
3.467801190936399547e-02 1.062633952373291946e-01 3.551622732585185595e-03 1.000000000000000021e-08 2.713764577299917352e-02
1.598118692721786638e-02 1.215618618550067254e-01 1.000000000000000021e-08 1.940660674099589644e-02 4.197956618323478439e-03
2.063936778909610144e-03 1.011708036451994530e-01 1.000000000000000021e-08 5.000235884057540464e-02 1.000000000000000021e-08
4.854736873549587496e-04 5.734931335111023015e-02 1.000000000000000021e-08 7.643972478272506588e-02 1.000000000000000021e-08
3.133926492394654116e-03 1.845027731179847003e-02 1.000000000000000021e-08 6.007841070854041954e-02 1.000000000000000021e-08
2.589091311438962689e-03 2.368312704914554267e-03 1.000000000000000021e-08 3.158499274264559703e-02 1.000000000000000021e-08
1.237030293613868102e-03 1.000000000000000021e-08 1.000000000000000021e-08 1.088734972329518866e-02 1.000000000000000021e-08
7.826523533591716762e-04 1.000000000000000021e-08 1.000000000000000021e-08 3.701792416863587242e-03 1.000000000000000021e-08
1.460883950794204977e-05 1.000000000000000021e-08 1.000000000000000021e-08 9.389399782257789077e-05 1.000000000000000021e-08
0.000000000000000000e+00 0.000000000000000000e+00 -0.000000000000000000e+00 -0.000000000000000000e+00 0.000000000000000000e+00
0.000000000000000000e+00 0.000000000000000000e+00 -0.000000000000000000e+00 -0.000000000000000000e+00 0.000000000000000000e+00
0.000000000000000000e+00 0.000000000000000000e+00 -0.000000000000000000e+00 -0.000000000000000000e+00 0.000000000000000000e+00
0.000000000000000000e+00 0.000000000000000000e+00 -0.000000000000000000e+00 -0.000000000000000000e+00 0.000000000000000000e+00
0.000000000000000000e+00 0.000000000000000000e+00 -0.000000000000000000e+00 -0.000000000000000000e+00 0.000000000000000000e+00
6.462546869319245064e-04 8.831382721761735265e-04 2.609504404876737617e-04 1.000000000000000021e-08 1.000000000000000021e-08
8.048310176426092628e-04 1.223304559096267691e-03 3.929375343601188659e-04 1.000000000000000021e-08 1.000000000000000021e-08
2.731940980401232830e-03 1.522209284360351083e-03 4.543010503358362474e-04 8.910156301675058871e-03 1.000000000000000021e-08
4.257345809926336121e-03 1.000000000000000021e-08 3.609446800123024355e-03 3.146717746239616892e-02 1.000000000000000021e-08
9.907011256038603803e-03 1.000000000000000021e-08 9.921736243129516963e-03 5.782355230316213457e-02 4.882473697903678446e-03
1.465120991462989797e-02 1.000000000000000021e-08 3.238915003680014476e-02 7.187012519451450865e-02 2.560359382096089390e-02
9.190158578207926338e-03 1.000000000000000021e-08 6.618438365811502022e-02 7.893042827262228278e-02 5.640087088468204168e-02
4.832393399192793336e-03 1.000000000000000021e-08 9.501973382735405538e-02 6.502750213345592778e-02 7.740706453255953579e-02
2.761238126137705376e-03 1.000000000000000021e-08 1.027067711503241026e-01 4.452172188312444878e-02 9.244954995577005230e-02
1.725754991587165376e-04 1.000000000000000021e-08 1.006628486516817633e-01 2.538057208343025978e-02 1.052171647586598591e-01
1.108458602182027172e-02 1.000000000000000021e-08 9.618715392578661150e-02 1.299632277392119561e-02 1.095135125989982194e-01
2.858019472583592929e-02 1.000000000000000021e-08 9.012878489654095604e-02 7.333269201735224778e-03 1.031693804812108678e-01
4.854236535814167308e-02 1.000000000000000021e-08 7.560401891556266241e-02 9.844107194728864488e-04 9.198916359753640803e-02
5.640780014838459033e-02 5.137626829453331712e-03 5.013558917780505664e-02 1.000000000000000021e-08 8.311653558172933665e-02
4.370580967909854647e-02 5.705085165563000826e-02 1.796812214893164089e-02 1.000000000000000021e-08 6.910401992659240267e-02
2.042095612149650435e-02 1.036640617205253218e-01 1.000000000000000021e-08 1.000000000000000021e-08 4.169984524978664203e-02
2.393789190614551820e-03 1.127981326585951599e-01 1.000000000000000021e-08 3.810858532693307127e-02 7.764016907421797745e-03
1.000000000000000021e-08 7.854979364656665408e-02 1.000000000000000021e-08 7.469086863859386582e-02 1.000000000000000021e-08
3.605784109196703661e-03 3.004823039336813190e-02 1.000000000000000021e-08 8.170316211461348122e-02 1.000000000000000021e-08
3.330811304124860206e-03 6.017810971342406855e-03 1.000000000000000021e-08 4.649534815087889850e-02 1.000000000000000021e-08
2.235327459291868053e-03 1.000000000000000021e-08 1.000000000000000021e-08 2.040223970687246591e-02 1.000000000000000021e-08
1.083901077974856134e-03 1.000000000000000021e-08 1.000000000000000021e-08 5.554869751896846473e-03 1.000000000000000021e-08
1.274953266147670636e-04 1.000000000000000021e-08 1.000000000000000021e-08 8.194385264515864501e-04 1.000000000000000021e-08
0.000000000000000000e+00 0.000000000000000000e+00 -0.000000000000000000e+00 -0.000000000000000000e+00 0.000000000000000000e+00
0.000000000000000000e+00 0.000000000000000000e+00 -0.000000000000000000e+00 -0.000000000000000000e+00 0.000000000000000000e+00
0.000000000000000000e+00 0.000000000000000000e+00 -0.000000000000000000e+00 -0.000000000000000000e+00 0.000000000000000000e+00
0.000000000000000000e+00 0.000000000000000000e+00 -0.000000000000000000e+00 -0.000000000000000000e+00 0.000000000000000000e+00
0.000000000000000000e+00 0.000000000000000000e+00 -0.000000000000000000e+00 -0.000000000000000000e+00 0.000000000000000000e+00
8.364371478931879184e-04 1.506307320717073257e-03 1.241077729842708936e-04 1.000000000000000021e-08 1.000000000000000021e-08
4.388602176747830041e-03 4.246520117647809185e-03 4.481886411588131879e-04 1.000000000000000021e-08 1.000000000000000021e-08
6.926603351990747240e-03 5.702449079698706895e-03 2.712761156569786381e-03 3.542745504513139954e-03 1.000000000000000021e-08
3.698969569721438731e-03 4.877609322859610338e-03 1.642705795729039811e-02 9.669633755562612870e-03 1.000000000000000021e-08
5.865238453398050923e-03 1.000000000000000021e-08 2.065666485899526894e-02 2.145202562883608347e-02 2.425630340113893012e-03
7.485841861751690862e-03 1.000000000000000021e-08 2.630850520331222062e-02 3.133263123420704233e-02 1.125122803463182199e-02
1.446009268710956750e-03 1.000000000000000021e-08 4.087189863981393473e-02 4.033689108862094364e-02 3.102221916636315607e-02
1.000000000000000021e-08 1.000000000000000021e-08 5.169229297912016768e-02 4.033545102142178929e-02 4.711626430677583188e-02
1.000000000000000021e-08 1.000000000000000021e-08 5.415722910299055476e-02 3.482751685161912525e-02 5.863387668136642306e-02
1.370022985171574781e-03 1.000000000000000021e-08 5.747255397307820396e-02 2.720360420317008421e-02 6.180943519407353093e-02
5.996036260615577457e-03 1.000000000000000021e-08 7.130905123024475212e-02 2.040918954357796855e-02 6.590679346406039252e-02
1.711173905824745975e-02 1.000000000000000021e-08 9.171352705613304568e-02 1.085029592964244401e-02 7.076901146703702683e-02
4.272923205296369487e-02 1.000000000000000021e-08 9.473886132396598658e-02 3.663469249372357760e-03 7.358115671401491142e-02
6.247652838554013099e-02 1.000000000000000021e-08 7.574147926032483158e-02 1.000000000000000021e-08 7.790378154934460286e-02
5.616754915574295737e-02 2.598213118069495758e-02 3.281061711737884995e-02 1.000000000000000021e-08 8.685296377907678056e-02
1.946171404098900534e-02 8.481333691075831904e-02 5.767997478455983568e-03 1.000000000000000021e-08 7.360499726707987744e-02
1.000000000000000021e-08 1.129140392086625672e-01 1.000000000000000021e-08 1.260627730656226769e-02 3.554709232393817031e-02
1.000000000000000021e-08 8.614123644800043833e-02 1.000000000000000021e-08 7.383098031224044622e-02 1.000000000000000021e-08
2.533218415838238684e-03 3.756901822752610476e-02 1.000000000000000021e-08 9.543230900746751955e-02 1.000000000000000021e-08
4.330051142239129888e-03 9.130864089949845136e-03 1.000000000000000021e-08 6.371143788003263975e-02 1.000000000000000021e-08
2.654445017462204928e-03 4.528076717394032003e-04 1.000000000000000021e-08 2.829347549101203854e-02 1.000000000000000021e-08
1.166769152661690807e-03 1.000000000000000021e-08 1.000000000000000021e-08 8.408493300097538356e-03 1.000000000000000021e-08
2.350695084459764246e-04 1.000000000000000021e-08 1.000000000000000021e-08 1.510839783145113361e-03 1.000000000000000021e-08
0.000000000000000000e+00 0.000000000000000000e+00 -0.000000000000000000e+00 -0.000000000000000000e+00 0.000000000000000000e+00
0.000000000000000000e+00 0.000000000000000000e+00 -0.000000000000000000e+00 -0.000000000000000000e+00 0.000000000000000000e+00
0.000000000000000000e+00 0.000000000000000000e+00 -0.000000000000000000e+00 -0.000000000000000000e+00 0.000000000000000000e+00
0.000000000000000000e+00 0.000000000000000000e+00 -0.000000000000000000e+00 -0.000000000000000000e+00 0.000000000000000000e+00
0.000000000000000000e+00 0.000000000000000000e+00 -0.000000000000000000e+00 -0.000000000000000000e+00 0.000000000000000000e+00
1.035550009806457178e-03 1.145194678518501137e-03 1.000000000000000021e-08 1.000000000000000021e-08 1.000000000000000021e-08
6.310160582785074093e-03 6.630765557190224785e-03 1.168710376147509404e-04 1.000000000000000021e-08 1.000000000000000021e-08
1.271568727673991032e-02 1.338772765949022316e-02 1.126571923512392770e-02 1.000000000000000021e-08 1.000000000000000021e-08
1.135365393109312795e-02 1.767048588039232468e-02 3.899883569467903904e-02 1.000000000000000021e-08 1.000000000000000021e-08
5.188710034038656466e-03 1.475578148239688539e-02 4.860094214422348152e-02 6.305907864656486736e-04 1.000000000000000021e-08
2.131968420888691231e-03 1.146995396855590363e-02 3.897758807833853756e-02 7.641831741033141071e-03 2.754989331831073258e-03
7.070796868124232834e-05 3.160033757646319840e-03 3.043764994730981110e-02 1.615258954453462764e-02 9.874054076433923591e-03
1.000000000000000021e-08 1.000000000000000021e-08 2.472119293358648884e-02 1.665285980187505149e-02 1.871505595384877554e-02
1.000000000000000021e-08 1.000000000000000021e-08 2.542865845348257423e-02 1.591219918437534325e-02 2.168727289280485138e-02
1.141899737083512537e-03 1.000000000000000021e-08 3.275641007999060411e-02 1.682934977396882345e-02 1.907446017222766410e-02
6.018341373209052172e-03 1.000000000000000021e-08 5.547374213933484871e-02 1.693270274034786721e-02 2.249305572326400909e-02
1.801344045595816221e-02 1.000000000000000021e-08 8.623463556059178525e-02 1.401531978837356092e-02 2.987864668510301080e-02
4.812207760902068032e-02 1.000000000000000021e-08 1.061792427633065500e-01 4.099045852698864588e-03 4.025490798805938381e-02
7.551705436702930985e-02 1.000000000000000021e-08 9.119512027436076085e-02 1.000000000000000021e-08 6.031198684811337613e-02
6.397407913382119338e-02 1.930614158270497344e-02 3.936724922622801548e-02 1.000000000000000021e-08 9.134255167099558648e-02
2.142700953716953835e-02 7.765048209464660289e-02 2.858048618653995405e-03 1.000000000000000021e-08 9.453519839250748569e-02
1.000000000000000021e-08 1.084583363151167545e-01 1.000000000000000021e-08 1.000000000000000021e-08 5.608906738544166409e-02
1.000000000000000021e-08 8.168915997877802815e-02 1.000000000000000021e-08 7.979022335037673497e-02 4.300200363221292135e-03
7.091161192269823232e-04 3.916652857442774055e-02 1.000000000000000021e-08 1.091723574308598316e-01 1.000000000000000021e-08
4.992172377857569468e-03 8.933438394695019866e-03 1.000000000000000021e-08 7.811795118084544076e-02 1.000000000000000021e-08
3.296481018981910205e-03 7.305630842104358707e-04 1.000000000000000021e-08 3.541696835826349532e-02 1.000000000000000021e-08
9.231010017246553141e-04 1.000000000000000021e-08 1.000000000000000021e-08 8.223039093048552933e-03 1.000000000000000021e-08
2.762398743319956478e-04 1.000000000000000021e-08 1.000000000000000021e-08 1.775450140645105836e-03 1.000000000000000021e-08
0.000000000000000000e+00 0.000000000000000000e+00 -0.000000000000000000e+00 -0.000000000000000000e+00 0.000000000000000000e+00
0.000000000000000000e+00 0.000000000000000000e+00 -0.000000000000000000e+00 -0.000000000000000000e+00 0.000000000000000000e+00
0.000000000000000000e+00 0.000000000000000000e+00 -0.000000000000000000e+00 -0.000000000000000000e+00 0.000000000000000000e+00
0.000000000000000000e+00 0.000000000000000000e+00 -0.000000000000000000e+00 -0.000000000000000000e+00 0.000000000000000000e+00
1.000000000000000021e-08 1.959663758887075031e-04 2.773706846620924987e-05 1.000000000000000021e-08 1.000000000000000021e-08
9.128215792297067000e-04 1.579430230250431508e-03 1.000000000000000021e-08 1.516940212464269147e-04 1.000000000000000021e-08
8.068890637607410016e-03 1.009532987902662590e-02 1.000000000000000021e-08 1.000000000000000021e-08 1.000000000000000021e-08
3.207687628325713025e-02 2.386310233713448067e-02 1.303165808711189387e-02 1.000000000000000021e-08 1.000000000000000021e-08
3.758124768337783861e-02 3.810382831613132876e-02 6.437874534977729157e-02 1.000000000000000021e-08 1.000000000000000021e-08
2.457170439606847986e-02 4.407607648040182818e-02 7.814964040361249697e-02 1.000000000000000021e-08 1.000000000000000021e-08
5.152195200918959460e-03 3.843802012589367378e-02 6.291568009487934210e-02 1.000000000000000021e-08 1.000000000000000021e-08
1.000000000000000021e-08 2.518871172411856624e-02 4.769382395441627842e-02 1.000000000000000021e-08 2.682318438081063555e-03
1.000000000000000021e-08 1.610822585170890858e-02 3.987010732071394337e-02 9.372178666287380464e-05 5.468409625971412322e-03
1.000000000000000021e-08 7.456138050260360285e-03 3.986945523287054038e-02 1.000000000000000021e-08 4.900862146410445153e-03
1.000000000000000021e-08 1.058078000572104703e-03 5.291143945565397050e-02 2.122794137525374665e-03 2.709836009453290336e-03
6.962048978886080895e-03 1.000000000000000021e-08 7.849559061419415784e-02 6.415365381321518762e-03 1.166866177634606153e-03
3.683591636648773232e-02 1.000000000000000021e-08 1.069868482469732152e-01 4.672787543611475573e-03 1.000000000000000021e-08
7.748425361630206787e-02 1.000000000000000021e-08 1.122625289911753921e-01 1.000000000000000021e-08 7.237377027821057657e-03
1.004677447366577464e-01 1.000000000000000021e-08 7.683321162415726602e-02 1.000000000000000021e-08 4.626364162609754999e-02
6.365091405911399436e-02 3.749992260491483154e-02 2.592283965548104405e-02 1.000000000000000021e-08 9.797658054831254182e-02
1.521128211660361003e-02 8.516719785130720533e-02 1.000000000000000021e-08 1.000000000000000021e-08 1.097741194039809492e-01
1.000000000000000021e-08 1.051233086986001208e-01 1.000000000000000021e-08 2.967700773636275683e-04 6.379583572003889869e-02
1.000000000000000021e-08 7.873760859437149706e-02 1.000000000000000021e-08 8.072604660558579948e-02 9.057506161679353823e-03
1.000000000000000021e-08 3.318124600667660823e-02 1.000000000000000021e-08 1.145937735581220585e-01 1.000000000000000021e-08
3.133109469081223758e-03 5.440153941782781624e-03 1.000000000000000021e-08 8.565706037007547735e-02 1.000000000000000021e-08
3.818968479716325099e-03 1.000000000000000021e-08 1.000000000000000021e-08 4.046679763123243317e-02 1.000000000000000021e-08
6.963212161169945969e-04 1.000000000000000021e-08 1.000000000000000021e-08 7.863403424341523437e-03 1.000000000000000021e-08
2.031956767922850652e-04 1.000000000000000021e-08 1.000000000000000021e-08 1.305980151532214932e-03 1.000000000000000021e-08
0.000000000000000000e+00 0.000000000000000000e+00 -0.000000000000000000e+00 -0.000000000000000000e+00 0.000000000000000000e+00
0.000000000000000000e+00 0.000000000000000000e+00 -0.000000000000000000e+00 -0.000000000000000000e+00 0.000000000000000000e+00
0.000000000000000000e+00 0.000000000000000000e+00 -0.000000000000000000e+00 -0.000000000000000000e+00 0.000000000000000000e+00
0.000000000000000000e+00 0.000000000000000000e+00 -0.000000000000000000e+00 -0.000000000000000000e+00 0.000000000000000000e+00
1.000000000000000021e-08 1.826075922494377248e-03 7.331680388840347703e-05 1.000000000000000021e-08 1.000000000000000021e-08
7.503570702488725815e-04 2.549944085994739710e-03 1.000000000000000021e-08 1.000000000000000021e-08 1.000000000000000021e-08
8.928155948580152046e-03 1.355798451082206729e-02 1.000000000000000021e-08 1.000000000000000021e-08 1.000000000000000021e-08
5.216334858856401524e-02 3.196583459687853124e-02 7.586030526324898278e-03 1.000000000000000021e-08 1.000000000000000021e-08
8.044141459956562212e-02 5.643898931064673247e-02 6.157917611272912400e-02 1.000000000000000021e-08 1.000000000000000021e-08
6.717023548193722104e-02 6.721468236403747853e-02 9.007436598546361695e-02 1.000000000000000021e-08 1.000000000000000021e-08
3.110667447182689088e-02 6.803530432345054890e-02 8.968060529955956817e-02 1.000000000000000021e-08 1.000000000000000021e-08
5.445339299987933361e-03 5.834164061356620495e-02 8.393489168695260350e-02 1.000000000000000021e-08 1.000000000000000021e-08
1.000000000000000021e-08 4.138681032821005940e-02 8.351191458130616252e-02 1.000000000000000021e-08 1.000000000000000021e-08
1.000000000000000021e-08 2.891103361086994755e-02 8.692822214754190868e-02 1.000000000000000021e-08 1.000000000000000021e-08
4.655619425806769782e-03 2.008621396939472281e-02 1.006474792974769855e-01 1.000000000000000021e-08 1.000000000000000021e-08
3.133381272326886402e-02 1.345818476402923895e-02 1.166609563366131225e-01 1.000000000000000021e-08 1.000000000000000021e-08
7.562312343558584560e-02 1.123858359233295343e-02 1.201620626403252373e-01 1.000000000000000021e-08 1.000000000000000021e-08
1.154097243271890311e-01 1.452752426784196388e-02 8.939894901854217313e-02 1.000000000000000021e-08 1.000000000000000021e-08
1.067264319716800108e-01 3.260668276245845543e-02 4.192438910544166869e-02 1.000000000000000021e-08 5.859052194438341826e-02
5.203797814318698173e-02 6.506024971227335196e-02 6.296006343116774401e-03 1.000000000000000021e-08 1.122009037843177126e-01
1.000000000000000021e-08 9.733005852110718226e-02 1.000000000000000021e-08 1.000000000000000021e-08 1.155838122945096885e-01
1.000000000000000021e-08 9.648005435990211764e-02 1.000000000000000021e-08 3.729740955757153420e-02 5.597622218397459160e-02
1.000000000000000021e-08 6.204193011155269971e-02 1.000000000000000021e-08 9.665458665731796462e-02 6.279818909636170586e-03
1.000000000000000021e-08 2.005498281338688113e-02 1.000000000000000021e-08 1.175845644445117077e-01 1.000000000000000021e-08
3.096533967727305679e-03 1.000000000000000021e-08 1.000000000000000021e-08 8.275252195105263497e-02 1.000000000000000021e-08
3.106218809027799180e-03 1.000000000000000021e-08 1.000000000000000021e-08 3.869539388015257736e-02 1.000000000000000021e-08
4.173645531762387945e-04 1.000000000000000021e-08 2.261095467952682701e-05 6.898827899155047030e-03 1.000000000000000021e-08
5.179497643724908232e-05 1.000000000000000021e-08 1.000000000000000021e-08 3.328969013709581846e-04 1.000000000000000021e-08
0.000000000000000000e+00 0.000000000000000000e+00 -0.000000000000000000e+00 -0.000000000000000000e+00 0.000000000000000000e+00
0.000000000000000000e+00 0.000000000000000000e+00 -0.000000000000000000e+00 -0.000000000000000000e+00 0.000000000000000000e+00
0.000000000000000000e+00 0.000000000000000000e+00 -0.000000000000000000e+00 -0.000000000000000000e+00 0.000000000000000000e+00
0.000000000000000000e+00 0.000000000000000000e+00 -0.000000000000000000e+00 -0.000000000000000000e+00 0.000000000000000000e+00
1.026166794744248432e-05 8.647468512032525272e-04 1.000000000000000021e-08 1.000000000000000021e-08 1.000000000000000021e-08
1.016987929369134397e-03 2.268605763382203731e-03 1.000000000000000021e-08 1.000000000000000021e-08 1.000000000000000021e-08
8.321833207261814316e-03 1.208183099076945433e-02 1.000000000000000021e-08 1.000000000000000021e-08 1.000000000000000021e-08
4.927546282644791609e-02 3.070184447998532476e-02 1.000000000000000021e-08 1.000000000000000021e-08 1.000000000000000021e-08
1.018050397371618732e-01 5.215365651667187158e-02 3.202426324676004715e-02 1.000000000000000021e-08 1.000000000000000021e-08
1.070627561530249211e-01 7.289121794819097833e-02 7.024987816900098159e-02 1.000000000000000021e-08 1.000000000000000021e-08
7.813097649113778798e-02 8.831136789011762023e-02 8.770362807923477722e-02 1.000000000000000021e-08 1.000000000000000021e-08
5.081718725110418583e-02 9.275515627610565750e-02 1.015167795839762438e-01 1.000000000000000021e-08 1.000000000000000021e-08
3.960761047716786915e-02 8.018540870699286671e-02 1.067436005355954787e-01 1.000000000000000021e-08 1.000000000000000021e-08
4.172573308239564682e-02 6.667208551070226419e-02 1.146897652375939575e-01 1.000000000000000021e-08 1.000000000000000021e-08
5.921822458154005903e-02 5.386577561010823939e-02 1.150762733958402700e-01 1.000000000000000021e-08 1.000000000000000021e-08
9.511255721848670130e-02 4.953815248567316337e-02 1.065216206795406018e-01 1.000000000000000021e-08 1.000000000000000021e-08
1.291501684789938820e-01 5.005900348393396010e-02 7.938925074855605890e-02 1.000000000000000021e-08 1.000000000000000021e-08
1.267357753112046126e-01 5.886380060216503396e-02 3.883443587544320452e-02 1.000000000000000021e-08 2.773738105507450938e-02
8.269831235766836319e-02 7.739538256843996045e-02 3.655814436397183866e-03 1.000000000000000021e-08 9.025300797624057070e-02
2.114386401253517608e-02 9.404880218475585030e-02 1.000000000000000021e-08 1.000000000000000021e-08 1.258977988768998357e-01
1.000000000000000021e-08 9.718492965266474493e-02 1.000000000000000021e-08 1.402279471841958065e-02 1.037719804979201771e-01
1.000000000000000021e-08 7.314195456787844773e-02 1.000000000000000021e-08 8.612656693539427755e-02 3.897439514560141482e-02
1.000000000000000021e-08 3.256651636043612214e-02 1.000000000000000021e-08 1.182993643083646573e-01 1.000000000000000021e-08
1.000000000000000021e-08 3.963910017831576670e-03 1.000000000000000021e-08 1.041743173653998794e-01 1.000000000000000021e-08
2.438576000113629183e-03 1.000000000000000021e-08 1.000000000000000021e-08 6.613918296618105652e-02 1.000000000000000021e-08
1.856638485713678344e-03 1.000000000000000021e-08 1.000000000000000021e-08 3.168503221537169456e-02 1.000000000000000021e-08
1.446419393262671454e-04 1.000000000000000021e-08 9.875635870431635961e-05 4.596094624600310929e-03 1.000000000000000021e-08
0.000000000000000000e+00 0.000000000000000000e+00 -0.000000000000000000e+00 -0.000000000000000000e+00 0.000000000000000000e+00
4.227057690436046491e-05 1.000000000000000021e-08 1.000000000000000021e-08 9.605075418997013399e-07 9.900005012653237789e-06
1.243252261892953479e-04 1.000000000000000021e-08 1.000000000000000021e-08 2.825022182057898780e-06 2.911766180192137591e-05
0.000000000000000000e+00 0.000000000000000000e+00 -0.000000000000000000e+00 -0.000000000000000000e+00 0.000000000000000000e+00
0.000000000000000000e+00 0.000000000000000000e+00 -0.000000000000000000e+00 -0.000000000000000000e+00 0.000000000000000000e+00
2.335729093683503824e-06 1.796936585855450830e-05 1.000000000000000021e-08 1.000000000000000021e-08 1.000000000000000021e-08
8.167642087207974697e-04 1.061882608906485450e-03 1.000000000000000021e-08 1.000000000000000021e-08 1.813824623756089436e-04
5.874808107931883509e-03 6.404636251567702443e-03 1.000000000000000021e-08 1.000000000000000021e-08 1.000000000000000021e-08
3.224180605809188332e-02 1.873488246393936046e-02 1.000000000000000021e-08 1.000000000000000021e-08 1.000000000000000021e-08
8.916093414331281719e-02 3.656562535496211963e-02 1.000000000000000021e-08 1.000000000000000021e-08 1.000000000000000021e-08
1.202861906602963604e-01 5.976222858808251381e-02 1.237888309664391014e-02 1.000000000000000021e-08 1.000000000000000021e-08
1.161970296821432241e-01 8.497253563468780413e-02 3.845612400212333054e-02 1.000000000000000021e-08 1.000000000000000021e-08
1.049585776504175783e-01 1.064937274573712067e-01 5.442407216923866170e-02 1.000000000000000021e-08 1.000000000000000021e-08
9.773966322890359493e-02 1.073172866826206245e-01 6.496870655007946915e-02 1.000000000000000021e-08 1.000000000000000021e-08
1.023136152024964329e-01 9.990054207098217343e-02 6.808379631203326232e-02 1.000000000000000021e-08 1.000000000000000021e-08
1.199831897975842943e-01 9.381712185287752193e-02 5.934407924190415046e-02 1.000000000000000021e-08 1.000000000000000021e-08
1.273931280944869404e-01 9.358468651692748719e-02 4.145934582681052444e-02 1.000000000000000021e-08 2.948665051115647792e-03
1.144779233987506112e-01 9.528946582413815036e-02 1.831609071461873586e-02 1.000000000000000021e-08 3.922402111195501945e-02
7.902490205369801235e-02 9.639581621857976068e-02 1.000000000000000021e-08 1.000000000000000021e-08 8.534039825637022847e-02
2.776395357161575220e-02 9.841505004822774516e-02 1.000000000000000021e-08 1.000000000000000021e-08 1.200320343345776114e-01
1.000000000000000021e-08 9.162760415458771901e-02 1.000000000000000021e-08 3.074467578050748065e-02 1.175023596240570845e-01
1.000000000000000021e-08 6.733442804890006628e-02 1.000000000000000021e-08 8.987622947365590809e-02 6.921191415759855858e-02
1.000000000000000021e-08 3.471985125176118431e-02 1.000000000000000021e-08 1.248766257564968563e-01 1.606731244902005751e-02
1.000000000000000021e-08 7.574431996156111985e-03 1.000000000000000021e-08 1.185642145443646933e-01 1.000000000000000021e-08
5.036159538776253741e-05 1.000000000000000021e-08 3.745455045683533527e-04 8.314753199266809724e-02 1.000000000000000021e-08
1.526320996764808993e-03 1.000000000000000021e-08 3.351878821836358491e-04 4.955322092113113169e-02 1.000000000000000021e-08
6.082457612166172886e-04 1.000000000000000021e-08 2.850202780958455921e-04 1.770683878409416018e-02 1.000000000000000021e-08
1.000000000000000021e-08 1.000000000000000021e-08 3.377122133155538550e-04 2.676388682621614647e-03 1.000000000000000021e-08
1.000000000000000021e-08 1.000000000000000021e-08 4.260031850604665479e-06 1.250576756821973968e-05 2.035447910747653504e-06
0.000000000000000000e+00 0.000000000000000000e+00 -0.000000000000000000e+00 -0.000000000000000000e+00 0.000000000000000000e+00
0.000000000000000000e+00 0.000000000000000000e+00 -0.000000000000000000e+00 -0.000000000000000000e+00 0.000000000000000000e+00
0.000000000000000000e+00 0.000000000000000000e+00 -0.000000000000000000e+00 -0.000000000000000000e+00 0.000000000000000000e+00
0.000000000000000000e+00 0.000000000000000000e+00 -0.000000000000000000e+00 -0.000000000000000000e+00 0.000000000000000000e+00
0.000000000000000000e+00 0.000000000000000000e+00 -0.000000000000000000e+00 -0.000000000000000000e+00 0.000000000000000000e+00
2.841137771565109202e-04 2.627085594625253040e-04 1.000000000000000021e-08 1.000000000000000021e-08 1.000000000000000021e-08
2.940361893125213386e-03 2.819267121319672057e-03 1.000000000000000021e-08 1.000000000000000021e-08 1.000000000000000021e-08
1.761062805146253185e-02 6.174982253119141833e-03 1.000000000000000021e-08 4.131819970279493152e-03 1.000000000000000021e-08
4.556478113647847994e-02 1.066520143205452152e-02 1.000000000000000021e-08 1.248744374091420237e-02 8.218032845838405074e-04
7.925632781493706369e-02 2.528271432297134885e-02 1.000000000000000021e-08 1.572975736482148251e-02 6.776315632926726423e-03
9.552868932012500980e-02 5.016262396652971384e-02 1.000000000000000021e-08 1.790389212341736425e-02 1.964040099619221783e-02
1.022646091914688193e-01 7.504613029737976226e-02 1.000000000000000021e-08 1.953030441315773899e-02 3.366983445529259100e-02
1.052473649040683440e-01 8.930303515075842247e-02 1.000000000000000021e-08 2.383938220941551889e-02 4.020432256314001446e-02
9.948763079011815891e-02 9.970972452083719240e-02 3.170277327623001202e-03 2.428957428021326706e-02 4.926505180174007431e-02
9.069718656064108819e-02 1.038277544928429691e-01 1.157506619582140137e-04 1.954887943517581370e-02 5.992342322407926553e-02
7.420709979499878761e-02 1.019968886211641973e-01 1.000000000000000021e-08 2.054421330935120305e-02 7.930092505335439856e-02
4.552268614388251672e-02 9.958807514952097706e-02 1.000000000000000021e-08 2.128308127709406181e-02 1.047585400738850064e-01
9.958340566556748985e-03 8.934337418380365603e-02 1.000000000000000021e-08 4.468971379729403531e-02 1.217413042014831026e-01
1.000000000000000021e-08 7.480125537952010684e-02 1.000000000000000021e-08 7.570631398274334234e-02 1.156136432092543936e-01
1.000000000000000021e-08 4.457499337772857784e-02 1.316929644398732177e-03 1.193365901501126369e-01 7.843828160791721515e-02
1.000000000000000021e-08 1.897744497997468430e-02 2.859753936005545241e-03 1.387215736115640918e-01 3.271197290846493411e-02
1.000000000000000021e-08 2.866705341335805748e-03 1.604384232268882228e-03 1.190574752307449746e-01 1.000000000000000021e-08
1.000000000000000021e-08 1.000000000000000021e-08 3.705589370605596794e-04 8.498599806331781636e-02 1.000000000000000021e-08
1.068580881478173837e-03 1.000000000000000021e-08 4.457878846129401974e-04 5.308282594513015484e-02 1.000000000000000021e-08
8.317393518187216842e-04 1.000000000000000021e-08 4.681946223318928435e-04 2.914851311923697189e-02 1.000000000000000021e-08
1.000000000000000021e-08 1.000000000000000021e-08 5.393560238866891262e-04 7.583131538160756309e-03 1.000000000000000021e-08
1.000000000000000021e-08 1.000000000000000021e-08 2.997979973080319577e-05 9.962499830551325725e-04 1.000000000000000021e-08
0.000000000000000000e+00 0.000000000000000000e+00 -0.000000000000000000e+00 -0.000000000000000000e+00 0.000000000000000000e+00
0.000000000000000000e+00 0.000000000000000000e+00 -0.000000000000000000e+00 -0.000000000000000000e+00 0.000000000000000000e+00
0.000000000000000000e+00 0.000000000000000000e+00 -0.000000000000000000e+00 -0.000000000000000000e+00 0.000000000000000000e+00
0.000000000000000000e+00 0.000000000000000000e+00 -0.000000000000000000e+00 -0.000000000000000000e+00 0.000000000000000000e+00
0.000000000000000000e+00 0.000000000000000000e+00 -0.000000000000000000e+00 -0.000000000000000000e+00 0.000000000000000000e+00
0.000000000000000000e+00 0.000000000000000000e+00 -0.000000000000000000e+00 -0.000000000000000000e+00 0.000000000000000000e+00
1.000000000000000021e-08 2.656920718183648300e-04 5.540268551983122425e-06 1.000000000000000021e-08 5.013155085223676682e-04
2.115243899934310390e-03 1.589657913384692495e-03 1.000000000000000021e-08 1.000000000000000021e-08 1.000000000000000021e-08
6.658489590936462164e-03 2.320328250082152877e-03 1.000000000000000021e-08 3.043443956942379347e-03 1.000000000000000021e-08
1.664335470090944763e-02 1.000000000000000021e-08 1.000000000000000021e-08 1.312632068325603890e-02 6.276901753700016122e-03
3.322781863689996951e-02 1.000000000000000021e-08 1.000000000000000021e-08 2.394366380826676646e-02 1.538360576393876453e-02
4.922369929500487740e-02 8.708865853289636527e-04 1.000000000000000021e-08 3.512025885688557086e-02 3.177823694081155503e-02
5.370234108084380453e-02 1.294454809416376029e-02 1.000000000000000021e-08 3.899635060668391051e-02 6.003727632468093545e-02
5.036338857633071431e-02 2.945277392621751048e-02 1.000000000000000021e-08 4.166101666960000255e-02 8.798550116017858636e-02
3.972503971611054951e-02 4.153230840906649984e-02 1.000000000000000021e-08 5.122049569644358813e-02 1.079316471020838747e-01
2.236291752984488970e-02 5.171115005526550484e-02 1.000000000000000021e-08 6.173552928985436006e-02 1.214187222251192216e-01
5.863737818203466727e-03 4.991442025093412865e-02 1.000000000000000021e-08 7.560747726594882479e-02 1.263882778323341394e-01
1.000000000000000021e-08 4.301998185853264656e-02 1.000000000000000021e-08 9.016471316281800263e-02 1.237040318013879758e-01
1.000000000000000021e-08 2.665409258090080391e-02 1.000000000000000021e-08 1.118824540447756338e-01 1.059007429326567357e-01
1.000000000000000021e-08 9.500065333265613268e-03 2.383499771008880299e-03 1.283155934343241655e-01 7.101050217580451296e-02
1.000000000000000021e-08 1.000000000000000021e-08 3.214111086059224381e-03 1.234687090302646895e-01 3.668535106704012144e-02
1.000000000000000021e-08 1.000000000000000021e-08 1.759659535130362554e-03 1.002728847294293846e-01 8.065942415242634972e-03
5.243132801483783243e-05 1.000000000000000021e-08 7.692486033311821516e-04 6.915282919886375779e-02 1.000000000000000021e-08
4.718805198301531407e-04 1.000000000000000021e-08 3.532515946002159706e-04 4.392630022769424686e-02 1.000000000000000021e-08
6.065578183733185205e-04 1.000000000000000021e-08 4.111724722055457829e-04 2.309316319517059138e-02 1.000000000000000021e-08
1.838786245691553225e-04 1.000000000000000021e-08 4.012382537601337788e-04 1.027380582217171136e-02 1.000000000000000021e-08
1.000000000000000021e-08 1.000000000000000021e-08 3.522645364532831766e-05 1.812614966037479113e-03 3.204404185550096499e-05
1.000000000000000021e-08 1.000000000000000021e-08 2.194641280474640789e-06 1.336926112860503766e-04 1.509485500653174753e-05
0.000000000000000000e+00 0.000000000000000000e+00 -0.000000000000000000e+00 -0.000000000000000000e+00 0.000000000000000000e+00
0.000000000000000000e+00 0.000000000000000000e+00 -0.000000000000000000e+00 -0.000000000000000000e+00 0.000000000000000000e+00
0.000000000000000000e+00 0.000000000000000000e+00 -0.000000000000000000e+00 -0.000000000000000000e+00 0.000000000000000000e+00
0.000000000000000000e+00 0.000000000000000000e+00 -0.000000000000000000e+00 -0.000000000000000000e+00 0.000000000000000000e+00
0.000000000000000000e+00 0.000000000000000000e+00 -0.000000000000000000e+00 -0.000000000000000000e+00 0.000000000000000000e+00
0.000000000000000000e+00 0.000000000000000000e+00 -0.000000000000000000e+00 -0.000000000000000000e+00 0.000000000000000000e+00
1.000000000000000021e-08 1.340631453917373258e-04 4.175338669250604068e-06 1.000000000000000021e-08 2.567071119701339098e-04
2.930069029812105898e-04 8.636205041867426506e-04 1.000000000000000021e-08 1.000000000000000021e-08 5.769123532135784571e-04
1.602289898031316641e-03 1.174284465514819232e-03 1.000000000000000021e-08 7.811835320786054233e-04 4.004446284404085616e-04
3.730343463856178408e-03 1.000000000000000021e-08 1.000000000000000021e-08 2.567829894177199937e-03 3.351900218712431084e-03
6.071812440683633898e-03 1.000000000000000021e-08 2.834702074175727768e-04 7.346428447426837233e-03 9.708177485285934827e-03
1.003922219089816055e-02 1.000000000000000021e-08 1.000000000000000021e-08 2.037484487788546531e-02 2.293085222091612377e-02
1.317382583295682169e-02 1.000000000000000021e-08 1.000000000000000021e-08 3.870964439503072479e-02 3.879702120271980720e-02
1.071345576616690269e-02 1.000000000000000021e-08 1.000000000000000021e-08 5.159050862361108658e-02 5.999928119890123035e-02
3.839006857719603951e-03 1.000000000000000021e-08 1.000000000000000021e-08 6.028702260695063125e-02 8.117665226438026960e-02
1.000000000000000021e-08 1.000000000000000021e-08 1.000000000000000021e-08 7.188497763851124656e-02 9.126985752085843562e-02
1.000000000000000021e-08 1.000000000000000021e-08 1.000000000000000021e-08 8.399596968366843108e-02 8.506824794828601877e-02
1.000000000000000021e-08 1.000000000000000021e-08 8.205493969770692253e-04 9.339324029025815321e-02 6.789624130731880536e-02
1.000000000000000021e-08 1.000000000000000021e-08 2.878395583771919432e-03 9.443015138594951230e-02 4.421678520622365771e-02
1.000000000000000021e-08 1.000000000000000021e-08 1.829561850093572089e-03 8.096110277293233626e-02 2.233477832935584773e-02
1.000000000000000021e-08 1.000000000000000021e-08 1.501708409508899916e-03 5.863396289358659835e-02 8.685614011331664261e-03
2.320525586258830530e-04 1.000000000000000021e-08 1.166053554604871588e-03 3.790027420877421782e-02 1.859506100970696350e-03
1.000000000000000021e-08 1.000000000000000021e-08 1.216656506612515381e-03 2.263326941939577952e-02 3.126360693200516450e-05
1.249869891625661456e-04 1.000000000000000021e-08 6.288202284989610584e-04 1.472294186318760800e-02 1.000000000000000021e-08
1.000000000000000021e-08 1.000000000000000021e-08 6.692653117498803018e-04 8.826073047559503462e-03 1.000000000000000021e-08
1.000000000000000021e-08 1.000000000000000021e-08 3.005638284001427014e-04 3.420515673605029668e-03 5.420151213868949411e-05
1.000000000000000021e-08 1.000000000000000021e-08 2.194641280474640789e-06 1.336926112860503766e-04 1.509485500653174753e-05
0.000000000000000000e+00 0.000000000000000000e+00 -0.000000000000000000e+00 -0.000000000000000000e+00 0.000000000000000000e+00
0.000000000000000000e+00 0.000000000000000000e+00 -0.000000000000000000e+00 -0.000000000000000000e+00 0.000000000000000000e+00
0.000000000000000000e+00 0.000000000000000000e+00 -0.000000000000000000e+00 -0.000000000000000000e+00 0.000000000000000000e+00
0.000000000000000000e+00 0.000000000000000000e+00 -0.000000000000000000e+00 -0.000000000000000000e+00 0.000000000000000000e+00
0.000000000000000000e+00 0.000000000000000000e+00 -0.000000000000000000e+00 -0.000000000000000000e+00 0.000000000000000000e+00
0.000000000000000000e+00 0.000000000000000000e+00 -0.000000000000000000e+00 -0.000000000000000000e+00 0.000000000000000000e+00
0.000000000000000000e+00 0.000000000000000000e+00 -0.000000000000000000e+00 -0.000000000000000000e+00 0.000000000000000000e+00
0.000000000000000000e+00 0.000000000000000000e+00 -0.000000000000000000e+00 -0.000000000000000000e+00 0.000000000000000000e+00
0.000000000000000000e+00 0.000000000000000000e+00 -0.000000000000000000e+00 -0.000000000000000000e+00 0.000000000000000000e+00
4.602945922045726334e-05 1.000000000000000021e-08 1.000000000000000021e-08 1.760504812790818240e-04 1.000000000000000021e-08
5.473725967376388661e-04 1.000000000000000021e-08 2.995657661152815207e-04 1.003799180102552544e-03 3.710107481593101259e-04
1.289776858668343100e-03 1.000000000000000021e-08 2.899774852589656789e-04 1.930142392695289623e-03 1.447341138853923794e-03
1.518435591819345320e-03 1.000000000000000021e-08 2.058162586607203449e-03 4.558412321053466332e-03 4.513496390874885064e-03
1.440115468666822857e-03 1.000000000000000021e-08 2.816313799665982713e-03 1.174393765140852898e-02 7.903378519092183266e-03
1.430685551756571755e-03 1.000000000000000021e-08 3.386740441179602028e-03 1.915460754604863397e-02 1.079635937842948930e-02
1.080453635835832652e-03 1.000000000000000021e-08 2.611693546049855506e-03 2.117740314800531029e-02 1.122673958214396792e-02
9.530474521167942503e-04 1.000000000000000021e-08 2.432506635709214080e-03 2.365742729857551671e-02 1.134063098613364608e-02
8.753724349333056459e-04 1.000000000000000021e-08 2.314083471347136434e-03 2.470053486942763721e-02 9.450897115023297948e-03
9.382681319651327463e-04 1.000000000000000021e-08 1.510644174628267798e-03 2.027788615953117490e-02 5.974182279214809883e-03
7.341612544926193543e-04 1.000000000000000021e-08 1.332164755087617914e-03 1.760938048454375321e-02 3.511370288715459295e-03
8.230459827735526470e-04 1.000000000000000021e-08 7.103455516063126316e-04 1.334735918076036115e-02 2.101893007650357855e-03
2.075949140314226440e-04 1.000000000000000021e-08 8.086947850549657977e-04 8.270209851278933350e-03 1.439673832524563215e-03
1.000000000000000021e-08 1.000000000000000021e-08 9.522495080522424844e-04 4.942773266930855156e-03 6.661117860424647799e-04
1.000000000000000021e-08 1.000000000000000021e-08 2.629797958327611727e-04 1.915144882610020360e-03 1.000000000000000021e-08
2.019438917779915204e-05 1.000000000000000021e-08 1.000000000000000021e-08 2.937297968450057841e-04 1.000000000000000021e-08
0.000000000000000000e+00 0.000000000000000000e+00 -0.000000000000000000e+00 -0.000000000000000000e+00 0.000000000000000000e+00
0.000000000000000000e+00 0.000000000000000000e+00 -0.000000000000000000e+00 -0.000000000000000000e+00 0.000000000000000000e+00
0.000000000000000000e+00 0.000000000000000000e+00 -0.000000000000000000e+00 -0.000000000000000000e+00 0.000000000000000000e+00
0.000000000000000000e+00 0.000000000000000000e+00 -0.000000000000000000e+00 -0.000000000000000000e+00 0.000000000000000000e+00
0.000000000000000000e+00 0.000000000000000000e+00 -0.000000000000000000e+00 -0.000000000000000000e+00 0.000000000000000000e+00
0.000000000000000000e+00 0.000000000000000000e+00 -0.000000000000000000e+00 -0.000000000000000000e+00 0.000000000000000000e+00
0.000000000000000000e+00 0.000000000000000000e+00 -0.000000000000000000e+00 -0.000000000000000000e+00 0.000000000000000000e+00
0.000000000000000000e+00 0.000000000000000000e+00 -0.000000000000000000e+00 -0.000000000000000000e+00 0.000000000000000000e+00
0.000000000000000000e+00 0.000000000000000000e+00 -0.000000000000000000e+00 -0.000000000000000000e+00 0.000000000000000000e+00
0.000000000000000000e+00 0.000000000000000000e+00 -0.000000000000000000e+00 -0.000000000000000000e+00 0.000000000000000000e+00
0.000000000000000000e+00 0.000000000000000000e+00 -0.000000000000000000e+00 -0.000000000000000000e+00 0.000000000000000000e+00
0.000000000000000000e+00 0.000000000000000000e+00 -0.000000000000000000e+00 -0.000000000000000000e+00 0.000000000000000000e+00
0.000000000000000000e+00 0.000000000000000000e+00 -0.000000000000000000e+00 -0.000000000000000000e+00 0.000000000000000000e+00
1.429554581608105760e-05 1.000000000000000021e-08 2.795442417646414068e-04 8.790640265349039246e-05 1.529825534524432377e-04
1.429554581608105760e-05 1.000000000000000021e-08 2.795442417646414068e-04 8.790640265349039246e-05 1.529825534524432377e-04
1.685166665338445809e-05 1.000000000000000021e-08 3.202809438724349531e-04 1.281466406617972839e-04 1.691559294936897690e-04
1.000000000000000021e-08 1.000000000000000021e-08 6.368193652062959257e-04 3.426836732871776231e-04 3.043955261532640261e-04
1.000000000000000021e-08 1.000000000000000021e-08 1.250401013996234236e-03 6.795784186832107320e-04 6.369246119082038783e-04
1.000000000000000021e-08 1.000000000000000021e-08 1.317292083669624903e-03 8.098813541596636524e-04 7.865446440044848546e-04
1.000000000000000021e-08 1.000000000000000021e-08 1.543672669505615500e-03 1.016993549873403862e-03 9.903176750801117104e-04
1.000000000000000021e-08 1.000000000000000021e-08 1.538019483747898354e-03 1.455591326531332141e-03 6.676967886997465292e-04
1.000000000000000021e-08 1.000000000000000021e-08 1.264610743140800412e-03 1.265222691470512884e-03 4.128909616264086146e-04
4.711530519433467391e-04 1.000000000000000021e-08 2.221539168811649848e-04 1.423996589119884892e-03 1.235923673439502668e-04
3.154456575729114591e-04 1.000000000000000021e-08 1.000000000000000021e-08 1.230003448393091016e-03 1.500694334033166695e-04
1.852496954983326601e-04 1.000000000000000021e-08 3.538075898272260105e-05 9.269722416904552752e-04 1.025828831250401931e-04
2.178801321165304311e-05 1.000000000000000021e-08 7.524148448315307248e-06 1.239073422802163275e-04 1.291686400974859686e-05
0.000000000000000000e+00 0.000000000000000000e+00 -0.000000000000000000e+00 -0.000000000000000000e+00 0.000000000000000000e+00
0.000000000000000000e+00 0.000000000000000000e+00 -0.000000000000000000e+00 -0.000000000000000000e+00 0.000000000000000000e+00
0.000000000000000000e+00 0.000000000000000000e+00 -0.000000000000000000e+00 -0.000000000000000000e+00 0.000000000000000000e+00
0.000000000000000000e+00 0.000000000000000000e+00 -0.000000000000000000e+00 -0.000000000000000000e+00 0.000000000000000000e+00
0.000000000000000000e+00 0.000000000000000000e+00 -0.000000000000000000e+00 -0.000000000000000000e+00 0.000000000000000000e+00
0.000000000000000000e+00 0.000000000000000000e+00 -0.000000000000000000e+00 -0.000000000000000000e+00 0.000000000000000000e+00
0.000000000000000000e+00 0.000000000000000000e+00 -0.000000000000000000e+00 -0.000000000000000000e+00 0.000000000000000000e+00
0.000000000000000000e+00 0.000000000000000000e+00 -0.000000000000000000e+00 -0.000000000000000000e+00 0.000000000000000000e+00
0.000000000000000000e+00 0.000000000000000000e+00 -0.000000000000000000e+00 -0.000000000000000000e+00 0.000000000000000000e+00
0.000000000000000000e+00 0.000000000000000000e+00 -0.000000000000000000e+00 -0.000000000000000000e+00 0.000000000000000000e+00
0.000000000000000000e+00 0.000000000000000000e+00 -0.000000000000000000e+00 -0.000000000000000000e+00 0.000000000000000000e+00
0.000000000000000000e+00 0.000000000000000000e+00 -0.000000000000000000e+00 -0.000000000000000000e+00 0.000000000000000000e+00
0.000000000000000000e+00 0.000000000000000000e+00 -0.000000000000000000e+00 -0.000000000000000000e+00 0.000000000000000000e+00
0.000000000000000000e+00 0.000000000000000000e+00 -0.000000000000000000e+00 -0.000000000000000000e+00 0.000000000000000000e+00
0.000000000000000000e+00 0.000000000000000000e+00 -0.000000000000000000e+00 -0.000000000000000000e+00 0.000000000000000000e+00
0.000000000000000000e+00 0.000000000000000000e+00 -0.000000000000000000e+00 -0.000000000000000000e+00 0.000000000000000000e+00
0.000000000000000000e+00 0.000000000000000000e+00 -0.000000000000000000e+00 -0.000000000000000000e+00 0.000000000000000000e+00
0.000000000000000000e+00 0.000000000000000000e+00 -0.000000000000000000e+00 -0.000000000000000000e+00 0.000000000000000000e+00
0.000000000000000000e+00 0.000000000000000000e+00 -0.000000000000000000e+00 -0.000000000000000000e+00 0.000000000000000000e+00
0.000000000000000000e+00 0.000000000000000000e+00 -0.000000000000000000e+00 -0.000000000000000000e+00 0.000000000000000000e+00
0.000000000000000000e+00 0.000000000000000000e+00 -0.000000000000000000e+00 -0.000000000000000000e+00 0.000000000000000000e+00
0.000000000000000000e+00 0.000000000000000000e+00 -0.000000000000000000e+00 -0.000000000000000000e+00 0.000000000000000000e+00
0.000000000000000000e+00 0.000000000000000000e+00 -0.000000000000000000e+00 -0.000000000000000000e+00 0.000000000000000000e+00
0.000000000000000000e+00 0.000000000000000000e+00 -0.000000000000000000e+00 -0.000000000000000000e+00 0.000000000000000000e+00
0.000000000000000000e+00 0.000000000000000000e+00 -0.000000000000000000e+00 -0.000000000000000000e+00 0.000000000000000000e+00
0.000000000000000000e+00 0.000000000000000000e+00 -0.000000000000000000e+00 -0.000000000000000000e+00 0.000000000000000000e+00
0.000000000000000000e+00 0.000000000000000000e+00 -0.000000000000000000e+00 -0.000000000000000000e+00 0.000000000000000000e+00
0.000000000000000000e+00 0.000000000000000000e+00 -0.000000000000000000e+00 -0.000000000000000000e+00 0.000000000000000000e+00
0.000000000000000000e+00 0.000000000000000000e+00 -0.000000000000000000e+00 -0.000000000000000000e+00 0.000000000000000000e+00
0.000000000000000000e+00 0.000000000000000000e+00 -0.000000000000000000e+00 -0.000000000000000000e+00 0.000000000000000000e+00
0.000000000000000000e+00 0.000000000000000000e+00 -0.000000000000000000e+00 -0.000000000000000000e+00 0.000000000000000000e+00
0.000000000000000000e+00 0.000000000000000000e+00 -0.000000000000000000e+00 -0.000000000000000000e+00 0.000000000000000000e+00
0.000000000000000000e+00 0.000000000000000000e+00 -0.000000000000000000e+00 -0.000000000000000000e+00 0.000000000000000000e+00
0.000000000000000000e+00 0.000000000000000000e+00 -0.000000000000000000e+00 -0.000000000000000000e+00 0.000000000000000000e+00
0.000000000000000000e+00 0.000000000000000000e+00 -0.000000000000000000e+00 -0.000000000000000000e+00 0.000000000000000000e+00
0.000000000000000000e+00 0.000000000000000000e+00 -0.000000000000000000e+00 -0.000000000000000000e+00 0.000000000000000000e+00
0.000000000000000000e+00 0.000000000000000000e+00 -0.000000000000000000e+00 -0.000000000000000000e+00 0.000000000000000000e+00
