0.000000 0.000000 0.000000 -0.000000 -0.000000 0.000000 0.000000 -0.000000 -0.000000 0.000000
0.000000 0.000000 0.000000 -0.000000 -0.000000 0.000000 0.000000 -0.000000 -0.000000 0.000000
0.000000 0.000000 0.000000 -0.000000 -0.000000 0.000000 0.000000 -0.000000 -0.000000 0.000000
0.000000 0.000000 0.000000 0.000000 -0.000000 0.000000 0.000000 -0.000000 -0.000000 0.000000
0.000000 0.000000 0.000000 0.000000 -0.000000 0.000000 0.000000 -0.000000 -0.000000 0.000000
0.000000 0.000000 0.000000 0.000000 -0.000000 0.000000 0.000000 -0.000000 -0.000000 0.000000
0.000000 0.000000 0.000000 0.000000 -0.000000 0.000000 0.000000 -0.000000 -0.000000 0.000000
0.000000 0.000000 0.000000 0.000000 -0.000000 0.000000 0.000000 -0.000000 -0.000000 0.000000
0.000000 0.000000 0.000000 0.000000 -0.000000 0.000000 0.000000 -0.000000 -0.000000 0.000000
0.000000 0.000000 0.000000 0.000000 -0.000000 0.000000 0.000000 -0.000000 -0.000000 0.000000
0.000000 0.000000 0.000000 0.000000 -0.000000 0.000000 0.000000 -0.000000 -0.000000 0.000000
0.000000 0.000000 0.000000 0.000000 -0.000000 0.000000 0.000000 -0.000000 -0.000000 0.000000
0.000000 0.000000 0.000000 0.000000 -0.000000 0.000000 0.000000 -0.000000 -0.000000 0.000000
0.000000 0.000000 0.000000 0.000000 -0.000000 0.000000 0.000000 -0.000000 -0.000000 0.000000
0.000000 0.000000 0.000000 0.000000 -0.000000 0.000000 0.000000 -0.000000 -0.000000 0.000000
0.000000 0.000000 0.000000 0.000000 -0.000000 0.000000 0.000000 -0.000000 -0.000000 0.000000
0.000000 0.000000 0.000000 0.000000 -0.000000 0.000000 0.000000 -0.000000 -0.000000 0.000000
0.000000 0.000000 0.000000 0.000000 -0.000000 0.000000 0.000000 -0.000000 -0.000000 0.000000
0.000000 0.000000 0.000000 0.000000 -0.000000 0.000000 0.000000 -0.000000 -0.000000 0.000000
0.000000 0.000000 0.000000 0.000000 -0.000000 0.000000 0.000000 -0.000000 -0.000000 0.000000
0.000000 0.000000 0.000000 0.000000 -0.000000 0.000000 0.000000 -0.000000 -0.000000 0.000000
0.000000 0.000000 0.000000 0.000000 -0.000000 0.000000 0.000000 -0.000000 -0.000000 0.000000
0.000000 0.000000 0.000000 0.000000 -0.000000 0.000000 0.000000 -0.000000 -0.000000 0.000000
0.000000 0.000000 0.000000 0.000000 -0.000000 0.000000 0.000000 -0.000000 -0.000000 0.000000
0.000000 0.000000 0.000000 0.000000 -0.000000 0.000000 0.000000 -0.000000 -0.000000 0.000000
0.000000 0.000000 0.000000 0.000000 -0.000000 0.000000 0.000000 -0.000000 -0.000000 0.000000
0.000000 0.000000 0.000000 0.000000 -0.000000 0.000000 0.000000 -0.000000 -0.000000 0.000000
0.000000 0.000000 0.000000 0.000000 -0.000000 0.000000 0.000000 -0.000000 -0.000000 0.000000
0.000000 0.000000 0.000000 0.000000 -0.000000 0.000000 0.000000 -0.000000 -0.000000 0.000000
0.000000 0.000000 0.000000 0.000000 -0.000000 0.000000 0.000000 -0.000000 -0.000000 0.000000
0.000000 0.000000 0.000000 0.000000 -0.000000 0.000000 0.000000 -0.000000 -0.000000 0.000000
0.000000 0.000000 0.000000 0.000000 -0.000000 0.000000 0.000000 -0.000000 -0.000000 0.000000
0.000000 0.000000 0.000000 0.000000 -0.000000 0.000000 0.000000 -0.000000 -0.000000 0.000000
0.000000 0.000000 0.000000 0.000000 -0.000000 0.000000 0.000000 -0.000000 -0.000000 0.000000
0.000000 0.000000 0.000000 0.000000 -0.000000 0.000000 0.000000 -0.000000 -0.000000 0.000000
0.000000 0.000000 0.000000 0.000000 -0.000000 0.000000 0.000000 -0.000000 -0.000000 0.000000
0.000000 0.000000 0.000000 0.000000 -0.000000 0.000000 0.000000 -0.000000 -0.000000 0.000000
0.000000 0.000000 0.000000 0.000000 -0.000000 0.000000 0.000000 -0.000000 -0.000000 0.000000
0.000000 0.000000 0.000000 0.000000 -0.000000 0.000000 0.000000 -0.000000 -0.000000 0.000000
0.000000 0.000000 0.000000 0.000000 -0.000000 0.000000 0.000000 -0.000000 -0.000000 0.000000
0.000000 0.000000 0.000000 0.000000 -0.000000 0.000000 0.000000 -0.000000 -0.000000 0.000000
0.000000 0.000000 0.000000 0.000000 -0.000000 0.000000 0.000000 -0.000000 -0.000000 0.000000
0.000000 0.000000 0.000000 0.000000 -0.000000 0.000000 0.000000 -0.000000 -0.000000 0.000000
0.000000 0.000000 0.000000 0.000000 -0.000000 0.000000 0.000000 -0.000000 -0.000000 0.000000
0.000000 0.000000 0.000000 0.000000 -0.000000 0.000000 0.000000 -0.000000 -0.000000 0.000000
0.000000 0.000000 0.000000 0.000000 -0.000000 0.000000 0.000000 -0.000000 -0.000000 0.000000
0.000000 0.000000 0.000000 0.000000 -0.000000 0.000000 0.000000 -0.000000 -0.000000 0.000000
0.000000 0.000000 0.000000 0.000000 -0.000000 0.000000 0.000000 -0.000000 -0.000000 0.000000
0.000000 0.000000 0.000000 0.000000 -0.000000 0.000000 0.000000 -0.000000 -0.000000 0.000000
0.000000 0.000000 0.000000 0.000000 -0.000000 0.000000 0.000000 -0.000000 -0.000000 0.000000
0.000000 0.000000 0.000000 0.000000 -0.000000 0.000000 0.000000 -0.000000 -0.000000 0.000000
0.000000 0.000000 0.000000 0.000000 -0.000000 0.000000 0.000000 -0.000000 -0.000000 0.000000
0.000000 0.000000 0.000000 0.000000 -0.000000 0.000000 0.000000 -0.000000 -0.000000 0.000000
0.000000 0.000000 0.000000 0.000000 -0.000000 0.000000 0.000000 -0.000000 -0.000000 0.000000
0.000000 0.000000 0.000000 0.000000 -0.000000 0.000000 0.000000 -0.000000 -0.000000 0.000000
0.000000 0.000000 0.000000 0.000000 -0.000000 0.000000 0.000000 -0.000000 -0.000000 0.000000
0.000000 0.000000 0.000000 0.000000 -0.000000 0.000000 0.000000 -0.000000 -0.000000 0.000000
0.000000 0.000000 0.000000 0.000000 -0.000000 0.000000 0.000000 -0.000000 -0.000000 0.000000
0.000000 0.000000 0.000000 0.000000 -0.000000 0.000000 0.000000 -0.000000 -0.000000 0.000000
0.000000 0.000000 0.000000 0.000000 -0.000000 0.000000 0.000000 -0.000000 -0.000000 0.000000
0.000000 0.000000 0.000000 0.000000 -0.000000 0.000000 0.000000 -0.000000 -0.000000 0.000000
0.000000 0.000000 0.000000 0.000000 -0.000000 0.000000 0.000000 -0.000000 -0.000000 0.000000
0.000000 0.000000 0.000000 0.000000 -0.000000 0.000000 0.000000 -0.000000 -0.000000 0.000000
0.000000 0.000000 0.000000 0.000000 -0.000000 0.000000 0.000000 -0.000000 -0.000000 0.000000
0.000000 0.000000 0.000000 0.000000 -0.000000 0.000000 0.000000 -0.000000 -0.000000 0.000000
0.000000 0.000000 0.000000 0.000000 -0.000000 0.000000 0.000000 -0.000000 -0.000000 0.000000
0.000000 0.000000 0.000000 0.000000 -0.000000 0.000000 0.000000 -0.000000 -0.000000 0.000000
0.000000 0.000000 0.000000 0.000000 -0.000000 0.000000 0.000000 -0.000000 -0.000000 0.000000
0.000000 0.000000 0.000000 0.000000 -0.000000 0.000000 0.000000 -0.000000 -0.000000 0.000000
0.000000 0.000000 0.000000 0.000000 -0.000000 0.000000 0.000000 -0.000000 -0.000000 0.000000
0.000000 0.000045 0.000000 0.000000 0.000054 0.000000 0.000000 0.000036 0.000041 0.000000
0.000000 0.000215 0.000000 0.000000 0.000445 0.000000 0.000000 0.000237 0.000283 0.000000
0.000000 0.000223 0.000000 0.000000 0.001114 0.000000 0.000000 0.000496 0.000557 0.000049
0.000000 0.000167 0.000000 0.000000 0.001046 0.000000 0.000000 0.000558 0.000541 0.000059
0.000000 0.000000 0.000000 0.000000 0.000906 0.000000 0.000000 0.000314 0.000499 0.000132
0.000000 0.000000 0.000000 0.000000 0.001145 0.000015 0.000000 0.000051 0.000574 0.000222
0.000000 0.000080 0.000000 0.000000 0.000459 0.000000 0.000000 0.000079 0.000252 0.000072
0.000000 0.000090 0.000000 0.000000 0.000184 0.000000 0.000000 0.000079 0.000094 0.000017
0.000000 0.000050 0.000000 0.000000 0.000104 0.000000 0.000000 0.000044 0.000053 0.000009
0.000000 0.000031 0.000000 0.000000 0.000063 0.000000 0.000000 0.000027 0.000032 0.000006
0.000000 0.000000 0.000000 0.000000 -0.000000 0.000000 0.000000 -0.000000 -0.000000 0.000000
0.000000 0.000000 0.000000 0.000000 -0.000000 0.000000 0.000000 -0.000000 -0.000000 0.000000
0.000000 0.000000 0.000000 0.000000 -0.000000 0.000000 0.000000 -0.000000 -0.000000 0.000000
0.000000 0.000000 0.000000 0.000000 -0.000000 0.000000 0.000000 -0.000000 -0.000000 0.000000
0.000000 0.000000 0.000000 0.000000 -0.000000 0.000000 0.000000 -0.000000 -0.000000 0.000000
0.000000 0.000000 0.000000 0.000000 -0.000000 0.000000 0.000000 -0.000000 -0.000000 0.000000
0.000000 0.000000 0.000000 0.000000 -0.000000 0.000000 0.000000 -0.000000 -0.000000 0.000000
0.000000 0.000000 0.000000 0.000000 -0.000000 0.000000 0.000000 -0.000000 -0.000000 0.000000
0.000000 0.000000 0.000000 0.000000 -0.000000 0.000000 0.000000 -0.000000 -0.000000 0.000000
0.000000 0.000000 0.000000 0.000000 -0.000000 0.000000 0.000000 -0.000000 -0.000000 0.000000
0.000000 0.000000 0.000000 0.000000 -0.000000 0.000000 0.000000 -0.000000 -0.000000 0.000000
0.000000 0.000000 0.000000 0.000000 -0.000000 0.000000 0.000000 -0.000000 -0.000000 0.000000
0.000000 0.000059 0.000000 0.000000 0.000100 0.000000 0.000000 0.000044 0.000164 0.000378
0.000098 0.000307 0.000000 0.000000 0.000171 0.000000 0.000000 0.000183 0.000310 0.000666
0.000087 0.000808 0.000000 0.000000 0.000266 0.000000 0.000000 0.000182 0.000375 0.000425
0.000000 0.000805 0.000000 0.000000 0.000818 0.000000 0.000000 0.000299 0.000801 0.000336
0.000000 0.001541 0.000000 0.000000 0.002082 0.000038 0.000000 0.000333 0.001766 0.001110
0.000000 0.002549 0.000000 0.000000 0.003410 0.000357 0.000000 0.000084 0.002775 0.001513
0.000000 0.004688 0.000000 0.000000 0.006215 0.000985 0.000000 0.000000 0.005385 0.001394
0.000000 0.005106 0.000000 0.000000 0.008710 0.001884 0.000000 0.000000 0.007180 0.001165
0.000000 0.005465 0.000000 0.000000 0.009358 0.001915 0.000000 0.000000 0.007749 0.000590
0.000000 0.006439 0.000000 0.000000 0.009047 0.002021 0.000000 0.000000 0.008551 0.000000
0.000000 0.006458 0.000000 0.000000 0.008738 0.001488 0.000000 0.000511 0.007752 0.000000
0.000000 0.005941 0.000000 0.000000 0.008139 0.000497 0.000000 0.001457 0.006543 0.000000
0.000000 0.004541 0.000000 0.000000 0.005349 0.000000 0.000000 0.001667 0.004867 0.000000
0.000000 0.003185 0.002277 0.000000 0.004239 0.000000 0.000000 0.001348 0.003311 0.000210
0.000000 0.001754 0.002888 0.000000 0.003463 0.000000 0.000000 0.001884 0.002239 0.000115
0.000000 0.000000 0.003068 0.000000 0.002167 0.000000 0.000000 0.001749 0.001030 0.000196
0.000000 0.000000 0.001665 0.000000 0.000881 0.000000 0.000000 0.001209 0.000447 0.000165
0.000000 0.000000 0.000612 0.000000 0.000128 0.000000 0.000000 0.000570 0.000019 0.000121
0.000018 0.000000 0.000064 0.000000 0.000017 0.000000 0.000006 0.000075 0.000000 0.000016
0.000000 0.000000 0.000000 0.000000 -0.000000 0.000000 0.000000 -0.000000 -0.000000 0.000000
0.000000 0.000000 0.000000 0.000000 -0.000000 0.000000 0.000000 -0.000000 -0.000000 0.000000
0.000000 0.000000 0.000000 0.000000 -0.000000 0.000000 0.000000 -0.000000 -0.000000 0.000000
0.000000 0.000000 0.000000 0.000000 -0.000000 0.000000 0.000000 -0.000000 -0.000000 0.000000
0.000000 0.000000 0.000000 0.000000 -0.000000 0.000000 0.000000 -0.000000 -0.000000 0.000000
0.000000 0.000000 0.000000 0.000000 -0.000000 0.000000 0.000000 -0.000000 -0.000000 0.000000
0.000000 0.000075 0.000000 0.000002 0.000081 0.000000 0.000000 0.000000 0.000137 0.000752
0.000000 0.000353 0.000000 0.000000 0.000517 0.000000 0.000000 0.000000 0.000992 0.004588
0.000000 0.000738 0.000000 0.000000 0.001073 0.000000 0.000000 0.000000 0.002070 0.007960
0.000000 0.002786 0.000000 0.000000 0.000811 0.000203 0.000000 0.000000 0.003332 0.010880
0.000000 0.007846 0.000000 0.000000 0.000938 0.004103 0.000000 0.000000 0.005948 0.013093
0.000000 0.019194 0.000000 0.000242 0.000000 0.009698 0.000000 0.000000 0.008590 0.013230
0.000000 0.031542 0.000000 0.000000 0.000334 0.014882 0.000000 0.000000 0.013151 0.008083
0.000000 0.041733 0.000000 0.000000 0.005380 0.019171 0.000000 0.000000 0.018405 0.003900
0.000000 0.052826 0.000000 0.000000 0.010849 0.022505 0.000000 0.000000 0.026827 0.000000
0.000000 0.064243 0.000000 0.000000 0.019026 0.023733 0.000000 0.000000 0.040755 0.000000
0.000000 0.071015 0.000000 0.000000 0.027129 0.026148 0.000000 0.000000 0.050472 0.000000
0.000000 0.076193 0.000000 0.000000 0.028439 0.029562 0.000000 0.000000 0.055376 0.000000
0.000000 0.073571 0.000000 0.000000 0.026964 0.027965 0.000000 0.000000 0.054240 0.000000
0.000000 0.062741 0.003519 0.000000 0.026881 0.021595 0.000000 0.000000 0.047561 0.000000
0.000000 0.046619 0.029008 0.000000 0.022561 0.012534 0.000000 0.000000 0.035937 0.000000
0.000000 0.033535 0.053018 0.000000 0.016257 0.004090 0.000000 0.000000 0.022909 0.000000
0.000000 0.020007 0.068444 0.000000 0.012467 0.000000 0.000000 0.000381 0.015402 0.000000
0.000000 0.006677 0.070367 0.000000 0.007308 0.000000 0.000000 0.002029 0.009935 0.000000
0.000000 0.000013 0.055819 0.000000 0.002595 0.000000 0.000000 0.003027 0.005062 0.000000
0.000000 0.000000 0.029335 0.000000 0.000397 0.000000 0.000000 0.002970 0.002947 0.000207
0.000000 0.000000 0.008142 0.000000 0.000158 0.000000 0.000000 0.000978 0.001958 0.000547
0.000140 0.000000 0.000635 0.000000 0.000135 0.000000 0.000000 0.000115 0.000758 0.000183
0.000000 0.000000 0.000000 0.000000 -0.000000 0.000000 0.000000 -0.000000 -0.000000 0.000000
0.000000 0.000000 0.000000 0.000000 -0.000000 0.000000 0.000000 -0.000000 -0.000000 0.000000
0.000000 0.000000 0.000000 0.000000 -0.000000 0.000000 0.000000 -0.000000 -0.000000 0.000000
0.000000 0.000000 0.000000 0.000000 -0.000000 0.000000 0.000000 -0.000000 -0.000000 0.000000
0.000000 0.000000 0.000000 0.000000 -0.000000 0.000000 0.000000 -0.000000 -0.000000 0.000000
0.000000 0.000000 0.000055 0.000000 0.000046 0.000013 0.000047 0.000000 0.000029 0.000520
0.000000 0.000000 0.000000 0.000000 0.000662 0.000000 0.000000 0.000123 0.000943 0.005007
0.000000 0.000000 0.000000 0.000000 0.001729 0.000000 0.000000 0.000517 0.002949 0.016708
0.000000 0.000000 0.000000 0.000000 0.002293 0.000000 0.000000 0.000556 0.005425 0.034716
0.000000 0.006198 0.000000 0.000000 0.000422 0.003575 0.000000 0.000000 0.007207 0.052833
0.000000 0.025132 0.000000 0.000182 0.000000 0.016792 0.000000 0.000000 0.009119 0.062092
0.000000 0.054663 0.000000 0.002774 0.000000 0.038871 0.000000 0.000000 0.010842 0.055174
0.000000 0.085832 0.000000 0.000000 0.000000 0.062012 0.000000 0.000000 0.018006 0.036958
0.000000 0.108782 0.000000 0.000000 0.002769 0.079393 0.000000 0.000000 0.034071 0.023068
0.000000 0.122846 0.000000 0.000000 0.019539 0.089740 0.000000 0.000000 0.056280 0.012118
0.000000 0.126907 0.000000 0.000000 0.034630 0.090381 0.000000 0.000000 0.073415 0.009624
0.000000 0.125469 0.000000 0.000000 0.041594 0.090764 0.000000 0.000000 0.081411 0.007602
0.000000 0.119902 0.024547 0.000000 0.040037 0.089310 0.000000 0.000000 0.078648 0.001009
0.000000 0.108858 0.061594 0.000000 0.034832 0.079264 0.000000 0.000000 0.063301 0.000000
0.000000 0.085973 0.112175 0.000000 0.026995 0.059354 0.009723 0.000000 0.042804 0.000000
0.000000 0.056101 0.165616 0.000000 0.014124 0.037143 0.020519 0.000000 0.024103 0.000000
0.000000 0.029502 0.208649 0.000000 0.003238 0.012820 0.022047 0.000598 0.009227 0.000000
0.000000 0.008863 0.224565 0.000000 0.000000 0.000000 0.018806 0.003146 0.000000 0.000000
0.000000 0.000000 0.205124 0.000000 0.000000 0.000000 0.011872 0.002376 0.000000 0.000000
0.008036 0.000000 0.156948 0.009685 0.000000 0.000000 0.003776 0.001793 0.000000 0.000000
0.010024 0.000000 0.089040 0.009423 0.000000 0.000000 0.000000 0.000868 0.000000 0.000000
0.003740 0.000000 0.025136 0.002184 0.000000 0.000000 0.000000 0.001051 0.002456 0.000000
0.002157 0.000000 0.002999 0.000000 0.000000 0.000000 0.000172 0.000058 0.000709 0.000000
0.000055 0.000008 0.000015 0.000062 0.000000 0.000000 0.000006 0.000009 0.000000 0.000000
0.000000 0.000000 0.000000 0.000000 -0.000000 0.000000 0.000000 -0.000000 -0.000000 0.000000
0.000000 0.000000 0.000000 0.000000 -0.000000 0.000000 0.000000 -0.000000 -0.000000 0.000000
0.000006 0.000024 0.000000 0.000088 0.000088 0.000000 0.000119 0.000000 0.000000 0.000000
0.000000 0.000000 0.000000 0.000000 -0.000000 0.000000 0.000000 -0.000000 -0.000000 0.000000
0.000000 0.000000 0.000000 0.000000 0.000299 0.000000 0.000000 0.000029 0.000319 0.002763
0.000000 0.000000 0.000000 0.000000 0.001520 0.000000 0.000000 0.000815 0.002283 0.013662
0.000000 0.000000 0.000000 0.000000 0.003215 0.000000 0.000000 0.000555 0.004829 0.037572
0.000000 0.000000 0.000000 0.000000 0.002473 0.000000 0.000000 0.000000 0.007389 0.072916
0.000000 0.009609 0.000000 0.000000 0.000000 0.009433 0.000000 0.000000 0.007806 0.106234
0.000000 0.040432 0.000000 0.002849 0.000000 0.038686 0.001826 0.000000 0.000983 0.112136
0.000000 0.080925 0.000000 0.002560 0.000000 0.079848 0.009685 0.000000 0.000000 0.091518
0.000000 0.110931 0.000000 0.000000 0.000000 0.109303 0.027536 0.000000 0.002751 0.060939
0.000000 0.116418 0.000000 0.000000 0.023066 0.120877 0.050249 0.000000 0.020892 0.042247
0.000000 0.106139 0.000000 0.000000 0.048719 0.115791 0.072429 0.000000 0.044155 0.036410
0.000000 0.091414 0.031241 0.000000 0.065402 0.106960 0.088633 0.000000 0.054328 0.033883
0.000000 0.075380 0.076580 0.000000 0.061493 0.096334 0.100481 0.000000 0.049847 0.033725
0.000000 0.059755 0.119163 0.000000 0.050424 0.085035 0.110616 0.000000 0.036325 0.030388
0.000000 0.041459 0.160576 0.000000 0.043281 0.066246 0.117001 0.000000 0.024783 0.027960
0.000000 0.023271 0.200627 0.000000 0.031918 0.043029 0.124566 0.000000 0.007531 0.019865
0.000000 0.002909 0.234581 0.000000 0.018360 0.017803 0.121191 0.000000 0.000000 0.011662
0.012423 0.000000 0.256681 0.011385 0.000297 0.000000 0.103545 0.000000 0.000000 0.001065
0.030434 0.000000 0.253991 0.036929 0.000000 0.000000 0.079204 0.000000 0.000000 0.000000
0.040248 0.000000 0.222524 0.055986 0.000000 0.000000 0.053595 0.000000 0.000000 0.000000
0.043287 0.000000 0.169587 0.062270 0.000000 0.000000 0.027508 0.000000 0.000000 0.000000
0.038707 0.000000 0.098793 0.047403 0.000000 0.000000 0.009378 0.000000 0.000000 0.000000
0.020711 0.000000 0.028259 0.018381 0.000000 0.000000 0.002807 0.000000 0.002383 0.000000
0.007726 0.000000 0.002931 0.002314 0.000000 0.000000 0.000805 0.000034 0.001385 0.000045
0.000876 0.000031 0.000000 0.000568 0.000000 0.000000 0.000579 0.000328 0.000000 0.000000
0.000000 0.000000 0.000000 0.000000 -0.000000 0.000000 0.000000 -0.000000 -0.000000 0.000000
0.000000 0.000000 0.000000 0.000000 -0.000000 0.000000 0.000000 -0.000000 -0.000000 0.000000
0.000004 0.000016 0.000000 0.000058 0.000058 0.000000 0.000078 0.000000 0.000000 0.000000
0.000000 0.000000 0.000000 0.000000 -0.000000 0.000000 0.000000 -0.000000 -0.000000 0.000000
0.000000 0.000000 0.000000 0.000000 0.000074 0.000000 0.000000 0.000000 0.000476 0.002484
0.000000 0.000000 0.000000 0.000000 0.001777 0.000000 0.000000 0.000314 0.001811 0.018458
0.000000 0.000000 0.000000 0.000000 0.004393 0.000000 0.000000 0.000000 0.004891 0.054529
0.000000 0.000000 0.000000 0.000000 0.002532 0.002416 0.003227 0.000000 0.004722 0.107667
0.000000 0.013594 0.000000 0.000000 0.000000 0.021707 0.007550 0.000000 0.000000 0.139622
0.004820 0.052941 0.000000 0.005809 0.000000 0.065600 0.018532 0.000000 0.000000 0.123278
0.020862 0.090533 0.000000 0.000000 0.000000 0.108086 0.039815 0.000000 0.000000 0.076661
0.023818 0.098707 0.000000 0.000000 0.018894 0.115994 0.077109 0.000000 0.000000 0.040405
0.016343 0.069647 0.004717 0.000000 0.062200 0.097211 0.107872 0.000000 0.023892 0.035464
0.009696 0.034583 0.042262 0.000000 0.088173 0.067498 0.127645 0.000000 0.040810 0.045163
0.008951 0.005632 0.083985 0.000000 0.090401 0.042267 0.140229 0.000000 0.035939 0.057347
0.017247 0.000000 0.117792 0.004759 0.074522 0.028859 0.148754 0.000000 0.016703 0.060578
0.024046 0.000000 0.128970 0.024196 0.064435 0.016362 0.154800 0.000000 0.006587 0.061991
0.035744 0.000000 0.132117 0.046921 0.052781 0.004397 0.153254 0.000000 0.000000 0.057608
0.049005 0.000000 0.128715 0.071736 0.040147 0.000000 0.146739 0.000000 0.000000 0.045645
0.062514 0.000000 0.123327 0.100026 0.024041 0.000000 0.129326 0.000000 0.000000 0.031051
0.077999 0.000000 0.114772 0.126952 0.007396 0.000000 0.101871 0.000000 0.000000 0.013884
0.082429 0.000000 0.103513 0.147279 0.000000 0.000000 0.074223 0.000000 0.000000 0.006568
0.081198 0.000000 0.081637 0.154303 0.000000 0.000000 0.045933 0.000000 0.000000 0.000000
0.079244 0.000000 0.053081 0.147438 0.000000 0.000000 0.019898 0.000000 0.000000 0.000000
0.063049 0.000000 0.024649 0.106628 0.000000 0.000000 0.000000 0.000000 0.000000 0.000000
0.037150 0.000622 0.000000 0.043676 0.000000 0.000000 0.000000 0.000000 0.012737 0.000000
0.010559 0.000675 0.000000 0.006449 0.000000 0.000000 0.000000 0.000000 0.004491 0.000000
0.000693 0.000000 0.000000 0.000161 0.000000 0.000000 0.000405 0.000498 0.000000 0.000000
0.000000 0.000000 0.000000 0.000000 -0.000000 0.000000 0.000000 -0.000000 -0.000000 0.000000
0.000000 0.000000 0.000000 0.000000 -0.000000 0.000000 0.000000 -0.000000 -0.000000 0.000000
0.000000 0.000000 0.000000 0.000000 -0.000000 0.000000 0.000000 -0.000000 -0.000000 0.000000
0.000000 0.000000 0.000000 0.000000 -0.000000 0.000000 0.000000 -0.000000 -0.000000 0.000000
0.000000 0.000000 0.000000 0.000000 0.000132 0.000088 0.000000 0.000000 0.000517 0.002760
0.000000 0.000000 0.000000 0.000000 0.002479 0.000000 0.000000 0.000000 0.001817 0.022660
0.000000 0.000000 0.000000 0.000000 0.005783 0.000000 0.000000 0.000000 0.004647 0.065929
0.000000 0.000000 0.000000 0.000000 0.002372 0.005530 0.005291 0.000000 0.001292 0.127683
0.013489 0.018076 0.000000 0.003984 0.000000 0.036414 0.011469 0.000000 0.000000 0.148323
0.046897 0.064109 0.000000 0.008459 0.000000 0.082033 0.023887 0.000000 0.000000 0.092202
0.079590 0.092572 0.000000 0.000000 0.000000 0.106656 0.051009 0.000000 0.000000 0.016325
0.079260 0.076173 0.000000 0.000000 0.057086 0.085010 0.084415 0.000000 0.015457 0.000000
0.069819 0.023478 0.009315 0.000000 0.109678 0.034316 0.100379 0.000000 0.060597 0.000893
0.061204 0.000000 0.042034 0.016917 0.115201 0.000000 0.101583 0.000000 0.066624 0.027845
0.069962 0.000000 0.062372 0.071649 0.088005 0.000000 0.094810 0.000000 0.045388 0.040051
0.082831 0.000000 0.053678 0.116362 0.056662 0.000000 0.088581 0.000000 0.022256 0.042260
0.090619 0.000000 0.032306 0.146055 0.038103 0.000000 0.081447 0.000000 0.010282 0.040028
0.096756 0.000000 0.006927 0.167377 0.027147 0.000000 0.072685 0.000000 0.003689 0.033634
0.100085 0.000000 0.000000 0.184954 0.016720 0.000000 0.060962 0.000000 0.000000 0.026362
0.100071 0.000000 0.000000 0.193990 0.007306 0.000000 0.049034 0.000000 0.000000 0.013074
0.092841 0.000000 0.000000 0.197249 0.000000 0.000000 0.037327 0.000000 0.000000 0.003190
0.084215 0.000000 0.000000 0.189504 0.000000 0.000000 0.023474 0.000000 0.000000 0.000000
0.073261 0.000000 0.000000 0.171800 0.000000 0.000000 0.006994 0.015843 0.000000 0.000000
0.061175 0.000504 0.000000 0.146688 0.000000 0.000000 0.000000 0.031402 0.003827 0.000000
0.048044 0.002804 0.000000 0.100509 0.000000 0.000000 0.000000 0.032269 0.016414 0.000000
0.027391 0.002707 0.000000 0.038253 0.000000 0.000000 0.000000 0.023140 0.021895 0.000000
0.008711 0.000593 0.000000 0.002535 0.000000 0.000000 0.000000 0.004469 0.006054 0.000000
0.000488 0.000000 0.000000 0.000000 0.000000 0.000000 0.000022 0.000397 0.000157 0.000000
0.000000 0.000000 0.000000 0.000000 -0.000000 0.000000 0.000000 -0.000000 -0.000000 0.000000
0.000000 0.000000 0.000000 0.000000 -0.000000 0.000000 0.000000 -0.000000 -0.000000 0.000000
0.000000 0.000000 0.000000 0.000000 -0.000000 0.000000 0.000000 -0.000000 -0.000000 0.000000
0.000000 0.000000 0.000000 0.000000 -0.000000 0.000000 0.000000 -0.000000 -0.000000 0.000000
0.000000 0.000000 0.000000 0.000000 0.000792 0.000335 0.000000 0.000000 0.000532 0.004550
0.000000 0.000000 0.000000 0.000000 0.003740 0.000000 0.000000 0.000000 0.001748 0.028620
0.000475 0.000000 0.000000 0.000000 0.006011 0.000000 0.000000 0.000000 0.003404 0.078858
0.012915 0.000000 0.000000 0.000000 0.000962 0.008718 0.001752 0.000000 0.000000 0.138291
0.048806 0.027366 0.000000 0.007182 0.000000 0.041992 0.006523 0.000000 0.000000 0.142524
0.104202 0.076928 0.001446 0.007767 0.000000 0.081148 0.017195 0.000000 0.000000 0.056865
0.129852 0.096273 0.000000 0.000000 0.018480 0.083612 0.039805 0.000000 0.000000 0.000000
0.102862 0.060739 0.000000 0.000000 0.100643 0.041240 0.058271 0.000000 0.073243 0.000000
0.067039 0.006249 0.000000 0.014736 0.133414 0.000000 0.055447 0.000000 0.116659 0.000000
0.053505 0.000000 0.019184 0.077081 0.099823 0.000000 0.041921 0.000000 0.101375 0.006394
0.067031 0.000000 0.022308 0.131625 0.040180 0.000000 0.028954 0.026140 0.056785 0.005849
0.076920 0.000000 0.001600 0.157080 0.005384 0.000000 0.016420 0.037663 0.029824 0.002238
0.078910 0.000000 0.000000 0.159901 0.000000 0.000000 0.004902 0.048109 0.021216 0.000054
0.074099 0.000000 0.000000 0.153633 0.000000 0.000000 0.000945 0.063026 0.017394 0.000000
0.066663 0.000000 0.000000 0.139254 0.000000 0.000000 0.000000 0.075202 0.020068 0.000000
0.057615 0.000000 0.000000 0.120700 0.000000 0.008450 0.000000 0.088630 0.020969 0.000000
0.048851 0.000000 0.000000 0.099391 0.000000 0.011897 0.000000 0.102455 0.021727 0.000000
0.042178 0.000000 0.000000 0.076494 0.000000 0.011369 0.000000 0.112769 0.024031 0.000000
0.036620 0.000000 0.000000 0.054954 0.000000 0.008760 0.000000 0.119931 0.026958 0.000000
0.030730 0.000000 0.000000 0.038145 0.000934 0.006556 0.000000 0.117017 0.026305 0.000000
0.026412 0.000000 0.000000 0.017765 0.000793 0.004322 0.000000 0.099285 0.025818 0.000000
0.017984 0.000000 0.000000 0.000000 0.000361 0.000000 0.000000 0.053027 0.020897 0.000000
0.005792 0.000014 0.000000 0.000000 0.000125 0.000000 0.000000 0.007462 0.005755 0.000466
0.000281 0.000000 0.000000 0.000000 0.000007 0.000000 0.000066 0.000407 0.000190 0.000000
0.000000 0.000000 0.000000 0.000000 -0.000000 0.000000 0.000000 -0.000000 -0.000000 0.000000
0.000000 0.000000 0.000000 0.000000 -0.000000 0.000000 0.000000 -0.000000 -0.000000 0.000000
0.000000 0.000000 0.000000 0.000000 -0.000000 0.000000 0.000000 -0.000000 -0.000000 0.000000
0.000000 0.000000 0.000000 0.000000 -0.000000 0.000000 0.000000 -0.000000 -0.000000 0.000000
0.000000 0.000000 0.000000 0.000000 0.001248 0.001058 0.000000 0.000000 0.000640 0.007587
0.000000 0.000000 0.000000 0.000000 0.003691 0.000362 0.000213 0.000000 0.000608 0.032052
0.005917 0.000000 0.000000 0.000000 0.005459 0.000255 0.000000 0.000000 0.000609 0.088364
0.033864 0.000000 0.003122 0.001880 0.000000 0.010586 0.000000 0.000000 0.000000 0.138905
0.091105 0.036590 0.010542 0.009463 0.000000 0.039014 0.000000 0.000000 0.000000 0.129820
0.150662 0.086811 0.011281 0.005561 0.000000 0.068413 0.007640 0.000000 0.000000 0.033901
0.137933 0.097330 0.000000 0.000000 0.050879 0.056447 0.029802 0.000000 0.044655 0.000000
0.059986 0.065320 0.000000 0.001990 0.122796 0.012909 0.047374 0.000000 0.124869 0.000000
0.003183 0.030685 0.000000 0.047148 0.116645 0.000000 0.046656 0.024660 0.140801 0.000000
0.000000 0.022683 0.012160 0.089977 0.053281 0.000000 0.036657 0.090767 0.088383 0.000000
0.016330 0.030543 0.010586 0.096376 0.000000 0.000000 0.023096 0.139582 0.038410 0.000000
0.029285 0.035242 0.000000 0.072410 0.000000 0.000000 0.007203 0.163351 0.023393 0.000000
0.030994 0.030267 0.000000 0.046900 0.000000 0.000000 0.000000 0.173681 0.021137 0.000000
0.027192 0.020137 0.000000 0.027683 0.000000 0.000000 0.000000 0.171689 0.023290 0.000000
0.024150 0.007825 0.000000 0.009747 0.000000 0.000000 0.000000 0.167281 0.025010 0.000000
0.019466 0.000000 0.000000 0.000000 0.000000 0.001817 0.000000 0.159436 0.025227 0.000000
0.016700 0.000000 0.000000 0.000000 0.000000 0.003201 0.000000 0.147842 0.025764 0.000000
0.013634 0.000000 0.000000 0.000000 0.000653 0.003933 0.000000 0.133019 0.024401 0.000000
0.009950 0.000000 0.000000 0.000000 0.002169 0.002895 0.000000 0.116158 0.022268 0.000000
0.007654 0.000000 0.000000 0.000000 0.003067 0.001895 0.000000 0.102184 0.021207 0.000000
0.008338 0.000000 0.000000 0.000000 0.002735 0.000840 0.000000 0.080132 0.017581 0.000000
0.007774 0.000000 0.000000 0.000000 0.002201 0.000000 0.000000 0.041117 0.012132 0.000000
0.002716 0.000000 0.000000 0.000000 0.000295 0.000000 0.000000 0.007286 0.003541 0.000098
0.000320 0.000000 0.000000 0.000000 0.000000 0.000000 0.000220 0.000244 0.000052 0.000000
0.000000 0.000000 0.000000 0.000000 -0.000000 0.000000 0.000000 -0.000000 -0.000000 0.000000
0.000000 0.000000 0.000000 0.000000 -0.000000 0.000000 0.000000 -0.000000 -0.000000 0.000000
0.000000 0.000000 0.000000 0.000000 -0.000000 0.000000 0.000000 -0.000000 -0.000000 0.000000
0.000035 0.000000 0.000057 0.000033 0.000034 0.000066 0.000000 0.000037 0.000000 0.000362
0.000000 0.000000 0.000000 0.000333 0.000900 0.001543 0.000000 0.000000 0.000000 0.008960
0.000398 0.000000 0.000000 0.000000 0.003785 0.000671 0.000000 0.000000 0.000035 0.037079
0.015699 0.000000 0.000948 0.000000 0.004362 0.000000 0.000000 0.000000 0.000000 0.094419
0.062677 0.000000 0.013571 0.003377 0.000000 0.006426 0.000000 0.000000 0.000000 0.136973
0.140361 0.040399 0.019659 0.008112 0.000000 0.027841 0.000000 0.000000 0.000000 0.117104
0.175028 0.087133 0.017203 0.011270 0.002151 0.049468 0.000512 0.000000 0.004052 0.033310
0.099821 0.099610 0.000000 0.012494 0.073003 0.040446 0.033313 0.000000 0.081793 0.000000
0.000000 0.083518 0.000000 0.034964 0.118129 0.005482 0.072498 0.024886 0.127736 0.000000
0.000000 0.073139 0.000727 0.063675 0.096461 0.000000 0.084344 0.095570 0.099524 0.000494
0.000000 0.077193 0.018410 0.064340 0.043695 0.000000 0.080218 0.159872 0.029394 0.014990
0.000000 0.084552 0.017851 0.032596 0.011401 0.000000 0.067224 0.184145 0.000000 0.019798
0.000000 0.084108 0.005736 0.000553 0.004168 0.000000 0.055146 0.177756 0.000000 0.022264
0.005996 0.079829 0.000261 0.000000 0.000000 0.000000 0.044437 0.158413 0.000000 0.023183
0.006358 0.064469 0.000000 0.000000 0.000000 0.000000 0.033694 0.140613 0.000000 0.022924
0.006499 0.041229 0.000000 0.000000 0.000000 0.000000 0.021983 0.118378 0.005221 0.022686
0.004709 0.020188 0.000000 0.000000 0.000000 0.000000 0.011276 0.092274 0.009757 0.016824
0.003870 0.005736 0.000000 0.000000 0.000000 0.000000 0.004952 0.071989 0.009921 0.010039
0.003125 0.000000 0.000000 0.000000 0.000000 0.000000 0.002926 0.056013 0.007820 0.004373
0.002664 0.000000 0.000000 0.000000 0.000688 0.000000 0.001835 0.044201 0.007104 0.001300
0.002292 0.000000 0.000000 0.000000 0.000827 0.000000 0.000651 0.038155 0.006813 0.000000
0.001953 0.000000 0.000000 0.000000 0.000727 0.000000 0.000005 0.028858 0.005824 0.000000
0.002212 0.000000 0.000000 0.000000 0.000727 0.000000 0.000000 0.014880 0.004183 0.000000
0.000997 0.000000 0.000000 0.000000 0.000000 0.000000 0.000359 0.002858 0.001234 0.000000
0.000230 0.000000 0.000000 0.000000 0.000000 0.000000 0.000041 0.000102 0.000003 0.000000
0.000000 0.000000 0.000000 0.000000 -0.000000 0.000000 0.000000 -0.000000 -0.000000 0.000000
0.000000 0.000000 0.000000 0.000000 -0.000000 0.000000 0.000000 -0.000000 -0.000000 0.000000
0.000000 0.000000 0.000000 0.000000 -0.000000 0.000000 0.000000 -0.000000 -0.000000 0.000000
0.000242 0.000000 0.000010 0.000325 0.000183 0.000620 0.000000 0.000000 0.000000 0.002084
0.000000 0.000000 0.000000 0.000331 0.001349 0.001408 0.000000 0.000000 0.000000 0.010617
0.003306 0.000000 0.000000 0.000000 0.004157 0.000000 0.000000 0.000000 0.000000 0.041451
0.031809 0.000000 0.005086 0.000000 0.002582 0.000000 0.000000 0.000000 0.000000 0.096417
0.099936 0.000989 0.020064 0.003615 0.000000 0.000000 0.000000 0.000000 0.000000 0.135080
0.184697 0.033720 0.030142 0.009674 0.000000 0.010782 0.000000 0.000000 0.000000 0.120400
0.174669 0.070792 0.031887 0.026341 0.012277 0.038006 0.000000 0.000000 0.020565 0.065632
0.058789 0.084691 0.015786 0.045723 0.067546 0.055569 0.047373 0.009673 0.076590 0.025447
0.000000 0.081890 0.009480 0.071520 0.098450 0.044505 0.096344 0.058379 0.085039 0.018137
0.000000 0.077064 0.021224 0.081066 0.094001 0.015662 0.118119 0.104728 0.030024 0.032157
0.000000 0.074586 0.034171 0.062877 0.085831 0.000000 0.108964 0.119816 0.000000 0.049240
0.000000 0.078518 0.027363 0.033208 0.084543 0.000000 0.092313 0.105368 0.000000 0.060853
0.000000 0.087122 0.015783 0.010849 0.078410 0.000000 0.078513 0.086233 0.000000 0.065234
0.003806 0.098403 0.008271 0.000000 0.058107 0.000000 0.065125 0.068180 0.000000 0.063020
0.009224 0.103800 0.009204 0.000000 0.024315 0.000000 0.053166 0.058718 0.000000 0.055643
0.009454 0.092558 0.011219 0.000000 0.000000 0.000000 0.039250 0.049597 0.000000 0.048154
0.005174 0.059653 0.009350 0.000000 0.000000 0.000000 0.025662 0.038143 0.000000 0.047824
0.001435 0.027805 0.003811 0.000000 0.000000 0.000000 0.012965 0.026172 0.000460 0.039769
0.000000 0.008839 0.000000 0.000000 0.000000 0.000000 0.006047 0.015929 0.002352 0.022768
0.000535 0.001469 0.000000 0.000000 0.000000 0.000000 0.002456 0.010400 0.001288 0.009167
0.000253 0.000392 0.000000 0.000000 0.000000 0.000000 0.000842 0.006754 0.000779 0.003088
0.000408 0.000000 0.000000 0.000000 0.000326 0.000000 0.000000 0.003790 0.000809 0.000260
0.000041 0.000000 0.000000 0.000000 0.000131 0.000000 0.000091 0.001681 0.000627 0.000075
0.000000 0.000000 0.000000 0.000000 0.000037 0.000000 0.000210 0.000783 0.000250 0.000033
0.000000 0.000000 0.000000 0.000000 -0.000000 0.000000 0.000000 -0.000000 -0.000000 0.000000
0.000000 0.000000 0.000000 0.000000 -0.000000 0.000000 0.000000 -0.000000 -0.000000 0.000000
0.000000 0.000000 0.000000 0.000000 -0.000000 0.000000 0.000000 -0.000000 -0.000000 0.000000
0.000000 0.000000 0.000000 0.000000 -0.000000 0.000000 0.000000 -0.000000 -0.000000 0.000000
0.000361 0.000000 0.000000 0.000188 0.000342 0.000374 0.000000 0.000012 0.000000 0.001706
0.000352 0.000000 0.000120 0.000262 0.001205 0.001129 0.000000 0.000000 0.000000 0.010356
0.010436 0.000000 0.000000 0.000000 0.003426 0.000000 0.000000 0.000236 0.000000 0.039828
0.046554 0.000000 0.006519 0.000190 0.002569 0.000000 0.000000 0.000000 0.000000 0.090115
0.126664 0.000000 0.022362 0.003869 0.000000 0.000000 0.000000 0.000000 0.000000 0.125017
0.205433 0.015576 0.036483 0.008616 0.000000 0.000000 0.000000 0.002669 0.000000 0.128613
0.173612 0.036361 0.041992 0.036784 0.011686 0.039438 0.000000 0.008551 0.028079 0.093921
0.055820 0.043852 0.035421 0.071185 0.043616 0.090618 0.036673 0.036157 0.059524 0.055480
0.000000 0.040438 0.031551 0.094022 0.067486 0.118330 0.071531 0.057221 0.057457 0.035678
0.000000 0.028552 0.042455 0.101499 0.082444 0.121163 0.084300 0.058804 0.011916 0.034797
0.000000 0.017643 0.044431 0.093848 0.100143 0.116679 0.069571 0.039360 0.000000 0.040983
0.000000 0.015894 0.031217 0.078618 0.121182 0.101847 0.049529 0.019152 0.000000 0.049527
0.000000 0.023362 0.013371 0.057264 0.136702 0.068119 0.040925 0.006230 0.000000 0.060436
0.008228 0.043848 0.001911 0.033218 0.135190 0.024666 0.036458 0.000886 0.000000 0.069113
0.019946 0.078945 0.004519 0.011713 0.098477 0.000000 0.038237 0.006645 0.000000 0.070303
0.023647 0.109369 0.012336 0.000000 0.038454 0.000000 0.036181 0.017228 0.000000 0.065460
0.018660 0.100384 0.016600 0.000000 0.000000 0.000000 0.027869 0.020337 0.000000 0.066147
0.007546 0.057934 0.011223 0.000000 0.000000 0.000000 0.017607 0.018665 0.000000 0.064505
0.000619 0.022531 0.004747 0.000000 0.000000 0.000000 0.009821 0.012244 0.000000 0.047349
0.000000 0.005147 0.001682 0.000000 0.000000 0.000000 0.003218 0.006578 0.000687 0.026740
0.000401 0.001506 0.000014 0.000000 0.000000 0.000000 0.000734 0.002631 0.000339 0.009553
0.000350 0.000000 0.000010 0.000000 0.000120 0.000000 0.000147 0.000750 0.000000 0.001814
0.000000 0.000069 0.000000 0.000000 0.000012 0.000000 0.000000 0.000172 0.000084 0.000060
0.000000 0.000000 0.000000 0.000000 0.000018 0.000000 0.000003 0.000081 0.000041 0.000017
0.000000 0.000000 0.000000 0.000000 -0.000000 0.000000 0.000000 -0.000000 -0.000000 0.000000
0.000023 0.000000 0.000000 0.000000 0.000187 0.000005 0.000000 0.000000 0.000040 0.000019
0.000000 0.000000 0.000000 0.000000 -0.000000 0.000000 0.000000 -0.000000 -0.000000 0.000000
0.000000 0.000000 0.000000 0.000000 -0.000000 0.000000 0.000000 -0.000000 -0.000000 0.000000
0.000161 0.000000 0.000152 0.000000 0.000463 0.000000 0.000000 0.000578 0.000000 0.000634
0.000966 0.000000 0.000000 0.000000 0.001632 0.000000 0.000358 0.001091 0.000000 0.008272
0.013488 0.000000 0.000000 0.000000 0.003241 0.000000 0.000000 0.003058 0.000000 0.030790
0.049020 0.000000 0.003844 0.000000 0.003140 0.000000 0.000000 0.003748 0.000000 0.070627
0.123268 0.000000 0.015638 0.001111 0.000000 0.000000 0.000000 0.005628 0.000000 0.100702
0.197463 0.000000 0.029668 0.006509 0.000000 0.000000 0.000000 0.013785 0.000000 0.109388
0.180336 0.005934 0.031531 0.027381 0.002111 0.037629 0.000000 0.033989 0.030543 0.084252
0.096161 0.008466 0.027706 0.054472 0.012728 0.099386 0.000000 0.049657 0.069189 0.046220
0.020532 0.002367 0.025048 0.068711 0.024868 0.142947 0.007198 0.047060 0.093365 0.021018
0.000000 0.000000 0.032687 0.080527 0.030906 0.173652 0.007574 0.027649 0.092963 0.007226
0.000000 0.000000 0.039887 0.088921 0.040126 0.192338 0.000252 0.007879 0.068869 0.000946
0.000000 0.000000 0.036738 0.094774 0.058852 0.199634 0.000000 0.000000 0.033672 0.002186
0.000000 0.000000 0.020409 0.084978 0.095781 0.190789 0.000000 0.000000 0.000000 0.012446
0.000000 0.000000 0.000000 0.061562 0.142758 0.150288 0.000000 0.000000 0.000000 0.030592
0.019909 0.011020 0.000000 0.027055 0.156446 0.087428 0.004922 0.000000 0.000000 0.045182
0.033710 0.074307 0.001857 0.005899 0.100917 0.022236 0.013213 0.000000 0.000000 0.054025
0.031930 0.112332 0.015248 0.003929 0.020820 0.000000 0.016361 0.005042 0.000000 0.064015
0.017954 0.088346 0.014844 0.002388 0.000000 0.000000 0.012833 0.010050 0.000000 0.081497
0.004583 0.040192 0.009539 0.000000 0.000000 0.000000 0.010426 0.010362 0.000000 0.077373
0.000000 0.009969 0.002896 0.000000 0.000000 0.000000 0.005867 0.008568 0.000609 0.050474
0.000454 0.001190 0.000107 0.000000 0.000000 0.000000 0.001622 0.003953 0.000548 0.021650
0.000601 0.000000 0.000274 0.000000 0.000112 0.000000 0.000557 0.001485 0.000000 0.006079
0.000060 0.000232 0.000045 0.000000 0.000000 0.000000 0.000000 0.000037 0.000000 0.000108
0.000000 0.000000 0.000000 0.000000 -0.000000 0.000000 0.000000 -0.000000 -0.000000 0.000000
0.000000 0.000000 0.000000 0.000000 -0.000000 0.000000 0.000000 -0.000000 -0.000000 0.000000
0.000008 0.000000 0.000000 0.000000 0.000061 0.000002 0.000000 0.000000 0.000013 0.000006
0.000000 0.000000 0.000000 0.000000 -0.000000 0.000000 0.000000 -0.000000 -0.000000 0.000000
0.000000 0.000000 0.000000 0.000000 -0.000000 0.000000 0.000000 -0.000000 -0.000000 0.000000
0.000000 0.000000 0.000420 0.000000 0.000975 0.000000 0.000000 0.000685 0.000000 0.000411
0.000700 0.000000 0.000000 0.000000 0.001974 0.000000 0.000000 0.002196 0.000000 0.003644
0.009871 0.000000 0.002509 0.000000 0.003273 0.000000 0.000000 0.008339 0.000000 0.017875
0.038018 0.000000 0.003410 0.000000 0.004863 0.000000 0.000000 0.016300 0.000000 0.041096
0.092195 0.000000 0.007706 0.000000 0.002857 0.000000 0.000000 0.019267 0.000000 0.062787
0.154649 0.000000 0.009083 0.000000 0.000000 0.000000 0.000000 0.025443 0.000000 0.068928
0.166738 0.000000 0.007394 0.005335 0.000000 0.017367 0.000000 0.039395 0.030071 0.052665
0.132791 0.000000 0.003886 0.011950 0.000000 0.058238 0.000000 0.045762 0.074252 0.022990
0.088270 0.000000 0.001288 0.008992 0.000000 0.079141 0.000000 0.040798 0.121792 0.002630
0.047381 0.000000 0.005292 0.008255 0.000000 0.090746 0.000000 0.030148 0.158757 0.000000
0.018550 0.000000 0.021257 0.019991 0.000000 0.106746 0.000000 0.017142 0.167996 0.000000
0.000000 0.000000 0.029731 0.040664 0.000000 0.131950 0.000000 0.004682 0.150659 0.000000
0.000000 0.000000 0.026985 0.061708 0.018644 0.162808 0.000000 0.000000 0.100430 0.000000
0.000000 0.000000 0.013560 0.064048 0.082450 0.179753 0.000000 0.000000 0.033406 0.000000
0.011590 0.000000 0.000000 0.035383 0.158542 0.154912 0.000000 0.000000 0.000000 0.004293
0.037245 0.022214 0.000000 0.007150 0.146693 0.099561 0.000000 0.000000 0.000000 0.018247
0.044599 0.098116 0.007466 0.003910 0.055039 0.035171 0.001096 0.000000 0.000000 0.037784
0.028952 0.105296 0.017098 0.007713 0.000000 0.000000 0.005234 0.000849 0.000000 0.074360
0.010968 0.057695 0.012842 0.003196 0.000000 0.000000 0.006102 0.006079 0.000000 0.097885
0.000000 0.016345 0.003906 0.000000 0.000000 0.000000 0.005205 0.007505 0.001753 0.080454
0.000000 0.000593 0.000000 0.000000 0.000820 0.000000 0.001766 0.005247 0.002169 0.041496
0.000507 0.000000 0.000233 0.000000 0.000217 0.000000 0.000643 0.001964 0.000131 0.011896
0.000000 0.000159 0.000068 0.000000 0.000000 0.000000 0.000018 0.000074 0.000000 0.000542
0.000000 0.000000 0.000000 0.000000 -0.000000 0.000000 0.000000 -0.000000 -0.000000 0.000000
0.000000 0.000000 0.000000 0.000000 -0.000000 0.000000 0.000000 -0.000000 -0.000000 0.000000
0.000000 0.000000 0.000000 0.000000 -0.000000 0.000000 0.000000 -0.000000 -0.000000 0.000000
0.000000 0.000000 0.000000 0.000000 -0.000000 0.000000 0.000000 -0.000000 -0.000000 0.000000
0.000000 0.000000 0.000000 0.000000 -0.000000 0.000000 0.000000 -0.000000 -0.000000 0.000000
0.000000 0.000192 0.000890 0.000000 0.001216 0.000000 0.000000 0.000678 0.000000 0.000416
0.000000 0.000083 0.001061 0.000000 0.004505 0.000000 0.000000 0.003601 0.000000 0.001765
0.005965 0.000000 0.004530 0.000512 0.006244 0.000000 0.000000 0.016869 0.000000 0.009112
0.018947 0.000000 0.011013 0.000485 0.005906 0.000000 0.000000 0.038580 0.000000 0.017680
0.048753 0.000000 0.010101 0.000000 0.007593 0.000000 0.000000 0.041443 0.000000 0.025311
0.088575 0.000000 0.003352 0.000000 0.004491 0.000000 0.000000 0.035395 0.000000 0.028807
0.114624 0.000000 0.000000 0.000000 0.000000 0.000000 0.000000 0.037297 0.013303 0.020149
0.112725 0.000000 0.000000 0.000000 0.000000 0.006237 0.000000 0.039306 0.039043 0.007997
0.100329 0.000000 0.000000 0.000000 0.000000 0.002399 0.000000 0.038987 0.070913 0.000000
0.079665 0.000203 0.000097 0.000000 0.000000 0.000000 0.000000 0.043584 0.108922 0.000000
0.051020 0.000000 0.012071 0.000000 0.000000 0.000000 0.000000 0.048852 0.144094 0.000000
0.018340 0.000000 0.022008 0.000960 0.000000 0.020020 0.000000 0.050178 0.167626 0.000000
0.000000 0.000000 0.018789 0.028846 0.000000 0.065687 0.000000 0.030210 0.163785 0.000000
0.000000 0.000000 0.008314 0.047393 0.045040 0.110289 0.000000 0.000628 0.113677 0.000000
0.005007 0.000000 0.000000 0.025591 0.146288 0.138274 0.000000 0.000000 0.039036 0.000000
0.041505 0.000000 0.000000 0.002484 0.163166 0.131915 0.000000 0.000000 0.000000 0.000000
0.058210 0.084411 0.004616 0.003341 0.073590 0.084570 0.000000 0.000000 0.000000 0.000000
0.042915 0.113174 0.019148 0.011039 0.000000 0.026878 0.000000 0.000000 0.000000 0.049648
0.016194 0.069041 0.012382 0.007377 0.000000 0.000000 0.000000 0.000000 0.000000 0.103544
0.000000 0.020833 0.004388 0.000000 0.000000 0.000000 0.002765 0.004180 0.001676 0.102237
0.000000 0.000187 0.000000 0.000000 0.001554 0.000000 0.001768 0.005434 0.003706 0.060989
0.000000 0.000000 0.000156 0.000000 0.000842 0.000000 0.000864 0.002478 0.001020 0.021314
0.000000 0.000000 0.000105 0.000000 0.000000 0.000000 0.000170 0.000108 0.000000 0.000831
0.000000 0.000000 0.000019 0.000000 0.000000 0.000000 0.000001 0.000000 0.000021 0.000000
0.000000 0.000000 0.000000 0.000000 -0.000000 0.000000 0.000000 -0.000000 -0.000000 0.000000
0.000000 0.000000 0.000000 0.000000 -0.000000 0.000000 0.000000 -0.000000 -0.000000 0.000000
0.000000 0.000000 0.000000 0.000000 -0.000000 0.000000 0.000000 -0.000000 -0.000000 0.000000
0.000000 0.000000 0.000000 0.000000 -0.000000 0.000000 0.000000 -0.000000 -0.000000 0.000000
0.000000 0.000495 0.001312 0.000000 0.001001 0.000000 0.000000 0.000592 0.000001 0.000377
0.000000 0.001443 0.003569 0.002518 0.007193 0.000000 0.000000 0.003649 0.000000 0.001707
0.000288 0.000118 0.015287 0.009063 0.011097 0.000000 0.000000 0.031843 0.000000 0.003640
0.004224 0.000000 0.027348 0.010433 0.012075 0.000000 0.000000 0.074731 0.000000 0.006694
0.015742 0.000000 0.021551 0.000903 0.014225 0.000000 0.000000 0.079838 0.000000 0.008224
0.034516 0.000000 0.011243 0.000000 0.014588 0.000000 0.000000 0.064267 0.000000 0.010735
0.050891 0.000000 0.000723 0.000000 0.009697 0.000000 0.000000 0.054468 0.000000 0.010712
0.058007 0.000000 0.000000 0.000000 0.000000 0.000000 0.001386 0.046418 0.001231 0.005058
0.061358 0.000000 0.000876 0.000000 0.000000 0.000000 0.012599 0.050706 0.008259 0.001065
0.059591 0.000000 0.010490 0.000000 0.000000 0.000000 0.020836 0.063446 0.020842 0.000000
0.047937 0.000000 0.023172 0.000000 0.000000 0.000000 0.026588 0.084370 0.050296 0.000000
0.019094 0.000000 0.028513 0.011816 0.000000 0.000000 0.026069 0.093529 0.099672 0.000000
0.000000 0.000000 0.022139 0.031461 0.000000 0.000000 0.018435 0.067855 0.149676 0.000000
0.000000 0.000000 0.004615 0.037687 0.053335 0.036293 0.011622 0.021322 0.152782 0.000000
0.006934 0.000000 0.000000 0.007415 0.156601 0.083962 0.004281 0.000000 0.091642 0.000000
0.055259 0.000000 0.000000 0.000000 0.166231 0.119065 0.000000 0.000000 0.004988 0.000000
0.075729 0.084062 0.007264 0.000000 0.069413 0.105448 0.000000 0.000000 0.000000 0.000000
0.051417 0.117129 0.024913 0.014311 0.000000 0.056819 0.000000 0.000000 0.000000 0.030560
0.017383 0.072242 0.013386 0.010627 0.000000 0.006817 0.000000 0.000000 0.000000 0.106646
0.000000 0.019735 0.003708 0.000092 0.000000 0.000000 0.000000 0.000006 0.002336 0.117823
0.000000 0.000000 0.000000 0.000000 0.002658 0.000000 0.001130 0.004725 0.005131 0.076083
0.000000 0.000000 0.000000 0.000000 0.002243 0.000000 0.000511 0.002761 0.002335 0.027892
0.000000 0.000000 0.000140 0.000000 0.000000 0.000000 0.000208 0.000190 0.000039 0.001052
0.000000 0.000000 0.000062 0.000000 0.000000 0.000000 0.000004 0.000000 0.000067 0.000000
0.000000 0.000000 0.000000 0.000000 -0.000000 0.000000 0.000000 -0.000000 -0.000000 0.000000
0.000000 0.000000 0.000000 0.000000 -0.000000 0.000000 0.000000 -0.000000 -0.000000 0.000000
0.000000 0.000000 0.000000 0.000000 -0.000000 0.000000 0.000000 -0.000000 -0.000000 0.000000
0.000003 0.000080 0.000010 0.000000 0.000000 0.000000 0.000000 0.000020 0.000017 0.000000
0.000000 0.001912 0.001480 0.000000 0.000378 0.000000 0.000000 0.000600 0.000078 0.000488
0.000000 0.004977 0.010019 0.006777 0.007253 0.000000 0.000000 0.003357 0.000000 0.002514
0.000000 0.003106 0.036750 0.028912 0.015809 0.000000 0.000000 0.035119 0.000000 0.002282
0.000000 0.001736 0.055435 0.038386 0.022361 0.000000 0.000000 0.101537 0.000000 0.000390
0.000000 0.006707 0.046212 0.021223 0.026227 0.000000 0.000000 0.117558 0.000000 0.001774
0.007384 0.005238 0.022046 0.000000 0.031060 0.000919 0.000000 0.105313 0.000000 0.006563
0.015304 0.000000 0.005758 0.000000 0.028314 0.003581 0.000000 0.091488 0.000000 0.011456
0.019864 0.000000 0.001764 0.000000 0.017193 0.002970 0.000000 0.085094 0.000000 0.009934
0.024464 0.000000 0.004555 0.000000 0.004069 0.000000 0.005624 0.090959 0.000000 0.002745
0.028097 0.000000 0.014630 0.000000 0.000000 0.000000 0.017393 0.110429 0.000000 0.000000
0.023423 0.000000 0.030651 0.020427 0.000000 0.000000 0.025647 0.133311 0.000000 0.000000
0.000000 0.000000 0.032995 0.048203 0.000000 0.000000 0.026784 0.127713 0.049439 0.000000
0.000000 0.000000 0.022931 0.056174 0.012620 0.000000 0.021889 0.080173 0.125477 0.000000
0.000000 0.000000 0.000000 0.027175 0.100154 0.000000 0.019743 0.019664 0.164986 0.000000
0.021569 0.000000 0.000000 0.000000 0.179640 0.036519 0.013685 0.000000 0.117805 0.000000
0.075176 0.020448 0.000000 0.000000 0.153823 0.095938 0.001402 0.000000 0.022146 0.000000
0.088361 0.101571 0.014822 0.000000 0.042078 0.110416 0.000000 0.000000 0.000000 0.000000
0.054422 0.118924 0.030818 0.017277 0.000000 0.073893 0.000000 0.000000 0.000000 0.023416
0.015188 0.062375 0.013810 0.011416 0.000000 0.021027 0.000000 0.000000 0.000000 0.116515
0.000000 0.012216 0.000150 0.000000 0.000000 0.000000 0.000000 0.000000 0.005484 0.135053
0.000000 0.000000 0.000000 0.000000 0.004402 0.000000 0.001041 0.003622 0.005549 0.085097
0.000000 0.000000 0.000000 0.000000 0.002782 0.000000 0.000179 0.002250 0.002589 0.029193
0.000000 0.000000 0.000056 0.000000 0.000098 0.000000 0.000082 0.000229 0.000094 0.001114
0.000000 0.000000 0.000142 0.000000 0.000000 0.000000 0.000009 0.000000 0.000155 0.000000
0.000000 0.000000 0.000000 0.000000 -0.000000 0.000000 0.000000 -0.000000 -0.000000 0.000000
0.000000 0.000000 0.000000 0.000000 -0.000000 0.000000 0.000000 -0.000000 -0.000000 0.000000
0.000000 0.000000 0.000000 0.000000 -0.000000 0.000000 0.000000 -0.000000 -0.000000 0.000000
0.000000 0.000769 0.000092 0.000059 0.000000 0.000000 0.000000 0.000019 0.000126 0.000000
0.000141 0.002406 0.000994 0.000330 0.000344 0.000000 0.000000 0.000028 0.000134 0.000000
0.000000 0.007380 0.014812 0.010951 0.007112 0.000000 0.000000 0.000000 0.000000 0.001161
0.000000 0.010552 0.059667 0.053652 0.015734 0.000000 0.000000 0.018038 0.000000 0.002127
0.000000 0.017823 0.100273 0.084479 0.017638 0.000000 0.000000 0.077008 0.000000 0.000000
0.000000 0.024650 0.091540 0.068675 0.026966 0.000000 0.000000 0.115233 0.000000 0.000000
0.000000 0.023501 0.053072 0.026016 0.042485 0.000817 0.000000 0.131863 0.000000 0.008928
0.002466 0.013583 0.014685 0.000000 0.049929 0.009879 0.000000 0.137338 0.002279 0.018687
0.001492 0.001739 0.000000 0.000000 0.044857 0.014237 0.000000 0.143958 0.000290 0.022341
0.000000 0.000000 0.005775 0.000000 0.030297 0.012523 0.000000 0.153121 0.000000 0.016435
0.000000 0.000000 0.017921 0.021810 0.014663 0.005159 0.000000 0.161333 0.000000 0.004261
0.000000 0.000000 0.027511 0.058382 0.006771 0.000000 0.000000 0.151947 0.005309 0.000000
0.000000 0.000000 0.024689 0.082902 0.025753 0.000000 0.000000 0.108185 0.065154 0.000000
0.000000 0.000000 0.010367 0.060424 0.083901 0.000000 0.005669 0.046188 0.141768 0.006886
0.000000 0.000000 0.000000 0.000409 0.160895 0.000000 0.017029 0.000000 0.172313 0.000000
0.050070 0.002630 0.000000 0.000000 0.180384 0.020865 0.022243 0.000000 0.111458 0.000000
0.097915 0.067011 0.000000 0.000000 0.109104 0.086853 0.007534 0.000000 0.012597 0.000000
0.092504 0.124697 0.028533 0.003593 0.000000 0.108067 0.000000 0.000000 0.000000 0.000000
0.049081 0.109479 0.032715 0.018492 0.000000 0.077222 0.000000 0.000000 0.000000 0.044964
0.006724 0.044015 0.008424 0.008011 0.000000 0.026439 0.000000 0.000000 0.000000 0.136801
0.000000 0.000749 0.000000 0.000000 0.002763 0.000000 0.000000 0.000000 0.009329 0.143058
0.000000 0.000000 0.000000 0.000000 0.005663 0.000000 0.000000 0.002642 0.005362 0.080099
0.000000 0.000000 0.000006 0.000000 0.002356 0.000000 0.000245 0.001583 0.001619 0.022135
0.000131 0.000000 0.000077 0.000000 0.000124 0.000000 0.000000 0.000209 0.000078 0.001000
0.000000 0.000000 0.000165 0.000000 0.000000 0.000000 0.000011 0.000000 0.000180 0.000000
0.000000 0.000000 0.000000 0.000000 -0.000000 0.000000 0.000000 -0.000000 -0.000000 0.000000
0.000000 0.000000 0.000000 0.000000 -0.000000 0.000000 0.000000 -0.000000 -0.000000 0.000000
0.000000 0.000000 0.000000 0.000000 -0.000000 0.000000 0.000000 -0.000000 -0.000000 0.000000
0.000000 0.000374 0.000043 0.000082 0.000000 0.000000 0.000000 0.000000 0.000047 0.000000
0.000000 0.002408 0.001569 0.000321 0.000394 0.000000 0.000000 0.000000 0.000368 0.000000
0.000000 0.008156 0.015271 0.009602 0.004509 0.000000 0.000000 0.000000 0.000000 0.000000
0.000000 0.017445 0.069671 0.058937 0.004840 0.000000 0.000000 0.000000 0.000000 0.000000
0.000000 0.033483 0.127321 0.120715 0.001686 0.000000 0.000000 0.017511 0.000000 0.000000
0.000000 0.049440 0.141224 0.127710 0.009227 0.000000 0.000000 0.054342 0.000000 0.000000
0.000000 0.059118 0.112661 0.092374 0.028728 0.000000 0.000000 0.089574 0.006068 0.008339
0.000000 0.049919 0.057719 0.056357 0.057142 0.010107 0.000000 0.115555 0.024193 0.025386
0.000000 0.032984 0.019726 0.039081 0.070794 0.022469 0.000000 0.129323 0.035736 0.042161
0.000000 0.016675 0.012196 0.045860 0.069264 0.021047 0.000000 0.132166 0.042451 0.047863
0.000000 0.006756 0.018220 0.068522 0.067196 0.005646 0.000000 0.111562 0.054388 0.041414
0.000000 0.005197 0.024100 0.089083 0.076177 0.000000 0.000000 0.072292 0.085417 0.031939
0.000000 0.003983 0.017237 0.080974 0.108180 0.000000 0.000000 0.021976 0.134014 0.024245
0.000000 0.005217 0.001827 0.027948 0.154640 0.000000 0.000000 0.000000 0.173965 0.012484
0.034881 0.024057 0.000000 0.000000 0.173834 0.000000 0.017068 0.000000 0.150998 0.000000
0.086146 0.066813 0.000000 0.000000 0.128491 0.043537 0.025162 0.000000 0.070358 0.000000
0.106330 0.115281 0.018367 0.000000 0.033223 0.101346 0.009616 0.000000 0.000000 0.000000
0.077654 0.125713 0.035587 0.012059 0.000000 0.105742 0.000000 0.000000 0.000000 0.002297
0.030132 0.076480 0.022866 0.013973 0.000000 0.066780 0.000000 0.000000 0.000000 0.098626
0.000000 0.015573 0.001768 0.001481 0.000000 0.018955 0.000000 0.000000 0.001444 0.155878
0.000000 0.000000 0.000000 0.000000 0.006463 0.000000 0.000000 0.000000 0.009353 0.130056
0.000000 0.000000 0.000000 0.000000 0.005826 0.000000 0.000000 0.001885 0.004447 0.062312
0.000000 0.000000 0.000185 0.000000 0.001377 0.000000 0.000135 0.000944 0.000998 0.014220
0.000211 0.000000 0.000000 0.000000 0.000189 0.000000 0.000000 0.000163 0.000112 0.000654
0.000000 0.000000 0.000162 0.000000 0.000000 0.000000 0.000035 0.000000 0.000182 0.000000
0.000000 0.000000 0.000000 0.000027 0.000000 0.000000 0.000072 0.000000 0.000007 0.000000
0.000000 0.000000 0.000000 0.000000 -0.000000 0.000000 0.000000 -0.000000 -0.000000 0.000000
0.000000 0.000000 0.000000 0.000000 -0.000000 0.000000 0.000000 -0.000000 -0.000000 0.000000
0.000000 0.000008 0.000001 0.000003 0.000000 0.000000 0.000000 0.000000 0.000001 0.000000
0.000000 0.001344 0.001377 0.000340 0.000131 0.000000 0.000067 0.000000 0.000000 0.000000
0.000000 0.006405 0.012278 0.006449 0.001836 0.000000 0.001585 0.000000 0.000000 0.000000
0.000000 0.016795 0.057203 0.041440 0.000000 0.000000 0.000000 0.000000 0.000000 0.000000
0.000000 0.035813 0.123199 0.101732 0.000000 0.000000 0.001853 0.000000 0.000000 0.000000
0.000000 0.060361 0.171414 0.141763 0.000000 0.000000 0.000000 0.000000 0.000000 0.000000
0.000000 0.086454 0.168983 0.142202 0.000000 0.000000 0.000000 0.000000 0.011622 0.000000
0.000000 0.100913 0.124308 0.120981 0.028913 0.003813 0.000000 0.011162 0.045344 0.011764
0.000000 0.095257 0.077666 0.103977 0.060134 0.020154 0.000000 0.009707 0.082951 0.040705
0.000000 0.082502 0.051861 0.099138 0.080149 0.023876 0.000000 0.000000 0.110706 0.060659
0.000000 0.070577 0.042994 0.094937 0.097116 0.007251 0.000000 0.000000 0.133912 0.066626
0.000000 0.062722 0.036800 0.073997 0.118868 0.000000 0.000000 0.000000 0.160235 0.056081
0.000000 0.062855 0.025874 0.031411 0.137644 0.000000 0.000000 0.000000 0.175704 0.033109
0.035399 0.070633 0.016871 0.000000 0.137761 0.000000 0.008416 0.000000 0.151220 0.008564
0.074410 0.093320 0.009666 0.000000 0.101669 0.037494 0.035399 0.000000 0.090572 0.000000
0.098490 0.118601 0.017828 0.000000 0.031990 0.092919 0.033810 0.000000 0.011675 0.000000
0.086147 0.122406 0.026913 0.002335 0.000000 0.115822 0.011523 0.000000 0.000000 0.009052
0.041650 0.084618 0.024867 0.012038 0.000000 0.091755 0.000000 0.000000 0.000000 0.085774
0.006643 0.027423 0.007736 0.003859 0.000000 0.045734 0.000000 0.000000 0.000000 0.152620
0.000000 0.000000 0.000000 0.000000 0.001954 0.007837 0.000000 0.000000 0.006727 0.150370
0.000000 0.000000 0.000000 0.000000 0.007749 0.000000 0.000000 0.000287 0.007016 0.094058
0.000000 0.000000 0.000000 0.000000 0.003661 0.000000 0.000000 0.000460 0.002633 0.037356
0.000008 0.000000 0.000000 0.000000 0.000837 0.000000 0.000000 0.000258 0.000830 0.005376
0.000304 0.000000 0.000004 0.000000 0.000214 0.000000 0.000000 0.000124 0.000015 0.000484
0.000000 0.000000 0.000146 0.000000 0.000000 0.000000 0.000010 0.000000 0.000159 0.000000
0.000000 0.000000 0.000000 0.000000 -0.000000 0.000000 0.000000 -0.000000 -0.000000 0.000000
0.000000 0.000000 0.000000 0.000000 -0.000000 0.000000 0.000000 -0.000000 -0.000000 0.000000
0.000000 0.000000 0.000000 0.000000 -0.000000 0.000000 0.000000 -0.000000 -0.000000 0.000000
0.000000 0.000000 0.000000 0.000000 -0.000000 0.000000 0.000000 -0.000000 -0.000000 0.000000
0.000000 0.000263 0.000193 0.000050 0.000072 0.000000 0.000464 0.000006 0.000000 0.000000
0.000000 0.003127 0.005425 0.003289 0.000871 0.000000 0.004363 0.000000 0.000000 0.000000
0.000000 0.010341 0.028085 0.020023 0.000000 0.000000 0.009565 0.000000 0.000000 0.000000
0.000000 0.019002 0.077156 0.055945 0.000000 0.000000 0.030830 0.000000 0.000000 0.000000
0.000000 0.037855 0.135631 0.093521 0.000000 0.000000 0.053904 0.000000 0.000000 0.000000
0.000000 0.065966 0.165972 0.111350 0.000000 0.000000 0.068540 0.000000 0.000000 0.000000
0.000000 0.095469 0.158767 0.110797 0.000000 0.000000 0.061780 0.000000 0.028746 0.000000
0.000000 0.112425 0.127441 0.099918 0.016696 0.019031 0.032083 0.000000 0.063358 0.004899
0.000000 0.118217 0.098877 0.078490 0.042673 0.034145 0.004689 0.000000 0.099490 0.026201
0.000000 0.113818 0.075045 0.050774 0.064710 0.034113 0.001625 0.000000 0.126064 0.043255
0.010365 0.110236 0.056140 0.017421 0.075487 0.030879 0.022556 0.000000 0.132886 0.043350
0.032532 0.108623 0.040986 0.000000 0.068918 0.040309 0.054798 0.000000 0.111759 0.030775
0.058057 0.111327 0.028596 0.000000 0.041917 0.071362 0.074986 0.000000 0.065800 0.017816
0.076284 0.112267 0.022698 0.000000 0.001737 0.104271 0.069522 0.000000 0.011616 0.018383
0.074523 0.098279 0.020279 0.000000 0.000000 0.120183 0.041654 0.000000 0.000000 0.048856
0.044266 0.067151 0.015521 0.004995 0.000000 0.101797 0.013106 0.000000 0.000000 0.100516
0.010607 0.023043 0.008146 0.002681 0.000000 0.056720 0.000000 0.000000 0.000000 0.145482
0.000000 0.000000 0.000729 0.000000 0.000000 0.021503 0.000000 0.000000 0.002933 0.141602
0.000000 0.000000 0.000000 0.000000 0.006636 0.000879 0.000000 0.000000 0.005387 0.098972
0.000000 0.000000 0.000000 0.000000 0.005007 0.000000 0.000000 0.000000 0.003714 0.050586
0.000591 0.000000 0.000000 0.000000 0.001774 0.000313 0.000000 0.000000 0.000846 0.015476
0.000534 0.000000 0.000000 0.000000 0.000345 0.000127 0.000000 0.000221 0.000000 0.001679
0.000306 0.000000 0.000000 0.000000 0.000220 0.000000 0.000000 0.000126 0.000000 0.000480
0.000000 0.000000 0.000009 0.000000 0.000000 0.000000 0.000001 0.000000 0.000009 0.000000
0.000000 0.000000 0.000000 0.000000 -0.000000 0.000000 0.000000 -0.000000 -0.000000 0.000000
0.000000 0.000000 0.000000 0.000000 -0.000000 0.000000 0.000000 -0.000000 -0.000000 0.000000
0.000000 0.000000 0.000000 0.000000 -0.000000 0.000000 0.000000 -0.000000 -0.000000 0.000000
0.000013 0.000000 0.000000 0.000000 0.000035 0.000004 0.000000 0.000000 0.000099 0.000002
0.000000 0.000000 0.000000 0.000000 0.000110 0.000233 0.000274 0.000000 0.000168 0.000016
0.000000 0.000673 0.001344 0.001297 0.000750 0.000000 0.002896 0.000000 0.000000 0.000000
0.000000 0.002284 0.008343 0.006931 0.000000 0.000000 0.011323 0.000000 0.000000 0.000000
0.000000 0.003623 0.024044 0.020997 0.000000 0.000000 0.034429 0.000000 0.000000 0.000000
0.000000 0.007905 0.054207 0.041970 0.000000 0.000000 0.073275 0.000000 0.000000 0.000000
0.000000 0.017870 0.082490 0.053473 0.000000 0.000000 0.125840 0.000000 0.000000 0.000000
0.000000 0.033149 0.100178 0.051890 0.000000 0.000000 0.165700 0.000000 0.000000 0.000000
0.000000 0.052978 0.104008 0.045725 0.000000 0.005531 0.185640 0.000000 0.003160 0.000000
0.000000 0.070005 0.088491 0.030045 0.000000 0.031388 0.187459 0.000000 0.015900 0.000000
0.012892 0.080679 0.066516 0.008426 0.000000 0.054436 0.177771 0.000000 0.026233 0.000000
0.026253 0.084033 0.043843 0.000000 0.000000 0.075912 0.166012 0.000000 0.024688 0.006512
0.040630 0.082051 0.027520 0.000000 0.000000 0.095946 0.151017 0.000000 0.006792 0.017864
0.054809 0.070010 0.017334 0.000000 0.000000 0.109760 0.120702 0.000000 0.000000 0.039898
0.056770 0.054332 0.010630 0.000000 0.000000 0.111103 0.074439 0.000000 0.000000 0.068046
0.035239 0.028566 0.006899 0.001785 0.000000 0.089139 0.037904 0.000000 0.000000 0.098242
0.014583 0.000539 0.004578 0.000159 0.000000 0.049756 0.011282 0.000000 0.000000 0.120099
0.002467 0.000000 0.000000 0.000000 0.000000 0.021334 0.002665 0.000000 0.000000 0.109437
0.000000 0.000000 0.000000 0.000000 0.004044 0.005984 0.000503 0.000000 0.001941 0.078375
0.000924 0.000000 0.000000 0.000000 0.004078 0.000000 0.000000 0.000000 0.001446 0.041355
0.001117 0.000000 0.000000 0.000000 0.002055 0.000321 0.000000 0.000000 0.000428 0.016279
0.001376 0.000000 0.000000 0.000000 0.000441 0.000337 0.000000 0.000046 0.000000 0.003715
0.000776 0.000000 0.000000 0.000000 0.000295 0.000267 0.000000 0.000021 0.000000 0.001012
0.000205 0.000000 0.000000 0.000000 0.000147 0.000000 0.000000 0.000085 0.000000 0.000321
0.000000 0.000000 0.000000 0.000000 -0.000000 0.000000 0.000000 -0.000000 -0.000000 0.000000
0.000000 0.000000 0.000000 0.000000 -0.000000 0.000000 0.000000 -0.000000 -0.000000 0.000000
0.000000 0.000000 0.000000 0.000000 -0.000000 0.000000 0.000000 -0.000000 -0.000000 0.000000
0.000000 0.000000 0.000000 0.000000 -0.000000 0.000000 0.000000 -0.000000 -0.000000 0.000000
0.000000 0.000000 0.000000 0.000000 -0.000000 0.000000 0.000000 -0.000000 -0.000000 0.000000
0.000000 0.000000 0.000000 0.000000 0.000189 0.000125 0.000202 0.000000 0.000000 0.000597
0.000000 0.000000 0.000094 0.000000 0.000516 0.000177 0.000611 0.000000 0.000035 0.000031
0.000000 0.000000 0.000947 0.000790 0.000473 0.000000 0.003593 0.000000 0.000000 0.000000
0.001211 0.000000 0.001592 0.004565 0.000658 0.000000 0.014663 0.000000 0.000000 0.000000
0.002542 0.000000 0.005048 0.011215 0.000000 0.000000 0.040187 0.000000 0.000000 0.000000
0.004950 0.000000 0.008335 0.015152 0.000000 0.000000 0.082249 0.000000 0.000000 0.000000
0.007606 0.000000 0.010397 0.015636 0.000000 0.000000 0.134164 0.001311 0.000000 0.000000
0.012352 0.000000 0.011675 0.011695 0.000000 0.000000 0.177278 0.002871 0.000000 0.000000
0.022522 0.000000 0.003657 0.003305 0.000000 0.003188 0.205108 0.004727 0.000000 0.000000
0.032886 0.000000 0.000000 0.000000 0.000000 0.025958 0.207645 0.005156 0.000000 0.000000
0.043384 0.000000 0.000000 0.000000 0.000000 0.046529 0.183043 0.004781 0.000000 0.000000
0.049607 0.000000 0.000000 0.000000 0.000000 0.056925 0.137847 0.005194 0.000000 0.020884
0.045575 0.000000 0.000000 0.000000 0.000000 0.055911 0.085092 0.003184 0.000000 0.044232
0.029389 0.000000 0.000000 0.000000 0.000000 0.041260 0.044910 0.001072 0.000000 0.060818
0.017507 0.000000 0.000000 0.000000 0.000000 0.023097 0.018957 0.000823 0.000000 0.065512
0.008813 0.000000 0.000000 0.000000 0.000632 0.010438 0.006261 0.000000 0.000000 0.057018
0.003978 0.000000 0.000000 0.000000 0.002973 0.004000 0.001182 0.000000 0.000000 0.040698
0.002932 0.000000 0.000000 0.000000 0.003010 0.001230 0.000000 0.000000 0.000704 0.022564
0.002203 0.000000 0.000000 0.000000 0.001515 0.000017 0.000000 0.000163 0.000006 0.010585
0.001569 0.000000 0.000000 0.000000 0.000541 0.000347 0.000000 0.000069 0.000000 0.003726
0.001155 0.000000 0.000000 0.000000 0.000244 0.000270 0.000000 0.000049 0.000000 0.001503
0.000579 0.000000 0.000000 0.000020 0.000129 0.000310 0.000000 0.000000 0.000000 0.000693
0.000000 0.000000 0.000000 0.000000 -0.000000 0.000000 0.000000 -0.000000 -0.000000 0.000000
0.000000 0.000000 0.000000 0.000000 -0.000000 0.000000 0.000000 -0.000000 -0.000000 0.000000
0.000000 0.000000 0.000000 0.000000 -0.000000 0.000000 0.000000 -0.000000 -0.000000 0.000000
0.000000 0.000000 0.000000 0.000000 -0.000000 0.000000 0.000000 -0.000000 -0.000000 0.000000
0.000000 0.000000 0.000000 0.000000 -0.000000 0.000000 0.000000 -0.000000 -0.000000 0.000000
0.000000 0.000000 0.000000 0.000000 -0.000000 0.000000 0.000000 -0.000000 -0.000000 0.000000
0.000000 0.000000 0.000000 0.000000 0.000148 0.000049 0.000165 0.000000 0.000000 0.000632
0.000311 0.000000 0.000000 0.000077 0.000086 0.000157 0.000000 0.000000 0.000000 0.000632
0.000045 0.000000 0.000000 0.000188 0.000033 0.000122 0.000267 0.000000 0.000000 0.000499
0.001254 0.000000 0.000000 0.000639 0.000391 0.000000 0.001980 0.000000 0.000000 0.000434
0.003273 0.000000 0.000000 0.002115 0.000422 0.000000 0.007209 0.000000 0.000000 0.000055
0.005408 0.000000 0.000000 0.003756 0.000232 0.000000 0.017192 0.000000 0.000000 0.000000
0.008274 0.000000 0.000000 0.003421 0.000873 0.000000 0.027885 0.000841 0.000000 0.000000
0.014357 0.000000 0.000000 0.002776 0.000000 0.000000 0.037775 0.002232 0.000000 0.000000
0.021891 0.000000 0.000000 0.000846 0.000000 0.000000 0.041227 0.003248 0.000000 0.000000
0.027541 0.000000 0.000000 0.000000 0.000000 0.000000 0.039081 0.003751 0.000000 0.000468
0.029189 0.000000 0.000000 0.000000 0.000000 0.000000 0.031573 0.003848 0.000000 0.005375
0.024624 0.000000 0.000000 0.000000 0.000000 0.000817 0.020398 0.003107 0.000000 0.009967
0.018959 0.000000 0.000000 0.000000 0.000309 0.001607 0.010972 0.002355 0.000000 0.014003
0.014615 0.000000 0.000000 0.000057 0.001187 0.001087 0.003881 0.001532 0.000000 0.015150
0.011808 0.000000 0.000000 0.000000 0.001762 0.000023 0.000000 0.000912 0.000000 0.013335
0.007140 0.000000 0.000000 0.000000 0.001548 0.000000 0.000000 0.000501 0.000000 0.008954
0.002747 0.000000 0.000000 0.000000 0.001025 0.000339 0.000000 0.000096 0.000078 0.005087
0.001029 0.000000 0.000000 0.000000 0.000473 0.000017 0.000000 0.000246 0.000006 0.001839
0.000799 0.000000 0.000000 0.000000 0.000449 0.000000 0.000000 0.000196 0.000000 0.001102
0.000881 0.000000 0.000000 0.000000 0.000326 0.000000 0.000000 0.000154 0.000000 0.001177
0.000672 0.000000 0.000000 0.000000 0.000184 0.000194 0.000000 0.000050 0.000000 0.000949
0.000466 0.000000 0.000000 0.000012 0.000098 0.000284 0.000000 0.000000 0.000000 0.000555
0.000000 0.000000 0.000000 0.000000 -0.000000 0.000000 0.000000 -0.000000 -0.000000 0.000000
0.000000 0.000000 0.000000 0.000000 -0.000000 0.000000 0.000000 -0.000000 -0.000000 0.000000
0.000000 0.000000 0.000000 0.000000 -0.000000 0.000000 0.000000 -0.000000 -0.000000 0.000000
0.000000 0.000000 0.000000 0.000000 -0.000000 0.000000 0.000000 -0.000000 -0.000000 0.000000
0.000000 0.000000 0.000000 0.000000 -0.000000 0.000000 0.000000 -0.000000 -0.000000 0.000000
0.000000 0.000000 0.000000 0.000000 -0.000000 0.000000 0.000000 -0.000000 -0.000000 0.000000
0.000000 0.000000 0.000000 0.000000 -0.000000 0.000000 0.000000 -0.000000 -0.000000 0.000000
0.000000 0.000000 0.000000 0.000000 -0.000000 0.000000 0.000000 -0.000000 -0.000000 0.000000
0.000000 0.000000 0.000000 0.000000 -0.000000 0.000000 0.000000 -0.000000 -0.000000 0.000000
0.000000 0.000010 0.000000 0.000085 0.000000 0.000000 0.000187 0.000000 0.000075 0.000000
0.000000 0.000010 0.000000 0.000085 0.000000 0.000000 0.000187 0.000000 0.000075 0.000000
0.000283 0.000000 0.000000 0.000199 0.000000 0.000000 0.000412 0.000120 0.000000 0.000000
0.000412 0.000000 0.000000 0.000328 0.000000 0.000000 0.001199 0.000685 0.000007 0.000000
0.001359 0.000000 0.000000 0.000000 0.000000 0.000000 0.001311 0.000782 0.000517 0.000062
0.001968 0.000000 0.000000 0.000000 0.000162 0.000000 0.001167 0.001123 0.000613 0.000122
0.002349 0.000000 0.000000 0.000000 0.000035 0.000000 0.001204 0.001288 0.000124 0.000000
0.002532 0.000000 0.000000 0.000000 0.000086 0.000000 0.000758 0.001572 0.000000 0.000000
0.002173 0.000000 0.000000 0.000000 0.000054 0.000000 0.000503 0.001455 0.000000 0.000000
0.003694 0.000000 0.000000 0.000000 0.000388 0.000000 0.000000 0.001091 0.000000 0.000525
0.003559 0.000000 0.000000 0.000000 0.000389 0.000000 0.000000 0.000703 0.000000 0.000588
0.002631 0.000000 0.000000 0.000000 0.000374 0.000000 0.000000 0.000401 0.000000 0.001003
0.001526 0.000000 0.000000 0.000000 0.000317 0.000000 0.000000 0.000241 0.000000 0.000882
0.000768 0.000000 0.000000 0.000000 0.000313 0.000153 0.000000 0.000166 0.000032 0.000664
0.000754 0.000000 0.000000 0.000000 0.000441 0.000087 0.000000 0.000103 0.000064 0.000714
0.000552 0.000000 0.000000 0.000000 0.000483 0.000029 0.000000 0.000000 0.000043 0.000493
0.000174 0.000000 0.000000 0.000000 0.000168 0.000029 0.000000 0.000000 0.000016 0.000176
0.000004 0.000000 0.000000 0.000000 0.000004 0.000001 0.000000 0.000000 0.000000 0.000005
0.000000 0.000000 0.000000 0.000000 -0.000000 0.000000 0.000000 -0.000000 -0.000000 0.000000
0.000000 0.000000 0.000000 0.000000 -0.000000 0.000000 0.000000 -0.000000 -0.000000 0.000000
0.000000 0.000000 0.000000 0.000000 -0.000000 0.000000 0.000000 -0.000000 -0.000000 0.000000
0.000000 0.000000 0.000000 0.000000 -0.000000 0.000000 0.000000 -0.000000 -0.000000 0.000000
0.000000 0.000000 0.000000 0.000000 -0.000000 0.000000 0.000000 -0.000000 -0.000000 0.000000
0.000000 0.000000 0.000000 0.000000 -0.000000 0.000000 0.000000 -0.000000 -0.000000 0.000000
0.000000 0.000000 0.000000 0.000000 -0.000000 0.000000 0.000000 -0.000000 -0.000000 0.000000
0.000000 0.000000 0.000000 0.000000 -0.000000 0.000000 0.000000 -0.000000 -0.000000 0.000000
0.000000 0.000000 0.000000 0.000000 -0.000000 0.000000 0.000000 -0.000000 -0.000000 0.000000
0.000000 0.000000 0.000000 0.000000 -0.000000 0.000000 0.000000 -0.000000 -0.000000 0.000000
0.000000 0.000000 0.000000 0.000000 -0.000000 0.000000 0.000000 -0.000000 -0.000000 0.000000
0.000000 0.000000 0.000000 0.000000 -0.000000 0.000000 0.000000 -0.000000 -0.000000 0.000000
0.000000 0.000000 0.000000 0.000000 -0.000000 0.000000 0.000000 -0.000000 -0.000000 0.000000
0.000000 0.000000 0.000000 0.000000 -0.000000 0.000000 0.000000 -0.000000 -0.000000 0.000000
0.000000 0.000000 0.000000 0.000000 -0.000000 0.000000 0.000000 -0.000000 -0.000000 0.000000
0.000000 0.000000 0.000000 0.000000 -0.000000 0.000000 0.000000 -0.000000 -0.000000 0.000000
0.000000 0.000000 0.000000 0.000000 -0.000000 0.000000 0.000000 -0.000000 -0.000000 0.000000
0.000000 0.000000 0.000000 0.000000 -0.000000 0.000000 0.000000 -0.000000 -0.000000 0.000000
0.000000 0.000000 0.000000 0.000000 -0.000000 0.000000 0.000000 -0.000000 -0.000000 0.000000
0.000000 0.000000 0.000000 0.000000 -0.000000 0.000000 0.000000 -0.000000 -0.000000 0.000000
0.000000 0.000000 0.000000 0.000000 -0.000000 0.000000 0.000000 -0.000000 -0.000000 0.000000
0.000000 0.000000 0.000000 0.000000 -0.000000 0.000000 0.000000 -0.000000 -0.000000 0.000000
0.000000 0.000000 0.000000 0.000000 -0.000000 0.000000 0.000000 -0.000000 -0.000000 0.000000
0.000000 0.000000 0.000000 0.000000 -0.000000 0.000000 0.000000 -0.000000 -0.000000 0.000000
0.000000 0.000000 0.000000 0.000000 -0.000000 0.000000 0.000000 -0.000000 -0.000000 0.000000
0.000000 0.000000 0.000000 0.000000 -0.000000 0.000000 0.000000 -0.000000 -0.000000 0.000000
0.000000 0.000000 0.000000 0.000000 -0.000000 0.000000 0.000000 -0.000000 -0.000000 0.000000
0.000000 0.000000 0.000000 0.000000 -0.000000 0.000000 0.000000 -0.000000 -0.000000 0.000000
0.000000 0.000000 0.000000 0.000000 -0.000000 0.000000 0.000000 -0.000000 -0.000000 0.000000
0.000000 0.000000 0.000000 0.000000 -0.000000 0.000000 0.000000 -0.000000 -0.000000 0.000000
0.000000 0.000000 0.000000 0.000000 -0.000000 0.000000 0.000000 -0.000000 -0.000000 0.000000
0.000000 0.000000 0.000000 0.000000 -0.000000 0.000000 0.000000 -0.000000 -0.000000 0.000000
