0.000000 -0.000000 0.000000 -0.000000 0.000000 -0.000000 -0.000000 -0.000000 -0.000000 0.000000
0.000000 -0.000000 0.000000 -0.000000 0.000000 -0.000000 -0.000000 -0.000000 -0.000000 0.000000
0.000000 -0.000000 -0.000000 -0.000000 0.000000 -0.000000 -0.000000 -0.000000 -0.000000 0.000000
0.000000 -0.000000 -0.000000 -0.000000 0.000000 -0.000000 -0.000000 -0.000000 -0.000000 0.000000
0.000000 -0.000000 -0.000000 -0.000000 -0.000000 -0.000000 -0.000000 -0.000000 -0.000000 0.000000
0.000000 -0.000000 -0.000000 -0.000000 -0.000000 -0.000000 -0.000000 -0.000000 -0.000000 0.000000
0.000000 -0.000000 -0.000000 -0.000000 -0.000000 -0.000000 -0.000000 -0.000000 -0.000000 0.000000
0.000000 -0.000000 -0.000000 -0.000000 -0.000000 -0.000000 -0.000000 -0.000000 -0.000000 0.000000
0.000000 -0.000000 -0.000000 -0.000000 -0.000000 -0.000000 -0.000000 -0.000000 -0.000000 0.000000
0.000000 -0.000000 -0.000000 -0.000000 -0.000000 -0.000000 -0.000000 -0.000000 -0.000000 0.000000
0.000000 -0.000000 -0.000000 -0.000000 -0.000000 -0.000000 -0.000000 -0.000000 -0.000000 0.000000
0.000000 -0.000000 -0.000000 -0.000000 -0.000000 -0.000000 -0.000000 -0.000000 -0.000000 0.000000
0.000000 0.000000 0.000000 0.000044 0.000000 0.000140 0.000000 0.000000 0.000000 0.000115
0.000000 0.000000 0.000000 0.000096 0.000000 0.000307 0.000000 0.000000 0.000000 0.000252
0.000000 -0.000000 -0.000000 -0.000000 -0.000000 -0.000000 -0.000000 -0.000000 -0.000000 0.000000
0.000000 -0.000000 -0.000000 -0.000000 -0.000000 -0.000000 -0.000000 -0.000000 -0.000000 0.000000
0.000000 -0.000000 -0.000000 -0.000000 -0.000000 -0.000000 -0.000000 -0.000000 -0.000000 0.000000
0.000000 -0.000000 -0.000000 -0.000000 -0.000000 -0.000000 -0.000000 -0.000000 -0.000000 0.000000
0.000000 -0.000000 -0.000000 -0.000000 -0.000000 -0.000000 -0.000000 -0.000000 -0.000000 0.000000
0.000000 -0.000000 -0.000000 -0.000000 -0.000000 -0.000000 -0.000000 -0.000000 -0.000000 0.000000
0.000000 -0.000000 -0.000000 -0.000000 -0.000000 -0.000000 -0.000000 -0.000000 -0.000000 0.000000
0.000000 -0.000000 -0.000000 -0.000000 -0.000000 -0.000000 -0.000000 -0.000000 -0.000000 0.000000
0.000000 -0.000000 -0.000000 -0.000000 -0.000000 -0.000000 -0.000000 -0.000000 -0.000000 0.000000
0.000000 -0.000000 -0.000000 -0.000000 -0.000000 -0.000000 -0.000000 -0.000000 -0.000000 0.000000
0.000000 -0.000000 -0.000000 -0.000000 -0.000000 -0.000000 -0.000000 -0.000000 -0.000000 0.000000
0.000000 -0.000000 -0.000000 -0.000000 -0.000000 -0.000000 -0.000000 -0.000000 -0.000000 0.000000
0.000000 -0.000000 -0.000000 -0.000000 -0.000000 -0.000000 -0.000000 -0.000000 -0.000000 0.000000
0.000000 -0.000000 -0.000000 -0.000000 -0.000000 -0.000000 -0.000000 -0.000000 -0.000000 0.000000
0.000000 -0.000000 -0.000000 -0.000000 -0.000000 -0.000000 -0.000000 -0.000000 -0.000000 0.000000
0.000000 -0.000000 -0.000000 -0.000000 -0.000000 -0.000000 -0.000000 -0.000000 -0.000000 0.000000
0.000000 -0.000000 -0.000000 -0.000000 -0.000000 -0.000000 -0.000000 -0.000000 -0.000000 0.000000
0.000000 -0.000000 -0.000000 -0.000000 -0.000000 -0.000000 -0.000000 -0.000000 -0.000000 0.000000
0.000000 -0.000000 -0.000000 -0.000000 -0.000000 -0.000000 -0.000000 -0.000000 -0.000000 0.000000
0.000003 0.000000 0.000000 0.000002 0.000000 0.000000 0.000000 0.000012 0.000000 0.000007
0.000187 0.000000 0.000003 0.000105 0.000000 0.000000 0.000000 0.000595 0.000000 0.000594
0.000428 0.000000 0.000000 0.000140 0.000000 0.000000 0.000000 0.001567 0.000000 0.001294
0.000324 0.000000 0.000000 0.000000 0.000000 0.000000 0.000192 0.002819 0.000000 0.000874
0.000133 0.000000 0.000000 0.000000 0.000063 0.000000 0.000681 0.004075 0.000000 0.000593
0.000000 0.000000 0.000000 0.000033 0.000793 0.000000 0.000522 0.003769 0.000000 0.001508
0.000142 0.000000 0.000000 0.000326 0.000000 0.000000 0.000741 0.002338 0.000000 0.004245
0.000000 0.000458 0.000000 0.000223 0.000000 0.000000 0.000830 0.001068 0.000000 0.005415
0.000000 0.002868 0.000000 0.000000 0.001414 0.000000 0.000351 0.000000 0.000000 0.005102
0.000000 0.005723 0.000000 0.000000 0.001925 0.000000 0.000058 0.000000 0.000000 0.004012
0.000000 0.007801 0.000000 0.000013 0.002313 0.000000 0.000357 0.000000 0.000000 0.000833
0.000000 0.005395 0.000000 0.000018 0.002182 0.000000 0.001267 0.000149 0.000000 0.000000
0.000000 0.001986 0.000000 0.000094 0.003211 0.000000 0.002304 0.000057 0.000000 0.000000
0.000152 0.000006 0.000000 0.000469 0.001681 0.000000 0.001821 0.000075 0.000000 0.000000
0.000030 0.000000 0.000000 0.000893 0.000902 0.000000 0.000917 0.000000 0.000000 0.000118
0.000000 0.000000 0.000293 0.000603 0.000371 0.000000 0.000962 0.000000 0.000000 0.000139
0.000000 0.000000 0.000573 0.000000 0.000499 0.000146 0.000337 0.000000 0.000000 0.000000
0.000000 0.000000 0.000093 0.000000 0.000267 0.000000 0.000143 0.000000 0.000000 0.000230
0.000000 0.000000 0.000000 0.000000 0.000094 0.000000 0.000054 0.000000 0.000000 0.000318
0.000000 -0.000000 -0.000000 -0.000000 -0.000000 -0.000000 -0.000000 -0.000000 -0.000000 0.000000
0.000000 -0.000000 -0.000000 -0.000000 -0.000000 -0.000000 -0.000000 -0.000000 -0.000000 0.000000
0.000000 -0.000000 -0.000000 -0.000000 -0.000000 -0.000000 -0.000000 -0.000000 -0.000000 0.000000
0.000000 -0.000000 -0.000000 -0.000000 -0.000000 -0.000000 -0.000000 -0.000000 -0.000000 0.000000
0.000000 -0.000000 -0.000000 -0.000000 -0.000000 -0.000000 -0.000000 -0.000000 -0.000000 0.000000
0.000000 -0.000000 -0.000000 -0.000000 -0.000000 -0.000000 -0.000000 -0.000000 -0.000000 0.000000
0.000052 0.000000 0.000000 0.000000 0.000000 0.000000 0.000043 0.000000 0.000000 0.000031
0.000000 -0.000000 -0.000000 -0.000000 -0.000000 -0.000000 -0.000000 -0.000000 -0.000000 0.000000
0.000074 0.000000 0.000000 0.000042 0.000000 0.000000 0.000111 0.000000 0.000000 0.000251
0.000035 0.000000 0.000002 0.000038 0.000000 0.000000 0.000021 0.000070 0.000000 0.000093
0.000172 0.000000 0.000000 0.000168 0.000000 0.000000 0.000000 0.001794 0.000000 0.000902
0.000710 0.000000 0.000000 0.000034 0.000000 0.000000 0.000000 0.006310 0.000000 0.002583
0.001971 0.000000 0.000000 0.000000 0.000000 0.000000 0.000000 0.015898 0.000000 0.003006
0.003245 0.000000 0.000000 0.000000 0.000000 0.001444 0.000000 0.025821 0.000000 0.005166
0.003690 0.000000 0.000000 0.000000 0.000000 0.000000 0.000036 0.027906 0.000000 0.015936
0.003915 0.000000 0.000000 0.000000 0.000000 0.000000 0.001940 0.022085 0.000000 0.036139
0.000558 0.000000 0.000000 0.000000 0.000000 0.000000 0.000000 0.012505 0.000000 0.051970
0.000000 0.039814 0.000000 0.000000 0.011456 0.000000 0.000000 0.000000 0.000000 0.047490
0.000000 0.083044 0.000000 0.000000 0.033877 0.000000 0.000000 0.000000 0.000000 0.023814
0.007464 0.079189 0.000000 0.000000 0.039403 0.000000 0.000000 0.000000 0.000000 0.002909
0.033235 0.034270 0.000000 0.000000 0.019795 0.000000 0.022794 0.005095 0.000000 0.000000
0.038448 0.000000 0.000000 0.014986 0.000172 0.000000 0.048692 0.002930 0.000000 0.008300
0.023748 0.000000 0.000000 0.037190 0.000000 0.000000 0.057890 0.000000 0.000000 0.015326
0.006289 0.000000 0.009495 0.029780 0.000000 0.000000 0.042975 0.000000 0.000000 0.013931
0.000594 0.000000 0.026799 0.009613 0.001905 0.000000 0.019184 0.000000 0.000000 0.008727
0.000000 0.000000 0.023313 0.000000 0.004304 0.000000 0.006358 0.000000 0.000000 0.002920
0.000000 0.000000 0.011723 0.000000 0.002467 0.000000 0.001793 0.000511 0.000000 0.000723
0.000000 0.000000 0.004162 0.000000 0.001093 0.000000 0.000535 0.000376 0.000000 0.000232
0.000000 0.000139 0.001990 0.000000 0.000391 0.000000 0.000000 0.000297 0.000000 0.000000
0.000000 0.000046 0.000237 0.000000 0.000173 0.000011 0.000000 0.000017 0.000000 0.000000
0.000000 -0.000000 -0.000000 -0.000000 -0.000000 -0.000000 -0.000000 -0.000000 -0.000000 0.000000
0.000000 -0.000000 -0.000000 -0.000000 -0.000000 -0.000000 -0.000000 -0.000000 -0.000000 0.000000
0.000000 -0.000000 -0.000000 -0.000000 -0.000000 -0.000000 -0.000000 -0.000000 -0.000000 0.000000
0.000000 -0.000000 -0.000000 -0.000000 -0.000000 -0.000000 -0.000000 -0.000000 -0.000000 0.000000
0.000114 0.000000 0.000000 0.000000 0.000000 0.000000 0.000095 0.000000 0.000000 0.000068
0.000000 0.000147 0.000133 0.000000 0.000000 0.000162 0.000017 0.000000 0.000000 0.000000
0.000058 0.000006 0.000128 0.000070 0.000000 0.000000 0.000045 0.000132 0.000041 0.000023
0.000125 0.000000 0.000000 0.000000 0.000120 0.000044 0.000233 0.001040 0.000000 0.000256
0.000141 0.000000 0.000000 0.000105 0.000559 0.000570 0.000000 0.005554 0.000000 0.000407
0.001592 0.000000 0.000000 0.000000 0.000508 0.001386 0.000000 0.017134 0.000000 0.001533
0.004002 0.000000 0.000000 0.000000 0.000000 0.003667 0.000000 0.035202 0.000000 0.003150
0.007035 0.000000 0.000000 0.000000 0.000000 0.003286 0.000000 0.053661 0.000000 0.012934
0.007764 0.000000 0.000000 0.000000 0.000000 0.005559 0.000000 0.055172 0.000000 0.040289
0.004192 0.000000 0.000000 0.000000 0.000000 0.008158 0.000000 0.041107 0.000000 0.073739
0.000000 0.018842 0.000000 0.000000 0.006144 0.018162 0.000000 0.014840 0.000000 0.082990
0.000000 0.107872 0.000000 0.000000 0.035872 0.027267 0.000000 0.000000 0.011451 0.059395
0.000000 0.165870 0.000000 0.000000 0.069723 0.018810 0.000000 0.000000 0.045647 0.014675
0.042175 0.123138 0.000000 0.000000 0.064106 0.000000 0.000000 0.000000 0.066533 0.000000
0.079411 0.019018 0.000000 0.015930 0.026220 0.000000 0.047691 0.000000 0.064819 0.000000
0.069650 0.000000 0.000000 0.092919 0.000000 0.000000 0.085051 0.000000 0.048636 0.003494
0.033881 0.000000 0.000000 0.114147 0.000000 0.000000 0.086170 0.000000 0.025226 0.014778
0.008405 0.000000 0.069389 0.068805 0.000000 0.000000 0.053638 0.000000 0.005823 0.016412
0.001579 0.000000 0.099749 0.012508 0.000000 0.000000 0.020286 0.000000 0.000000 0.009430
0.001059 0.000000 0.078458 0.000000 0.004885 0.000000 0.004785 0.000794 0.000000 0.003235
0.001741 0.000000 0.044286 0.000000 0.001512 0.000000 0.000332 0.002881 0.000000 0.000717
0.000175 0.000519 0.018334 0.000000 0.001414 0.000000 0.000000 0.001769 0.000000 0.000000
0.000000 0.000940 0.008760 0.000000 0.001268 0.000000 0.000000 0.001151 0.000000 0.000000
0.000012 0.000004 0.000795 0.000000 0.000145 0.000000 0.000000 0.000099 0.000000 0.000000
0.000000 0.000007 0.000208 0.000000 0.000156 0.000167 0.000000 0.000000 0.000000 0.000000
0.000000 -0.000000 -0.000000 -0.000000 -0.000000 -0.000000 -0.000000 -0.000000 -0.000000 0.000000
0.000000 -0.000000 -0.000000 -0.000000 -0.000000 -0.000000 -0.000000 -0.000000 -0.000000 0.000000
0.000000 -0.000000 -0.000000 -0.000000 -0.000000 -0.000000 -0.000000 -0.000000 -0.000000 0.000000
0.000000 -0.000000 -0.000000 -0.000000 -0.000000 -0.000000 -0.000000 -0.000000 -0.000000 0.000000
0.000000 0.000128 0.000191 0.000000 0.000000 0.000166 0.000032 0.000000 0.000000 0.000000
0.000000 0.000102 0.000080 0.000037 0.000000 0.000000 0.000091 0.000247 0.000130 0.000000
0.000000 0.000000 0.000000 0.000028 0.000257 0.001320 0.000038 0.002566 0.000000 0.000000
0.000348 0.000000 0.000000 0.000000 0.000645 0.001539 0.000000 0.009689 0.000000 0.000000
0.002337 0.000000 0.000000 0.000000 0.000000 0.002970 0.000000 0.026859 0.000000 0.000088
0.005591 0.000000 0.000000 0.000000 0.000000 0.003392 0.000000 0.053376 0.000000 0.005475
0.009815 0.000000 0.000000 0.000000 0.000000 0.004923 0.000000 0.080744 0.000000 0.024543
0.007966 0.000000 0.000000 0.000000 0.000000 0.009907 0.000000 0.074943 0.000000 0.064306
0.000000 0.000000 0.000000 0.000000 0.000000 0.017172 0.000000 0.043995 0.000000 0.096860
0.000000 0.072355 0.000000 0.000000 0.026202 0.034314 0.000000 0.004595 0.018927 0.086050
0.000000 0.170808 0.000000 0.000000 0.066432 0.041117 0.000000 0.000000 0.073201 0.037388
0.017311 0.179103 0.000000 0.000000 0.086631 0.026365 0.000000 0.000000 0.112764 0.000000
0.085602 0.078226 0.000000 0.000000 0.048209 0.000000 0.029175 0.000000 0.122520 0.000000
0.102668 0.000000 0.000000 0.081329 0.000000 0.000000 0.077682 0.000000 0.115867 0.000000
0.063016 0.000000 0.000000 0.144583 0.000000 0.000000 0.094592 0.000000 0.097066 0.001823
0.026900 0.000000 0.067373 0.121307 0.000000 0.000000 0.072157 0.000000 0.067735 0.011372
0.007919 0.000000 0.134949 0.055244 0.000000 0.000000 0.030311 0.000000 0.040145 0.008837
0.003611 0.000000 0.141967 0.000000 0.000000 0.000000 0.006569 0.000000 0.021359 0.002045
0.001841 0.000000 0.103158 0.000000 0.003317 0.000000 0.000000 0.003041 0.005981 0.000000
0.003163 0.000000 0.060156 0.000000 0.000000 0.000000 0.000000 0.004568 0.002706 0.000000
0.001003 0.000570 0.028313 0.000000 0.001416 0.000000 0.000000 0.002870 0.000000 0.000000
0.000000 0.000843 0.011362 0.000000 0.001332 0.000000 0.000000 0.001225 0.000000 0.000000
0.000000 0.000260 0.002374 0.000000 0.000558 0.000314 0.000000 0.000252 0.000000 0.000000
0.000000 0.000004 0.000070 0.000000 0.000083 0.000120 0.000000 0.000000 0.000000 0.000000
0.000000 0.000004 0.000041 0.000000 0.000061 0.000097 0.000000 0.000000 0.000000 0.000000
0.000000 -0.000000 -0.000000 -0.000000 -0.000000 -0.000000 -0.000000 -0.000000 -0.000000 0.000000
0.000000 -0.000000 -0.000000 -0.000000 -0.000000 -0.000000 -0.000000 -0.000000 -0.000000 0.000000
0.000008 0.000038 0.000084 0.000001 0.000000 0.000000 0.000000 0.000012 0.000000 0.000004
0.000000 -0.000000 -0.000000 -0.000000 -0.000000 -0.000000 -0.000000 -0.000000 -0.000000 0.000000
0.000000 0.000000 0.000000 0.000002 0.000000 0.000008 0.000311 0.000627 0.000092 0.000000
0.000000 0.000000 0.000000 0.000145 0.000797 0.002336 0.000000 0.004262 0.000000 0.000000
0.000560 0.000000 0.000000 0.000000 0.000622 0.002357 0.000000 0.013023 0.000000 0.000000
0.003241 0.000000 0.000000 0.000000 0.000000 0.003074 0.000000 0.037339 0.000000 0.000000
0.008025 0.000000 0.000000 0.000000 0.000000 0.001263 0.000000 0.078532 0.000000 0.009138
0.010328 0.000000 0.000000 0.000000 0.000000 0.004277 0.000000 0.099430 0.000000 0.040141
0.001532 0.000000 0.000000 0.000000 0.000000 0.011688 0.000000 0.079258 0.000000 0.085948
0.000000 0.026139 0.000000 0.000000 0.008373 0.026049 0.000000 0.025038 0.017088 0.104626
0.000000 0.142853 0.000000 0.000000 0.052542 0.044951 0.000000 0.000000 0.080315 0.062235
0.000000 0.193956 0.000000 0.000000 0.084601 0.039339 0.000000 0.000000 0.131586 0.000000
0.077388 0.120470 0.000000 0.000000 0.058852 0.011218 0.018346 0.000000 0.136431 0.000000
0.120381 0.000000 0.000000 0.053572 0.002295 0.000000 0.069402 0.004927 0.117557 0.000000
0.088642 0.000000 0.000000 0.139412 0.000000 0.000000 0.096318 0.000000 0.091034 0.000000
0.032718 0.000000 0.063726 0.141135 0.000000 0.000000 0.079942 0.000000 0.070410 0.005911
0.009302 0.000000 0.145239 0.074295 0.000000 0.000000 0.037354 0.000000 0.055469 0.007490
0.002687 0.000000 0.162401 0.013314 0.000000 0.000000 0.007086 0.000000 0.042778 0.000234
0.001280 0.000000 0.128406 0.000000 0.000000 0.000000 0.000000 0.002460 0.025743 0.000000
0.002722 0.000000 0.082254 0.000000 0.000000 0.000000 0.000000 0.004886 0.014511 0.000000
0.001795 0.000970 0.047445 0.000000 0.000000 0.000000 0.000000 0.004900 0.006612 0.000000
0.000540 0.001015 0.025458 0.000000 0.001697 0.000000 0.000000 0.002700 0.000621 0.000000
0.000000 0.001306 0.011104 0.000000 0.001735 0.001316 0.000000 0.000759 0.000000 0.000000
0.000000 0.000660 0.002604 0.000000 0.000964 0.000689 0.000000 0.000463 0.000000 0.000000
0.000000 0.000022 0.000184 0.000000 0.000276 0.000416 0.000000 0.000000 0.000000 0.000000
0.000000 0.000005 0.000060 0.000000 0.000090 0.000143 0.000000 0.000000 0.000000 0.000000
0.000000 -0.000000 -0.000000 -0.000000 -0.000000 -0.000000 -0.000000 -0.000000 -0.000000 0.000000
0.000000 -0.000000 -0.000000 -0.000000 -0.000000 -0.000000 -0.000000 -0.000000 -0.000000 0.000000
0.000000 0.000001 0.000000 0.000073 0.000000 0.000000 0.000073 0.000000 0.000000 0.000010
0.000000 0.000004 0.000013 0.000005 0.000011 0.000000 0.000000 0.000001 0.000000 0.000000
0.000000 0.000245 0.000029 0.000010 0.000000 0.000153 0.000052 0.000641 0.000191 0.000000
0.000000 0.000000 0.000000 0.000085 0.000595 0.002169 0.000000 0.005716 0.000000 0.000000
0.000803 0.000000 0.000007 0.000000 0.000661 0.003716 0.000000 0.019674 0.000000 0.000000
0.004627 0.000000 0.000000 0.000000 0.000000 0.002974 0.000000 0.055945 0.000000 0.000000
0.009153 0.000000 0.000000 0.000000 0.000000 0.000002 0.000000 0.098355 0.000000 0.015357
0.005767 0.000000 0.000000 0.000000 0.000000 0.004507 0.000000 0.108851 0.000000 0.058316
0.000000 0.000000 0.000000 0.000000 0.000000 0.017533 0.000000 0.061609 0.010666 0.101730
0.000000 0.093020 0.000000 0.000000 0.027808 0.036098 0.000000 0.000000 0.074620 0.091191
0.000000 0.186287 0.000000 0.000000 0.068450 0.044762 0.000000 0.000000 0.141260 0.025190
0.060803 0.152006 0.000000 0.000000 0.063786 0.018118 0.009289 0.000000 0.143977 0.000000
0.131548 0.026061 0.000000 0.015103 0.015430 0.000000 0.061581 0.004550 0.099864 0.000000
0.116606 0.000000 0.000000 0.120490 0.000000 0.000000 0.095507 0.000000 0.057824 0.000000
0.043248 0.000000 0.057164 0.153761 0.000000 0.000000 0.084192 0.000000 0.034115 0.004722
0.000339 0.000000 0.139982 0.094072 0.000000 0.000000 0.041283 0.000000 0.022210 0.005510
0.000000 0.000000 0.162769 0.021227 0.000192 0.000000 0.007218 0.000000 0.021354 0.001138
0.000000 0.000000 0.127481 0.000000 0.000671 0.000000 0.000000 0.002080 0.025971 0.000000
0.001767 0.002568 0.078440 0.000000 0.000000 0.000000 0.000000 0.004935 0.025054 0.000000
0.000883 0.003031 0.047195 0.000000 0.000000 0.000000 0.000000 0.004274 0.017843 0.000000
0.000534 0.002541 0.028230 0.000000 0.000000 0.000000 0.000000 0.003235 0.008963 0.000000
0.000000 0.001941 0.014479 0.000000 0.001423 0.001081 0.000000 0.001962 0.002625 0.000000
0.000000 0.001084 0.005242 0.000000 0.001375 0.002361 0.000000 0.000222 0.000050 0.000000
0.000000 0.000837 0.002081 0.000000 0.000826 0.001119 0.000000 0.000464 0.000000 0.000000
0.000000 0.000199 0.000227 0.000000 0.000425 0.000400 0.000000 0.000000 0.000000 0.000000
0.000000 0.000034 0.000135 0.000000 0.000230 0.000296 0.000000 0.000000 0.000000 0.000000
0.000000 -0.000000 -0.000000 -0.000000 -0.000000 -0.000000 -0.000000 -0.000000 -0.000000 0.000000
0.000000 -0.000000 -0.000000 -0.000000 -0.000000 -0.000000 -0.000000 -0.000000 -0.000000 0.000000
0.000000 -0.000000 -0.000000 -0.000000 -0.000000 -0.000000 -0.000000 -0.000000 -0.000000 0.000000
0.000000 0.000006 0.000019 0.000007 0.000016 0.000000 0.000000 0.000001 0.000000 0.000000
0.000061 0.000269 0.000033 0.000000 0.000000 0.000135 0.000000 0.000681 0.000182 0.000000
0.000000 0.000342 0.000000 0.000000 0.000983 0.002735 0.000000 0.007361 0.000000 0.000000
0.001814 0.000000 0.000000 0.000000 0.000704 0.003407 0.000000 0.030550 0.000000 0.000000
0.006574 0.000000 0.000000 0.000000 0.000000 0.000895 0.000000 0.080160 0.000000 0.000000
0.008083 0.000000 0.000000 0.000000 0.000000 0.000000 0.000000 0.122131 0.000000 0.024672
0.000000 0.000000 0.000000 0.000000 0.000000 0.007637 0.000000 0.106412 0.000000 0.076245
0.000000 0.037730 0.000000 0.000000 0.006941 0.027161 0.001064 0.030759 0.060822 0.104798
0.000000 0.147265 0.000000 0.000000 0.047354 0.043220 0.000258 0.000000 0.135636 0.064541
0.024390 0.172604 0.000000 0.000000 0.066879 0.029173 0.010348 0.000000 0.153141 0.000000
0.129908 0.063262 0.000000 0.000000 0.026310 0.000000 0.049599 0.000000 0.095985 0.000000
0.143577 0.000000 0.000000 0.082228 0.000000 0.000000 0.087279 0.002159 0.031761 0.000000
0.068049 0.000000 0.049869 0.157811 0.000000 0.000000 0.084466 0.000000 0.004007 0.003344
0.000000 0.000000 0.126723 0.118030 0.000000 0.000000 0.045940 0.000000 0.000000 0.007510
0.000000 0.000000 0.156038 0.037383 0.005918 0.000000 0.008472 0.000000 0.000000 0.001681
0.000000 0.001867 0.120577 0.000000 0.006258 0.002293 0.000000 0.003769 0.004218 0.000000
0.000000 0.003408 0.066307 0.000000 0.002171 0.002851 0.000000 0.007147 0.013568 0.000000
0.000000 0.004326 0.036880 0.000000 0.000000 0.003007 0.000000 0.006351 0.017999 0.000000
0.000000 0.003796 0.021106 0.000000 0.000000 0.002502 0.000000 0.004814 0.016296 0.000000
0.000000 0.002995 0.014556 0.000000 0.000000 0.001197 0.000000 0.004000 0.009195 0.000000
0.000000 0.002075 0.007724 0.000000 0.000712 0.001264 0.000000 0.001589 0.003445 0.000000
0.000000 0.001342 0.003474 0.000000 0.001267 0.001337 0.000000 0.000439 0.000990 0.000000
0.000000 0.000784 0.001055 0.000000 0.000741 0.000897 0.000000 0.000474 0.000000 0.000000
0.000000 0.000348 0.000173 0.000000 0.000562 0.000510 0.000000 0.000054 0.000000 0.000000
0.000000 0.000022 0.000087 0.000000 0.000149 0.000192 0.000000 0.000000 0.000000 0.000000
0.000000 -0.000000 -0.000000 -0.000000 -0.000000 -0.000000 -0.000000 -0.000000 -0.000000 0.000000
0.000000 -0.000000 -0.000000 -0.000000 -0.000000 -0.000000 -0.000000 -0.000000 -0.000000 0.000000
0.000000 -0.000000 -0.000000 -0.000000 -0.000000 -0.000000 -0.000000 -0.000000 -0.000000 0.000000
0.000000 -0.000000 -0.000000 -0.000000 -0.000000 -0.000000 -0.000000 -0.000000 -0.000000 0.000000
0.000000 0.000318 0.000000 0.000032 0.000000 0.000439 0.000026 0.000838 0.000263 0.000000
0.000000 0.000329 0.000000 0.000000 0.000916 0.002920 0.000000 0.009640 0.000000 0.000000
0.003004 0.000000 0.000311 0.000000 0.000746 0.003044 0.000000 0.043822 0.000000 0.000000
0.006975 0.000000 0.000000 0.000000 0.000000 0.000000 0.000000 0.103476 0.000000 0.002559
0.004099 0.000000 0.000000 0.000000 0.000000 0.000000 0.000000 0.137388 0.000000 0.037371
0.000000 0.000000 0.000000 0.000770 0.000000 0.011206 0.001447 0.089264 0.037190 0.089516
0.000000 0.084671 0.000000 0.000000 0.020025 0.031744 0.014483 0.000000 0.117652 0.098104
0.000000 0.159843 0.000000 0.000000 0.048809 0.037629 0.020656 0.000000 0.160690 0.039252
0.102066 0.106535 0.000000 0.000000 0.036575 0.006955 0.037516 0.000000 0.114396 0.000000
0.162721 0.000000 0.002240 0.031266 0.000000 0.000000 0.072505 0.000000 0.028609 0.000000
0.101591 0.000000 0.044535 0.139686 0.000000 0.000000 0.079932 0.000000 0.000000 0.000000
0.008492 0.000000 0.108165 0.145892 0.000000 0.000000 0.048139 0.000000 0.000000 0.004896
0.000000 0.000000 0.148261 0.060254 0.012850 0.002500 0.010411 0.000000 0.000000 0.001898
0.000000 0.005625 0.114980 0.000460 0.011814 0.010487 0.000000 0.005205 0.000000 0.000000
0.000000 0.004256 0.058595 0.000000 0.004271 0.011623 0.000000 0.012128 0.000371 0.000000
0.000000 0.005252 0.024108 0.000000 0.000000 0.013294 0.000000 0.012524 0.006466 0.000000
0.000000 0.005889 0.013210 0.000000 0.000000 0.011380 0.000000 0.014135 0.010568 0.000000
0.000000 0.005485 0.010582 0.000000 0.000000 0.008085 0.000000 0.011907 0.010426 0.000000
0.000000 0.003348 0.007034 0.000000 0.000000 0.003803 0.000000 0.008524 0.005981 0.000000
0.000000 0.001723 0.003442 0.000000 0.000000 0.000758 0.000000 0.004270 0.003055 0.000000
0.000000 0.000550 0.001052 0.000000 0.000136 0.000000 0.000087 0.000653 0.001371 0.000000
0.000017 0.000046 0.000122 0.000000 0.000000 0.000097 0.000000 0.000315 0.000024 0.000308
0.000000 0.000252 0.000000 0.000000 0.000300 0.000261 0.000000 0.000119 0.000082 0.000117
0.000000 -0.000000 -0.000000 -0.000000 -0.000000 -0.000000 -0.000000 -0.000000 -0.000000 0.000000
0.000000 -0.000000 -0.000000 -0.000000 -0.000000 -0.000000 -0.000000 -0.000000 -0.000000 0.000000
0.000000 -0.000000 -0.000000 -0.000000 -0.000000 -0.000000 -0.000000 -0.000000 -0.000000 0.000000
0.000000 -0.000000 -0.000000 -0.000000 -0.000000 -0.000000 -0.000000 -0.000000 -0.000000 0.000000
0.000000 0.000000 0.000017 0.000010 0.000007 0.000063 0.000020 0.000000 0.000000 0.000000
0.000000 0.000349 0.000174 0.000000 0.000000 0.000565 0.000000 0.001056 0.000000 0.000000
0.000351 0.000412 0.000000 0.000000 0.000671 0.003216 0.000000 0.014242 0.000000 0.000000
0.003540 0.000000 0.000032 0.000000 0.002232 0.002751 0.000000 0.062528 0.000000 0.000000
0.004949 0.000000 0.000000 0.000000 0.000000 0.000000 0.000000 0.129309 0.000000 0.004692
0.000000 0.000000 0.000000 0.000000 0.000000 0.001035 0.000000 0.140507 0.014976 0.046129
0.000000 0.030594 0.000000 0.000498 0.002253 0.015805 0.018759 0.054185 0.087223 0.096444
0.000000 0.113808 0.000000 0.000000 0.026129 0.032218 0.039062 0.000000 0.151949 0.084158
0.053120 0.126785 0.000000 0.000000 0.035575 0.017901 0.046171 0.000000 0.133292 0.025631
0.159267 0.027248 0.015208 0.000000 0.007312 0.000000 0.061112 0.000000 0.042218 0.000000
0.142049 0.000000 0.046941 0.095459 0.000000 0.000000 0.066614 0.000000 0.000000 0.000000
0.036482 0.000000 0.091015 0.158937 0.000000 0.000000 0.043452 0.000000 0.000000 0.000000
0.000000 0.000000 0.133251 0.094005 0.016069 0.015756 0.010130 0.000000 0.000000 0.000000
0.000000 0.007378 0.112588 0.014812 0.013469 0.026341 0.000000 0.007823 0.000000 0.000000
0.000000 0.004269 0.053561 0.000000 0.002103 0.034285 0.000000 0.020541 0.000000 0.000000
0.000000 0.003007 0.019351 0.000000 0.000000 0.039695 0.000000 0.027667 0.000000 0.000000
0.000000 0.005271 0.008721 0.000000 0.000000 0.042417 0.000000 0.031654 0.001555 0.000000
0.000000 0.006723 0.005417 0.000000 0.000000 0.036907 0.000000 0.033274 0.002055 0.000000
0.000000 0.008194 0.004598 0.000000 0.000000 0.025324 0.000000 0.031743 0.002960 0.000000
0.000000 0.005896 0.003106 0.000000 0.000000 0.012248 0.000000 0.023447 0.002434 0.000000
0.000000 0.003488 0.001517 0.000000 0.000000 0.004566 0.000000 0.012543 0.001187 0.000000
0.000000 0.001234 0.000339 0.000000 0.000000 0.000884 0.000203 0.002960 0.000620 0.000000
0.000065 0.000000 0.000000 0.000021 0.000000 0.000345 0.000127 0.000342 0.000145 0.000221
0.000000 0.000245 0.000000 0.000000 0.000252 0.000199 0.000000 0.000127 0.000101 0.000138
0.000000 -0.000000 -0.000000 -0.000000 -0.000000 -0.000000 -0.000000 -0.000000 -0.000000 0.000000
0.000000 -0.000000 -0.000000 -0.000000 -0.000000 -0.000000 -0.000000 -0.000000 -0.000000 0.000000
0.000000 -0.000000 -0.000000 -0.000000 -0.000000 -0.000000 -0.000000 -0.000000 -0.000000 0.000000
0.000000 -0.000000 -0.000000 -0.000000 -0.000000 -0.000000 -0.000000 -0.000000 -0.000000 0.000000
0.000000 0.000000 0.000016 0.000015 0.000003 0.000090 0.000026 0.000000 0.000000 0.000000
0.000000 0.000375 0.000057 0.000044 0.000000 0.000675 0.000000 0.001044 0.000040 0.000000
0.000800 0.000457 0.000023 0.000000 0.000431 0.003521 0.000000 0.021173 0.000000 0.000000
0.003427 0.000000 0.000000 0.000000 0.003538 0.000626 0.000000 0.083060 0.000000 0.000000
0.000000 0.000000 0.000000 0.000000 0.000650 0.000000 0.000000 0.146906 0.000186 0.006915
0.000000 0.004108 0.000000 0.001277 0.000000 0.001681 0.012199 0.126113 0.051143 0.057441
0.000000 0.055705 0.000000 0.000000 0.006790 0.016683 0.046196 0.013755 0.127739 0.099529
0.004811 0.103998 0.000000 0.000000 0.018810 0.019895 0.065854 0.000000 0.144569 0.079010
0.124845 0.068919 0.023490 0.000000 0.010183 0.000000 0.060857 0.000000 0.070038 0.025634
0.170995 0.000000 0.055746 0.038256 0.000000 0.000000 0.054467 0.000000 0.000000 0.000000
0.083683 0.000000 0.081508 0.144048 0.000000 0.008967 0.033533 0.000000 0.000000 0.000000
0.000000 0.000000 0.108500 0.133581 0.017053 0.039143 0.005658 0.000000 0.000000 0.000000
0.000000 0.007439 0.104236 0.042898 0.014272 0.061907 0.000000 0.002754 0.000000 0.000000
0.000000 0.003383 0.051415 0.000910 0.000000 0.082793 0.000000 0.018853 0.000000 0.000000
0.000000 0.002305 0.011900 0.000000 0.000000 0.104740 0.000000 0.028260 0.000000 0.000000
0.000000 0.005231 0.000000 0.000069 0.000000 0.115568 0.000000 0.034914 0.000000 0.000000
0.000000 0.008882 0.000000 0.000778 0.000000 0.110210 0.008010 0.044401 0.000000 0.000000
0.000000 0.012393 0.000000 0.000982 0.000000 0.090322 0.013088 0.054047 0.000000 0.000000
0.000000 0.013921 0.000000 0.000606 0.000000 0.061682 0.011879 0.057356 0.000000 0.000000
0.000000 0.010539 0.000000 0.000000 0.000000 0.030706 0.007797 0.051025 0.000000 0.000000
0.000000 0.005863 0.000636 0.000000 0.000000 0.011523 0.002515 0.030165 0.000000 0.000000
0.000000 0.002262 0.000501 0.000000 0.000000 0.003288 0.000834 0.010758 0.000000 0.000000
0.000000 0.000741 0.000000 0.000063 0.000026 0.000409 0.000171 0.001607 0.000094 0.000000
0.000000 0.000245 0.000000 0.000000 0.000252 0.000199 0.000000 0.000127 0.000101 0.000138
0.000000 -0.000000 -0.000000 -0.000000 -0.000000 -0.000000 -0.000000 -0.000000 -0.000000 0.000000
0.000000 -0.000000 -0.000000 -0.000000 -0.000000 -0.000000 -0.000000 -0.000000 -0.000000 0.000000
0.000000 -0.000000 -0.000000 -0.000000 -0.000000 -0.000000 -0.000000 -0.000000 -0.000000 0.000000
0.000000 -0.000000 -0.000000 -0.000000 -0.000000 -0.000000 -0.000000 -0.000000 -0.000000 0.000000
0.000000 -0.000000 -0.000000 -0.000000 -0.000000 -0.000000 -0.000000 -0.000000 -0.000000 0.000000
0.000000 0.000497 0.000000 0.000053 0.000000 0.000921 0.000000 0.001179 0.000065 0.000000
0.000545 0.001150 0.000000 0.000000 0.001733 0.003811 0.000000 0.030496 0.000000 0.000000
0.001437 0.000981 0.000000 0.000000 0.005220 0.000000 0.000000 0.101711 0.000000 0.000000
0.000000 0.002003 0.000000 0.000000 0.001984 0.000000 0.000629 0.155118 0.020983 0.008161
0.000000 0.018311 0.000000 0.000540 0.000000 0.001661 0.038587 0.100923 0.087064 0.065545
0.000000 0.061290 0.000000 0.000000 0.002163 0.013067 0.079764 0.000000 0.142542 0.104096
0.066907 0.071090 0.020699 0.000000 0.000000 0.005143 0.079874 0.000000 0.104118 0.082622
0.167374 0.023115 0.065996 0.000000 0.000000 0.000000 0.051837 0.000000 0.008490 0.028398
0.137365 0.000000 0.084847 0.094025 0.000000 0.013435 0.021727 0.000000 0.000000 0.000000
0.021933 0.000000 0.090631 0.155361 0.014031 0.064315 0.000000 0.000000 0.000000 0.000000
0.000000 0.008522 0.087805 0.085507 0.019139 0.110515 0.000000 0.000000 0.000000 0.000000
0.000000 0.002065 0.045306 0.012134 0.000246 0.152584 0.000000 0.007079 0.000000 0.000000
0.000000 0.000771 0.003924 0.000000 0.000000 0.196747 0.000000 0.015435 0.000000 0.000000
0.000000 0.008623 0.000000 0.000000 0.000000 0.217616 0.010190 0.017112 0.000000 0.000000
0.000000 0.014408 0.000000 0.000000 0.000000 0.206779 0.035560 0.021829 0.000000 0.000000
0.000000 0.015729 0.000000 0.001998 0.000000 0.174560 0.053213 0.036658 0.000000 0.001684
0.000000 0.011786 0.000000 0.003312 0.000000 0.134633 0.056168 0.057210 0.000000 0.000000
0.000000 0.015992 0.000000 0.003100 0.000000 0.096145 0.042438 0.076023 0.000000 0.000000
0.000000 0.016660 0.000000 0.000903 0.000000 0.053878 0.023031 0.080835 0.000000 0.000000
0.000000 0.009938 0.000000 0.000000 0.000000 0.021956 0.008046 0.064412 0.000000 0.000000
0.000000 0.004694 0.000000 0.000000 0.000735 0.006053 0.002718 0.025086 0.000000 0.000000
0.000000 0.001193 0.000000 0.000000 0.000029 0.000000 0.000483 0.003688 0.000000 0.000000
0.000000 0.000215 0.000019 0.000000 0.000117 0.000000 0.000000 0.000098 0.000048 0.000119
0.000075 0.000000 0.000005 0.000024 0.000000 0.000000 0.000011 0.000043 0.000000 0.000250
0.000000 -0.000000 -0.000000 -0.000000 -0.000000 -0.000000 -0.000000 -0.000000 -0.000000 0.000000
0.000000 -0.000000 -0.000000 -0.000000 -0.000000 -0.000000 -0.000000 -0.000000 -0.000000 0.000000
0.000000 -0.000000 -0.000000 -0.000000 -0.000000 -0.000000 -0.000000 -0.000000 -0.000000 0.000000
0.000000 -0.000000 -0.000000 -0.000000 -0.000000 -0.000000 -0.000000 -0.000000 -0.000000 0.000000
0.000000 0.000544 0.000000 0.000058 0.000000 0.001067 0.000000 0.001268 0.000024 0.000000
0.000083 0.002484 0.000000 0.000000 0.002619 0.003819 0.000000 0.038268 0.000000 0.000000
0.000000 0.007025 0.000000 0.000000 0.005836 0.000000 0.000000 0.116860 0.007482 0.000000
0.000000 0.011842 0.000000 0.000000 0.003397 0.000000 0.018389 0.154070 0.044423 0.007091
0.000000 0.025018 0.000000 0.000000 0.000729 0.001233 0.074085 0.074686 0.106677 0.071554
0.007062 0.048039 0.006256 0.000000 0.000000 0.003534 0.103652 0.000000 0.125934 0.114793
0.124005 0.035614 0.065642 0.000000 0.000000 0.000000 0.074212 0.000000 0.049962 0.090496
0.171065 0.004077 0.097846 0.027134 0.000000 0.014065 0.019858 0.000000 0.000000 0.027495
0.082635 0.000000 0.087986 0.131708 0.017963 0.068104 0.000000 0.000000 0.000000 0.000000
0.000000 0.005328 0.069889 0.125722 0.034823 0.140419 0.000000 0.000000 0.000968 0.000000
0.000000 0.000000 0.038301 0.036051 0.030606 0.209798 0.000000 0.000000 0.011176 0.000000
0.000000 0.000000 0.000000 0.000000 0.034788 0.259559 0.000000 0.000000 0.004913 0.000000
0.000000 0.000000 0.000000 0.000000 0.049800 0.267092 0.032545 0.000000 0.000000 0.002028
0.000000 0.000000 0.000000 0.000000 0.054586 0.230547 0.073591 0.000000 0.000000 0.020256
0.000000 0.006411 0.000000 0.000000 0.039325 0.178204 0.101460 0.000000 0.000000 0.038508
0.000000 0.012285 0.000000 0.000000 0.015758 0.136732 0.114425 0.007620 0.000000 0.049484
0.000000 0.008774 0.000000 0.000000 0.000000 0.111348 0.116287 0.026806 0.000000 0.046966
0.000000 0.010464 0.000000 0.003195 0.000000 0.091791 0.092537 0.063139 0.000000 0.024435
0.000000 0.013241 0.000000 0.001534 0.000000 0.060647 0.051998 0.097083 0.000000 0.000000
0.000000 0.010747 0.000000 0.000000 0.000000 0.028276 0.017259 0.098392 0.000000 0.000000
0.000000 0.007132 0.000000 0.000000 0.002146 0.008246 0.003651 0.052583 0.000000 0.000000
0.000000 0.001015 0.000000 0.000000 0.000852 0.000000 0.000377 0.008226 0.000000 0.000000
0.000096 0.000000 0.000038 0.000010 0.000000 0.000000 0.000000 0.000118 0.000000 0.000406
0.000087 0.000000 0.000005 0.000028 0.000000 0.000000 0.000013 0.000050 0.000000 0.000291
0.000000 -0.000000 -0.000000 -0.000000 -0.000000 -0.000000 -0.000000 -0.000000 -0.000000 0.000000
0.000000 -0.000000 -0.000000 -0.000000 -0.000000 -0.000000 -0.000000 -0.000000 -0.000000 0.000000
0.000000 -0.000000 -0.000000 -0.000000 -0.000000 -0.000000 -0.000000 -0.000000 -0.000000 0.000000
0.000000 -0.000000 -0.000000 -0.000000 -0.000000 -0.000000 -0.000000 -0.000000 -0.000000 0.000000
0.000000 0.000537 0.000000 0.000056 0.000000 0.001053 0.000000 0.001152 0.000106 0.000000
0.000000 0.003893 0.000051 0.000000 0.002857 0.003621 0.000000 0.042572 0.000257 0.000000
0.000000 0.014124 0.000000 0.000000 0.006107 0.000000 0.000670 0.125151 0.018152 0.000000
0.000000 0.018183 0.000000 0.000000 0.005069 0.000000 0.044641 0.146210 0.063103 0.004594
0.000000 0.021315 0.000000 0.000000 0.000000 0.000000 0.106671 0.057298 0.110475 0.079910
0.052960 0.022062 0.048713 0.000000 0.000000 0.000000 0.111833 0.000000 0.091461 0.130079
0.156066 0.013970 0.106708 0.000000 0.000000 0.000000 0.045994 0.000000 0.009404 0.095842
0.141312 0.010696 0.103200 0.069744 0.011169 0.050261 0.000000 0.000000 0.000000 0.017539
0.035715 0.008389 0.063994 0.132043 0.058679 0.128448 0.000000 0.000000 0.000000 0.000000
0.000000 0.000000 0.028386 0.072468 0.091146 0.211197 0.000000 0.000000 0.021739 0.000000
0.000000 0.000000 0.001456 0.000000 0.128285 0.250159 0.009895 0.000000 0.013635 0.000000
0.000000 0.000000 0.000000 0.000000 0.161748 0.229292 0.053614 0.000000 0.000000 0.000000
0.009286 0.000000 0.000000 0.000000 0.165379 0.154416 0.089492 0.000000 0.000000 0.030138
0.023302 0.000000 0.000000 0.000000 0.137990 0.077550 0.112349 0.000000 0.000000 0.057541
0.033635 0.003486 0.001816 0.000000 0.097302 0.031336 0.120626 0.000000 0.000000 0.077693
0.028159 0.008114 0.000000 0.000000 0.054413 0.026396 0.126094 0.000000 0.000000 0.092527
0.009170 0.000000 0.000000 0.000000 0.011239 0.043587 0.139363 0.000000 0.000000 0.097004
0.000000 0.000000 0.000000 0.000000 0.000000 0.053306 0.131485 0.029153 0.000000 0.073885
0.000000 0.006380 0.000000 0.000493 0.000000 0.041881 0.082920 0.091625 0.000000 0.026146
0.000000 0.011644 0.000000 0.000000 0.000000 0.019348 0.030839 0.122644 0.000000 0.000000
0.000000 0.008695 0.000000 0.000000 0.003415 0.009079 0.004897 0.080460 0.000000 0.000000
0.000000 0.000556 0.000000 0.000000 0.001324 0.000000 0.000199 0.015490 0.000000 0.000000
0.000105 0.000000 0.000004 0.000016 0.000000 0.000000 0.000000 0.000452 0.000000 0.000444
0.000023 0.000000 0.000001 0.000008 0.000000 0.000000 0.000003 0.000013 0.000000 0.000078
0.000000 -0.000000 -0.000000 -0.000000 -0.000000 -0.000000 -0.000000 -0.000000 -0.000000 0.000000
0.000000 -0.000000 -0.000000 -0.000000 -0.000000 -0.000000 -0.000000 -0.000000 -0.000000 0.000000
0.000000 -0.000000 -0.000000 -0.000000 -0.000000 -0.000000 -0.000000 -0.000000 -0.000000 0.000000
0.000000 -0.000000 -0.000000 -0.000000 -0.000000 -0.000000 -0.000000 -0.000000 -0.000000 0.000000
0.000000 0.000234 0.000021 0.000026 0.000000 0.000339 0.000054 0.000506 0.000113 0.000000
0.000000 0.006211 0.001000 0.000000 0.003228 0.002634 0.000000 0.044101 0.003386 0.000000
0.000000 0.019894 0.000000 0.000000 0.008703 0.000000 0.015305 0.124877 0.026088 0.000000
0.000000 0.019081 0.000000 0.000000 0.006695 0.000000 0.075755 0.139463 0.069748 0.001369
0.000000 0.008042 0.025556 0.000000 0.000000 0.000000 0.131431 0.048912 0.095953 0.085822
0.093964 0.000087 0.091711 0.000000 0.000000 0.000000 0.101694 0.000000 0.055300 0.141714
0.159244 0.010043 0.120129 0.008900 0.000000 0.015254 0.007033 0.000000 0.000000 0.095972
0.097558 0.020327 0.080589 0.094584 0.059804 0.087212 0.000000 0.000000 0.000000 0.006605
0.003690 0.000000 0.026540 0.098133 0.138052 0.168288 0.000000 0.000000 0.020460 0.000000
0.000000 0.000000 0.000889 0.016633 0.214314 0.198166 0.014878 0.000000 0.015845 0.000000
0.000000 0.000000 0.000000 0.000000 0.259404 0.157068 0.061421 0.000000 0.000000 0.000000
0.003484 0.000000 0.009333 0.000000 0.243400 0.058567 0.087175 0.013128 0.000000 0.027913
0.029002 0.026364 0.031692 0.006621 0.181943 0.000000 0.091298 0.030305 0.000000 0.053264
0.055901 0.043233 0.050898 0.008856 0.121867 0.000000 0.076275 0.036907 0.000000 0.065090
0.075185 0.047650 0.054696 0.000000 0.087737 0.000000 0.057619 0.021444 0.000000 0.071939
0.076218 0.034086 0.038734 0.000000 0.057363 0.000000 0.070949 0.000000 0.000000 0.090728
0.047320 0.010000 0.011409 0.000000 0.014810 0.000000 0.115207 0.000000 0.000000 0.119602
0.002896 0.000000 0.000000 0.000000 0.000000 0.015900 0.137648 0.000185 0.001833 0.110178
0.000000 0.000000 0.000000 0.000000 0.000000 0.016764 0.099629 0.077694 0.016846 0.055847
0.000000 0.008006 0.000000 0.000000 0.003985 0.005134 0.038363 0.131365 0.010919 0.002443
0.000000 0.007485 0.000000 0.000000 0.005736 0.000000 0.003602 0.095913 0.001415 0.000000
0.000000 0.000119 0.000000 0.000000 0.002897 0.000000 0.000000 0.023748 0.000000 0.000000
0.000003 0.000000 0.000000 0.000000 0.000104 0.000000 0.000000 0.000534 0.000000 0.000112
0.000000 -0.000000 -0.000000 -0.000000 -0.000000 -0.000000 -0.000000 -0.000000 -0.000000 0.000000
0.000000 -0.000000 -0.000000 -0.000000 -0.000000 -0.000000 -0.000000 -0.000000 -0.000000 0.000000
0.000000 -0.000000 -0.000000 -0.000000 -0.000000 -0.000000 -0.000000 -0.000000 -0.000000 0.000000
0.000000 -0.000000 -0.000000 -0.000000 -0.000000 -0.000000 -0.000000 -0.000000 -0.000000 0.000000
0.000000 -0.000000 -0.000000 -0.000000 -0.000000 -0.000000 -0.000000 -0.000000 -0.000000 0.000000
0.000000 0.000000 0.000374 0.000000 0.000072 0.000000 0.000430 0.000374 0.000140 0.000000
0.000000 0.008954 0.001864 0.000000 0.002386 0.001040 0.005095 0.039901 0.005937 0.000000
0.000000 0.022930 0.002753 0.000000 0.009987 0.000000 0.034188 0.117007 0.028740 0.000000
0.000000 0.019420 0.013564 0.000000 0.005610 0.000000 0.102441 0.128968 0.069978 0.000000
0.016056 0.000000 0.059630 0.000000 0.000000 0.000000 0.143609 0.052304 0.078666 0.084700
0.114555 0.000000 0.118983 0.000000 0.000000 0.000000 0.080048 0.000000 0.033193 0.147328
0.141650 0.013625 0.108406 0.037454 0.007089 0.035470 0.000000 0.000000 0.000000 0.095219
0.060154 0.020556 0.040972 0.092737 0.129750 0.107738 0.000000 0.000000 0.006155 0.000930
0.000000 0.000000 0.000000 0.058278 0.242976 0.149348 0.000000 0.000000 0.019936 0.000000
0.000000 0.000000 0.000000 0.000806 0.295570 0.109334 0.060245 0.000000 0.000000 0.000000
0.000000 0.000000 0.016348 0.010493 0.243921 0.006446 0.083578 0.027447 0.000000 0.029410
0.025186 0.068683 0.042301 0.050413 0.130452 0.000000 0.074960 0.059094 0.000000 0.055373
0.049463 0.108575 0.067177 0.076190 0.039378 0.000000 0.037895 0.075984 0.017462 0.056274
0.066857 0.112760 0.080556 0.070985 0.017738 0.000000 0.000000 0.071840 0.033412 0.037734
0.084262 0.103682 0.084209 0.033351 0.038872 0.000000 0.000000 0.043946 0.015845 0.023792
0.099040 0.075557 0.069381 0.000000 0.035568 0.000000 0.015270 0.000000 0.000000 0.048492
0.076391 0.021605 0.033634 0.000000 0.006745 0.000000 0.090472 0.000000 0.000000 0.110116
0.021199 0.000000 0.000000 0.000000 0.000000 0.000000 0.132660 0.000000 0.013587 0.125603
0.000000 0.000000 0.000000 0.000000 0.001916 0.000000 0.098726 0.077112 0.036329 0.072961
0.000000 0.003526 0.000000 0.000000 0.008505 0.000000 0.034206 0.127055 0.026886 0.015686
0.000000 0.004587 0.000000 0.000000 0.008972 0.000000 0.001466 0.098184 0.007007 0.000000
0.000000 0.000553 0.000000 0.000000 0.004459 0.000000 0.000000 0.028334 0.000000 0.000000
0.000000 0.000000 0.000000 0.000000 0.000165 0.000000 0.000000 0.000578 0.000000 0.000131
0.000000 -0.000000 -0.000000 -0.000000 -0.000000 -0.000000 -0.000000 -0.000000 -0.000000 0.000000
0.000000 -0.000000 -0.000000 -0.000000 -0.000000 -0.000000 -0.000000 -0.000000 -0.000000 0.000000
0.000000 -0.000000 -0.000000 -0.000000 -0.000000 -0.000000 -0.000000 -0.000000 -0.000000 0.000000
0.000000 -0.000000 -0.000000 -0.000000 -0.000000 -0.000000 -0.000000 -0.000000 -0.000000 0.000000
0.000000 -0.000000 -0.000000 -0.000000 -0.000000 -0.000000 -0.000000 -0.000000 -0.000000 0.000000
0.000000 0.000000 0.000658 0.000000 0.000000 0.000000 0.000999 0.000721 0.000541 0.000000
0.000000 0.009947 0.003767 0.000000 0.002748 0.000206 0.011657 0.031528 0.005246 0.000000
0.000000 0.020269 0.011455 0.000000 0.008933 0.000000 0.053669 0.097064 0.024312 0.000000
0.000000 0.015531 0.035022 0.000000 0.000000 0.000000 0.121289 0.118354 0.058697 0.000000
0.029468 0.000000 0.089334 0.000000 0.000000 0.000000 0.146183 0.065273 0.064765 0.074207
0.116924 0.000000 0.126329 0.000000 0.000000 0.004414 0.059869 0.004748 0.026700 0.141588
0.117782 0.017755 0.078575 0.054291 0.043629 0.050529 0.000000 0.000000 0.000578 0.096746
0.031499 0.020161 0.003278 0.084503 0.191171 0.098880 0.000000 0.000000 0.008384 0.010980
0.000000 0.000000 0.000000 0.050128 0.280703 0.081537 0.031032 0.000000 0.000000 0.000000
0.000000 0.000000 0.002126 0.035781 0.233353 0.009372 0.079454 0.017957 0.000000 0.025209
0.017964 0.076800 0.033750 0.071551 0.078592 0.000000 0.067549 0.062496 0.000000 0.059871
0.039446 0.148371 0.058707 0.106803 0.000000 0.000000 0.027584 0.089046 0.016445 0.061447
0.036159 0.165013 0.062171 0.123391 0.000000 0.000000 0.000000 0.086975 0.048473 0.029522
0.032581 0.156007 0.065357 0.118827 0.000000 0.000000 0.000000 0.064917 0.047080 0.000000
0.064540 0.137839 0.077220 0.077891 0.011601 0.000000 0.000000 0.036492 0.008905 0.000000
0.106860 0.087780 0.075520 0.008945 0.009979 0.012919 0.015198 0.002058 0.000000 0.022641
0.091768 0.015182 0.039321 0.000000 0.000000 0.003585 0.091171 0.000000 0.000000 0.104260
0.028109 0.000000 0.000000 0.000000 0.000000 0.000000 0.118376 0.012245 0.030726 0.128436
0.000000 0.000000 0.000000 0.000000 0.007820 0.000000 0.078497 0.086059 0.061037 0.074916
0.000000 0.000000 0.000000 0.000000 0.011198 0.000000 0.020138 0.122535 0.038183 0.020185
0.000000 0.002908 0.000000 0.000000 0.012215 0.000000 0.000000 0.085889 0.010001 0.000000
0.000000 0.000567 0.000000 0.000000 0.004137 0.000000 0.000000 0.025540 0.000743 0.000579
0.000000 0.000169 0.000000 0.000000 0.000050 0.000000 0.000000 0.000288 0.000263 0.000172
0.000000 -0.000000 -0.000000 -0.000000 -0.000000 -0.000000 -0.000000 -0.000000 -0.000000 0.000000
0.000000 -0.000000 -0.000000 -0.000000 -0.000000 -0.000000 -0.000000 -0.000000 -0.000000 0.000000
0.000000 -0.000000 -0.000000 -0.000000 -0.000000 -0.000000 -0.000000 -0.000000 -0.000000 0.000000
0.000000 -0.000000 -0.000000 -0.000000 -0.000000 -0.000000 -0.000000 -0.000000 -0.000000 0.000000
0.000000 0.000000 0.000000 0.000004 0.000038 0.000000 0.000022 0.000000 0.000000 0.000000
0.000000 0.000000 0.000643 0.000000 0.000092 0.000000 0.001417 0.000443 0.000000 0.000000
0.000000 0.007621 0.006344 0.000000 0.002711 0.000000 0.016599 0.020870 0.003334 0.000000
0.000000 0.015341 0.020500 0.000000 0.008009 0.001126 0.062954 0.066715 0.018657 0.000000
0.000000 0.013382 0.058824 0.000000 0.000000 0.000000 0.128519 0.100790 0.044455 0.000000
0.030712 0.000000 0.110327 0.000000 0.000000 0.000000 0.147953 0.079945 0.054881 0.047960
0.105010 0.000000 0.118477 0.002347 0.000000 0.015682 0.061199 0.036585 0.030860 0.120347
0.100238 0.020030 0.051447 0.061860 0.061697 0.050827 0.000000 0.014909 0.008382 0.103257
0.023478 0.031713 0.000000 0.086553 0.202075 0.058725 0.000000 0.005043 0.004172 0.042212
0.000000 0.023220 0.000000 0.068130 0.231895 0.022061 0.040733 0.012266 0.000000 0.028159
0.002769 0.062399 0.009550 0.075862 0.104293 0.000000 0.063559 0.045683 0.000000 0.055119
0.028074 0.145260 0.035034 0.101945 0.000000 0.000000 0.035516 0.082629 0.000000 0.064862
0.023987 0.183877 0.042924 0.118890 0.000000 0.000000 0.003907 0.094957 0.019064 0.039913
0.000751 0.176964 0.037911 0.134952 0.000000 0.000000 0.000000 0.075344 0.023150 0.000000
0.006818 0.164702 0.047355 0.135091 0.000000 0.031698 0.000000 0.049487 0.000000 0.000000
0.067882 0.132275 0.065026 0.087116 0.004441 0.046424 0.007166 0.036924 0.000000 0.000000
0.121944 0.059285 0.068275 0.003868 0.000000 0.018234 0.049548 0.020916 0.000000 0.051130
0.091127 0.000000 0.029633 0.000000 0.000000 0.000000 0.091342 0.015405 0.015868 0.119258
0.019490 0.000000 0.000000 0.000000 0.006164 0.000000 0.087348 0.055542 0.076340 0.116305
0.000000 0.000000 0.000000 0.000000 0.015984 0.000000 0.042503 0.104262 0.084569 0.060851
0.000000 0.000000 0.000000 0.000000 0.014762 0.000000 0.005846 0.107401 0.041370 0.016613
0.000000 0.000532 0.000000 0.000000 0.010462 0.000000 0.000000 0.059489 0.009248 0.000929
0.000088 0.000425 0.000000 0.000000 0.002543 0.000000 0.000000 0.016081 0.000709 0.001127
0.000000 0.000144 0.000013 0.000054 0.000063 0.000000 0.000000 0.000073 0.000143 0.000011
0.000000 -0.000000 -0.000000 -0.000000 -0.000000 -0.000000 -0.000000 -0.000000 -0.000000 0.000000
0.000000 -0.000000 -0.000000 -0.000000 -0.000000 -0.000000 -0.000000 -0.000000 -0.000000 0.000000
0.000000 -0.000000 -0.000000 -0.000000 -0.000000 -0.000000 -0.000000 -0.000000 -0.000000 0.000000
0.000000 -0.000000 -0.000000 -0.000000 -0.000000 -0.000000 -0.000000 -0.000000 -0.000000 0.000000
0.000001 0.000000 0.000000 0.000006 0.000056 0.000000 0.000033 0.000000 0.000000 0.000000
0.000000 0.000000 0.001596 0.000000 0.000000 0.000000 0.001623 0.000453 0.000000 0.000000
0.000000 0.003482 0.008414 0.000000 0.001374 0.000000 0.016997 0.011818 0.000745 0.000000
0.000000 0.009833 0.030480 0.000000 0.005401 0.002183 0.060042 0.037795 0.007412 0.000000
0.000000 0.011633 0.075415 0.000000 0.000000 0.000291 0.125152 0.069650 0.027082 0.000000
0.019270 0.000000 0.118914 0.000000 0.000000 0.000321 0.156722 0.076927 0.043549 0.014841
0.083037 0.000000 0.113159 0.010859 0.000000 0.024105 0.089266 0.064411 0.040525 0.078635
0.089468 0.028171 0.035398 0.071693 0.044731 0.042130 0.006367 0.051470 0.027244 0.097254
0.037311 0.058566 0.000000 0.097040 0.149516 0.024323 0.000000 0.041163 0.008231 0.076359
0.001051 0.078130 0.000000 0.092287 0.150319 0.000000 0.036310 0.045540 0.000000 0.064808
0.010571 0.114094 0.002285 0.089604 0.043112 0.000000 0.051337 0.066180 0.000000 0.069756
0.011344 0.166487 0.022583 0.094395 0.000000 0.000000 0.043465 0.086507 0.000000 0.051412
0.000000 0.179899 0.031235 0.107873 0.000000 0.000000 0.039963 0.083124 0.000000 0.021359
0.000000 0.172409 0.035908 0.129030 0.001583 0.036333 0.039704 0.068907 0.000000 0.000000
0.035510 0.140634 0.049970 0.118294 0.012910 0.053942 0.043344 0.060731 0.000000 0.000000
0.107679 0.074682 0.062417 0.050649 0.000000 0.030953 0.050495 0.059457 0.000000 0.040903
0.126440 0.004198 0.049940 0.000000 0.000000 0.000000 0.062889 0.054470 0.000000 0.104611
0.066155 0.000000 0.012278 0.000000 0.000000 0.000000 0.065710 0.061700 0.083328 0.125274
0.005199 0.000000 0.000000 0.000000 0.014259 0.000000 0.040033 0.087763 0.123359 0.090624
0.000000 0.000000 0.000000 0.000000 0.016308 0.000000 0.011132 0.102566 0.087214 0.039476
0.000000 0.000000 0.000000 0.000000 0.012805 0.000000 0.000000 0.075223 0.033196 0.010038
0.000000 0.000000 0.000000 0.000000 0.006639 0.000000 0.000000 0.028537 0.006018 0.001964
0.000020 0.000354 0.000000 0.000000 0.001069 0.000000 0.000000 0.006947 0.000470 0.000880
0.000000 0.000000 0.000009 0.000012 0.000027 0.000004 0.000010 0.000000 0.000000 0.000000
0.000000 -0.000000 -0.000000 -0.000000 -0.000000 -0.000000 -0.000000 -0.000000 -0.000000 0.000000
0.000000 -0.000000 -0.000000 -0.000000 -0.000000 -0.000000 -0.000000 -0.000000 -0.000000 0.000000
0.000000 -0.000000 -0.000000 -0.000000 -0.000000 -0.000000 -0.000000 -0.000000 -0.000000 0.000000
0.000000 -0.000000 -0.000000 -0.000000 -0.000000 -0.000000 -0.000000 -0.000000 -0.000000 0.000000
0.000000 -0.000000 -0.000000 -0.000000 -0.000000 -0.000000 -0.000000 -0.000000 -0.000000 0.000000
0.000000 0.000000 0.002364 0.000000 0.000066 0.000000 0.001413 0.000243 0.000000 0.000000
0.000000 0.000723 0.009974 0.000000 0.000792 0.000000 0.012869 0.005698 0.000000 0.000000
0.000000 0.002785 0.033132 0.000000 0.002848 0.001037 0.045493 0.017783 0.000000 0.000000
0.000000 0.005350 0.080444 0.000000 0.000000 0.004310 0.104247 0.034571 0.007713 0.000000
0.005036 0.000000 0.125817 0.000000 0.000000 0.006121 0.155370 0.052128 0.027567 0.000000
0.055093 0.000000 0.123308 0.013688 0.000000 0.028831 0.134729 0.058715 0.040961 0.030862
0.082232 0.022150 0.057881 0.074721 0.004450 0.045237 0.071485 0.061653 0.043549 0.071049
0.061022 0.063392 0.000000 0.107056 0.073202 0.026183 0.040776 0.064633 0.028710 0.083927
0.034030 0.092381 0.000000 0.099240 0.095993 0.000000 0.050591 0.068857 0.000000 0.086118
0.026896 0.115750 0.003528 0.080575 0.063709 0.000000 0.065953 0.078446 0.000000 0.082666
0.017798 0.131722 0.024248 0.081790 0.039790 0.005873 0.074143 0.083207 0.000000 0.066980
0.018701 0.127651 0.038205 0.098040 0.035640 0.030293 0.077093 0.077524 0.000000 0.053503
0.049444 0.101432 0.047931 0.102701 0.026061 0.044869 0.070187 0.075041 0.000000 0.053448
0.102653 0.052908 0.053409 0.065651 0.005279 0.027302 0.056253 0.078278 0.000000 0.076706
0.130784 0.000000 0.044886 0.003175 0.000000 0.000000 0.039217 0.081275 0.010092 0.111105
0.093133 0.000000 0.022714 0.000000 0.000000 0.000000 0.030478 0.080646 0.098524 0.126323
0.026616 0.000000 0.000000 0.000000 0.009808 0.000000 0.019464 0.083090 0.154754 0.099187
0.000000 0.000000 0.000000 0.000000 0.016872 0.000000 0.005905 0.087412 0.129903 0.052367
0.000000 0.000000 0.000000 0.000000 0.015985 0.000000 0.000000 0.068651 0.063056 0.019144
0.000000 0.000000 0.000000 0.000000 0.007843 0.000000 0.000000 0.034583 0.018062 0.005446
0.000000 0.000000 0.000000 0.000000 0.002351 0.000000 0.000000 0.010412 0.001802 0.001104
0.000000 0.000238 0.000000 0.000000 0.000538 0.000000 0.000000 0.001762 0.000000 0.000465
0.000000 0.000335 0.000051 0.000000 0.000174 0.000000 0.000000 0.000029 0.000057 0.000000
0.000000 -0.000000 -0.000000 -0.000000 -0.000000 -0.000000 -0.000000 -0.000000 -0.000000 0.000000
0.000000 -0.000000 -0.000000 -0.000000 -0.000000 -0.000000 -0.000000 -0.000000 -0.000000 0.000000
0.000000 -0.000000 -0.000000 -0.000000 -0.000000 -0.000000 -0.000000 -0.000000 -0.000000 0.000000
0.000001 0.000000 0.000004 0.000000 0.000006 0.000000 0.000009 0.000000 0.000000 0.000002
0.000000 -0.000000 -0.000000 -0.000000 -0.000000 -0.000000 -0.000000 -0.000000 -0.000000 0.000000
0.000000 0.000000 0.001693 0.000000 0.000163 0.000336 0.001459 0.000000 0.000000 0.000000
0.000000 0.000000 0.007748 0.000000 0.000753 0.000324 0.006464 0.001386 0.000000 0.000000
0.000000 0.000027 0.025630 0.000000 0.002511 0.002008 0.023223 0.006578 0.000000 0.000000
0.000000 0.000000 0.069482 0.000000 0.002569 0.007325 0.065566 0.011202 0.000000 0.000000
0.000000 0.000000 0.124867 0.000000 0.000000 0.014824 0.119613 0.018282 0.004944 0.000000
0.027586 0.000000 0.147751 0.003830 0.000000 0.034722 0.147588 0.024566 0.025601 0.000000
0.061993 0.004612 0.111363 0.057073 0.000000 0.058950 0.120593 0.032771 0.048463 0.021024
0.079737 0.030333 0.052933 0.094488 0.010615 0.058465 0.082249 0.043737 0.056489 0.054844
0.075251 0.055268 0.027191 0.094388 0.047265 0.037527 0.065467 0.052938 0.035168 0.079459
0.068621 0.070478 0.033002 0.081164 0.057549 0.029697 0.065269 0.059832 0.000000 0.091171
0.070500 0.069098 0.042165 0.078025 0.052783 0.035672 0.061683 0.066275 0.000000 0.093469
0.086514 0.052288 0.045610 0.076105 0.035058 0.037445 0.049994 0.071254 0.000000 0.097810
0.112172 0.020162 0.046647 0.053009 0.010144 0.026746 0.026092 0.077770 0.013342 0.108863
0.120972 0.000000 0.037005 0.011189 0.000000 0.000000 0.004093 0.084186 0.078305 0.120862
0.088812 0.000000 0.017262 0.000000 0.000000 0.000000 0.000000 0.080155 0.156851 0.114968
0.034182 0.000000 0.001155 0.000000 0.007327 0.000000 0.000000 0.070400 0.186594 0.087332
0.000557 0.000000 0.000000 0.000000 0.011259 0.000000 0.000000 0.062054 0.151837 0.047993
0.000000 0.000000 0.000000 0.000000 0.011790 0.000000 0.000000 0.046739 0.081012 0.019829
0.000000 0.000000 0.000000 0.000000 0.006542 0.000000 0.000000 0.023191 0.030927 0.006294
0.000000 0.000005 0.000000 0.000000 0.003035 0.000000 0.000000 0.009223 0.006586 0.001839
0.000000 0.000390 0.000000 0.000000 0.001184 0.000000 0.000289 0.001635 0.000614 0.000051
0.000000 0.000250 0.000000 0.000000 0.000380 0.000000 0.000096 0.000318 0.000014 0.000083
0.000000 0.000442 0.000067 0.000000 0.000229 0.000000 0.000000 0.000038 0.000075 0.000000
0.000000 -0.000000 -0.000000 -0.000000 -0.000000 -0.000000 -0.000000 -0.000000 -0.000000 0.000000
0.000000 -0.000000 -0.000000 -0.000000 -0.000000 -0.000000 -0.000000 -0.000000 -0.000000 0.000000
0.000000 -0.000000 -0.000000 -0.000000 -0.000000 -0.000000 -0.000000 -0.000000 -0.000000 0.000000
0.000003 0.000000 0.000012 0.000000 0.000017 0.000000 0.000024 0.000000 0.000000 0.000007
0.000000 -0.000000 -0.000000 -0.000000 -0.000000 -0.000000 -0.000000 -0.000000 -0.000000 0.000000
0.000000 0.000000 0.000472 0.000000 0.000185 0.000199 0.000311 0.000000 0.000000 0.000029
0.000000 0.000000 0.002752 0.000000 0.000356 0.000016 0.001897 0.000000 0.000000 0.000075
0.000000 0.000000 0.013353 0.000000 0.001721 0.001283 0.007547 0.001387 0.000000 0.000000
0.000000 0.000000 0.041606 0.000000 0.002868 0.008979 0.023819 0.002527 0.000000 0.000000
0.000000 0.000000 0.089596 0.000000 0.002473 0.018367 0.054236 0.001049 0.000000 0.000000
0.004896 0.000000 0.137531 0.000000 0.000000 0.033041 0.089062 0.000000 0.005836 0.000000
0.031899 0.000000 0.148311 0.024142 0.000000 0.058470 0.104469 0.000000 0.031425 0.000000
0.059321 0.000000 0.116932 0.069292 0.000000 0.080097 0.086912 0.000000 0.069907 0.000000
0.080567 0.014057 0.082260 0.089602 0.000000 0.087362 0.058667 0.008877 0.098402 0.018110
0.093761 0.026072 0.062159 0.084446 0.000466 0.077832 0.029978 0.019440 0.105829 0.044840
0.100678 0.023187 0.047719 0.068858 0.002037 0.064359 0.003008 0.031663 0.116429 0.068224
0.100595 0.010271 0.037598 0.050108 0.000000 0.046243 0.000000 0.038979 0.146503 0.081186
0.089242 0.000000 0.026164 0.022373 0.000000 0.020431 0.000000 0.045751 0.185937 0.085865
0.059172 0.000000 0.013983 0.000000 0.000000 0.001503 0.000000 0.044346 0.216625 0.070877
0.023739 0.000000 0.002937 0.000000 0.000000 0.000000 0.000000 0.037741 0.205770 0.048001
0.001844 0.000000 0.000000 0.000000 0.002269 0.000000 0.000000 0.028353 0.144295 0.027681
0.000000 0.000000 0.000000 0.000000 0.003724 0.000000 0.000000 0.018926 0.074800 0.012238
0.000000 0.000369 0.000000 0.000000 0.003604 0.000000 0.000000 0.011370 0.030884 0.003797
0.000000 0.001091 0.000000 0.000000 0.001759 0.000000 0.000000 0.004153 0.009797 0.001237
0.000000 0.000303 0.000056 0.000000 0.001092 0.000000 0.000000 0.001173 0.001785 0.000159
0.000000 0.000007 0.000000 0.000000 0.000512 0.000000 0.000071 0.000309 0.000038 0.000008
0.000000 0.000183 0.000000 0.000000 0.000188 0.000000 0.000066 0.000140 0.000000 0.000045
0.000000 0.000442 0.000067 0.000000 0.000229 0.000000 0.000000 0.000038 0.000075 0.000000
0.000000 -0.000000 -0.000000 -0.000000 -0.000000 -0.000000 -0.000000 -0.000000 -0.000000 0.000000
0.000000 -0.000000 -0.000000 -0.000000 -0.000000 -0.000000 -0.000000 -0.000000 -0.000000 0.000000
0.000000 -0.000000 -0.000000 -0.000000 -0.000000 -0.000000 -0.000000 -0.000000 -0.000000 0.000000
0.000000 -0.000000 -0.000000 -0.000000 -0.000000 -0.000000 -0.000000 -0.000000 -0.000000 0.000000
0.000000 -0.000000 -0.000000 -0.000000 -0.000000 -0.000000 -0.000000 -0.000000 -0.000000 0.000000
0.000000 -0.000000 -0.000000 -0.000000 -0.000000 -0.000000 -0.000000 -0.000000 -0.000000 0.000000
0.000000 0.000000 0.000307 0.000000 0.000129 0.000172 0.000119 0.000000 0.000000 0.000005
0.000000 0.000029 0.001936 0.000000 0.000300 0.000000 0.000502 0.000044 0.000000 0.000000
0.000000 0.000000 0.012852 0.000000 0.002260 0.004375 0.002778 0.000000 0.000000 0.000000
0.000000 0.000000 0.032568 0.000000 0.005755 0.012568 0.007349 0.000000 0.000000 0.000000
0.000000 0.000000 0.062704 0.000000 0.004377 0.023195 0.012416 0.000000 0.001762 0.000000
0.003461 0.000000 0.096119 0.000000 0.000000 0.042241 0.016118 0.000000 0.020328 0.000000
0.014960 0.000000 0.107256 0.012913 0.000000 0.063281 0.008991 0.000000 0.055578 0.000000
0.025543 0.000000 0.087493 0.042636 0.000000 0.080755 0.000000 0.000000 0.106982 0.000000
0.034735 0.000000 0.058742 0.053516 0.000000 0.086056 0.000000 0.000000 0.157677 0.000000
0.038783 0.000000 0.034056 0.049198 0.000000 0.073721 0.000000 0.000000 0.192205 0.000000
0.032547 0.000151 0.018319 0.033386 0.000000 0.046085 0.000000 0.000000 0.205538 0.000000
0.019878 0.001984 0.008480 0.015210 0.000000 0.024225 0.000000 0.000000 0.187600 0.000000
0.007537 0.002973 0.004204 0.004545 0.000000 0.011672 0.000000 0.001979 0.145434 0.000000
0.000108 0.002457 0.001912 0.000000 0.000000 0.001871 0.000000 0.002911 0.089968 0.000447
0.000000 0.001602 0.000536 0.000000 0.000137 0.000000 0.000000 0.002914 0.046975 0.000539
0.000000 0.001502 0.000638 0.000000 0.000000 0.000000 0.000000 0.002631 0.021819 0.000000
0.000000 0.000858 0.001038 0.000000 0.000098 0.000000 0.000000 0.001866 0.008382 0.000000
0.000000 0.000289 0.000434 0.000000 0.000121 0.000000 0.000000 0.000412 0.002574 0.000000
0.000000 0.000000 0.000037 0.000000 0.000088 0.000000 0.000000 0.000141 0.000253 0.000016
0.000001 0.000000 0.000001 0.000000 0.000014 0.000000 0.000000 0.000021 0.000007 0.000004
0.000000 0.000118 0.000004 0.000007 0.000000 0.000000 0.000000 0.000000 0.000000 0.000026
0.000000 0.000189 0.000029 0.000000 0.000098 0.000000 0.000000 0.000016 0.000032 0.000000
0.000000 -0.000000 -0.000000 -0.000000 -0.000000 -0.000000 -0.000000 -0.000000 -0.000000 0.000000
0.000000 -0.000000 -0.000000 -0.000000 -0.000000 -0.000000 -0.000000 -0.000000 -0.000000 0.000000
0.000000 -0.000000 -0.000000 -0.000000 -0.000000 -0.000000 -0.000000 -0.000000 -0.000000 0.000000
0.000000 -0.000000 -0.000000 -0.000000 -0.000000 -0.000000 -0.000000 -0.000000 -0.000000 0.000000
0.000000 -0.000000 -0.000000 -0.000000 -0.000000 -0.000000 -0.000000 -0.000000 -0.000000 0.000000
0.000000 -0.000000 -0.000000 -0.000000 -0.000000 -0.000000 -0.000000 -0.000000 -0.000000 0.000000
0.000000 -0.000000 -0.000000 -0.000000 -0.000000 -0.000000 -0.000000 -0.000000 -0.000000 0.000000
0.000000 -0.000000 -0.000000 -0.000000 -0.000000 -0.000000 -0.000000 -0.000000 -0.000000 0.000000
0.000000 0.000000 0.001005 0.000000 0.000197 0.000532 0.000000 0.000000 0.000000 0.000000
0.000000 0.000000 0.004749 0.000000 0.000808 0.001702 0.000000 0.000000 0.000000 0.000000
0.000000 0.000446 0.009025 0.000000 0.001904 0.002825 0.000000 0.000069 0.000360 0.000000
0.000000 0.000793 0.013443 0.000000 0.001979 0.004644 0.000000 0.000000 0.001718 0.000000
0.001476 0.000332 0.020620 0.000000 0.000000 0.006813 0.000000 0.000000 0.006617 0.000000
0.002992 0.000424 0.024717 0.000000 0.000000 0.007595 0.000000 0.000000 0.016082 0.000000
0.004383 0.001561 0.022493 0.000000 0.000000 0.010022 0.000000 0.000000 0.028585 0.000000
0.004705 0.002297 0.017336 0.001025 0.000000 0.008188 0.000000 0.000000 0.034231 0.000000
0.003901 0.002333 0.011759 0.001506 0.000000 0.005519 0.000000 0.000000 0.035156 0.000000
0.002793 0.001765 0.007292 0.000000 0.000000 0.001923 0.000000 0.000000 0.029641 0.000000
0.001314 0.001734 0.003952 0.000000 0.000000 0.000000 0.000000 0.000000 0.021297 0.000000
0.000444 0.001443 0.002705 0.000000 0.000000 0.000000 0.000000 0.000000 0.013653 0.000000
0.000312 0.000789 0.001501 0.000000 0.000000 0.000000 0.000000 0.000042 0.007589 0.000000
0.000174 0.000636 0.000907 0.000000 0.000000 0.000000 0.000000 0.000155 0.004517 0.000000
0.000054 0.000140 0.000392 0.000000 0.000000 0.000000 0.000000 0.000022 0.001310 0.000000
0.000000 0.000026 0.000030 0.000000 0.000000 0.000000 0.000000 0.000000 0.000145 0.000000
0.000000 -0.000000 -0.000000 -0.000000 -0.000000 -0.000000 -0.000000 -0.000000 -0.000000 0.000000
0.000000 -0.000000 -0.000000 -0.000000 -0.000000 -0.000000 -0.000000 -0.000000 -0.000000 0.000000
0.000000 -0.000000 -0.000000 -0.000000 -0.000000 -0.000000 -0.000000 -0.000000 -0.000000 0.000000
0.000000 -0.000000 -0.000000 -0.000000 -0.000000 -0.000000 -0.000000 -0.000000 -0.000000 0.000000
0.000000 -0.000000 -0.000000 -0.000000 -0.000000 -0.000000 -0.000000 -0.000000 -0.000000 0.000000
0.000000 -0.000000 -0.000000 -0.000000 -0.000000 -0.000000 -0.000000 -0.000000 -0.000000 0.000000
0.000000 -0.000000 -0.000000 -0.000000 -0.000000 -0.000000 -0.000000 -0.000000 -0.000000 0.000000
0.000000 -0.000000 -0.000000 -0.000000 -0.000000 -0.000000 -0.000000 -0.000000 -0.000000 0.000000
0.000000 -0.000000 -0.000000 -0.000000 -0.000000 -0.000000 -0.000000 -0.000000 -0.000000 0.000000
0.000000 -0.000000 -0.000000 -0.000000 -0.000000 -0.000000 -0.000000 -0.000000 -0.000000 0.000000
0.000000 -0.000000 -0.000000 -0.000000 -0.000000 -0.000000 -0.000000 -0.000000 -0.000000 0.000000
0.000000 -0.000000 -0.000000 -0.000000 -0.000000 -0.000000 -0.000000 -0.000000 -0.000000 0.000000
0.000000 -0.000000 -0.000000 -0.000000 -0.000000 -0.000000 -0.000000 -0.000000 -0.000000 0.000000
0.000000 -0.000000 -0.000000 -0.000000 -0.000000 -0.000000 -0.000000 -0.000000 -0.000000 0.000000
0.000000 -0.000000 -0.000000 -0.000000 -0.000000 -0.000000 -0.000000 -0.000000 -0.000000 0.000000
0.000000 -0.000000 -0.000000 -0.000000 -0.000000 -0.000000 -0.000000 -0.000000 -0.000000 0.000000
0.000100 0.000000 0.000071 0.000025 0.000000 0.000000 0.000000 0.000390 0.000192 0.000000
0.000217 0.000000 0.000291 0.000000 0.000000 0.000000 0.000000 0.000346 0.000230 0.000000
0.000320 0.000000 0.000598 0.000000 0.000000 0.000118 0.000000 0.000033 0.000206 0.000013
0.000312 0.000000 0.000647 0.000000 0.000000 0.000137 0.000000 0.000000 0.000410 0.000000
0.000298 0.000000 0.000657 0.000000 0.000000 0.000214 0.000000 0.000000 0.000746 0.000000
0.000371 0.000163 0.000662 0.000000 0.000000 0.000254 0.000000 0.000026 0.001121 0.000000
0.000242 0.000048 0.000408 0.000000 0.000000 0.000234 0.000000 0.000000 0.001130 0.000000
0.000182 0.000042 0.000298 0.000000 0.000000 0.000143 0.000000 0.000000 0.000756 0.000000
0.000071 0.000011 0.000104 0.000000 0.000000 0.000025 0.000000 0.000000 0.000237 0.000000
0.000034 0.000006 0.000050 0.000000 0.000000 0.000012 0.000000 0.000000 0.000111 0.000000
0.000000 -0.000000 -0.000000 -0.000000 -0.000000 -0.000000 -0.000000 -0.000000 -0.000000 0.000000
0.000000 -0.000000 -0.000000 -0.000000 -0.000000 -0.000000 -0.000000 -0.000000 -0.000000 0.000000
0.000000 -0.000000 -0.000000 -0.000000 -0.000000 -0.000000 -0.000000 -0.000000 -0.000000 0.000000
0.000000 -0.000000 -0.000000 -0.000000 -0.000000 -0.000000 -0.000000 -0.000000 -0.000000 0.000000
0.000000 -0.000000 -0.000000 -0.000000 -0.000000 -0.000000 -0.000000 -0.000000 -0.000000 0.000000
0.000000 -0.000000 -0.000000 -0.000000 -0.000000 -0.000000 -0.000000 -0.000000 -0.000000 0.000000
0.000000 -0.000000 -0.000000 -0.000000 -0.000000 -0.000000 -0.000000 -0.000000 -0.000000 0.000000
0.000000 -0.000000 -0.000000 -0.000000 -0.000000 -0.000000 -0.000000 -0.000000 -0.000000 0.000000
0.000000 -0.000000 -0.000000 -0.000000 -0.000000 -0.000000 -0.000000 -0.000000 -0.000000 0.000000
0.000000 -0.000000 -0.000000 -0.000000 -0.000000 -0.000000 -0.000000 -0.000000 -0.000000 0.000000
0.000000 -0.000000 -0.000000 -0.000000 -0.000000 -0.000000 -0.000000 -0.000000 -0.000000 0.000000
0.000000 -0.000000 -0.000000 -0.000000 -0.000000 -0.000000 -0.000000 -0.000000 -0.000000 0.000000
0.000000 -0.000000 -0.000000 -0.000000 -0.000000 -0.000000 -0.000000 -0.000000 -0.000000 0.000000
0.000000 -0.000000 -0.000000 -0.000000 -0.000000 -0.000000 -0.000000 -0.000000 -0.000000 0.000000
0.000000 -0.000000 -0.000000 -0.000000 -0.000000 -0.000000 -0.000000 -0.000000 -0.000000 0.000000
0.000000 -0.000000 -0.000000 -0.000000 -0.000000 -0.000000 -0.000000 -0.000000 -0.000000 0.000000
0.000000 -0.000000 -0.000000 -0.000000 -0.000000 -0.000000 -0.000000 -0.000000 -0.000000 0.000000
0.000000 -0.000000 -0.000000 -0.000000 -0.000000 -0.000000 -0.000000 -0.000000 -0.000000 0.000000
0.000000 -0.000000 -0.000000 -0.000000 -0.000000 -0.000000 -0.000000 -0.000000 -0.000000 0.000000
0.000000 -0.000000 -0.000000 -0.000000 -0.000000 -0.000000 -0.000000 -0.000000 -0.000000 0.000000
0.000000 -0.000000 -0.000000 -0.000000 -0.000000 -0.000000 -0.000000 -0.000000 -0.000000 0.000000
0.000000 -0.000000 -0.000000 -0.000000 -0.000000 -0.000000 -0.000000 -0.000000 -0.000000 0.000000
0.000000 -0.000000 -0.000000 -0.000000 -0.000000 -0.000000 -0.000000 -0.000000 -0.000000 0.000000
0.000000 -0.000000 -0.000000 -0.000000 -0.000000 -0.000000 -0.000000 -0.000000 -0.000000 0.000000
0.000000 -0.000000 -0.000000 -0.000000 -0.000000 -0.000000 -0.000000 -0.000000 -0.000000 0.000000
0.000000 -0.000000 -0.000000 -0.000000 -0.000000 -0.000000 -0.000000 -0.000000 -0.000000 0.000000
0.000000 -0.000000 -0.000000 -0.000000 -0.000000 -0.000000 -0.000000 -0.000000 -0.000000 0.000000
0.000000 -0.000000 -0.000000 -0.000000 -0.000000 -0.000000 -0.000000 -0.000000 -0.000000 0.000000
0.000000 -0.000000 -0.000000 -0.000000 -0.000000 -0.000000 -0.000000 -0.000000 -0.000000 0.000000
0.000000 -0.000000 -0.000000 -0.000000 -0.000000 -0.000000 -0.000000 -0.000000 -0.000000 0.000000
0.000000 -0.000000 -0.000000 -0.000000 -0.000000 -0.000000 -0.000000 -0.000000 -0.000000 0.000000
0.000000 -0.000000 -0.000000 -0.000000 -0.000000 -0.000000 -0.000000 -0.000000 -0.000000 0.000000
0.000000 -0.000000 -0.000000 -0.000000 -0.000000 -0.000000 -0.000000 -0.000000 -0.000000 0.000000
0.000000 -0.000000 -0.000000 -0.000000 -0.000000 -0.000000 -0.000000 -0.000000 -0.000000 0.000000
0.000000 -0.000000 -0.000000 -0.000000 -0.000000 -0.000000 -0.000000 -0.000000 -0.000000 0.000000
0.000000 -0.000000 -0.000000 -0.000000 -0.000000 -0.000000 -0.000000 -0.000000 -0.000000 0.000000
0.000000 -0.000000 -0.000000 -0.000000 -0.000000 -0.000000 -0.000000 -0.000000 -0.000000 0.000000
0.000000 -0.000000 -0.000000 -0.000000 -0.000000 -0.000000 -0.000000 -0.000000 -0.000000 0.000000
0.000000 -0.000000 -0.000000 -0.000000 -0.000000 -0.000000 -0.000000 -0.000000 -0.000000 0.000000
0.000000 -0.000000 -0.000000 -0.000000 -0.000000 -0.000000 -0.000000 -0.000000 -0.000000 0.000000
0.000000 -0.000000 -0.000000 -0.000000 -0.000000 -0.000000 -0.000000 -0.000000 -0.000000 0.000000
0.000000 -0.000000 -0.000000 -0.000000 -0.000000 -0.000000 -0.000000 -0.000000 -0.000000 0.000000
0.000000 -0.000000 -0.000000 -0.000000 -0.000000 -0.000000 -0.000000 -0.000000 -0.000000 0.000000
0.000000 -0.000000 -0.000000 -0.000000 -0.000000 -0.000000 -0.000000 -0.000000 -0.000000 0.000000
0.000000 -0.000000 -0.000000 -0.000000 -0.000000 -0.000000 -0.000000 -0.000000 -0.000000 0.000000
0.000000 -0.000000 -0.000000 -0.000000 -0.000000 -0.000000 -0.000000 -0.000000 -0.000000 0.000000
0.000000 -0.000000 -0.000000 -0.000000 -0.000000 -0.000000 -0.000000 -0.000000 -0.000000 0.000000
0.000000 -0.000000 -0.000000 -0.000000 -0.000000 -0.000000 -0.000000 -0.000000 -0.000000 0.000000
0.000000 -0.000000 -0.000000 -0.000000 -0.000000 -0.000000 -0.000000 -0.000000 -0.000000 0.000000
0.000000 -0.000000 -0.000000 -0.000000 -0.000000 -0.000000 -0.000000 -0.000000 -0.000000 0.000000
0.000000 -0.000000 -0.000000 -0.000000 -0.000000 -0.000000 -0.000000 -0.000000 -0.000000 0.000000
0.000000 -0.000000 -0.000000 -0.000000 -0.000000 -0.000000 -0.000000 -0.000000 -0.000000 0.000000
0.000000 -0.000000 -0.000000 -0.000000 -0.000000 -0.000000 -0.000000 -0.000000 -0.000000 0.000000
0.000000 -0.000000 -0.000000 -0.000000 -0.000000 -0.000000 -0.000000 -0.000000 -0.000000 0.000000
0.000000 -0.000000 -0.000000 -0.000000 -0.000000 -0.000000 -0.000000 -0.000000 -0.000000 0.000000
0.000000 -0.000000 -0.000000 -0.000000 -0.000000 -0.000000 -0.000000 -0.000000 -0.000000 0.000000
0.000000 -0.000000 -0.000000 -0.000000 -0.000000 -0.000000 -0.000000 -0.000000 -0.000000 0.000000
0.000000 -0.000000 -0.000000 -0.000000 -0.000000 -0.000000 -0.000000 -0.000000 -0.000000 0.000000
0.000000 -0.000000 -0.000000 -0.000000 -0.000000 -0.000000 -0.000000 -0.000000 -0.000000 0.000000
0.000000 -0.000000 -0.000000 -0.000000 -0.000000 -0.000000 -0.000000 -0.000000 -0.000000 0.000000
0.000000 -0.000000 -0.000000 -0.000000 -0.000000 -0.000000 -0.000000 -0.000000 -0.000000 0.000000
0.000000 -0.000000 -0.000000 -0.000000 -0.000000 -0.000000 -0.000000 -0.000000 -0.000000 0.000000
0.000000 -0.000000 -0.000000 -0.000000 -0.000000 -0.000000 -0.000000 -0.000000 -0.000000 0.000000
0.000000 -0.000000 -0.000000 -0.000000 -0.000000 -0.000000 -0.000000 -0.000000 -0.000000 0.000000
0.000000 -0.000000 -0.000000 -0.000000 -0.000000 -0.000000 -0.000000 -0.000000 -0.000000 0.000000
0.000000 -0.000000 -0.000000 -0.000000 -0.000000 -0.000000 -0.000000 -0.000000 -0.000000 0.000000
0.000000 -0.000000 -0.000000 -0.000000 -0.000000 -0.000000 -0.000000 -0.000000 -0.000000 0.000000
0.000000 -0.000000 -0.000000 -0.000000 -0.000000 -0.000000 -0.000000 -0.000000 -0.000000 0.000000
0.000000 -0.000000 -0.000000 -0.000000 -0.000000 -0.000000 -0.000000 -0.000000 -0.000000 0.000000
0.000000 -0.000000 -0.000000 -0.000000 -0.000000 -0.000000 -0.000000 -0.000000 -0.000000 0.000000
0.000000 -0.000000 -0.000000 -0.000000 -0.000000 -0.000000 -0.000000 -0.000000 -0.000000 0.000000
0.000000 -0.000000 -0.000000 -0.000000 -0.000000 -0.000000 -0.000000 -0.000000 -0.000000 0.000000
0.000000 -0.000000 -0.000000 -0.000000 -0.000000 -0.000000 -0.000000 -0.000000 -0.000000 0.000000
0.000000 -0.000000 -0.000000 -0.000000 -0.000000 -0.000000 -0.000000 -0.000000 -0.000000 0.000000
0.000000 -0.000000 -0.000000 -0.000000 -0.000000 -0.000000 -0.000000 -0.000000 -0.000000 0.000000
0.000000 -0.000000 -0.000000 -0.000000 -0.000000 -0.000000 -0.000000 -0.000000 -0.000000 0.000000
0.000000 -0.000000 -0.000000 -0.000000 -0.000000 -0.000000 -0.000000 -0.000000 -0.000000 0.000000
0.000000 -0.000000 -0.000000 -0.000000 -0.000000 -0.000000 -0.000000 -0.000000 -0.000000 0.000000
0.000000 -0.000000 -0.000000 -0.000000 -0.000000 -0.000000 -0.000000 -0.000000 -0.000000 0.000000
0.000000 -0.000000 -0.000000 -0.000000 -0.000000 -0.000000 -0.000000 -0.000000 -0.000000 0.000000
0.000000 -0.000000 -0.000000 -0.000000 -0.000000 -0.000000 -0.000000 -0.000000 -0.000000 0.000000
0.000000 -0.000000 -0.000000 -0.000000 -0.000000 -0.000000 -0.000000 -0.000000 -0.000000 0.000000
0.000000 -0.000000 -0.000000 -0.000000 -0.000000 -0.000000 -0.000000 -0.000000 -0.000000 0.000000
0.000000 -0.000000 -0.000000 -0.000000 -0.000000 -0.000000 -0.000000 -0.000000 -0.000000 0.000000
0.000000 -0.000000 -0.000000 -0.000000 -0.000000 -0.000000 -0.000000 -0.000000 -0.000000 0.000000
0.000000 -0.000000 -0.000000 -0.000000 -0.000000 -0.000000 -0.000000 -0.000000 -0.000000 0.000000
0.000000 -0.000000 -0.000000 -0.000000 -0.000000 -0.000000 -0.000000 -0.000000 -0.000000 0.000000
0.000000 -0.000000 -0.000000 -0.000000 -0.000000 -0.000000 -0.000000 -0.000000 -0.000000 0.000000
0.000000 -0.000000 -0.000000 -0.000000 -0.000000 -0.000000 -0.000000 -0.000000 -0.000000 0.000000
0.000000 -0.000000 -0.000000 -0.000000 -0.000000 -0.000000 -0.000000 -0.000000 -0.000000 0.000000
0.000000 -0.000000 -0.000000 -0.000000 -0.000000 -0.000000 -0.000000 -0.000000 -0.000000 0.000000
