0.000000 -0.000000 0.000000 0.000000 0.000000
0.000000 0.000000 0.000000 0.000000 0.000000
0.000000 0.000000 0.000000 0.000000 0.000000
0.000000 0.000000 0.000000 0.000000 0.000000
0.000000 0.000000 0.000000 0.000000 -0.000000
0.000000 0.000000 0.000000 0.000000 -0.000000
0.000000 0.000000 0.000000 0.000000 -0.000000
0.000000 0.000000 0.000000 0.000000 -0.000000
0.000000 0.000000 0.000000 0.000000 -0.000000
0.000000 0.000000 0.000000 0.000000 -0.000000
0.000000 0.000000 0.000000 0.000000 -0.000000
0.000000 0.000000 0.000000 0.000000 -0.000000
0.000030 0.000000 0.000009 0.000028 0.000000
0.000065 0.000000 0.000019 0.000062 0.000000
0.000000 0.000000 0.000000 0.000000 -0.000000
0.000000 0.000000 0.000000 0.000000 -0.000000
0.000000 0.000000 0.000000 0.000000 -0.000000
0.000000 0.000000 0.000000 0.000000 -0.000000
0.000000 0.000000 0.000000 0.000000 -0.000000
0.000000 0.000000 0.000000 0.000000 -0.000000
0.000000 0.000000 0.000000 0.000000 -0.000000
0.000000 0.000000 0.000000 0.000000 -0.000000
0.000000 0.000000 0.000000 0.000000 -0.000000
0.000000 0.000000 0.000000 0.000000 -0.000000
0.000000 0.000000 0.000000 0.000000 -0.000000
0.000000 0.000000 0.000000 0.000000 -0.000000
0.000000 0.000000 0.000000 0.000000 -0.000000
0.000000 0.000000 0.000000 0.000000 -0.000000
0.000000 0.000000 0.000000 0.000000 -0.000000
0.000000 0.000000 0.000000 0.000000 -0.000000
0.000000 0.000000 0.000000 0.000000 -0.000000
0.000000 0.000000 0.000000 0.000000 -0.000000
0.000000 0.000000 0.000000 0.000000 -0.000000
0.000008 0.000000 0.000004 0.000000 0.000000
0.000451 0.000000 0.000220 0.000000 0.000000
0.001179 0.000000 0.000514 0.000000 0.000000
0.001935 0.000039 0.000529 0.000000 0.000000
0.002842 0.000194 0.000605 0.000000 0.000000
0.003300 0.000000 0.000841 0.000000 0.000000
0.003799 0.000002 0.000892 0.000000 0.000000
0.003707 0.000017 0.000791 0.000000 0.000000
0.002571 0.000000 0.000554 0.000955 0.000000
0.001922 0.000204 0.000449 0.001381 0.000000
0.000658 0.000976 0.000261 0.001398 0.000000
0.000606 0.001543 0.000760 0.000258 0.000000
0.000557 0.001640 0.001287 0.000000 0.000000
0.000498 0.001280 0.001606 0.000000 0.000000
0.000159 0.000767 0.001036 0.000000 0.000000
0.000032 0.000661 0.000315 0.000000 0.000142
0.000036 0.000163 0.000000 0.000000 0.000353
0.000021 0.000037 0.000003 0.000020 0.000051
0.000027 0.000000 0.000003 0.000069 0.000000
0.000000 0.000000 0.000000 0.000000 -0.000000
0.000000 0.000000 0.000000 0.000000 -0.000000
0.000000 0.000000 0.000000 0.000000 -0.000000
0.000000 0.000000 0.000000 0.000000 -0.000000
0.000000 0.000000 0.000000 0.000000 -0.000000
0.000000 0.000000 0.000000 0.000000 -0.000000
0.000000 0.000024 0.000001 0.000027 0.000000
0.000000 0.000000 0.000000 0.000000 -0.000000
0.000078 0.000053 0.000011 0.000000 0.000000
0.000063 0.000013 0.000016 0.000000 0.000000
0.001259 0.000000 0.000268 0.000000 0.000000
0.004180 0.000000 0.000875 0.000000 0.000000
0.009523 0.000000 0.001710 0.000000 0.000000
0.016084 0.000000 0.002155 0.000000 0.000000
0.022581 0.000000 0.002806 0.000000 0.000000
0.028605 0.000000 0.002929 0.000000 0.000000
0.032617 0.000000 0.001854 0.010625 0.000000
0.025857 0.000000 0.001382 0.027364 0.000000
0.012730 0.000234 0.006055 0.039072 0.000000
0.001664 0.013861 0.018309 0.032589 0.000000
0.000000 0.031403 0.033248 0.009941 0.000000
0.002663 0.041773 0.040073 0.000000 0.000000
0.002817 0.041463 0.031133 0.000000 0.000000
0.000242 0.029812 0.012885 0.000000 0.008489
0.000000 0.015014 0.002147 0.000000 0.016768
0.000000 0.006376 0.000000 0.000000 0.011975
0.000000 0.002486 0.000000 0.000000 0.005127
0.000018 0.000872 0.000000 0.000000 0.001644
0.000043 0.000235 0.000000 0.000000 0.000791
0.000021 0.000000 0.000005 0.000000 0.000140
0.000000 0.000000 0.000000 0.000000 -0.000000
0.000000 0.000000 0.000000 0.000000 -0.000000
0.000000 0.000000 0.000000 0.000000 -0.000000
0.000000 0.000000 0.000000 0.000000 -0.000000
0.000000 0.000053 0.000001 0.000060 0.000000
0.000000 0.000057 0.000000 0.000005 0.000042
0.000052 0.000094 0.000025 0.000000 0.000031
0.000658 0.000134 0.000065 0.000000 0.000000
0.003176 0.000000 0.000391 0.000000 0.000010
0.009478 0.000000 0.001566 0.000000 0.000000
0.019830 0.000000 0.002828 0.000000 0.000000
0.033739 0.000000 0.003645 0.000000 0.000000
0.049434 0.000000 0.003248 0.000000 0.000000
0.060755 0.000000 0.000838 0.008882 0.000000
0.056889 0.000000 0.000000 0.036157 0.000000
0.037128 0.000000 0.000000 0.072157 0.000000
0.010411 0.001675 0.014771 0.095616 0.000000
0.000000 0.030759 0.046365 0.079695 0.000000
0.000000 0.059974 0.075012 0.030619 0.000000
0.000000 0.072029 0.078426 0.000000 0.000000
0.000000 0.064775 0.047162 0.000000 0.041451
0.000000 0.042153 0.010687 0.000000 0.081570
0.000000 0.021932 0.000000 0.000000 0.076409
0.000000 0.010338 0.000000 0.000000 0.049141
0.000000 0.005187 0.000000 0.000000 0.024041
0.000000 0.001986 0.000000 0.000000 0.008842
0.000000 0.000594 0.000000 0.000000 0.003873
0.000000 0.000011 0.000000 0.000000 0.000402
0.000003 0.000000 0.000000 0.000008 0.000146
0.000000 0.000000 0.000000 0.000000 -0.000000
0.000000 0.000000 0.000000 0.000000 -0.000000
0.000000 0.000000 0.000000 0.000000 -0.000000
0.000000 0.000000 0.000000 0.000000 -0.000000
0.000000 0.000074 0.000000 0.000002 0.000074
0.000125 0.000108 0.000000 0.000000 0.000009
0.001418 0.000048 0.000000 0.000000 0.000405
0.005158 0.000000 0.000788 0.000000 0.000000
0.013930 0.000000 0.002318 0.000000 0.000000
0.029975 0.000000 0.004149 0.000000 0.000000
0.053860 0.000000 0.004924 0.000000 0.000000
0.073990 0.000000 0.003068 0.000000 0.000000
0.079061 0.000000 0.000000 0.025330 0.000000
0.060529 0.000000 0.000000 0.070588 0.000000
0.027622 0.000000 0.000000 0.115262 0.000000
0.000000 0.023686 0.032714 0.118706 0.000000
0.000000 0.060966 0.076149 0.074276 0.000000
0.000000 0.083290 0.098246 0.015240 0.000000
0.000000 0.081094 0.074616 0.000000 0.046294
0.000000 0.061682 0.030138 0.000000 0.112096
0.000000 0.034344 0.000000 0.000000 0.131622
0.000000 0.018266 0.000000 0.001298 0.104996
0.000000 0.009415 0.000000 0.002192 0.066570
0.000000 0.004092 0.000000 0.001656 0.035275
0.000000 0.001970 0.000000 0.000670 0.015129
0.000000 0.000444 0.000000 0.000081 0.005936
0.000000 0.000027 0.000000 0.000000 0.001265
0.000005 0.000000 0.000000 0.000004 0.000069
0.000004 0.000000 0.000000 0.000002 0.000048
0.000000 0.000000 0.000000 0.000000 -0.000000
0.000000 0.000000 0.000000 0.000000 -0.000000
0.000000 0.000021 0.000005 0.000000 0.000016
0.000000 0.000000 0.000000 0.000000 -0.000000
0.000411 0.000226 0.000048 0.000000 0.000000
0.002283 0.000000 0.000215 0.000000 0.000337
0.006752 0.000000 0.001107 0.000000 0.000000
0.018965 0.000000 0.002811 0.000000 0.000000
0.044107 0.000000 0.005437 0.000000 0.000000
0.072917 0.000000 0.005677 0.000000 0.000000
0.091690 0.000000 0.000671 0.007425 0.000000
0.079929 0.000000 0.000000 0.053173 0.000000
0.043986 0.000000 0.000000 0.111505 0.000000
0.003096 0.017256 0.013453 0.136858 0.000000
0.000000 0.061123 0.064211 0.097645 0.000000
0.000000 0.088765 0.103682 0.028562 0.000000
0.000000 0.090657 0.091884 0.000000 0.037479
0.000000 0.068239 0.042680 0.000000 0.119427
0.000000 0.040425 0.000791 0.000000 0.151768
0.000000 0.020775 0.000000 0.002939 0.132023
0.000000 0.010803 0.000000 0.004973 0.089381
0.000000 0.005697 0.000000 0.003800 0.052205
0.000000 0.002863 0.000000 0.001703 0.027981
0.000000 0.001583 0.000000 0.000894 0.014074
0.000000 0.000543 0.000000 0.000388 0.006110
0.000227 0.000094 0.000000 0.000000 0.001357
0.000025 0.000000 0.000000 0.000004 0.000213
0.000006 0.000000 0.000000 0.000004 0.000071
0.000000 0.000000 0.000000 0.000000 -0.000000
0.000000 0.000000 0.000000 0.000000 -0.000000
0.000009 0.000043 0.000032 0.000000 0.000000
0.000003 0.000000 0.000002 0.000000 0.000010
0.000320 0.000139 0.000105 0.000000 0.000000
0.002820 0.000000 0.000384 0.000000 0.000173
0.009570 0.000000 0.001370 0.000000 0.000000
0.028097 0.000000 0.003932 0.000000 0.000000
0.058059 0.000000 0.006542 0.000000 0.000000
0.091361 0.000000 0.004178 0.000000 0.000000
0.097102 0.000000 0.000000 0.028915 0.000000
0.066370 0.000000 0.000000 0.092316 0.000000
0.014622 0.013068 0.000000 0.142036 0.000000
0.000000 0.056253 0.045061 0.120798 0.000000
0.000000 0.092578 0.099911 0.044892 0.000000
0.000000 0.097394 0.107180 0.000000 0.019520
0.000000 0.071590 0.060059 0.000000 0.111041
0.000000 0.038500 0.010273 0.000000 0.154254
0.000000 0.017257 0.000000 0.000000 0.134608
0.000000 0.008688 0.000000 0.005763 0.089692
0.000000 0.005071 0.000000 0.005274 0.050618
0.000000 0.002631 0.000000 0.003541 0.029826
0.000000 0.001252 0.000000 0.001756 0.017243
0.000000 0.000904 0.000000 0.000780 0.008144
0.000000 0.000252 0.000000 0.000407 0.003134
0.000342 0.000117 0.000000 0.000000 0.001005
0.000069 0.000000 0.000014 0.000006 0.000209
0.000040 0.000000 0.000000 0.000000 0.000155
0.000000 0.000000 0.000000 0.000000 -0.000000
0.000000 0.000000 0.000000 0.000000 -0.000000
0.000000 0.000000 0.000000 0.000000 -0.000000
0.000004 0.000000 0.000003 0.000000 0.000015
0.000295 0.000071 0.000136 0.000000 0.000000
0.003526 0.000000 0.000518 0.000000 0.000055
0.014383 0.000000 0.002301 0.000000 0.000000
0.040856 0.000000 0.005649 0.000000 0.000000
0.077622 0.000000 0.007081 0.000000 0.000000
0.105647 0.000000 0.000323 0.003890 0.000000
0.091579 0.000000 0.000000 0.061877 0.000000
0.038542 0.008959 0.000000 0.130575 0.000000
0.000000 0.050078 0.016555 0.141921 0.000000
0.000000 0.091296 0.085304 0.072479 0.000000
0.000000 0.102065 0.117376 0.000000 0.000000
0.000000 0.076295 0.083534 0.000000 0.095336
0.000000 0.037839 0.022906 0.000000 0.152307
0.000000 0.013378 0.000000 0.000000 0.136178
0.000000 0.004522 0.000000 0.001812 0.086017
0.000000 0.002341 0.000000 0.003475 0.042571
0.000000 0.002284 0.000000 0.002680 0.023071
0.000000 0.001573 0.000000 0.002347 0.013765
0.000000 0.000627 0.000000 0.001229 0.009327
0.000049 0.000637 0.000000 0.000645 0.004444
0.000094 0.000361 0.000000 0.000235 0.001927
0.000497 0.000000 0.000006 0.000000 0.000580
0.000195 0.000000 0.000000 0.000152 0.000272
0.000026 0.000000 0.000000 0.000000 0.000100
0.000000 0.000000 0.000000 0.000000 -0.000000
0.000000 0.000000 0.000000 0.000000 -0.000000
0.000000 0.000000 0.000000 0.000000 -0.000000
0.000000 0.000000 0.000000 0.000000 -0.000000
0.000435 0.000127 0.000075 0.000000 0.000000
0.004572 0.000000 0.000773 0.000000 0.000000
0.020286 0.000000 0.003050 0.000000 0.000000
0.055175 0.000000 0.006666 0.000000 0.000000
0.097521 0.000000 0.006387 0.000000 0.000000
0.112254 0.000000 0.000000 0.024437 0.000000
0.070557 0.004930 0.000000 0.099701 0.000000
0.003208 0.042907 0.000000 0.149319 0.000000
0.000000 0.084019 0.055071 0.110049 0.000000
0.000000 0.103503 0.114296 0.018777 0.000000
0.000000 0.082075 0.107024 0.000000 0.070792
0.000000 0.038432 0.045371 0.000000 0.145464
0.000000 0.010291 0.000000 0.000000 0.141914
0.000000 0.000111 0.000000 0.000000 0.087403
0.004247 0.000000 0.000000 0.000550 0.039203
0.006147 0.000000 0.000000 0.000255 0.015981
0.006652 0.000225 0.000000 0.000000 0.009456
0.005110 0.000941 0.000000 0.000000 0.007225
0.003091 0.000935 0.000000 0.000000 0.003986
0.001375 0.000555 0.000000 0.000062 0.001739
0.000195 0.000354 0.000000 0.000170 0.000527
0.000347 0.000000 0.000000 0.000115 0.000181
0.000193 0.000000 0.000000 0.000203 0.000145
0.000000 0.000000 0.000000 0.000000 -0.000000
0.000000 0.000000 0.000000 0.000000 -0.000000
0.000000 0.000000 0.000000 0.000000 -0.000000
0.000000 0.000000 0.000000 0.000000 -0.000000
0.000000 0.000011 0.000000 0.000000 0.000028
0.000538 0.000126 0.000105 0.000000 0.000000
0.006561 0.000000 0.001144 0.000000 0.000000
0.029339 0.000000 0.004061 0.000000 0.000000
0.073102 0.000000 0.007505 0.000000 0.000000
0.112807 0.000000 0.002460 0.000000 0.000000
0.104042 0.001849 0.000000 0.053802 0.000000
0.039040 0.036457 0.000000 0.129405 0.000000
0.000000 0.080104 0.015191 0.138323 0.000000
0.000000 0.103693 0.094043 0.060435 0.000000
0.000000 0.086004 0.123025 0.000000 0.043129
0.000000 0.039652 0.076146 0.000000 0.130756
0.000000 0.006434 0.011597 0.000000 0.151000
0.005690 0.000000 0.000000 0.000000 0.096804
0.013756 0.000000 0.000000 0.000000 0.041414
0.020304 0.000000 0.000000 0.000000 0.016814
0.023939 0.000000 0.000000 0.000000 0.009465
0.024014 0.000907 0.000000 0.000000 0.005652
0.019924 0.002763 0.000000 0.000000 0.002902
0.012699 0.002240 0.000000 0.000000 0.001077
0.006017 0.000912 0.000000 0.000000 0.000364
0.001513 0.000458 0.000000 0.000000 0.000032
0.000398 0.000085 0.000000 0.000093 0.000101
0.000185 0.000000 0.000000 0.000207 0.000112
0.000000 0.000000 0.000000 0.000000 -0.000000
0.000000 0.000000 0.000000 0.000000 -0.000000
0.000000 0.000000 0.000000 0.000000 -0.000000
0.000000 0.000000 0.000000 0.000000 -0.000000
0.000000 0.000015 0.000001 0.000000 0.000031
0.000561 0.000096 0.000120 0.000000 0.000000
0.009575 0.000000 0.001532 0.000000 0.000000
0.040353 0.000000 0.005202 0.000000 0.000000
0.088831 0.000000 0.007082 0.000000 0.000000
0.119637 0.000816 0.000000 0.008575 0.000000
0.084341 0.027346 0.000000 0.083123 0.000000
0.008674 0.073464 0.000000 0.140056 0.000000
0.000000 0.103742 0.052814 0.106864 0.000000
0.000000 0.092100 0.119652 0.017298 0.019779
0.000000 0.044830 0.107377 0.000000 0.105873
0.000000 0.001518 0.037131 0.000000 0.153853
0.010737 0.000000 0.000000 0.000000 0.114500
0.022337 0.000000 0.000000 0.005831 0.053249
0.033917 0.000000 0.000000 0.006843 0.022698
0.043505 0.000785 0.000000 0.004104 0.012273
0.051299 0.006806 0.000000 0.000000 0.006071
0.053407 0.010879 0.000000 0.000000 0.001080
0.047269 0.010808 0.000000 0.000000 0.000000
0.033644 0.008478 0.001017 0.000000 0.000000
0.016318 0.003973 0.000587 0.000000 0.000000
0.005398 0.001309 0.000090 0.000000 0.000000
0.001002 0.000261 0.000005 0.000000 0.000000
0.000185 0.000000 0.000000 0.000207 0.000112
0.000000 0.000000 0.000000 0.000000 -0.000000
0.000000 0.000000 0.000000 0.000000 -0.000000
0.000000 0.000000 0.000000 0.000000 -0.000000
0.000000 0.000000 0.000000 0.000000 -0.000000
0.000000 0.000000 0.000000 0.000000 -0.000000
0.000673 0.000078 0.000149 0.000000 0.000000
0.013860 0.000000 0.002023 0.000000 0.000000
0.050891 0.000000 0.005618 0.000000 0.000000
0.100389 0.000246 0.004154 0.000000 0.000000
0.116924 0.019929 0.000000 0.026293 0.000000
0.061727 0.062965 0.000000 0.104339 0.000000
0.000000 0.101360 0.002868 0.133888 0.000000
0.000000 0.099791 0.086238 0.072446 0.008973
0.000000 0.053194 0.123305 0.000000 0.078167
0.000000 0.000000 0.074733 0.000000 0.147538
0.011315 0.000000 0.009800 0.002180 0.136874
0.025479 0.000000 0.000000 0.021597 0.072745
0.041934 0.000000 0.000000 0.030162 0.034337
0.056477 0.004206 0.000000 0.030712 0.016479
0.068357 0.019931 0.000000 0.024166 0.004623
0.078839 0.030683 0.000000 0.012651 0.000000
0.083341 0.033254 0.000000 0.000000 0.000000
0.078843 0.027113 0.000000 0.000000 0.000000
0.061092 0.017412 0.000373 0.000000 0.000000
0.037717 0.008071 0.001851 0.000000 0.000000
0.013253 0.003195 0.000873 0.000000 0.000000
0.001988 0.000602 0.000219 0.000000 0.000000
0.000109 0.000000 0.000009 0.000111 0.000004
0.000068 0.000000 0.000006 0.000021 0.000000
0.000000 0.000000 0.000000 0.000000 -0.000000
0.000000 0.000000 0.000000 0.000000 -0.000000
0.000000 0.000000 0.000000 0.000000 -0.000000
0.000000 0.000000 0.000000 0.000000 -0.000000
0.000741 0.000085 0.000164 0.000000 0.000000
0.017549 0.000000 0.002414 0.000000 0.000000
0.060294 0.000000 0.005170 0.000000 0.000000
0.107794 0.012521 0.000000 0.000000 0.000000
0.108363 0.048137 0.000000 0.041072 0.000000
0.040326 0.095406 0.000000 0.113383 0.000000
0.000000 0.109463 0.031776 0.115835 0.009668
0.000000 0.068939 0.108350 0.049530 0.055539
0.000000 0.005577 0.109002 0.000000 0.125547
0.004776 0.000000 0.039924 0.009893 0.153885
0.019808 0.000000 0.000000 0.041479 0.107406
0.036922 0.000000 0.000000 0.059921 0.059931
0.054176 0.012115 0.000000 0.066271 0.034627
0.065341 0.039796 0.001295 0.063283 0.012491
0.072035 0.060552 0.003743 0.053934 0.000000
0.078928 0.070213 0.000780 0.041131 0.000000
0.089421 0.069311 0.000000 0.023300 0.000000
0.097446 0.054607 0.000000 0.002146 0.000000
0.087018 0.032471 0.000000 0.000000 0.000000
0.061370 0.013184 0.001729 0.000000 0.000000
0.028192 0.004377 0.002315 0.000000 0.000000
0.004395 0.000492 0.000611 0.000000 0.000000
0.000142 0.000000 0.000032 0.000070 0.000000
0.000079 0.000000 0.000007 0.000024 0.000000
0.000000 0.000000 0.000000 0.000000 -0.000000
0.000000 0.000000 0.000000 0.000000 -0.000000
0.000000 0.000000 0.000000 0.000000 -0.000000
0.000000 0.000000 0.000000 0.000000 -0.000000
0.000683 0.000111 0.000123 0.000000 0.000000
0.019560 0.000000 0.002305 0.000000 0.000000
0.067285 0.004593 0.003859 0.000000 0.000000
0.109647 0.031599 0.000000 0.000000 0.000000
0.097193 0.081316 0.000000 0.050088 0.000000
0.025015 0.116362 0.000000 0.111730 0.011024
0.000000 0.091955 0.057251 0.101872 0.045880
0.000000 0.023083 0.115706 0.042863 0.098577
0.000000 0.000000 0.084474 0.020459 0.145712
0.009934 0.000000 0.018006 0.051583 0.137006
0.025209 0.000000 0.000000 0.079412 0.094367
0.044597 0.019562 0.008917 0.085763 0.059664
0.056880 0.050565 0.025023 0.080951 0.031962
0.055214 0.076925 0.032001 0.073920 0.011421
0.048837 0.091941 0.030781 0.069741 0.000000
0.048811 0.096786 0.016932 0.068945 0.000000
0.066151 0.097200 0.000000 0.054145 0.000000
0.091921 0.081596 0.000000 0.027187 0.000000
0.100800 0.049870 0.000000 0.000000 0.000000
0.081994 0.021107 0.000647 0.000000 0.000000
0.043954 0.005617 0.002937 0.000000 0.000000
0.008297 0.000315 0.000810 0.000000 0.000000
0.000338 0.000000 0.000033 0.000000 0.000000
0.000021 0.000000 0.000002 0.000006 0.000000
0.000000 0.000000 0.000000 0.000000 -0.000000
0.000000 0.000000 0.000000 0.000000 -0.000000
0.000000 0.000000 0.000000 0.000000 -0.000000
0.000000 0.000000 0.000000 0.000000 -0.000000
0.000285 0.000116 0.000036 0.000000 0.000000
0.020537 0.002036 0.001479 0.000000 0.000000
0.069192 0.015118 0.001335 0.000000 0.000000
0.108822 0.056655 0.000000 0.000000 0.000000
0.087277 0.110379 0.000000 0.050392 0.001205
0.018855 0.120296 0.000000 0.104965 0.034708
0.000000 0.057046 0.077984 0.093716 0.077684
0.000000 0.000000 0.110825 0.052849 0.124606
0.001926 0.000000 0.062042 0.052285 0.140384
0.017872 0.000000 0.018925 0.077934 0.110607
0.039668 0.021493 0.029171 0.082772 0.072984
0.057781 0.052813 0.058800 0.068125 0.041187
0.056164 0.077679 0.076906 0.052003 0.020919
0.041348 0.086363 0.079819 0.045718 0.012553
0.023527 0.084647 0.070942 0.056889 0.004495
0.015756 0.091776 0.050220 0.071657 0.000000
0.033615 0.104675 0.011672 0.077226 0.000000
0.071851 0.095197 0.000000 0.052432 0.000000
0.100533 0.059342 0.000000 0.014462 0.000000
0.092098 0.024665 0.000000 0.000000 0.000000
0.052813 0.004721 0.003272 0.000000 0.000000
0.012707 0.000136 0.001116 0.000000 0.000000
0.000326 0.000000 0.000010 0.000000 0.000056
0.000000 0.000000 0.000000 0.000000 -0.000000
0.000000 0.000000 0.000000 0.000000 -0.000000
0.000000 0.000000 0.000000 0.000000 -0.000000
0.000000 0.000000 0.000000 0.000000 -0.000000
0.000000 0.000000 0.000000 0.000000 -0.000000
0.000177 0.000335 0.000000 0.000000 0.000177
0.019037 0.005844 0.000497 0.000000 0.000000
0.067024 0.029048 0.000000 0.000000 0.000000
0.100631 0.081599 0.000000 0.000000 0.000000
0.080955 0.130539 0.000000 0.045391 0.015004
0.023120 0.107607 0.013943 0.098077 0.060515
0.000000 0.018476 0.089285 0.095560 0.100923
0.000000 0.000000 0.104353 0.068209 0.122683
0.012844 0.000000 0.059154 0.069560 0.111194
0.037317 0.018688 0.046811 0.067211 0.072874
0.063771 0.052771 0.076949 0.046006 0.032370
0.070829 0.076404 0.100547 0.020308 0.008103
0.055973 0.074626 0.105936 0.005836 0.010374
0.033947 0.055938 0.104674 0.009737 0.023708
0.012638 0.048537 0.101617 0.027717 0.022336
0.000000 0.071636 0.078997 0.055423 0.005072
0.014903 0.103224 0.025519 0.081926 0.000000
0.061039 0.098259 0.000000 0.067369 0.000000
0.098405 0.059299 0.000000 0.026853 0.000000
0.090959 0.021078 0.000000 0.000000 0.000000
0.054116 0.003057 0.002951 0.000000 0.000000
0.015143 0.000000 0.001588 0.000000 0.000000
0.000357 0.000000 0.000001 0.000000 0.000043
0.000000 0.000000 0.000000 0.000000 -0.000000
0.000000 0.000000 0.000000 0.000000 -0.000000
0.000000 0.000000 0.000000 0.000000 -0.000000
0.000000 0.000000 0.000000 0.000000 -0.000000
0.000000 0.000000 0.000000 0.000000 -0.000000
0.000300 0.000845 0.000000 0.000000 0.000142
0.015959 0.010258 0.000000 0.000000 0.000000
0.057136 0.043488 0.000000 0.000000 0.000000
0.089939 0.101331 0.000000 0.000000 0.000382
0.079344 0.139889 0.000000 0.034888 0.031819
0.037734 0.089713 0.023657 0.090505 0.078994
0.009893 0.000000 0.094119 0.100382 0.104612
0.013615 0.000000 0.104641 0.077152 0.099744
0.032846 0.000000 0.078392 0.056956 0.067305
0.060207 0.045306 0.080690 0.033150 0.028835
0.081327 0.068487 0.099615 0.005087 0.000000
0.075371 0.069876 0.100005 0.000000 0.000000
0.054502 0.046123 0.093470 0.000000 0.013385
0.033098 0.022915 0.099740 0.000000 0.037679
0.013538 0.029957 0.114645 0.003205 0.036187
0.002905 0.071855 0.091167 0.040652 0.010944
0.018402 0.104884 0.028362 0.081184 0.000000
0.063937 0.087125 0.000000 0.073832 0.000000
0.094626 0.046220 0.000000 0.036032 0.000000
0.083464 0.012411 0.000000 0.003276 0.000000
0.047395 0.001108 0.002475 0.000000 0.000000
0.013490 0.000000 0.001481 0.000000 0.000000
0.000212 0.000000 0.000000 0.000101 0.000000
0.000000 0.000000 0.000000 0.000000 -0.000000
0.000000 0.000000 0.000000 0.000000 -0.000000
0.000000 0.000000 0.000000 0.000000 -0.000000
0.000000 0.000000 0.000000 0.000000 -0.000000
0.000001 0.000011 0.000016 0.000000 0.000000
0.000272 0.000999 0.000000 0.000000 0.000158
0.011178 0.013571 0.000000 0.000000 0.000000
0.040789 0.050243 0.000000 0.000000 0.000701
0.073036 0.110697 0.000000 0.000000 0.012295
0.077067 0.144099 0.000000 0.020072 0.047616
0.056196 0.086418 0.026969 0.077732 0.083967
0.040687 0.000000 0.094130 0.099085 0.093009
0.040666 0.000000 0.114448 0.078168 0.066703
0.056231 0.014582 0.100340 0.043770 0.029851
0.079055 0.053251 0.097971 0.009983 0.000000
0.089573 0.064016 0.094932 0.000000 0.000000
0.080555 0.052985 0.082603 0.000000 0.000000
0.062515 0.034200 0.081738 0.000000 0.018512
0.045048 0.030905 0.106220 0.000000 0.036649
0.032675 0.054181 0.122069 0.000000 0.026183
0.026200 0.088611 0.084890 0.044820 0.005001
0.041584 0.094549 0.016537 0.089444 0.000000
0.076627 0.062124 0.000000 0.076763 0.000000
0.089631 0.024141 0.000000 0.035758 0.000000
0.068901 0.003564 0.000000 0.004454 0.000000
0.032914 0.000000 0.002101 0.000000 0.000000
0.008563 0.000000 0.001317 0.000000 0.000000
0.000075 0.000010 0.000032 0.000005 0.000013
0.000000 0.000000 0.000000 0.000000 -0.000000
0.000000 0.000000 0.000000 0.000000 -0.000000
0.000000 0.000000 0.000000 0.000000 -0.000000
0.000000 0.000000 0.000000 0.000000 -0.000000
0.000002 0.000017 0.000024 0.000000 0.000000
0.000231 0.001306 0.000000 0.000000 0.000671
0.006895 0.013567 0.000000 0.000000 0.001329
0.024459 0.048301 0.000000 0.000000 0.007303
0.050386 0.108296 0.000000 0.000000 0.023795
0.066686 0.148550 0.000000 0.003108 0.053478
0.068392 0.106042 0.022279 0.054061 0.081273
0.070331 0.024299 0.089631 0.085590 0.074928
0.074923 0.000000 0.123241 0.076129 0.035060
0.085917 0.024832 0.117591 0.040703 0.000000
0.096870 0.054573 0.103860 0.010669 0.000000
0.102260 0.065887 0.090715 0.000000 0.000000
0.096122 0.063316 0.083722 0.000000 0.000000
0.085534 0.059787 0.099704 0.000000 0.016389
0.072020 0.068496 0.120729 0.000000 0.026007
0.058471 0.082043 0.109266 0.021098 0.017232
0.051476 0.084284 0.051447 0.079784 0.006607
0.064090 0.061973 0.000000 0.099395 0.005315
0.081114 0.027431 0.000000 0.070542 0.004295
0.074925 0.006024 0.000000 0.026617 0.000000
0.046230 0.000000 0.000000 0.002957 0.000000
0.016026 0.000000 0.001230 0.000000 0.000000
0.003803 0.000000 0.000582 0.000000 0.000000
0.000000 0.000010 0.000013 0.000000 0.000008
0.000000 0.000000 0.000000 0.000000 -0.000000
0.000000 0.000000 0.000000 0.000000 -0.000000
0.000000 0.000000 0.000000 0.000000 -0.000000
0.000000 0.000000 0.000000 0.000000 -0.000000
0.000000 0.000000 0.000000 0.000000 -0.000000
0.000130 0.001173 0.000000 0.000000 0.001217
0.003732 0.010265 0.000000 0.000000 0.003201
0.011669 0.037261 0.000000 0.000000 0.010721
0.025895 0.089699 0.000000 0.000000 0.031324
0.043809 0.142763 0.000000 0.000000 0.059785
0.058849 0.137907 0.008203 0.023949 0.082298
0.075009 0.081580 0.069784 0.061016 0.078622
0.090827 0.045612 0.116908 0.069583 0.033701
0.102668 0.049902 0.124307 0.052703 0.000000
0.110371 0.069517 0.112954 0.029333 0.000000
0.114341 0.080454 0.102761 0.009871 0.000000
0.109779 0.083496 0.104468 0.000604 0.008684
0.098872 0.082196 0.112358 0.006527 0.028328
0.082245 0.077965 0.104817 0.035899 0.031422
0.067024 0.063605 0.065798 0.081877 0.025079
0.063953 0.042989 0.009438 0.110784 0.021485
0.070190 0.018963 0.000000 0.093153 0.017739
0.066693 0.003934 0.000000 0.049658 0.008704
0.045679 0.000000 0.000000 0.015315 0.002327
0.021125 0.000000 0.000000 0.001716 0.000000
0.005856 0.000000 0.000536 0.000000 0.000000
0.001075 0.000012 0.000162 0.000000 0.000000
0.000019 0.000006 0.000040 0.000066 0.000000
0.000000 0.000000 0.000000 0.000000 -0.000000
0.000000 0.000000 0.000000 0.000000 -0.000000
0.000000 0.000000 0.000000 0.000000 -0.000000
0.000000 0.000007 0.000001 0.000000 0.000000
0.000000 0.000000 0.000000 0.000000 -0.000000
0.000157 0.000990 0.000000 0.000000 0.000934
0.001123 0.005116 0.000000 0.000000 0.003440
0.004620 0.019495 0.000000 0.000000 0.010791
0.009003 0.056234 0.000000 0.000000 0.032355
0.017000 0.108040 0.000000 0.000000 0.063635
0.027350 0.142567 0.000000 0.000000 0.092974
0.044657 0.125411 0.032819 0.030593 0.104561
0.064602 0.092077 0.082159 0.059179 0.079009
0.080105 0.076535 0.106009 0.070195 0.047435
0.089868 0.077040 0.107027 0.067170 0.034061
0.093622 0.075158 0.103743 0.062186 0.040377
0.089609 0.068237 0.099675 0.064412 0.050039
0.078785 0.051765 0.084137 0.082756 0.057384
0.066689 0.032352 0.051852 0.108219 0.052344
0.056334 0.011989 0.010216 0.123699 0.045352
0.052834 0.001157 0.000000 0.103224 0.034438
0.045928 0.000000 0.000000 0.059535 0.019782
0.032393 0.000000 0.000000 0.022744 0.007683
0.015092 0.000000 0.000000 0.006564 0.002050
0.005905 0.000000 0.000000 0.001030 0.000000
0.001156 0.000167 0.000000 0.000125 0.000000
0.000311 0.000038 0.000000 0.000060 0.000000
0.000025 0.000007 0.000053 0.000088 0.000000
0.000000 0.000000 0.000000 0.000000 -0.000000
0.000000 0.000000 0.000000 0.000000 -0.000000
0.000000 0.000000 0.000000 0.000000 -0.000000
0.000000 0.000019 0.000001 0.000000 0.000000
0.000000 0.000000 0.000000 0.000000 -0.000000
0.000042 0.000176 0.000000 0.000000 0.000311
0.000072 0.001514 0.000000 0.000000 0.001210
0.001068 0.006561 0.000000 0.000000 0.006234
0.002413 0.021325 0.000000 0.000000 0.022152
0.002031 0.049973 0.000000 0.000000 0.051328
0.002146 0.086754 0.000000 0.000000 0.088144
0.004548 0.108204 0.000000 0.003965 0.119353
0.011108 0.099495 0.031692 0.030683 0.128457
0.023120 0.080106 0.060564 0.060136 0.117422
0.032038 0.059382 0.072688 0.084890 0.102988
0.038566 0.037096 0.068478 0.103670 0.093721
0.035652 0.014008 0.051436 0.118103 0.090642
0.032376 0.000000 0.025042 0.125226 0.081223
0.026529 0.000000 0.000000 0.117427 0.065972
0.023672 0.000000 0.000000 0.088764 0.045550
0.019910 0.000000 0.000000 0.051302 0.024970
0.013449 0.000000 0.000000 0.021538 0.010648
0.007316 0.000000 0.000000 0.007675 0.004124
0.002511 0.000000 0.000000 0.002734 0.001200
0.000546 0.000000 0.000000 0.000538 0.000171
0.000203 0.000001 0.000000 0.000092 0.000030
0.000163 0.000034 0.000000 0.000018 0.000000
0.000025 0.000007 0.000053 0.000088 0.000000
0.000000 0.000000 0.000000 0.000000 -0.000000
0.000000 0.000000 0.000000 0.000000 -0.000000
0.000000 0.000000 0.000000 0.000000 -0.000000
0.000000 0.000000 0.000000 0.000000 -0.000000
0.000000 0.000000 0.000000 0.000000 -0.000000
0.000000 0.000000 0.000000 0.000000 -0.000000
0.000020 0.000066 0.000000 0.000000 0.000205
0.000032 0.000586 0.000000 0.000000 0.000853
0.000000 0.003059 0.000000 0.000006 0.007678
0.000000 0.007990 0.000000 0.000000 0.021152
0.000000 0.015545 0.000000 0.000738 0.043953
0.000000 0.024412 0.000000 0.005953 0.079209
0.000000 0.023996 0.000000 0.017505 0.110782
0.000000 0.012564 0.000000 0.034551 0.127745
0.000000 0.000000 0.005463 0.053763 0.123617
0.000000 0.000000 0.007969 0.068252 0.105753
0.000000 0.000000 0.002215 0.071692 0.081780
0.000000 0.000000 0.000000 0.063003 0.056313
0.000000 0.000000 0.000000 0.045555 0.035131
0.000000 0.000000 0.000000 0.027020 0.018411
0.001571 0.000000 0.000000 0.012295 0.008370
0.001271 0.000000 0.000000 0.004977 0.003641
0.000416 0.000000 0.000000 0.001604 0.001604
0.000000 0.000044 0.000000 0.000520 0.000494
0.000035 0.000000 0.000000 0.000075 0.000071
0.000007 0.000000 0.000000 0.000004 0.000005
0.000000 0.000020 0.000000 0.000032 0.000000
0.000011 0.000003 0.000023 0.000038 0.000000
0.000000 0.000000 0.000000 0.000000 -0.000000
0.000000 0.000000 0.000000 0.000000 -0.000000
0.000000 0.000000 0.000000 0.000000 -0.000000
0.000000 0.000000 0.000000 0.000000 -0.000000
0.000000 0.000000 0.000000 0.000000 -0.000000
0.000000 0.000000 0.000000 0.000000 -0.000000
0.000000 0.000000 0.000000 0.000000 -0.000000
0.000000 0.000000 0.000000 0.000000 -0.000000
0.000000 0.000000 0.000000 0.000053 0.000659
0.000000 0.000000 0.000000 0.000233 0.003132
0.000000 0.000029 0.000000 0.000373 0.006186
0.000000 0.000207 0.000000 0.000684 0.009549
0.000000 0.000350 0.000000 0.002109 0.015710
0.000000 0.000000 0.000000 0.004015 0.021465
0.000000 0.000000 0.000000 0.006963 0.023946
0.000000 0.000000 0.000000 0.008180 0.021150
0.000000 0.000000 0.000000 0.008654 0.016670
0.000000 0.000000 0.000000 0.007529 0.010714
0.000000 0.000000 0.000000 0.005341 0.005877
0.000000 0.000000 0.000000 0.003256 0.003317
0.000000 0.000000 0.000000 0.001597 0.001720
0.000000 0.000078 0.000000 0.000819 0.000826
0.000000 0.000088 0.000000 0.000225 0.000286
0.000000 0.000013 0.000000 0.000024 0.000023
0.000000 0.000000 0.000000 0.000000 -0.000000
0.000000 0.000000 0.000000 0.000000 -0.000000
0.000000 0.000000 0.000000 0.000000 -0.000000
0.000000 0.000000 0.000000 0.000000 -0.000000
0.000000 0.000000 0.000000 0.000000 -0.000000
0.000000 0.000000 0.000000 0.000000 -0.000000
0.000000 0.000000 0.000000 0.000000 -0.000000
0.000000 0.000000 0.000000 0.000000 -0.000000
0.000000 0.000000 0.000000 0.000000 -0.000000
0.000000 0.000000 0.000000 0.000000 -0.000000
0.000000 0.000000 0.000000 0.000000 -0.000000
0.000000 0.000000 0.000000 0.000000 -0.000000
0.000000 0.000000 0.000000 0.000000 -0.000000
0.000000 0.000000 0.000000 0.000000 -0.000000
0.000000 0.000000 0.000000 0.000000 -0.000000
0.000000 0.000000 0.000000 0.000000 -0.000000
0.000127 0.000053 0.000000 0.000000 0.000044
0.000055 0.000032 0.000000 0.000045 0.000226
0.000000 0.000000 0.000000 0.000201 0.000514
0.000000 0.000000 0.000000 0.000175 0.000589
0.000000 0.000000 0.000000 0.000287 0.000666
0.000000 0.000000 0.000000 0.000364 0.000644
0.000000 0.000000 0.000000 0.000376 0.000457
0.000000 0.000000 0.000000 0.000237 0.000287
0.000000 0.000000 0.000000 0.000070 0.000080
0.000000 0.000000 0.000000 0.000032 0.000037
0.000000 0.000000 0.000000 0.000000 -0.000000
0.000000 0.000000 0.000000 0.000000 -0.000000
0.000000 0.000000 0.000000 0.000000 -0.000000
0.000000 0.000000 0.000000 0.000000 -0.000000
0.000000 0.000000 0.000000 0.000000 -0.000000
0.000000 0.000000 0.000000 0.000000 -0.000000
0.000000 0.000000 0.000000 0.000000 -0.000000
0.000000 0.000000 0.000000 0.000000 -0.000000
0.000000 0.000000 0.000000 0.000000 -0.000000
0.000000 0.000000 0.000000 0.000000 -0.000000
0.000000 0.000000 0.000000 0.000000 -0.000000
0.000000 0.000000 0.000000 0.000000 -0.000000
0.000000 0.000000 0.000000 0.000000 -0.000000
0.000000 0.000000 0.000000 0.000000 -0.000000
0.000000 0.000000 0.000000 0.000000 -0.000000
0.000000 0.000000 0.000000 0.000000 -0.000000
0.000000 0.000000 0.000000 0.000000 -0.000000
0.000000 0.000000 0.000000 0.000000 -0.000000
0.000000 0.000000 0.000000 0.000000 -0.000000
0.000000 0.000000 0.000000 0.000000 -0.000000
0.000000 0.000000 0.000000 0.000000 -0.000000
0.000000 0.000000 0.000000 0.000000 -0.000000
0.000000 0.000000 0.000000 0.000000 -0.000000
0.000000 0.000000 0.000000 0.000000 -0.000000
0.000000 0.000000 0.000000 0.000000 -0.000000
0.000000 0.000000 0.000000 0.000000 -0.000000
0.000000 0.000000 0.000000 0.000000 -0.000000
0.000000 0.000000 0.000000 0.000000 -0.000000
0.000000 0.000000 0.000000 0.000000 -0.000000
0.000000 0.000000 0.000000 0.000000 -0.000000
0.000000 0.000000 0.000000 0.000000 -0.000000
0.000000 0.000000 0.000000 0.000000 -0.000000
0.000000 0.000000 0.000000 0.000000 -0.000000
0.000000 0.000000 0.000000 0.000000 -0.000000
0.000000 0.000000 0.000000 0.000000 -0.000000
0.000000 0.000000 0.000000 0.000000 -0.000000
0.000000 0.000000 0.000000 0.000000 -0.000000
0.000000 0.000000 0.000000 0.000000 -0.000000
0.000000 0.000000 0.000000 0.000000 -0.000000
0.000000 0.000000 0.000000 0.000000 -0.000000
0.000000 0.000000 0.000000 0.000000 -0.000000
0.000000 0.000000 0.000000 0.000000 -0.000000
0.000000 0.000000 0.000000 0.000000 -0.000000
0.000000 0.000000 0.000000 0.000000 -0.000000
0.000000 0.000000 0.000000 0.000000 -0.000000
0.000000 0.000000 0.000000 0.000000 -0.000000
0.000000 0.000000 0.000000 0.000000 -0.000000
0.000000 0.000000 0.000000 0.000000 -0.000000
0.000000 0.000000 0.000000 0.000000 -0.000000
0.000000 0.000000 0.000000 0.000000 -0.000000
0.000000 0.000000 0.000000 0.000000 -0.000000
0.000000 0.000000 0.000000 0.000000 -0.000000
0.000000 0.000000 0.000000 0.000000 -0.000000
0.000000 0.000000 0.000000 0.000000 -0.000000
0.000000 0.000000 0.000000 0.000000 -0.000000
0.000000 0.000000 0.000000 0.000000 -0.000000
0.000000 0.000000 0.000000 0.000000 -0.000000
0.000000 0.000000 0.000000 0.000000 -0.000000
0.000000 0.000000 0.000000 0.000000 -0.000000
0.000000 0.000000 0.000000 0.000000 -0.000000
0.000000 0.000000 0.000000 0.000000 -0.000000
0.000000 0.000000 0.000000 0.000000 -0.000000
0.000000 0.000000 0.000000 0.000000 -0.000000
0.000000 0.000000 0.000000 0.000000 -0.000000
0.000000 0.000000 0.000000 0.000000 -0.000000
0.000000 0.000000 0.000000 0.000000 -0.000000
0.000000 0.000000 0.000000 0.000000 -0.000000
0.000000 0.000000 0.000000 0.000000 -0.000000
0.000000 0.000000 0.000000 0.000000 -0.000000
0.000000 0.000000 0.000000 0.000000 -0.000000
0.000000 0.000000 0.000000 0.000000 -0.000000
0.000000 0.000000 0.000000 0.000000 -0.000000
0.000000 0.000000 0.000000 0.000000 -0.000000
0.000000 0.000000 0.000000 0.000000 -0.000000
0.000000 0.000000 0.000000 0.000000 -0.000000
0.000000 0.000000 0.000000 0.000000 -0.000000
0.000000 0.000000 0.000000 0.000000 -0.000000
0.000000 0.000000 0.000000 0.000000 -0.000000
0.000000 0.000000 0.000000 0.000000 -0.000000
0.000000 0.000000 0.000000 0.000000 -0.000000
0.000000 0.000000 0.000000 0.000000 -0.000000
0.000000 0.000000 0.000000 0.000000 -0.000000
0.000000 0.000000 0.000000 0.000000 -0.000000
0.000000 0.000000 0.000000 0.000000 -0.000000
0.000000 0.000000 0.000000 0.000000 -0.000000
0.000000 0.000000 0.000000 0.000000 -0.000000
0.000000 0.000000 0.000000 0.000000 -0.000000
0.000000 0.000000 0.000000 0.000000 -0.000000
0.000000 0.000000 0.000000 0.000000 -0.000000
0.000000 0.000000 0.000000 0.000000 -0.000000
0.000000 0.000000 0.000000 0.000000 -0.000000
