0.000000 -0.000000 0.000000 0.000000 -0.000000 0.000000 0.000000 -0.000000 -0.000000 0.000000
0.000000 -0.000000 0.000000 0.000000 -0.000000 0.000000 0.000000 -0.000000 -0.000000 0.000000
0.000000 -0.000000 0.000000 0.000000 -0.000000 0.000000 0.000000 -0.000000 -0.000000 0.000000
0.000000 -0.000000 0.000000 -0.000000 -0.000000 0.000000 0.000000 -0.000000 -0.000000 0.000000
0.000000 -0.000000 0.000000 -0.000000 0.000000 0.000000 0.000000 -0.000000 -0.000000 0.000000
0.000000 -0.000000 0.000000 -0.000000 0.000000 0.000000 0.000000 -0.000000 -0.000000 0.000000
0.000000 -0.000000 0.000000 -0.000000 0.000000 0.000000 0.000000 -0.000000 -0.000000 0.000000
0.000000 -0.000000 0.000000 -0.000000 0.000000 0.000000 0.000000 0.000000 -0.000000 0.000000
0.000000 -0.000000 0.000000 -0.000000 0.000000 0.000000 0.000000 0.000000 -0.000000 0.000000
0.000000 -0.000000 0.000000 -0.000000 0.000000 0.000000 0.000000 0.000000 -0.000000 0.000000
0.000000 -0.000000 0.000000 -0.000000 0.000000 0.000000 0.000000 0.000000 -0.000000 0.000000
0.000000 -0.000000 0.000000 -0.000000 0.000000 0.000000 0.000000 0.000000 -0.000000 0.000000
0.000000 -0.000000 0.000000 -0.000000 0.000000 0.000000 0.000000 0.000000 -0.000000 0.000000
0.000000 -0.000000 0.000000 -0.000000 0.000000 0.000000 0.000000 0.000000 -0.000000 0.000000
0.000000 -0.000000 0.000000 -0.000000 0.000000 0.000000 0.000000 0.000000 -0.000000 0.000000
0.000000 -0.000000 0.000000 -0.000000 0.000000 0.000000 0.000000 0.000000 -0.000000 0.000000
0.000000 -0.000000 0.000000 -0.000000 0.000000 0.000000 0.000000 0.000000 -0.000000 0.000000
0.000000 -0.000000 0.000000 -0.000000 0.000000 0.000000 0.000000 0.000000 -0.000000 0.000000
0.000000 -0.000000 0.000000 -0.000000 0.000000 0.000000 0.000000 0.000000 -0.000000 0.000000
0.000000 -0.000000 0.000000 -0.000000 0.000000 0.000000 0.000000 0.000000 -0.000000 0.000000
0.000000 -0.000000 0.000000 -0.000000 0.000000 0.000000 0.000000 0.000000 -0.000000 0.000000
0.000000 -0.000000 0.000000 -0.000000 0.000000 0.000000 0.000000 0.000000 -0.000000 0.000000
0.000000 -0.000000 0.000000 -0.000000 0.000000 0.000000 0.000000 0.000000 -0.000000 0.000000
0.000000 -0.000000 0.000000 -0.000000 0.000000 0.000000 0.000000 0.000000 -0.000000 0.000000
0.000000 -0.000000 0.000000 -0.000000 0.000000 0.000000 0.000000 0.000000 -0.000000 0.000000
0.000000 -0.000000 0.000000 -0.000000 0.000000 0.000000 0.000000 0.000000 -0.000000 0.000000
0.000000 -0.000000 0.000000 -0.000000 0.000000 0.000000 0.000000 0.000000 -0.000000 0.000000
0.000000 -0.000000 0.000000 -0.000000 0.000000 0.000000 0.000000 0.000000 -0.000000 0.000000
0.000000 -0.000000 0.000000 -0.000000 0.000000 0.000000 0.000000 0.000000 -0.000000 0.000000
0.000000 -0.000000 0.000000 -0.000000 0.000000 0.000000 0.000000 0.000000 -0.000000 0.000000
0.000000 -0.000000 0.000000 -0.000000 0.000000 0.000000 0.000000 0.000000 -0.000000 0.000000
0.000000 -0.000000 0.000000 -0.000000 0.000000 0.000000 0.000000 0.000000 -0.000000 0.000000
0.000000 -0.000000 0.000000 -0.000000 0.000000 0.000000 0.000000 0.000000 -0.000000 0.000000
0.000000 -0.000000 0.000000 -0.000000 0.000000 0.000000 0.000000 0.000000 -0.000000 0.000000
0.000000 -0.000000 0.000000 -0.000000 0.000000 0.000000 0.000000 0.000000 -0.000000 0.000000
0.000000 -0.000000 0.000000 -0.000000 0.000000 0.000000 0.000000 0.000000 -0.000000 0.000000
0.000000 -0.000000 0.000000 -0.000000 0.000000 0.000000 0.000000 0.000000 -0.000000 0.000000
0.000000 -0.000000 0.000000 -0.000000 0.000000 0.000000 0.000000 0.000000 -0.000000 0.000000
0.000000 -0.000000 0.000000 -0.000000 0.000000 0.000000 0.000000 0.000000 -0.000000 0.000000
0.000000 -0.000000 0.000000 -0.000000 0.000000 0.000000 0.000000 0.000000 -0.000000 0.000000
0.000000 -0.000000 0.000000 -0.000000 0.000000 0.000000 0.000000 0.000000 -0.000000 0.000000
0.000000 -0.000000 0.000000 -0.000000 0.000000 0.000000 0.000000 0.000000 -0.000000 0.000000
0.000000 -0.000000 0.000000 -0.000000 0.000000 0.000000 0.000000 0.000000 -0.000000 0.000000
0.000000 -0.000000 0.000000 -0.000000 0.000000 0.000000 0.000000 0.000000 -0.000000 0.000000
0.000000 -0.000000 0.000000 -0.000000 0.000000 0.000000 0.000000 0.000000 -0.000000 0.000000
0.000000 -0.000000 0.000000 -0.000000 0.000000 0.000000 0.000000 0.000000 -0.000000 0.000000
0.000000 -0.000000 0.000000 -0.000000 0.000000 0.000000 0.000000 0.000000 -0.000000 0.000000
0.000000 -0.000000 0.000000 -0.000000 0.000000 0.000000 0.000000 0.000000 -0.000000 0.000000
0.000000 -0.000000 0.000000 -0.000000 0.000000 0.000000 0.000000 0.000000 -0.000000 0.000000
0.000000 -0.000000 0.000000 -0.000000 0.000000 0.000000 0.000000 0.000000 -0.000000 0.000000
0.000000 -0.000000 0.000000 -0.000000 0.000000 0.000000 0.000000 0.000000 -0.000000 0.000000
0.000000 -0.000000 0.000000 -0.000000 0.000000 0.000000 0.000000 0.000000 -0.000000 0.000000
0.000000 -0.000000 0.000000 -0.000000 0.000000 0.000000 0.000000 0.000000 -0.000000 0.000000
0.000000 -0.000000 0.000000 -0.000000 0.000000 0.000000 0.000000 0.000000 -0.000000 0.000000
0.000000 -0.000000 0.000000 -0.000000 0.000000 0.000000 0.000000 0.000000 -0.000000 0.000000
0.000000 -0.000000 0.000000 -0.000000 0.000000 0.000000 0.000000 0.000000 -0.000000 0.000000
0.000000 -0.000000 0.000000 -0.000000 0.000000 0.000000 0.000000 0.000000 -0.000000 0.000000
0.000000 -0.000000 0.000000 -0.000000 0.000000 0.000000 0.000000 0.000000 -0.000000 0.000000
0.000000 -0.000000 0.000000 -0.000000 0.000000 0.000000 0.000000 0.000000 -0.000000 0.000000
0.000000 -0.000000 0.000000 -0.000000 0.000000 0.000000 0.000000 0.000000 -0.000000 0.000000
0.000000 -0.000000 0.000000 -0.000000 0.000000 0.000000 0.000000 0.000000 -0.000000 0.000000
0.000000 -0.000000 0.000000 -0.000000 0.000000 0.000000 0.000000 0.000000 -0.000000 0.000000
0.000000 -0.000000 0.000000 -0.000000 0.000000 0.000000 0.000000 0.000000 -0.000000 0.000000
0.000000 -0.000000 0.000000 -0.000000 0.000000 0.000000 0.000000 0.000000 -0.000000 0.000000
0.000000 -0.000000 0.000000 -0.000000 0.000000 0.000000 0.000000 0.000000 -0.000000 0.000000
0.000000 -0.000000 0.000000 -0.000000 0.000000 0.000000 0.000000 0.000000 -0.000000 0.000000
0.000000 -0.000000 0.000000 -0.000000 0.000000 0.000000 0.000000 0.000000 -0.000000 0.000000
0.000000 -0.000000 0.000000 -0.000000 0.000000 0.000000 0.000000 0.000000 -0.000000 0.000000
0.000000 -0.000000 0.000000 -0.000000 0.000000 0.000000 0.000000 0.000000 -0.000000 0.000000
0.000000 -0.000000 0.000000 -0.000000 0.000000 0.000000 0.000000 0.000000 -0.000000 0.000000
0.000000 -0.000000 0.000000 -0.000000 0.000000 0.000000 0.000000 0.000000 -0.000000 0.000000
0.000000 -0.000000 0.000000 -0.000000 0.000000 0.000000 0.000000 0.000000 -0.000000 0.000000
0.000000 -0.000000 0.000000 -0.000000 0.000000 0.000000 0.000000 0.000000 -0.000000 0.000000
0.000000 -0.000000 0.000000 -0.000000 0.000000 0.000000 0.000000 0.000000 -0.000000 0.000000
0.000000 -0.000000 0.000000 -0.000000 0.000000 0.000000 0.000000 0.000000 -0.000000 0.000000
0.000000 -0.000000 0.000000 -0.000000 0.000000 0.000000 0.000000 0.000000 -0.000000 0.000000
0.000000 -0.000000 0.000000 -0.000000 0.000000 0.000000 0.000000 0.000000 -0.000000 0.000000
0.000000 -0.000000 0.000000 -0.000000 0.000000 0.000000 0.000000 0.000000 -0.000000 0.000000
0.000000 -0.000000 0.000000 -0.000000 0.000000 0.000000 0.000000 0.000000 -0.000000 0.000000
0.000000 -0.000000 0.000000 -0.000000 0.000000 0.000000 0.000000 0.000000 -0.000000 0.000000
0.000000 -0.000000 0.000000 -0.000000 0.000000 0.000000 0.000000 0.000000 -0.000000 0.000000
0.000000 -0.000000 0.000000 -0.000000 0.000000 0.000000 0.000000 0.000000 -0.000000 0.000000
0.000000 -0.000000 0.000000 -0.000000 0.000000 0.000000 0.000000 0.000000 -0.000000 0.000000
0.000000 -0.000000 0.000000 -0.000000 0.000000 0.000000 0.000000 0.000000 -0.000000 0.000000
0.000000 -0.000000 0.000000 -0.000000 0.000000 0.000000 0.000000 0.000000 -0.000000 0.000000
0.000000 -0.000000 0.000000 -0.000000 0.000000 0.000000 0.000000 0.000000 -0.000000 0.000000
0.000000 -0.000000 0.000000 -0.000000 0.000000 0.000000 0.000000 0.000000 -0.000000 0.000000
0.000000 -0.000000 0.000000 -0.000000 0.000000 0.000000 0.000000 0.000000 -0.000000 0.000000
0.000000 -0.000000 0.000000 -0.000000 0.000000 0.000000 0.000000 0.000000 -0.000000 0.000000
0.000000 -0.000000 0.000000 -0.000000 0.000000 0.000000 0.000000 0.000000 -0.000000 0.000000
0.000000 -0.000000 0.000000 -0.000000 0.000000 0.000000 0.000000 0.000000 -0.000000 0.000000
0.000000 -0.000000 0.000000 -0.000000 0.000000 0.000000 0.000000 0.000000 -0.000000 0.000000
0.000000 -0.000000 0.000000 -0.000000 0.000000 0.000000 0.000000 0.000000 -0.000000 0.000000
0.000000 -0.000000 0.000000 -0.000000 0.000000 0.000000 0.000000 0.000000 -0.000000 0.000000
0.000000 -0.000000 0.000000 -0.000000 0.000000 0.000000 0.000000 0.000000 -0.000000 0.000000
0.000000 -0.000000 0.000000 -0.000000 0.000000 0.000000 0.000000 0.000000 -0.000000 0.000000
0.000000 -0.000000 0.000000 -0.000000 0.000000 0.000000 0.000000 0.000000 -0.000000 0.000000
0.000000 -0.000000 0.000000 -0.000000 0.000000 0.000000 0.000000 0.000000 -0.000000 0.000000
0.000000 -0.000000 0.000000 -0.000000 0.000000 0.000000 0.000000 0.000000 -0.000000 0.000000
0.000000 -0.000000 0.000000 -0.000000 0.000000 0.000000 0.000000 0.000000 -0.000000 0.000000
0.000000 -0.000000 0.000000 -0.000000 0.000000 0.000000 0.000000 0.000000 -0.000000 0.000000
0.000000 -0.000000 0.000000 -0.000000 0.000000 0.000000 0.000000 0.000000 -0.000000 0.000000
0.000000 -0.000000 0.000000 -0.000000 0.000000 0.000000 0.000000 0.000000 -0.000000 0.000000
0.000000 -0.000000 0.000000 -0.000000 0.000000 0.000000 0.000000 0.000000 -0.000000 0.000000
0.000000 -0.000000 0.000000 -0.000000 0.000000 0.000000 0.000000 0.000000 -0.000000 0.000000
0.000000 -0.000000 0.000000 -0.000000 0.000000 0.000000 0.000000 0.000000 -0.000000 0.000000
0.000000 -0.000000 0.000000 -0.000000 0.000000 0.000000 0.000000 0.000000 -0.000000 0.000000
0.000000 -0.000000 0.000000 -0.000000 0.000000 0.000000 0.000000 0.000000 -0.000000 0.000000
0.000000 -0.000000 0.000000 -0.000000 0.000000 0.000000 0.000000 0.000000 -0.000000 0.000000
0.000000 -0.000000 0.000000 -0.000000 0.000000 0.000000 0.000000 0.000000 -0.000000 0.000000
0.000000 -0.000000 0.000000 -0.000000 0.000000 0.000000 0.000000 0.000000 -0.000000 0.000000
0.000000 -0.000000 0.000000 -0.000000 0.000000 0.000000 0.000000 0.000000 -0.000000 0.000000
0.000000 -0.000000 0.000000 -0.000000 0.000000 0.000000 0.000000 0.000000 -0.000000 0.000000
0.000000 -0.000000 0.000000 -0.000000 0.000000 0.000000 0.000000 0.000000 -0.000000 0.000000
0.000000 -0.000000 0.000000 -0.000000 0.000000 0.000000 0.000000 0.000000 -0.000000 0.000000
0.000000 -0.000000 0.000000 -0.000000 0.000000 0.000000 0.000000 0.000000 -0.000000 0.000000
0.000000 -0.000000 0.000000 -0.000000 0.000000 0.000000 0.000000 0.000000 -0.000000 0.000000
0.000000 -0.000000 0.000000 -0.000000 0.000000 0.000000 0.000000 0.000000 -0.000000 0.000000
0.000000 -0.000000 0.000000 -0.000000 0.000000 0.000000 0.000000 0.000000 -0.000000 0.000000
0.000000 -0.000000 0.000000 -0.000000 0.000000 0.000000 0.000000 0.000000 -0.000000 0.000000
0.000000 -0.000000 0.000000 -0.000000 0.000000 0.000000 0.000000 0.000000 -0.000000 0.000000
0.000000 -0.000000 0.000000 -0.000000 0.000000 0.000000 0.000000 0.000000 -0.000000 0.000000
0.000000 -0.000000 0.000000 -0.000000 0.000000 0.000000 0.000000 0.000000 -0.000000 0.000000
0.000000 -0.000000 0.000000 -0.000000 0.000000 0.000000 0.000000 0.000000 -0.000000 0.000000
0.000000 -0.000000 0.000000 -0.000000 0.000000 0.000000 0.000000 0.000000 -0.000000 0.000000
0.000000 -0.000000 0.000000 -0.000000 0.000000 0.000000 0.000000 0.000000 -0.000000 0.000000
0.000000 -0.000000 0.000000 -0.000000 0.000000 0.000000 0.000000 0.000000 -0.000000 0.000000
0.000000 -0.000000 0.000000 -0.000000 0.000000 0.000000 0.000000 0.000000 -0.000000 0.000000
0.000000 -0.000000 0.000000 -0.000000 0.000000 0.000000 0.000000 0.000000 -0.000000 0.000000
0.000000 -0.000000 0.000000 -0.000000 0.000000 0.000000 0.000000 0.000000 -0.000000 0.000000
0.000000 -0.000000 0.000000 -0.000000 0.000000 0.000000 0.000000 0.000000 -0.000000 0.000000
0.000000 -0.000000 0.000000 -0.000000 0.000000 0.000000 0.000000 0.000000 -0.000000 0.000000
0.000000 -0.000000 0.000000 -0.000000 0.000000 0.000000 0.000000 0.000000 -0.000000 0.000000
0.000000 -0.000000 0.000000 -0.000000 0.000000 0.000000 0.000000 0.000000 -0.000000 0.000000
0.000000 -0.000000 0.000000 -0.000000 0.000000 0.000000 0.000000 0.000000 -0.000000 0.000000
0.000000 -0.000000 0.000000 -0.000000 0.000000 0.000000 0.000000 0.000000 -0.000000 0.000000
0.000000 -0.000000 0.000000 -0.000000 0.000000 0.000000 0.000000 0.000000 -0.000000 0.000000
0.000000 -0.000000 0.000000 -0.000000 0.000000 0.000000 0.000000 0.000000 -0.000000 0.000000
0.000000 -0.000000 0.000000 -0.000000 0.000000 0.000000 0.000000 0.000000 -0.000000 0.000000
0.000000 -0.000000 0.000000 -0.000000 0.000000 0.000000 0.000000 0.000000 -0.000000 0.000000
0.000000 -0.000000 0.000000 -0.000000 0.000000 0.000000 0.000000 0.000000 -0.000000 0.000000
0.000000 -0.000000 0.000000 -0.000000 0.000000 0.000000 0.000000 0.000000 -0.000000 0.000000
0.000000 -0.000000 0.000000 -0.000000 0.000000 0.000000 0.000000 0.000000 -0.000000 0.000000
0.000000 -0.000000 0.000000 -0.000000 0.000000 0.000000 0.000000 0.000000 -0.000000 0.000000
0.000000 -0.000000 0.000000 -0.000000 0.000000 0.000000 0.000000 0.000000 -0.000000 0.000000
0.000000 -0.000000 0.000000 -0.000000 0.000000 0.000000 0.000000 0.000000 -0.000000 0.000000
0.000000 -0.000000 0.000000 -0.000000 0.000000 0.000000 0.000000 0.000000 -0.000000 0.000000
0.001202 0.000799 0.001087 0.001446 0.000000 0.000000 0.000744 0.000000 0.001257 0.000000
0.004411 0.001577 0.002797 0.012984 0.000000 0.000000 0.000000 0.000000 0.002420 0.000000
0.004598 0.000198 0.001648 0.021721 0.000000 0.000000 0.000000 0.001853 0.000186 0.000000
0.003715 0.000000 0.000850 0.020660 0.000000 0.000000 0.000000 0.002475 0.000000 0.000000
0.001802 0.000000 0.000093 0.011849 0.000000 0.000000 0.000000 0.001708 0.000000 0.000568
0.002620 0.000000 0.000000 0.020072 0.000803 0.000000 0.000957 0.002667 0.000000 0.004384
0.003291 0.000000 0.000000 0.025253 0.000880 0.000000 0.001196 0.003160 0.000000 0.012053
0.003824 0.000000 0.000000 0.029284 0.000896 0.000000 0.004858 0.002950 0.000000 0.030739
0.003716 0.000000 0.000000 0.028635 0.000506 0.000000 0.002215 0.002714 0.000000 0.041045
0.002541 0.000000 0.000000 0.019635 0.000255 0.000000 0.000503 0.001878 0.000000 0.029664
0.000352 0.000000 0.000000 0.002720 0.000035 0.000000 0.000063 0.000260 0.000000 0.004121
0.000000 -0.000000 0.000000 -0.000000 0.000000 0.000000 0.000000 0.000000 -0.000000 0.000000
0.000000 -0.000000 0.000000 -0.000000 0.000000 0.000000 0.000000 0.000000 -0.000000 0.000000
0.000000 -0.000000 0.000000 -0.000000 0.000000 0.000000 0.000000 0.000000 -0.000000 0.000000
0.000000 -0.000000 0.000000 -0.000000 0.000000 0.000000 0.000000 0.000000 -0.000000 0.000000
0.000000 -0.000000 0.000000 -0.000000 0.000000 0.000000 0.000000 0.000000 -0.000000 0.000000
0.000000 -0.000000 0.000000 -0.000000 0.000000 0.000000 0.000000 0.000000 -0.000000 0.000000
0.000000 -0.000000 0.000000 -0.000000 0.000000 0.000000 0.000000 0.000000 -0.000000 0.000000
0.000000 -0.000000 0.000000 -0.000000 0.000000 0.000000 0.000000 0.000000 -0.000000 0.000000
0.000000 -0.000000 0.000000 -0.000000 0.000000 0.000000 0.000000 0.000000 -0.000000 0.000000
0.000000 -0.000000 0.000000 -0.000000 0.000000 0.000000 0.000000 0.000000 -0.000000 0.000000
0.000000 -0.000000 0.000000 -0.000000 0.000000 0.000000 0.000000 0.000000 -0.000000 0.000000
0.000000 -0.000000 0.000000 -0.000000 0.000000 0.000000 0.000000 0.000000 -0.000000 0.000000
0.000000 -0.000000 0.000000 -0.000000 0.000000 0.000000 0.000000 0.000000 -0.000000 0.000000
0.000000 -0.000000 0.000000 -0.000000 0.000000 0.000000 0.000000 0.000000 -0.000000 0.000000
0.000000 -0.000000 0.000000 -0.000000 0.000000 0.000000 0.000000 0.000000 -0.000000 0.000000
0.000876 0.000028 0.000372 0.000000 0.000000 0.000000 0.000000 0.000000 0.000589 0.000000
0.007524 0.000633 0.016698 0.000000 0.000000 0.000000 0.000000 0.000000 0.004247 0.007294
0.010890 0.002117 0.020181 0.000430 0.000000 0.000000 0.003795 0.000000 0.006086 0.022443
0.033502 0.000000 0.002013 0.037362 0.000000 0.000000 0.030540 0.000000 0.001422 0.004916
0.051719 0.000000 0.000000 0.049045 0.000000 0.000000 0.029695 0.000000 0.000000 0.000000
0.038507 0.000000 0.000000 0.054218 0.000000 0.000000 0.023026 0.000000 0.000000 0.000000
0.029873 0.000000 0.000000 0.085640 0.001322 0.001756 0.000000 0.000000 0.000000 0.000000
0.034022 0.000000 0.000000 0.114589 0.004054 0.002130 0.000000 0.000000 0.000000 0.007673
0.022473 0.000000 0.000000 0.140035 0.002008 0.000000 0.000000 0.012132 0.000000 0.026266
0.019404 0.000000 0.008563 0.148663 0.000000 0.000000 0.000000 0.042812 0.000000 0.021011
0.018939 0.000000 0.010298 0.144308 0.000000 0.000000 0.000000 0.028276 0.000000 0.022009
0.012122 0.000000 0.010856 0.128662 0.000000 0.000000 0.000000 0.029815 0.000000 0.026309
0.007990 0.000000 0.000000 0.100938 0.002311 0.000000 0.010429 0.006314 0.000000 0.022785
0.000000 0.000000 0.000000 0.066648 0.004529 0.003702 0.000000 0.005818 0.002531 0.007194
0.000000 0.000000 0.000000 0.019137 0.002439 0.004698 0.000000 0.004246 0.005211 0.006725
0.000000 0.000000 0.000033 0.000089 0.000098 0.001053 0.002794 0.000000 0.000000 0.000000
0.000000 -0.000000 0.000000 -0.000000 0.000000 0.000000 0.000000 0.000000 -0.000000 0.000000
0.000000 -0.000000 0.000000 -0.000000 0.000000 0.000000 0.000000 0.000000 -0.000000 0.000000
0.000000 -0.000000 0.000000 -0.000000 0.000000 0.000000 0.000000 0.000000 -0.000000 0.000000
0.000000 -0.000000 0.000000 -0.000000 0.000000 0.000000 0.000000 0.000000 -0.000000 0.000000
0.000000 -0.000000 0.000000 -0.000000 0.000000 0.000000 0.000000 0.000000 -0.000000 0.000000
0.000000 -0.000000 0.000000 -0.000000 0.000000 0.000000 0.000000 0.000000 -0.000000 0.000000
0.000000 -0.000000 0.000000 -0.000000 0.000000 0.000000 0.000000 0.000000 -0.000000 0.000000
0.000000 -0.000000 0.000000 -0.000000 0.000000 0.000000 0.000000 0.000000 -0.000000 0.000000
0.000000 -0.000000 0.000000 -0.000000 0.000000 0.000000 0.000000 0.000000 -0.000000 0.000000
0.001320 0.000000 0.000000 0.000000 0.005815 0.000080 0.003309 0.000000 0.003611 0.000000
0.002735 0.000000 0.000000 0.000000 0.009502 0.000686 0.005163 0.000000 0.007252 0.000000
0.007082 0.000000 0.004349 0.000000 0.002410 0.001046 0.000000 0.000000 0.015129 0.000000
0.008970 0.000000 0.018435 0.000000 0.000000 0.000000 0.006092 0.000000 0.018326 0.000000
0.014099 0.000000 0.053863 0.000000 0.000000 0.000000 0.026400 0.000000 0.022271 0.013438
0.083554 0.000000 0.076168 0.000000 0.000000 0.000000 0.039907 0.000000 0.023105 0.027076
0.119975 0.000000 0.066744 0.000000 0.000000 0.000000 0.050385 0.000000 0.029944 0.009115
0.138006 0.020302 0.072626 0.040925 0.000000 0.000000 0.017745 0.000000 0.044496 0.000000
0.115102 0.045803 0.071042 0.101928 0.000000 0.000000 0.003129 0.000000 0.061775 0.000000
0.103525 0.059312 0.067177 0.133320 0.000000 0.014758 0.005116 0.000000 0.057862 0.000000
0.103987 0.042246 0.054364 0.168075 0.000000 0.033899 0.000000 0.000000 0.043272 0.000000
0.111146 0.019252 0.082072 0.186087 0.000000 0.044311 0.000000 0.000000 0.037713 0.000000
0.118545 0.002093 0.087749 0.178584 0.000000 0.050464 0.000000 0.000000 0.066499 0.000000
0.100624 0.000000 0.067543 0.169734 0.000000 0.074977 0.000000 0.000000 0.071305 0.000000
0.053311 0.001533 0.064192 0.148424 0.000000 0.088788 0.000000 0.000000 0.072382 0.005043
0.023250 0.011729 0.015135 0.138988 0.013219 0.094545 0.000000 0.000000 0.069679 0.073856
0.000000 0.025955 0.000000 0.094120 0.019824 0.104774 0.000000 0.000000 0.059346 0.101308
0.000000 0.031634 0.000000 0.045664 0.012174 0.105121 0.000000 0.000000 0.028354 0.058383
0.000000 0.045845 0.000000 0.000000 0.000293 0.074995 0.020688 0.018878 0.000000 0.000000
0.021192 0.036012 0.000000 0.000000 0.000000 0.037535 0.029163 0.008465 0.000000 0.000000
0.031507 0.008301 0.000000 0.000000 0.000000 0.003264 0.003697 0.019268 0.000000 0.000000
0.003385 0.000101 0.000030 0.000027 0.000000 0.000000 0.000752 0.004452 0.000000 0.000000
0.000000 -0.000000 0.000000 -0.000000 0.000000 0.000000 0.000000 0.000000 -0.000000 0.000000
0.000000 -0.000000 0.000000 -0.000000 0.000000 0.000000 0.000000 0.000000 -0.000000 0.000000
0.000000 -0.000000 0.000000 -0.000000 0.000000 0.000000 0.000000 0.000000 -0.000000 0.000000
0.000000 -0.000000 0.000000 -0.000000 0.000000 0.000000 0.000000 0.000000 -0.000000 0.000000
0.000000 -0.000000 0.000000 -0.000000 0.000000 0.000000 0.000000 0.000000 -0.000000 0.000000
0.000000 -0.000000 0.000000 -0.000000 0.000000 0.000000 0.000000 0.000000 -0.000000 0.000000
0.001033 0.000000 0.000000 0.000000 0.004549 0.000062 0.002589 0.000000 0.002825 0.000000
0.002660 0.000000 0.005202 0.000000 0.014177 0.004109 0.001879 0.000000 0.011092 0.000000
0.006719 0.000000 0.011168 0.000000 0.008013 0.002557 0.000000 0.000000 0.031043 0.000000
0.015614 0.000000 0.045604 0.000000 0.004563 0.000000 0.028998 0.000000 0.042496 0.000000
0.021398 0.000000 0.095626 0.000000 0.000000 0.000000 0.047621 0.000000 0.046314 0.006279
0.114535 0.000000 0.140178 0.000000 0.000000 0.000000 0.047994 0.000000 0.046552 0.039414
0.109189 0.018883 0.146373 0.000000 0.000000 0.005649 0.046779 0.000000 0.068559 0.023027
0.089942 0.045650 0.147845 0.012869 0.000000 0.026323 0.040814 0.000000 0.097474 0.010154
0.069550 0.061093 0.140793 0.065136 0.000000 0.053271 0.019795 0.000000 0.107768 0.000000
0.049506 0.092446 0.136984 0.060419 0.000000 0.075713 0.052242 0.000000 0.108916 0.020406
0.052616 0.090105 0.156952 0.055113 0.000000 0.079338 0.039594 0.000000 0.107309 0.040847
0.062200 0.087897 0.149141 0.033286 0.000000 0.087629 0.034025 0.000000 0.122315 0.023480
0.059243 0.091636 0.140051 0.029284 0.000000 0.091654 0.032427 0.000000 0.129040 0.017001
0.055869 0.092165 0.130813 0.031910 0.000000 0.105612 0.042004 0.000000 0.130239 0.011061
0.068334 0.080627 0.120538 0.055619 0.000000 0.107780 0.037203 0.000000 0.115998 0.032397
0.075026 0.084343 0.087165 0.078323 0.001612 0.110592 0.014209 0.000000 0.094699 0.084548
0.065681 0.091424 0.060391 0.086367 0.011228 0.121564 0.000000 0.000000 0.066474 0.083216
0.041652 0.111375 0.020457 0.032361 0.000000 0.122605 0.005796 0.000000 0.054256 0.036386
0.046249 0.101121 0.000000 0.000000 0.010410 0.108686 0.000000 0.038202 0.004478 0.000000
0.038960 0.073144 0.000000 0.000000 0.006657 0.072492 0.018846 0.052082 0.000000 0.000000
0.065831 0.027360 0.000000 0.000000 0.000000 0.020336 0.008338 0.021933 0.000000 0.000000
0.021963 0.000605 0.000000 0.001148 0.000000 0.000000 0.001287 0.030589 0.000000 0.000000
0.000000 -0.000000 0.000000 -0.000000 0.000000 0.000000 0.000000 0.000000 -0.000000 0.000000
0.000000 -0.000000 0.000000 -0.000000 0.000000 0.000000 0.000000 0.000000 -0.000000 0.000000
0.000000 -0.000000 0.000000 -0.000000 0.000000 0.000000 0.000000 0.000000 -0.000000 0.000000
0.000000 -0.000000 0.000000 -0.000000 0.000000 0.000000 0.000000 0.000000 -0.000000 0.000000
0.000000 -0.000000 0.000000 -0.000000 0.000000 0.000000 0.000000 0.000000 -0.000000 0.000000
0.000000 0.000000 0.000000 0.000000 0.000000 0.001738 0.004902 0.003320 0.000000 0.000501
0.000000 0.000000 0.003047 0.000000 0.002490 0.000132 0.000000 0.000000 0.000106 0.000000
0.000748 0.000000 0.004433 0.000000 0.023712 0.000676 0.000000 0.002475 0.005723 0.000000
0.001560 0.000000 0.007957 0.000000 0.056106 0.002743 0.000000 0.002076 0.033536 0.000000
0.009251 0.000000 0.046476 0.000000 0.070883 0.000000 0.017029 0.000000 0.042476 0.000000
0.015938 0.000000 0.066599 0.000000 0.069934 0.003765 0.018647 0.000000 0.062094 0.027818
0.075449 0.012121 0.101722 0.000000 0.055120 0.015062 0.013632 0.000000 0.074541 0.062013
0.060892 0.045988 0.122720 0.000000 0.064327 0.033747 0.009873 0.000000 0.078359 0.061743
0.000000 0.089689 0.114025 0.000000 0.074396 0.065602 0.000000 0.000000 0.098976 0.041157
0.000000 0.110467 0.085042 0.014717 0.086812 0.092885 0.000000 0.000000 0.116000 0.032415
0.000000 0.105612 0.081398 0.000000 0.073804 0.092315 0.044705 0.000000 0.093973 0.072115
0.000000 0.085860 0.083392 0.000000 0.072989 0.091767 0.098804 0.000000 0.091724 0.055088
0.000187 0.083245 0.077400 0.000000 0.075427 0.073566 0.130622 0.037563 0.082391 0.032627
0.019199 0.089426 0.071121 0.000000 0.073345 0.057506 0.161135 0.063074 0.076628 0.023494
0.035059 0.091749 0.068655 0.000000 0.064965 0.039597 0.189894 0.075057 0.072770 0.015228
0.049520 0.088821 0.076730 0.024061 0.070153 0.041776 0.165244 0.078918 0.063090 0.009148
0.052187 0.087300 0.075373 0.083132 0.070030 0.059993 0.102975 0.066229 0.070542 0.041483
0.055302 0.103040 0.065294 0.070420 0.081400 0.091755 0.015567 0.023932 0.059604 0.054860
0.070893 0.106124 0.047657 0.025051 0.051369 0.117040 0.009714 0.017750 0.048768 0.000000
0.095701 0.104339 0.013632 0.000000 0.040275 0.113898 0.000000 0.036307 0.000000 0.000000
0.131084 0.079087 0.000000 0.000000 0.032704 0.067659 0.013071 0.043229 0.000000 0.000000
0.131012 0.020415 0.000000 0.000000 0.000000 0.014142 0.004716 0.027496 0.000000 0.003558
0.036278 0.000000 0.000000 0.001560 0.000000 0.000000 0.002306 0.021218 0.000000 0.001642
0.000000 -0.000000 0.000000 -0.000000 0.000000 0.000000 0.000000 0.000000 -0.000000 0.000000
0.000000 -0.000000 0.000000 -0.000000 0.000000 0.000000 0.000000 0.000000 -0.000000 0.000000
0.000000 -0.000000 0.000000 -0.000000 0.000000 0.000000 0.000000 0.000000 -0.000000 0.000000
0.000000 -0.000000 0.000000 -0.000000 0.000000 0.000000 0.000000 0.000000 -0.000000 0.000000
0.000000 -0.000000 0.000000 -0.000000 0.000000 0.000000 0.000000 0.000000 -0.000000 0.000000
0.000000 0.000000 0.000000 0.000000 0.000000 0.000201 0.000566 0.000383 0.000000 0.000058
0.000000 0.000000 0.000156 0.000000 0.000117 0.000007 0.000000 0.000000 0.000000 0.000000
0.004782 0.000000 0.000000 0.002504 0.060367 0.000000 0.000000 0.012813 0.004063 0.000000
0.000000 0.000000 0.000000 0.002321 0.126317 0.002143 0.000000 0.003461 0.006577 0.000000
0.007046 0.000000 0.014107 0.000000 0.154900 0.002681 0.000000 0.000000 0.025535 0.007223
0.012898 0.018634 0.012226 0.000000 0.174771 0.004160 0.000000 0.000000 0.031054 0.058215
0.006561 0.052741 0.019625 0.000000 0.172665 0.011600 0.000000 0.000000 0.031814 0.080820
0.000000 0.101341 0.040042 0.000000 0.174561 0.039026 0.000000 0.000000 0.040191 0.055382
0.000000 0.122742 0.011267 0.010055 0.172010 0.064400 0.000000 0.000000 0.039105 0.030455
0.000000 0.105883 0.000000 0.030157 0.163723 0.073469 0.000000 0.021163 0.038985 0.031743
0.000000 0.059761 0.000000 0.008990 0.146797 0.065476 0.000211 0.124164 0.014360 0.039960
0.000000 0.037496 0.000000 0.000000 0.133593 0.037824 0.048703 0.163658 0.009484 0.021857
0.000000 0.017600 0.000904 0.000000 0.121278 0.017348 0.077792 0.190606 0.001164 0.016329
0.000000 0.025523 0.000000 0.000000 0.129397 0.000000 0.161073 0.158947 0.000314 0.000000
0.000000 0.024306 0.014626 0.000000 0.106038 0.000000 0.238449 0.176488 0.011156 0.000000
0.009089 0.010879 0.040198 0.050240 0.100612 0.000000 0.195966 0.176228 0.033547 0.000000
0.007773 0.010962 0.062307 0.117389 0.092909 0.005549 0.099200 0.150631 0.070818 0.061261
0.001693 0.072246 0.084191 0.078144 0.089682 0.076712 0.017121 0.059181 0.073799 0.038340
0.054881 0.105501 0.060806 0.000000 0.111861 0.119671 0.000000 0.006450 0.030197 0.000000
0.097271 0.099765 0.013744 0.000000 0.113873 0.108718 0.000000 0.027199 0.000000 0.000000
0.169187 0.062145 0.000000 0.000000 0.081836 0.037756 0.000000 0.033117 0.000000 0.000000
0.151891 0.000000 0.000000 0.000445 0.002198 0.004614 0.000000 0.030367 0.000000 0.006035
0.044739 0.000000 0.000000 0.002559 0.000000 0.000000 0.004970 0.003683 0.000000 0.002833
0.017902 0.000000 0.000032 0.000973 0.000000 0.000125 0.002106 0.000000 0.000000 0.001194
0.000000 -0.000000 0.000000 -0.000000 0.000000 0.000000 0.000000 0.000000 -0.000000 0.000000
0.000000 -0.000000 0.000000 -0.000000 0.000000 0.000000 0.000000 0.000000 -0.000000 0.000000
0.000000 -0.000000 0.000000 -0.000000 0.000000 0.000000 0.000000 0.000000 -0.000000 0.000000
0.000000 -0.000000 0.000000 -0.000000 0.000000 0.000000 0.000000 0.000000 -0.000000 0.000000
0.000000 -0.000000 0.000000 -0.000000 0.000000 0.000000 0.000000 0.000000 -0.000000 0.000000
0.000000 -0.000000 0.000000 -0.000000 0.000000 0.000000 0.000000 0.000000 -0.000000 0.000000
0.003797 0.000000 0.000000 0.003781 0.081867 0.000000 0.000000 0.006883 0.000000 0.000000
0.003252 0.000000 0.000000 0.004577 0.148353 0.000000 0.000000 0.007381 0.000000 0.007994
0.006051 0.001613 0.000000 0.005674 0.155175 0.000000 0.000000 0.014896 0.000000 0.013745
0.011803 0.023941 0.000000 0.000000 0.166304 0.000000 0.000000 0.006836 0.000000 0.039300
0.006795 0.066949 0.000722 0.000000 0.145566 0.000000 0.000000 0.030102 0.000000 0.046264
0.000000 0.095297 0.029353 0.000000 0.126479 0.010781 0.000000 0.055273 0.000000 0.008958
0.000000 0.088429 0.011492 0.000000 0.094831 0.047214 0.000000 0.121414 0.007729 0.000000
0.000000 0.067752 0.000000 0.016664 0.077217 0.036752 0.000000 0.186094 0.007225 0.016519
0.000000 0.030927 0.000000 0.002267 0.073309 0.022088 0.000000 0.210821 0.000000 0.041201
0.000000 0.000000 0.000000 0.000000 0.070210 0.004546 0.014290 0.214654 0.000000 0.020042
0.005109 0.000000 0.000000 0.000000 0.074061 0.001980 0.028467 0.200660 0.000000 0.011104
0.003679 0.000000 0.000000 0.003053 0.073541 0.000000 0.143891 0.171574 0.000000 0.000000
0.004144 0.000000 0.000000 0.026717 0.051710 0.000000 0.174140 0.156196 0.000000 0.000000
0.000000 0.000000 0.008160 0.105944 0.056280 0.000000 0.138574 0.129438 0.037364 0.058298
0.000000 0.000000 0.067510 0.134385 0.041206 0.048947 0.034468 0.096286 0.070529 0.127343
0.000000 0.084756 0.106773 0.046575 0.050320 0.111302 0.000000 0.019042 0.079018 0.038811
0.000000 0.112406 0.080419 0.000000 0.104312 0.126279 0.000000 0.006683 0.032596 0.000000
0.097539 0.092589 0.013500 0.000000 0.115517 0.078765 0.000000 0.026540 0.000000 0.000000
0.194159 0.030242 0.000000 0.000000 0.096169 0.011556 0.000000 0.033041 0.000000 0.000000
0.126533 0.000000 0.000000 0.005659 0.023636 0.000000 0.004950 0.017033 0.000000 0.005927
0.064166 0.000000 0.000791 0.003138 0.000000 0.000000 0.006037 0.000000 0.000000 0.004453
0.044285 0.000000 0.000080 0.002407 0.000000 0.000310 0.005210 0.000000 0.000000 0.002955
0.000000 -0.000000 0.000000 -0.000000 0.000000 0.000000 0.000000 0.000000 -0.000000 0.000000
0.000000 -0.000000 0.000000 -0.000000 0.000000 0.000000 0.000000 0.000000 -0.000000 0.000000
0.000000 -0.000000 0.000000 -0.000000 0.000000 0.000000 0.000000 0.000000 -0.000000 0.000000
0.000000 -0.000000 0.000000 -0.000000 0.000000 0.000000 0.000000 0.000000 -0.000000 0.000000
0.000000 -0.000000 0.000000 -0.000000 0.000000 0.000000 0.000000 0.000000 -0.000000 0.000000
0.000000 -0.000000 0.000000 -0.000000 0.000000 0.000000 0.000000 0.000000 -0.000000 0.000000
0.002463 0.001332 0.000000 0.001131 0.046428 0.000000 0.000000 0.003999 0.000000 0.000000
0.006920 0.000000 0.000000 0.002941 0.112579 0.000000 0.000000 0.022688 0.003494 0.000000
0.018660 0.000000 0.000000 0.005961 0.098667 0.000000 0.000000 0.064285 0.000000 0.000000
0.027407 0.012801 0.002169 0.003218 0.094966 0.000000 0.000000 0.090393 0.000000 0.000000
0.015933 0.051355 0.017976 0.000000 0.080502 0.000000 0.000000 0.120715 0.000000 0.000000
0.000000 0.057122 0.038886 0.000000 0.064106 0.013102 0.000000 0.147623 0.000000 0.000000
0.000000 0.048701 0.041913 0.000000 0.030977 0.017363 0.000000 0.199718 0.002224 0.000000
0.000000 0.020855 0.000730 0.002303 0.013789 0.008166 0.000000 0.233264 0.004557 0.000000
0.000000 0.000000 0.000000 0.009314 0.000000 0.000745 0.000000 0.207067 0.005502 0.003398
0.006296 0.000000 0.000000 0.000000 0.009393 0.000659 0.007494 0.150324 0.000000 0.000000
0.000825 0.000000 0.000000 0.005466 0.019505 0.000000 0.055822 0.098276 0.000000 0.000000
0.000000 0.000000 0.000000 0.014635 0.028905 0.000000 0.136668 0.056561 0.001575 0.000000
0.000000 0.000000 0.000000 0.047149 0.037715 0.000000 0.182583 0.033577 0.007864 0.000000
0.000000 0.000000 0.000000 0.114707 0.024415 0.036550 0.114992 0.065586 0.059103 0.098954
0.000000 0.034112 0.070191 0.117532 0.000319 0.106534 0.000000 0.034954 0.087954 0.139848
0.000000 0.100949 0.104360 0.015810 0.013919 0.131346 0.000000 0.018128 0.079726 0.029979
0.019210 0.112816 0.088178 0.000000 0.083900 0.101875 0.000000 0.024820 0.025711 0.000000
0.150732 0.061440 0.017822 0.000000 0.109021 0.030081 0.000000 0.036999 0.000000 0.000000
0.165754 0.006589 0.000000 0.000000 0.080006 0.000000 0.000000 0.026720 0.000000 0.000000
0.107107 0.000000 0.000000 0.006875 0.032097 0.000000 0.008518 0.007198 0.000000 0.005250
0.061821 0.000000 0.000922 0.002942 0.000000 0.000000 0.005610 0.000000 0.000000 0.004343
0.020352 0.000000 0.000037 0.001106 0.000000 0.000143 0.002394 0.000000 0.000000 0.001358
0.000000 -0.000000 0.000000 -0.000000 0.000000 0.000000 0.000000 0.000000 -0.000000 0.000000
0.000000 -0.000000 0.000000 -0.000000 0.000000 0.000000 0.000000 0.000000 -0.000000 0.000000
0.000000 -0.000000 0.000000 -0.000000 0.000000 0.000000 0.000000 0.000000 -0.000000 0.000000
0.000000 -0.000000 0.000000 -0.000000 0.000000 0.000000 0.000000 0.000000 -0.000000 0.000000
0.000000 -0.000000 0.000000 -0.000000 0.000000 0.000000 0.000000 0.000000 -0.000000 0.000000
0.000000 -0.000000 0.000000 -0.000000 0.000000 0.000000 0.000000 0.000000 -0.000000 0.000000
0.000982 0.000000 0.000000 0.000000 0.002550 0.000000 0.000000 0.005961 0.002423 0.000000
0.007712 0.000729 0.000000 0.000023 0.031803 0.000000 0.000000 0.025561 0.007148 0.000000
0.015564 0.001492 0.000000 0.002666 0.034359 0.000000 0.000000 0.057120 0.000054 0.000000
0.019699 0.003847 0.013725 0.002961 0.009970 0.000000 0.000000 0.095926 0.000000 0.000000
0.000000 0.015854 0.035996 0.000000 0.000000 0.000000 0.000000 0.144720 0.000000 0.000000
0.000000 0.019451 0.062714 0.000000 0.000000 0.003347 0.000000 0.167122 0.000000 0.002155
0.000000 0.015344 0.077782 0.000000 0.000000 0.000000 0.000000 0.153000 0.000000 0.000000
0.001207 0.000000 0.022233 0.007284 0.000000 0.000000 0.000000 0.120568 0.010226 0.000000
0.002318 0.000000 0.000000 0.009683 0.000000 0.000000 0.000000 0.069352 0.012775 0.000000
0.002765 0.000000 0.000000 0.000000 0.014527 0.000000 0.006248 0.021273 0.000899 0.000000
0.000000 0.000208 0.000000 0.007761 0.012874 0.000000 0.080278 0.010104 0.000000 0.000000
0.000000 0.000000 0.000000 0.021982 0.019426 0.000000 0.151302 0.015524 0.001119 0.000000
0.000000 0.000000 0.000000 0.078224 0.019348 0.016875 0.173083 0.022955 0.032454 0.000361
0.000000 0.017297 0.000000 0.123079 0.000000 0.102519 0.049991 0.021882 0.086597 0.110790
0.000000 0.080772 0.065184 0.073674 0.000000 0.134822 0.000000 0.016936 0.097257 0.139143
0.001637 0.109444 0.115452 0.000020 0.008344 0.109250 0.000000 0.043564 0.063034 0.000000
0.121805 0.088257 0.098690 0.000000 0.074129 0.038749 0.000000 0.025245 0.015412 0.000000
0.173197 0.021660 0.012640 0.000000 0.107511 0.000000 0.005410 0.051927 0.000000 0.000000
0.124078 0.000000 0.000000 0.002421 0.061180 0.000000 0.017056 0.012797 0.000000 0.000000
0.080224 0.000000 0.000000 0.003026 0.033602 0.000000 0.019654 0.000000 0.000000 0.008672
0.028196 0.000000 0.000176 0.001468 0.000000 0.000075 0.003061 0.000000 0.000000 0.001915
0.000000 -0.000000 0.000000 -0.000000 0.000000 0.000000 0.000000 0.000000 -0.000000 0.000000
0.000000 -0.000000 0.000000 -0.000000 0.000000 0.000000 0.000000 0.000000 -0.000000 0.000000
0.000000 -0.000000 0.000000 -0.000000 0.000000 0.000000 0.000000 0.000000 -0.000000 0.000000
0.000000 -0.000000 0.000000 -0.000000 0.000000 0.000000 0.000000 0.000000 -0.000000 0.000000
0.000000 -0.000000 0.000000 -0.000000 0.000000 0.000000 0.000000 0.000000 -0.000000 0.000000
0.000000 -0.000000 0.000000 -0.000000 0.000000 0.000000 0.000000 0.000000 -0.000000 0.000000
0.000000 -0.000000 0.000000 -0.000000 0.000000 0.000000 0.000000 0.000000 -0.000000 0.000000
0.004060 0.000000 0.000000 0.000169 0.000000 0.000000 0.000000 0.015127 0.002651 0.000000
0.007131 0.000000 0.000000 0.000505 0.000000 0.000000 0.000000 0.024482 0.002931 0.000000
0.007897 0.000338 0.000000 0.001477 0.014038 0.000000 0.002511 0.024373 0.000000 0.000000
0.010297 0.000122 0.000000 0.000738 0.002833 0.000000 0.000000 0.039597 0.000000 0.001467
0.000000 0.000000 0.032240 0.000000 0.000000 0.003045 0.000000 0.069415 0.001274 0.008523
0.000000 0.000000 0.083237 0.001710 0.000000 0.000000 0.000000 0.089848 0.000000 0.024330
0.000000 0.000000 0.079797 0.005130 0.000000 0.000000 0.000000 0.060891 0.000000 0.013080
0.000000 0.000000 0.033646 0.004471 0.000000 0.000000 0.000000 0.036221 0.000000 0.008861
0.000000 0.000000 0.002293 0.003124 0.000000 0.000000 0.010117 0.009468 0.002674 0.005525
0.000000 0.002078 0.000000 0.000000 0.000534 0.000000 0.038358 0.000000 0.000000 0.004654
0.000000 0.003127 0.000000 0.007322 0.000480 0.000000 0.142978 0.000000 0.000000 0.000000
0.000000 0.000000 0.000000 0.019453 0.001063 0.005469 0.226340 0.013274 0.001292 0.000000
0.000000 0.000000 0.000000 0.103238 0.000000 0.080501 0.131820 0.021042 0.054683 0.022251
0.000000 0.066082 0.000000 0.112607 0.000000 0.134409 0.000000 0.000000 0.098267 0.140486
0.000000 0.096273 0.078498 0.041351 0.000000 0.120980 0.000000 0.038249 0.098383 0.110213
0.110825 0.098577 0.124501 0.000000 0.026707 0.057614 0.000000 0.028963 0.048318 0.000000
0.181370 0.044903 0.096657 0.000000 0.090119 0.000000 0.013321 0.043731 0.001044 0.000000
0.144034 0.000000 0.002887 0.000000 0.087734 0.000000 0.037290 0.022275 0.000000 0.015205
0.098324 0.000000 0.000000 0.000000 0.041775 0.000000 0.045192 0.000000 0.000000 0.027862
0.042708 0.000000 0.000000 0.000000 0.026995 0.000000 0.039510 0.000000 0.000000 0.021834
0.008768 0.000000 0.002757 0.000000 0.000000 0.000000 0.003630 0.000000 0.000000 0.012860
0.002242 0.000000 0.002971 0.000000 0.000000 0.000000 0.003485 0.000000 0.000000 0.022807
0.000895 0.000172 0.000202 0.000000 0.000000 0.000000 0.000656 0.000000 0.001061 0.009249
0.000000 -0.000000 0.000000 -0.000000 0.000000 0.000000 0.000000 0.000000 -0.000000 0.000000
0.000000 -0.000000 0.000000 -0.000000 0.000000 0.000000 0.000000 0.000000 -0.000000 0.000000
0.000000 -0.000000 0.000000 -0.000000 0.000000 0.000000 0.000000 0.000000 -0.000000 0.000000
0.000000 -0.000000 0.000000 -0.000000 0.000000 0.000000 0.000000 0.000000 -0.000000 0.000000
0.000000 -0.000000 0.000000 -0.000000 0.000000 0.000000 0.000000 0.000000 -0.000000 0.000000
0.000048 0.000000 0.000000 0.000002 0.000000 0.000000 0.000000 0.000180 0.000032 0.000000
0.001788 0.000000 0.000000 0.000075 0.000000 0.000000 0.000000 0.006663 0.001168 0.000000
0.000000 0.000281 0.000000 0.000387 0.011544 0.000000 0.001562 0.000000 0.000000 0.000349
0.000000 0.000858 0.000000 0.000769 0.021549 0.000288 0.003129 0.000000 0.000000 0.001590
0.000000 0.000000 0.025082 0.003377 0.000000 0.000000 0.000000 0.033088 0.000000 0.022940
0.000000 0.000000 0.058179 0.000000 0.000000 0.000000 0.000000 0.036583 0.000000 0.062610
0.000000 0.000000 0.059588 0.000000 0.000000 0.000000 0.000000 0.029624 0.000000 0.063267
0.001128 0.000000 0.023211 0.000000 0.000000 0.000000 0.015206 0.010554 0.000000 0.063177
0.003731 0.001509 0.000000 0.000000 0.000000 0.000000 0.055208 0.000000 0.002355 0.075987
0.000000 0.004451 0.000000 0.000000 0.000000 0.000000 0.124728 0.000000 0.000000 0.071919
0.000000 0.000000 0.000000 0.000000 0.000000 0.003102 0.206015 0.000055 0.000000 0.073089
0.000000 0.000000 0.000000 0.042160 0.000000 0.065972 0.202509 0.015877 0.006118 0.076920
0.000000 0.043563 0.000000 0.121528 0.000000 0.134427 0.062604 0.000000 0.070408 0.117103
0.000000 0.092887 0.000000 0.097427 0.000000 0.124212 0.000000 0.000000 0.104047 0.139307
0.096661 0.100859 0.099136 0.029457 0.004254 0.072918 0.000000 0.016601 0.069164 0.125020
0.159818 0.070030 0.130585 0.000000 0.051823 0.000000 0.021643 0.040830 0.021362 0.077628
0.145730 0.010015 0.089423 0.000000 0.087413 0.000000 0.048431 0.035570 0.000000 0.087851
0.106963 0.000000 0.018466 0.000000 0.059158 0.000000 0.040181 0.000000 0.000000 0.110616
0.059848 0.000000 0.000000 0.000000 0.025267 0.000000 0.042677 0.000000 0.000000 0.113614
0.008987 0.000000 0.000000 0.000000 0.009661 0.000000 0.024700 0.000000 0.000000 0.080376
0.005021 0.000000 0.003595 0.000000 0.000000 0.000000 0.005860 0.000000 0.000000 0.068939
0.004540 0.000200 0.004321 0.000000 0.000000 0.000000 0.005791 0.000000 0.001056 0.046432
0.002559 0.000491 0.000576 0.000000 0.000000 0.000000 0.001875 0.000000 0.003031 0.026425
0.000000 -0.000000 0.000000 -0.000000 0.000000 0.000000 0.000000 0.000000 -0.000000 0.000000
0.000000 -0.000000 0.000000 -0.000000 0.000000 0.000000 0.000000 0.000000 -0.000000 0.000000
0.000000 -0.000000 0.000000 -0.000000 0.000000 0.000000 0.000000 0.000000 -0.000000 0.000000
0.000000 -0.000000 0.000000 -0.000000 0.000000 0.000000 0.000000 0.000000 -0.000000 0.000000
0.000000 -0.000000 0.000000 -0.000000 0.000000 0.000000 0.000000 0.000000 -0.000000 0.000000
0.000000 -0.000000 0.000000 -0.000000 0.000000 0.000000 0.000000 0.000000 -0.000000 0.000000
0.000000 -0.000000 0.000000 -0.000000 0.000000 0.000000 0.000000 0.000000 -0.000000 0.000000
0.000000 0.000115 0.000000 0.000075 0.002649 0.000101 0.000369 0.000000 0.000000 0.000205
0.000000 0.000000 0.004249 0.003501 0.007712 0.000000 0.000000 0.008473 0.000000 0.004425
0.000000 0.000000 0.025321 0.002233 0.000000 0.000000 0.000000 0.022035 0.000000 0.052225
0.000000 0.000000 0.056857 0.000000 0.000000 0.000000 0.000000 0.027244 0.000000 0.113805
0.000000 0.000000 0.051273 0.000000 0.000000 0.000000 0.000000 0.023597 0.000000 0.159946
0.005569 0.000000 0.015022 0.000000 0.000000 0.000000 0.008073 0.002621 0.000000 0.197454
0.007239 0.000000 0.000000 0.000000 0.000000 0.000000 0.049925 0.000000 0.000623 0.201026
0.000000 0.000000 0.000000 0.000000 0.000000 0.004366 0.160861 0.000000 0.000000 0.199713
0.000000 0.000000 0.000000 0.001933 0.000000 0.052197 0.199156 0.002018 0.000000 0.194516
0.000000 0.013051 0.000000 0.092900 0.000000 0.120304 0.109831 0.000000 0.019748 0.176015
0.002421 0.082103 0.000000 0.150196 0.000000 0.118934 0.000000 0.000000 0.081406 0.144407
0.084654 0.104711 0.003444 0.090487 0.016971 0.092543 0.000000 0.000000 0.106422 0.125131
0.140750 0.084914 0.104374 0.015701 0.030159 0.009245 0.000000 0.026347 0.054528 0.130218
0.150425 0.025096 0.121155 0.000000 0.080324 0.000000 0.012330 0.043761 0.000000 0.143935
0.106760 0.000000 0.084057 0.000000 0.096953 0.000000 0.014747 0.012395 0.000000 0.156527
0.030675 0.000000 0.001715 0.000000 0.030963 0.000616 0.011544 0.000000 0.000000 0.144928
0.000148 0.000126 0.000000 0.000000 0.030188 0.003920 0.001114 0.000000 0.000000 0.112759
0.001114 0.000000 0.000000 0.000000 0.017353 0.002117 0.000000 0.000000 0.000000 0.070779
0.000887 0.000028 0.000000 0.000000 0.000000 0.000179 0.000000 0.000000 0.000494 0.013480
0.000000 0.000000 0.000052 0.000451 0.000034 0.000299 0.000000 0.000000 0.000000 0.000000
0.000000 -0.000000 0.000000 -0.000000 0.000000 0.000000 0.000000 0.000000 -0.000000 0.000000
0.000000 -0.000000 0.000000 -0.000000 0.000000 0.000000 0.000000 0.000000 -0.000000 0.000000
0.000000 -0.000000 0.000000 -0.000000 0.000000 0.000000 0.000000 0.000000 -0.000000 0.000000
0.000000 -0.000000 0.000000 -0.000000 0.000000 0.000000 0.000000 0.000000 -0.000000 0.000000
0.000000 -0.000000 0.000000 -0.000000 0.000000 0.000000 0.000000 0.000000 -0.000000 0.000000
0.000000 -0.000000 0.000000 -0.000000 0.000000 0.000000 0.000000 0.000000 -0.000000 0.000000
0.000000 -0.000000 0.000000 -0.000000 0.000000 0.000000 0.000000 0.000000 -0.000000 0.000000
0.000000 -0.000000 0.000000 -0.000000 0.000000 0.000000 0.000000 0.000000 -0.000000 0.000000
0.000000 -0.000000 0.000000 -0.000000 0.000000 0.000000 0.000000 0.000000 -0.000000 0.000000
0.000029 0.000000 0.004124 0.006389 0.000000 0.000000 0.000000 0.006895 0.000000 0.019711
0.002925 0.000000 0.022787 0.005537 0.000000 0.000000 0.000000 0.006023 0.000000 0.082578
0.002600 0.000000 0.033741 0.000000 0.000000 0.000000 0.000000 0.010303 0.000000 0.144981
0.000000 0.000000 0.037673 0.000616 0.000000 0.000000 0.000000 0.016348 0.000000 0.148428
0.003645 0.000000 0.004301 0.000000 0.000000 0.000000 0.000000 0.000000 0.000000 0.145077
0.000965 0.000000 0.000000 0.000000 0.000000 0.003179 0.113379 0.000000 0.000000 0.143144
0.000000 0.000000 0.000000 0.000000 0.000000 0.047066 0.165865 0.007759 0.000000 0.139810
0.003209 0.000000 0.000000 0.033406 0.000000 0.112285 0.171280 0.000000 0.000000 0.150427
0.013909 0.058049 0.000000 0.143975 0.000000 0.129863 0.020006 0.000000 0.038487 0.133564
0.059991 0.102178 0.000000 0.137621 0.000000 0.094316 0.000000 0.000000 0.097542 0.131126
0.116251 0.102615 0.038947 0.048481 0.020301 0.032086 0.000000 0.000000 0.100201 0.100747
0.137931 0.040063 0.125195 0.000000 0.061839 0.000000 0.000000 0.071873 0.041022 0.032034
0.094176 0.000000 0.119135 0.000000 0.098833 0.000000 0.000000 0.025233 0.000000 0.036816
0.026072 0.000000 0.074261 0.002877 0.049688 0.000000 0.000000 0.015860 0.000000 0.064596
0.000000 0.000000 0.005973 0.002072 0.008828 0.000000 0.000000 0.013885 0.000000 0.064406
0.000000 0.001865 0.000000 0.000000 0.027449 0.001528 0.016900 0.000000 0.000000 0.044603
0.000000 0.001668 0.000000 0.000000 0.007890 0.000000 0.019511 0.000000 0.000000 0.017142
0.000000 0.000610 0.000000 0.001311 0.002014 0.000239 0.010580 0.000000 0.000000 0.007415
0.000000 0.000000 0.000104 0.002310 0.000980 0.001268 0.003262 0.000000 0.000000 0.002941
0.000000 -0.000000 0.000000 -0.000000 0.000000 0.000000 0.000000 0.000000 -0.000000 0.000000
0.000000 -0.000000 0.000000 -0.000000 0.000000 0.000000 0.000000 0.000000 -0.000000 0.000000
0.000000 -0.000000 0.000000 -0.000000 0.000000 0.000000 0.000000 0.000000 -0.000000 0.000000
0.000000 -0.000000 0.000000 -0.000000 0.000000 0.000000 0.000000 0.000000 -0.000000 0.000000
0.000000 -0.000000 0.000000 -0.000000 0.000000 0.000000 0.000000 0.000000 -0.000000 0.000000
0.000000 0.000000 0.000163 0.000672 0.000138 0.001895 0.000000 0.000000 0.000000 0.000000
0.000000 -0.000000 0.000000 -0.000000 0.000000 0.000000 0.000000 0.000000 -0.000000 0.000000
0.000000 -0.000000 0.000000 -0.000000 0.000000 0.000000 0.000000 0.000000 -0.000000 0.000000
0.000000 -0.000000 0.000000 -0.000000 0.000000 0.000000 0.000000 0.000000 -0.000000 0.000000
0.000236 0.000000 0.000419 0.000016 0.000000 0.000000 0.000203 0.000000 0.000000 0.002842
0.003374 0.000000 0.019770 0.000000 0.000000 0.000000 0.001851 0.001339 0.000000 0.047603
0.003777 0.000000 0.017925 0.000000 0.000000 0.000000 0.000775 0.000000 0.000000 0.078565
0.001619 0.000000 0.005667 0.000000 0.000000 0.000000 0.003045 0.000000 0.000000 0.029928
0.004366 0.000000 0.000000 0.000000 0.000000 0.009898 0.048603 0.000000 0.000000 0.016668
0.000000 0.000000 0.000000 0.000000 0.000000 0.034753 0.149877 0.007465 0.000000 0.000000
0.008458 0.000000 0.000000 0.020619 0.000000 0.103208 0.147735 0.006964 0.000000 0.000000
0.030461 0.038694 0.000000 0.100759 0.000000 0.125355 0.109185 0.000000 0.000000 0.000000
0.048613 0.102410 0.000000 0.168675 0.000000 0.091147 0.000000 0.000000 0.063268 0.025146
0.089875 0.112461 0.000000 0.083556 0.006988 0.040060 0.000000 0.000000 0.132019 0.100394
0.110370 0.072056 0.061847 0.000000 0.038433 0.000000 0.000000 0.040370 0.103884 0.052197
0.091286 0.006681 0.132620 0.000000 0.082954 0.000000 0.000000 0.056950 0.027274 0.000000
0.021255 0.000000 0.125683 0.000000 0.090361 0.000000 0.001544 0.021899 0.000000 0.000000
0.000000 0.000000 0.083553 0.008958 0.010867 0.000000 0.000000 0.027273 0.000000 0.015557
0.000000 0.000000 0.001492 0.002382 0.018252 0.000000 0.001001 0.002508 0.000000 0.007883
0.000000 0.001040 0.000000 0.000275 0.015731 0.000201 0.007078 0.000000 0.000000 0.004395
0.000000 0.000393 0.000000 0.000000 0.000808 0.000000 0.005002 0.000000 0.000000 0.003242
0.000000 0.000393 0.000000 0.000000 0.000808 0.000000 0.005002 0.000000 0.000000 0.003242
0.000000 0.000393 0.000000 0.000000 0.000808 0.000000 0.005002 0.000000 0.000000 0.003242
0.000000 -0.000000 0.000000 -0.000000 0.000000 0.000000 0.000000 0.000000 -0.000000 0.000000
0.000000 -0.000000 0.000000 -0.000000 0.000000 0.000000 0.000000 0.000000 -0.000000 0.000000
0.000000 -0.000000 0.000000 -0.000000 0.000000 0.000000 0.000000 0.000000 -0.000000 0.000000
0.000000 -0.000000 0.000000 -0.000000 0.000000 0.000000 0.000000 0.000000 -0.000000 0.000000
0.000000 -0.000000 0.000000 -0.000000 0.000000 0.000000 0.000000 0.000000 -0.000000 0.000000
0.000000 0.000000 0.000196 0.000810 0.000167 0.002283 0.000000 0.000000 0.000000 0.000000
0.000000 -0.000000 0.000000 -0.000000 0.000000 0.000000 0.000000 0.000000 -0.000000 0.000000
0.000000 -0.000000 0.000000 -0.000000 0.000000 0.000000 0.000000 0.000000 -0.000000 0.000000
0.000000 -0.000000 0.000000 -0.000000 0.000000 0.000000 0.000000 0.000000 -0.000000 0.000000
0.000000 -0.000000 0.000000 -0.000000 0.000000 0.000000 0.000000 0.000000 -0.000000 0.000000
0.001731 0.000101 0.010614 0.000000 0.000049 0.000000 0.001328 0.001942 0.000000 0.014192
0.003744 0.000000 0.003876 0.000000 0.000000 0.000615 0.002887 0.000000 0.000000 0.014209
0.009171 0.000000 0.000000 0.000000 0.000093 0.008634 0.012322 0.000000 0.000000 0.003015
0.011726 0.000000 0.000000 0.000000 0.000000 0.033982 0.097128 0.005376 0.000000 0.000000
0.020684 0.000000 0.000000 0.000000 0.000000 0.096634 0.138341 0.008356 0.000000 0.000000
0.046155 0.019983 0.000000 0.064187 0.002427 0.139906 0.101723 0.000000 0.000000 0.000000
0.053602 0.096939 0.000000 0.159440 0.000000 0.090342 0.017691 0.000000 0.000193 0.001952
0.070996 0.122164 0.000000 0.138568 0.000000 0.045493 0.000000 0.000000 0.102536 0.024238
0.086073 0.095276 0.000000 0.025006 0.011194 0.000000 0.000000 0.016003 0.160543 0.062533
0.067159 0.014807 0.084788 0.000000 0.063691 0.000000 0.000000 0.053989 0.087048 0.037926
0.020784 0.000000 0.123795 0.000000 0.111034 0.000000 0.000000 0.026301 0.007321 0.000000
0.000000 0.000000 0.121066 0.004671 0.064276 0.000000 0.000000 0.029064 0.000000 0.000000
0.000000 0.000000 0.048824 0.003716 0.023747 0.000000 0.000000 0.005714 0.000000 0.009916
0.000000 0.000383 0.000000 0.001230 0.027489 0.000125 0.002111 0.000000 0.000000 0.011068
0.000000 0.000103 0.000000 0.000067 0.002384 0.000091 0.000332 0.000000 0.000000 0.000184
0.000000 -0.000000 0.000000 -0.000000 0.000000 0.000000 0.000000 0.000000 -0.000000 0.000000
0.000000 -0.000000 0.000000 -0.000000 0.000000 0.000000 0.000000 0.000000 -0.000000 0.000000
0.000000 -0.000000 0.000000 -0.000000 0.000000 0.000000 0.000000 0.000000 -0.000000 0.000000
0.000000 -0.000000 0.000000 -0.000000 0.000000 0.000000 0.000000 0.000000 -0.000000 0.000000
0.000000 -0.000000 0.000000 -0.000000 0.000000 0.000000 0.000000 0.000000 -0.000000 0.000000
0.000000 -0.000000 0.000000 -0.000000 0.000000 0.000000 0.000000 0.000000 -0.000000 0.000000
0.000000 -0.000000 0.000000 -0.000000 0.000000 0.000000 0.000000 0.000000 -0.000000 0.000000
0.000000 -0.000000 0.000000 -0.000000 0.000000 0.000000 0.000000 0.000000 -0.000000 0.000000
0.000000 -0.000000 0.000000 -0.000000 0.000000 0.000000 0.000000 0.000000 -0.000000 0.000000
0.000000 -0.000000 0.000000 -0.000000 0.000000 0.000000 0.000000 0.000000 -0.000000 0.000000
0.000000 -0.000000 0.000000 -0.000000 0.000000 0.000000 0.000000 0.000000 -0.000000 0.000000
0.000000 -0.000000 0.000000 -0.000000 0.000000 0.000000 0.000000 0.000000 -0.000000 0.000000
0.000000 -0.000000 0.000000 -0.000000 0.000000 0.000000 0.000000 0.000000 -0.000000 0.000000
0.002424 0.000000 0.001005 0.000000 0.000000 0.001170 0.000000 0.000000 0.000000 0.001098
0.014460 0.000000 0.000000 0.000000 0.000189 0.009568 0.011839 0.000000 0.000000 0.002995
0.021979 0.000000 0.000000 0.000000 0.000000 0.034452 0.072402 0.003615 0.000000 0.000000
0.045076 0.000000 0.000000 0.000000 0.000000 0.095513 0.098686 0.000052 0.000000 0.000000
0.044582 0.006557 0.000000 0.037159 0.000000 0.136490 0.088680 0.000000 0.000000 0.000000
0.057913 0.079493 0.000000 0.136470 0.000000 0.096817 0.023299 0.000000 0.000000 0.001398
0.055091 0.124384 0.000000 0.170366 0.000000 0.047279 0.000000 0.000000 0.041146 0.018262
0.062584 0.113608 0.000000 0.069950 0.000000 0.000000 0.000000 0.006634 0.153264 0.009759
0.054294 0.047316 0.019482 0.000000 0.017206 0.000000 0.000000 0.050406 0.158915 0.042246
0.027303 0.000000 0.102496 0.000000 0.088714 0.000000 0.000000 0.038771 0.052636 0.021232
0.000000 0.000000 0.112370 0.000000 0.098984 0.000000 0.007892 0.000000 0.000000 0.000000
0.000000 0.000000 0.104612 0.008279 0.025469 0.000000 0.000000 0.024978 0.000000 0.000999
0.000000 0.000582 0.024939 0.002593 0.033853 0.000000 0.000054 0.000000 0.000000 0.009405
0.000000 0.000127 0.000000 0.001063 0.021573 0.000000 0.001288 0.000000 0.000000 0.010610
0.000000 -0.000000 0.000000 -0.000000 0.000000 0.000000 0.000000 0.000000 -0.000000 0.000000
0.000000 -0.000000 0.000000 -0.000000 0.000000 0.000000 0.000000 0.000000 -0.000000 0.000000
0.000000 -0.000000 0.000000 -0.000000 0.000000 0.000000 0.000000 0.000000 -0.000000 0.000000
0.000000 -0.000000 0.000000 -0.000000 0.000000 0.000000 0.000000 0.000000 -0.000000 0.000000
0.000000 -0.000000 0.000000 -0.000000 0.000000 0.000000 0.000000 0.000000 -0.000000 0.000000
0.000000 -0.000000 0.000000 -0.000000 0.000000 0.000000 0.000000 0.000000 -0.000000 0.000000
0.000000 -0.000000 0.000000 -0.000000 0.000000 0.000000 0.000000 0.000000 -0.000000 0.000000
0.000000 -0.000000 0.000000 -0.000000 0.000000 0.000000 0.000000 0.000000 -0.000000 0.000000
0.000000 -0.000000 0.000000 -0.000000 0.000000 0.000000 0.000000 0.000000 -0.000000 0.000000
0.000000 -0.000000 0.000000 -0.000000 0.000000 0.000000 0.000000 0.000000 -0.000000 0.000000
0.000000 -0.000000 0.000000 -0.000000 0.000000 0.000000 0.000000 0.000000 -0.000000 0.000000
0.000000 -0.000000 0.000000 -0.000000 0.000000 0.000000 0.000000 0.000000 -0.000000 0.000000
0.000000 -0.000000 0.000000 -0.000000 0.000000 0.000000 0.000000 0.000000 -0.000000 0.000000
0.004785 0.000000 0.000000 0.000000 0.000005 0.002157 0.000131 0.000000 0.000000 0.001251
0.023955 0.000000 0.000000 0.000000 0.000000 0.008538 0.009910 0.000000 0.000000 0.003727
0.042409 0.000000 0.000000 0.000000 0.000000 0.025642 0.051141 0.000000 0.000000 0.001689
0.051051 0.000000 0.000000 0.000000 0.000000 0.089733 0.073598 0.009701 0.000000 0.000000
0.057094 0.000000 0.000000 0.000000 0.000000 0.135081 0.073678 0.000000 0.000000 0.000000
0.067496 0.057633 0.000000 0.097850 0.000000 0.102706 0.044609 0.016734 0.000000 0.003358
0.032003 0.129377 0.000000 0.166369 0.000000 0.050655 0.000000 0.000000 0.000000 0.012912
0.027860 0.131732 0.000000 0.129584 0.000000 0.000000 0.000000 0.004690 0.095728 0.017210
0.037902 0.074999 0.000000 0.018355 0.000000 0.000000 0.002990 0.015224 0.186990 0.000000
0.031110 0.000000 0.048822 0.000000 0.033847 0.000000 0.000000 0.043670 0.141596 0.032088
0.000000 0.000000 0.127035 0.000000 0.099709 0.000000 0.007230 0.031462 0.009964 0.022903
0.000000 0.000000 0.128623 0.003128 0.063896 0.000000 0.008303 0.018690 0.000000 0.000000
0.000000 0.000000 0.080202 0.003259 0.018410 0.000000 0.000000 0.002873 0.000000 0.000599
0.000000 0.000331 0.006998 0.001995 0.030286 0.000000 0.001150 0.000000 0.000000 0.010728
0.000000 0.000000 0.000000 0.000711 0.009915 0.000000 0.000000 0.001957 0.000000 0.010128
0.000000 -0.000000 0.000000 -0.000000 0.000000 0.000000 0.000000 0.000000 -0.000000 0.000000
0.000000 -0.000000 0.000000 -0.000000 0.000000 0.000000 0.000000 0.000000 -0.000000 0.000000
0.000000 -0.000000 0.000000 -0.000000 0.000000 0.000000 0.000000 0.000000 -0.000000 0.000000
0.000000 -0.000000 0.000000 -0.000000 0.000000 0.000000 0.000000 0.000000 -0.000000 0.000000
0.000000 -0.000000 0.000000 -0.000000 0.000000 0.000000 0.000000 0.000000 -0.000000 0.000000
0.000000 -0.000000 0.000000 -0.000000 0.000000 0.000000 0.000000 0.000000 -0.000000 0.000000
0.000000 -0.000000 0.000000 -0.000000 0.000000 0.000000 0.000000 0.000000 -0.000000 0.000000
0.000000 -0.000000 0.000000 -0.000000 0.000000 0.000000 0.000000 0.000000 -0.000000 0.000000
0.000000 -0.000000 0.000000 -0.000000 0.000000 0.000000 0.000000 0.000000 -0.000000 0.000000
0.000000 -0.000000 0.000000 -0.000000 0.000000 0.000000 0.000000 0.000000 -0.000000 0.000000
0.000000 -0.000000 0.000000 -0.000000 0.000000 0.000000 0.000000 0.000000 -0.000000 0.000000
0.000000 -0.000000 0.000000 -0.000000 0.000000 0.000000 0.000000 0.000000 -0.000000 0.000000
0.002635 0.000000 0.000000 0.000000 0.000000 0.000937 0.000123 0.000000 0.000000 0.000579
0.035344 0.000000 0.000000 0.000000 0.000000 0.007958 0.007476 0.000000 0.000000 0.004884
0.058347 0.000000 0.000000 0.000000 0.000000 0.015755 0.028259 0.000000 0.000000 0.004808
0.079431 0.000000 0.000000 0.000000 0.000000 0.077337 0.038165 0.000000 0.000000 0.000544
0.087636 0.000000 0.000000 0.000000 0.000000 0.137581 0.033506 0.000000 0.000000 0.000000
0.063933 0.040566 0.000000 0.050323 0.000000 0.120142 0.009753 0.029987 0.000000 0.000000
0.040104 0.113527 0.000000 0.128842 0.000000 0.064221 0.013929 0.010030 0.000000 0.005122
0.002649 0.146428 0.000000 0.167758 0.000000 0.000000 0.005221 0.000000 0.006089 0.010712
0.019143 0.099615 0.000000 0.061434 0.000000 0.000000 0.000684 0.000000 0.151602 0.000000
0.025256 0.020358 0.000000 0.000000 0.005539 0.000000 0.024211 0.018707 0.198087 0.000000
0.014387 0.000000 0.054572 0.000000 0.082463 0.000000 0.000000 0.043653 0.095721 0.012121
0.000000 0.000000 0.141045 0.000000 0.083257 0.000000 0.016043 0.031268 0.000000 0.025885
0.000000 0.000000 0.104950 0.000000 0.066627 0.000000 0.008206 0.000000 0.000000 0.000000
0.000000 0.000630 0.059117 0.002433 0.025260 0.000000 0.000000 0.000000 0.000000 0.003339
0.000000 0.000000 0.000000 0.001356 0.019407 0.000000 0.000643 0.000108 0.000000 0.013278
0.000071 0.000000 0.000000 0.000577 0.005264 0.000000 0.000000 0.003383 0.000000 0.009838
0.000000 -0.000000 0.000000 -0.000000 0.000000 0.000000 0.000000 0.000000 -0.000000 0.000000
0.000000 -0.000000 0.000000 -0.000000 0.000000 0.000000 0.000000 0.000000 -0.000000 0.000000
0.000000 -0.000000 0.000000 -0.000000 0.000000 0.000000 0.000000 0.000000 -0.000000 0.000000
0.000000 -0.000000 0.000000 -0.000000 0.000000 0.000000 0.000000 0.000000 -0.000000 0.000000
0.000000 -0.000000 0.000000 -0.000000 0.000000 0.000000 0.000000 0.000000 -0.000000 0.000000
0.000000 -0.000000 0.000000 -0.000000 0.000000 0.000000 0.000000 0.000000 -0.000000 0.000000
0.000000 -0.000000 0.000000 -0.000000 0.000000 0.000000 0.000000 0.000000 -0.000000 0.000000
0.000000 -0.000000 0.000000 -0.000000 0.000000 0.000000 0.000000 0.000000 -0.000000 0.000000
0.000000 -0.000000 0.000000 -0.000000 0.000000 0.000000 0.000000 0.000000 -0.000000 0.000000
0.000000 -0.000000 0.000000 -0.000000 0.000000 0.000000 0.000000 0.000000 -0.000000 0.000000
0.000000 -0.000000 0.000000 -0.000000 0.000000 0.000000 0.000000 0.000000 -0.000000 0.000000
0.000388 0.000000 0.000000 0.000000 0.000000 0.000175 0.000011 0.000000 0.000000 0.000101
0.020609 0.000000 0.000000 0.000000 0.000000 0.005378 0.005827 0.000000 0.000000 0.002887
0.062284 0.000000 0.000000 0.000000 0.000000 0.014544 0.028107 0.000000 0.000000 0.005557
0.076003 0.000000 0.000000 0.000000 0.000000 0.056761 0.031993 0.000000 0.000000 0.002453
0.100617 0.000000 0.000000 0.002282 0.000000 0.123480 0.003428 0.000000 0.000000 0.000000
0.069940 0.020313 0.000000 0.032692 0.000000 0.119928 0.000000 0.030427 0.000000 0.000000
0.031327 0.092873 0.000000 0.101139 0.000000 0.071938 0.000000 0.019585 0.000000 0.000000
0.005504 0.145422 0.000000 0.139991 0.000007 0.002063 0.010340 0.000000 0.000000 0.000000
0.000000 0.127745 0.000000 0.143555 0.000000 0.000000 0.011666 0.000000 0.059753 0.015474
0.020605 0.049601 0.000000 0.022920 0.000000 0.000000 0.010054 0.000000 0.181426 0.000000
0.019659 0.000000 0.013320 0.000000 0.017388 0.000000 0.025002 0.036311 0.174261 0.000000
0.000000 0.000000 0.076562 0.000000 0.094729 0.000000 0.000000 0.035464 0.057697 0.008907
0.000000 0.000000 0.133003 0.000000 0.083169 0.000000 0.018850 0.021661 0.000000 0.008228
0.000000 0.000000 0.089989 0.000000 0.078446 0.000000 0.003262 0.000000 0.000000 0.000000
0.000000 0.000302 0.047357 0.002395 0.017816 0.000000 0.000000 0.000000 0.000000 0.005919
0.000000 0.000000 0.002445 0.001161 0.007722 0.000000 0.000000 0.003823 0.000000 0.012454
0.000050 0.000000 0.000000 0.000403 0.003682 0.000000 0.000000 0.002366 0.000000 0.006882
0.000000 -0.000000 0.000000 -0.000000 0.000000 0.000000 0.000000 0.000000 -0.000000 0.000000
0.000000 -0.000000 0.000000 -0.000000 0.000000 0.000000 0.000000 0.000000 -0.000000 0.000000
0.000000 -0.000000 0.000000 -0.000000 0.000000 0.000000 0.000000 0.000000 -0.000000 0.000000
0.000000 -0.000000 0.000000 -0.000000 0.000000 0.000000 0.000000 0.000000 -0.000000 0.000000
0.000000 -0.000000 0.000000 -0.000000 0.000000 0.000000 0.000000 0.000000 -0.000000 0.000000
0.000000 -0.000000 0.000000 -0.000000 0.000000 0.000000 0.000000 0.000000 -0.000000 0.000000
0.000000 -0.000000 0.000000 -0.000000 0.000000 0.000000 0.000000 0.000000 -0.000000 0.000000
0.000000 -0.000000 0.000000 -0.000000 0.000000 0.000000 0.000000 0.000000 -0.000000 0.000000
0.000000 -0.000000 0.000000 -0.000000 0.000000 0.000000 0.000000 0.000000 -0.000000 0.000000
0.000000 -0.000000 0.000000 -0.000000 0.000000 0.000000 0.000000 0.000000 -0.000000 0.000000
0.000000 -0.000000 0.000000 -0.000000 0.000000 0.000000 0.000000 0.000000 -0.000000 0.000000
0.002090 0.000000 0.000000 0.000000 0.000029 0.001181 0.000846 0.000000 0.000000 0.000504
0.061407 0.000000 0.000000 0.000000 0.000000 0.010835 0.019067 0.000000 0.000000 0.006212
0.079823 0.000000 0.000000 0.000000 0.000000 0.025112 0.033937 0.000000 0.000000 0.006303
0.105998 0.000000 0.000000 0.000000 0.000000 0.102357 0.008836 0.000000 0.000000 0.000949
0.105296 0.000000 0.000000 0.031837 0.000000 0.115540 0.000000 0.032901 0.000000 0.000000
0.044136 0.066504 0.000000 0.061046 0.000000 0.094005 0.000000 0.029603 0.000000 0.000000
0.000000 0.135423 0.000000 0.099781 0.006956 0.023267 0.004121 0.000000 0.000000 0.000000
0.000000 0.146156 0.000000 0.122078 0.000000 0.000000 0.021609 0.000000 0.000000 0.000000
0.011628 0.089092 0.000000 0.092542 0.000000 0.000000 0.023314 0.000000 0.100557 0.017247
0.029697 0.006264 0.000000 0.009697 0.000000 0.000000 0.010340 0.023772 0.188848 0.000000
0.012208 0.000000 0.023236 0.000000 0.021348 0.000000 0.024096 0.050436 0.152902 0.000000
0.000000 0.000000 0.078782 0.000000 0.096185 0.000000 0.013436 0.019725 0.048297 0.000000
0.000000 0.000000 0.107821 0.000000 0.114907 0.000000 0.020504 0.000000 0.004196 0.000000
0.000000 0.000000 0.079677 0.002456 0.074559 0.000000 0.002124 0.000000 0.000000 0.000000
0.000000 0.000000 0.049405 0.001978 0.004375 0.000000 0.000000 0.003672 0.000000 0.008785
0.000088 0.000000 0.000000 0.000716 0.006535 0.000000 0.000000 0.004199 0.000000 0.012213
0.000036 0.000000 0.000000 0.000290 0.002645 0.000000 0.000000 0.001700 0.000000 0.004943
0.000000 -0.000000 0.000000 -0.000000 0.000000 0.000000 0.000000 0.000000 -0.000000 0.000000
0.000000 -0.000000 0.000000 -0.000000 0.000000 0.000000 0.000000 0.000000 -0.000000 0.000000
0.000000 -0.000000 0.000000 -0.000000 0.000000 0.000000 0.000000 0.000000 -0.000000 0.000000
0.000000 -0.000000 0.000000 -0.000000 0.000000 0.000000 0.000000 0.000000 -0.000000 0.000000
0.000000 -0.000000 0.000000 -0.000000 0.000000 0.000000 0.000000 0.000000 -0.000000 0.000000
0.000000 -0.000000 0.000000 -0.000000 0.000000 0.000000 0.000000 0.000000 -0.000000 0.000000
0.000000 -0.000000 0.000000 -0.000000 0.000000 0.000000 0.000000 0.000000 -0.000000 0.000000
0.000000 -0.000000 0.000000 -0.000000 0.000000 0.000000 0.000000 0.000000 -0.000000 0.000000
0.000000 -0.000000 0.000000 -0.000000 0.000000 0.000000 0.000000 0.000000 -0.000000 0.000000
0.000000 -0.000000 0.000000 -0.000000 0.000000 0.000000 0.000000 0.000000 -0.000000 0.000000
0.000000 -0.000000 0.000000 -0.000000 0.000000 0.000000 0.000000 0.000000 -0.000000 0.000000
0.000000 0.000000 0.000000 0.000000 0.000374 0.003145 0.010775 0.000000 0.000000 0.000000
0.043252 0.000000 0.000000 0.000000 0.000000 0.014915 0.037077 0.000000 0.000000 0.002354
0.098882 0.000000 0.000000 0.000000 0.000000 0.049942 0.032609 0.000000 0.000000 0.005773
0.117109 0.000000 0.000000 0.000000 0.000000 0.097486 0.000000 0.015533 0.000000 0.000705
0.078647 0.020461 0.000000 0.017854 0.000000 0.099925 0.000000 0.034021 0.000000 0.000000
0.014287 0.096274 0.000000 0.042850 0.000000 0.058488 0.000000 0.000295 0.000000 0.001567
0.000000 0.145819 0.000000 0.061814 0.009813 0.000000 0.002040 0.000000 0.000000 0.000000
0.000000 0.121799 0.000000 0.072360 0.000000 0.000000 0.027099 0.000000 0.020555 0.000000
0.004020 0.050762 0.000000 0.014177 0.000000 0.000000 0.039822 0.000000 0.119484 0.000000
0.017947 0.000000 0.000000 0.000000 0.000000 0.000000 0.019188 0.028925 0.169008 0.000000
0.008111 0.000000 0.043725 0.000000 0.021557 0.002416 0.000000 0.033457 0.136557 0.000000
0.000000 0.000000 0.074207 0.000000 0.103447 0.004998 0.000000 0.000000 0.058419 0.000000
0.000000 0.000000 0.105953 0.000000 0.098330 0.000000 0.013455 0.000000 0.015451 0.000000
0.000000 0.000000 0.078908 0.001289 0.023978 0.000000 0.000000 0.000695 0.000000 0.000000
0.000000 0.000000 0.035487 0.002593 0.003912 0.000000 0.000000 0.003688 0.000000 0.008094
0.000088 0.000000 0.000000 0.000719 0.006561 0.000000 0.000000 0.004216 0.000000 0.012261
0.000000 -0.000000 0.000000 -0.000000 0.000000 0.000000 0.000000 0.000000 -0.000000 0.000000
0.000000 -0.000000 0.000000 -0.000000 0.000000 0.000000 0.000000 0.000000 -0.000000 0.000000
0.000000 -0.000000 0.000000 -0.000000 0.000000 0.000000 0.000000 0.000000 -0.000000 0.000000
0.000000 -0.000000 0.000000 -0.000000 0.000000 0.000000 0.000000 0.000000 -0.000000 0.000000
0.000000 -0.000000 0.000000 -0.000000 0.000000 0.000000 0.000000 0.000000 -0.000000 0.000000
0.000000 -0.000000 0.000000 -0.000000 0.000000 0.000000 0.000000 0.000000 -0.000000 0.000000
0.000000 -0.000000 0.000000 -0.000000 0.000000 0.000000 0.000000 0.000000 -0.000000 0.000000
0.000000 -0.000000 0.000000 -0.000000 0.000000 0.000000 0.000000 0.000000 -0.000000 0.000000
0.000000 -0.000000 0.000000 -0.000000 0.000000 0.000000 0.000000 0.000000 -0.000000 0.000000
0.000000 -0.000000 0.000000 -0.000000 0.000000 0.000000 0.000000 0.000000 -0.000000 0.000000
0.000000 -0.000000 0.000000 -0.000000 0.000000 0.000000 0.000000 0.000000 -0.000000 0.000000
0.000000 -0.000000 0.000000 -0.000000 0.000000 0.000000 0.000000 0.000000 -0.000000 0.000000
0.000000 0.000000 0.000000 0.000000 0.000373 0.002592 0.010741 0.000000 0.000000 0.000000
0.000000 0.000000 0.000000 0.000000 0.000000 0.014860 0.037344 0.006328 0.000000 0.000000
0.048381 0.000000 0.000000 0.000000 0.000000 0.039039 0.010620 0.035403 0.000000 0.000000
0.068750 0.000000 0.000000 0.000000 0.000000 0.058390 0.000000 0.036964 0.000000 0.000000
0.035893 0.026005 0.000000 0.000942 0.000000 0.049131 0.000000 0.014579 0.000000 0.000696
0.000000 0.080533 0.006969 0.000000 0.000000 0.022222 0.000000 0.000000 0.000000 0.003009
0.000000 0.114665 0.000000 0.000000 0.005987 0.000000 0.031984 0.000000 0.000000 0.000000
0.000000 0.081006 0.000000 0.000000 0.018628 0.000000 0.052209 0.000000 0.013766 0.000000
0.000000 0.012650 0.000000 0.000000 0.020346 0.000000 0.004237 0.000000 0.076155 0.000000
0.015056 0.000000 0.000000 0.000000 0.019987 0.009174 0.000000 0.000000 0.100652 0.000000
0.012103 0.000000 0.024298 0.000000 0.043705 0.007977 0.000000 0.000000 0.076806 0.000000
0.000000 0.000000 0.071314 0.000000 0.065955 0.003710 0.000000 0.000000 0.033504 0.000000
0.000000 0.000000 0.068011 0.000000 0.056949 0.000000 0.019521 0.000000 0.002640 0.000000
0.000000 0.000000 0.039518 0.004527 0.032805 0.000000 0.000483 0.000000 0.000000 0.000000
0.000000 0.000000 0.015602 0.001767 0.006946 0.000000 0.000000 0.002362 0.000000 0.006613
0.000074 0.000000 0.000000 0.000602 0.005498 0.000000 0.000000 0.003533 0.000000 0.010274
0.000000 -0.000000 0.000000 -0.000000 0.000000 0.000000 0.000000 0.000000 -0.000000 0.000000
0.000000 -0.000000 0.000000 -0.000000 0.000000 0.000000 0.000000 0.000000 -0.000000 0.000000
0.000000 -0.000000 0.000000 -0.000000 0.000000 0.000000 0.000000 0.000000 -0.000000 0.000000
0.000000 -0.000000 0.000000 -0.000000 0.000000 0.000000 0.000000 0.000000 -0.000000 0.000000
0.000000 -0.000000 0.000000 -0.000000 0.000000 0.000000 0.000000 0.000000 -0.000000 0.000000
0.000000 -0.000000 0.000000 -0.000000 0.000000 0.000000 0.000000 0.000000 -0.000000 0.000000
0.000000 -0.000000 0.000000 -0.000000 0.000000 0.000000 0.000000 0.000000 -0.000000 0.000000
0.000000 -0.000000 0.000000 -0.000000 0.000000 0.000000 0.000000 0.000000 -0.000000 0.000000
0.000000 -0.000000 0.000000 -0.000000 0.000000 0.000000 0.000000 0.000000 -0.000000 0.000000
0.000000 -0.000000 0.000000 -0.000000 0.000000 0.000000 0.000000 0.000000 -0.000000 0.000000
0.000000 -0.000000 0.000000 -0.000000 0.000000 0.000000 0.000000 0.000000 -0.000000 0.000000
0.000000 -0.000000 0.000000 -0.000000 0.000000 0.000000 0.000000 0.000000 -0.000000 0.000000
0.000000 -0.000000 0.000000 -0.000000 0.000000 0.000000 0.000000 0.000000 -0.000000 0.000000
0.001142 0.000305 0.000000 0.000254 0.000000 0.000000 0.000313 0.013009 0.000000 0.000000
0.000000 0.000385 0.000000 0.000000 0.000000 0.002525 0.000000 0.024133 0.000000 0.000000
0.000000 0.001687 0.000000 0.000000 0.005285 0.010026 0.000000 0.012306 0.000000 0.000000
0.001248 0.002285 0.000000 0.000000 0.008465 0.006642 0.000000 0.000000 0.000000 0.000000
0.000000 -0.000000 0.000000 -0.000000 0.000000 0.000000 0.000000 0.000000 -0.000000 0.000000
0.000244 0.000000 0.000000 0.000037 0.000563 0.000000 0.000000 0.000509 0.000200 0.000000
0.004133 0.000000 0.000000 0.000631 0.009522 0.000000 0.000000 0.008609 0.003377 0.000000
0.003746 0.000000 0.000000 0.000115 0.010710 0.000000 0.000470 0.010601 0.007674 0.000000
0.000992 0.000000 0.000000 0.000000 0.008584 0.000000 0.005352 0.008848 0.011362 0.000000
0.000000 0.000000 0.000000 0.000456 0.020487 0.000267 0.005510 0.000143 0.000000 0.000000
0.000000 0.000000 0.006206 0.001925 0.033544 0.000000 0.002887 0.000000 0.000000 0.000000
0.000000 0.000000 0.009301 0.002808 0.042478 0.000000 0.002901 0.000000 0.000000 0.000000
0.000000 0.000000 0.001623 0.002231 0.030704 0.000000 0.002226 0.000000 0.000000 0.000000
0.000421 0.000000 0.000000 0.000786 0.010552 0.000000 0.000975 0.000000 0.000000 0.000000
0.000000 -0.000000 0.000000 -0.000000 0.000000 0.000000 0.000000 0.000000 -0.000000 0.000000
0.000000 -0.000000 0.000000 -0.000000 0.000000 0.000000 0.000000 0.000000 -0.000000 0.000000
0.000000 -0.000000 0.000000 -0.000000 0.000000 0.000000 0.000000 0.000000 -0.000000 0.000000
0.000000 -0.000000 0.000000 -0.000000 0.000000 0.000000 0.000000 0.000000 -0.000000 0.000000
0.000000 -0.000000 0.000000 -0.000000 0.000000 0.000000 0.000000 0.000000 -0.000000 0.000000
0.000000 -0.000000 0.000000 -0.000000 0.000000 0.000000 0.000000 0.000000 -0.000000 0.000000
0.000000 -0.000000 0.000000 -0.000000 0.000000 0.000000 0.000000 0.000000 -0.000000 0.000000
0.000000 -0.000000 0.000000 -0.000000 0.000000 0.000000 0.000000 0.000000 -0.000000 0.000000
0.000000 -0.000000 0.000000 -0.000000 0.000000 0.000000 0.000000 0.000000 -0.000000 0.000000
