0.000000 0.000000 0.000000 0.000000 -0.000000 -0.000000 -0.000000 0.000000 0.000000 0.000000
0.000000 0.000000 0.000000 0.000000 -0.000000 -0.000000 -0.000000 0.000000 0.000000 0.000000
0.000000 0.000000 0.000000 0.000000 -0.000000 -0.000000 -0.000000 0.000000 0.000000 0.000000
0.000000 0.000000 0.000000 -0.000000 -0.000000 -0.000000 -0.000000 0.000000 0.000000 0.000000
0.000000 0.000000 0.000000 -0.000000 -0.000000 -0.000000 -0.000000 0.000000 0.000000 0.000000
0.000000 0.000000 0.000000 -0.000000 -0.000000 -0.000000 -0.000000 0.000000 0.000000 0.000000
0.000000 0.000000 0.000000 -0.000000 -0.000000 -0.000000 0.000000 0.000000 0.000000 0.000000
0.000000 0.000000 0.000000 -0.000000 -0.000000 -0.000000 0.000000 0.000000 0.000000 0.000000
0.000000 0.000000 0.000000 -0.000000 -0.000000 -0.000000 0.000000 0.000000 -0.000000 0.000000
0.000000 0.000000 0.000000 -0.000000 -0.000000 -0.000000 0.000000 0.000000 -0.000000 0.000000
0.000000 0.000000 0.000000 -0.000000 -0.000000 -0.000000 0.000000 0.000000 -0.000000 0.000000
0.000000 0.000000 0.000000 -0.000000 -0.000000 -0.000000 0.000000 0.000000 -0.000000 0.000000
0.000000 0.000000 0.000000 -0.000000 -0.000000 -0.000000 0.000000 0.000000 -0.000000 0.000000
0.000000 0.000000 0.000000 -0.000000 -0.000000 -0.000000 0.000000 0.000000 -0.000000 0.000000
0.000000 0.000000 0.000000 -0.000000 -0.000000 -0.000000 0.000000 0.000000 -0.000000 0.000000
0.000000 0.000000 0.000000 -0.000000 -0.000000 -0.000000 0.000000 0.000000 -0.000000 0.000000
0.000000 0.000000 0.000000 -0.000000 -0.000000 -0.000000 0.000000 0.000000 -0.000000 0.000000
0.000000 0.000000 0.000000 -0.000000 -0.000000 -0.000000 0.000000 0.000000 -0.000000 0.000000
0.000000 0.000000 0.000000 -0.000000 -0.000000 -0.000000 0.000000 0.000000 -0.000000 0.000000
0.000000 0.000000 0.000000 -0.000000 -0.000000 -0.000000 0.000000 0.000000 -0.000000 0.000000
0.000000 0.000000 0.000000 -0.000000 -0.000000 -0.000000 0.000000 0.000000 -0.000000 0.000000
0.000000 0.000000 0.000000 -0.000000 -0.000000 -0.000000 0.000000 0.000000 -0.000000 0.000000
0.000000 0.000000 0.000000 -0.000000 -0.000000 -0.000000 0.000000 0.000000 -0.000000 0.000000
0.000000 0.000000 0.000000 -0.000000 -0.000000 -0.000000 0.000000 0.000000 -0.000000 0.000000
0.000000 0.000000 0.000000 -0.000000 -0.000000 -0.000000 0.000000 0.000000 -0.000000 0.000000
0.000000 0.000000 0.000000 -0.000000 -0.000000 -0.000000 0.000000 0.000000 -0.000000 0.000000
0.000000 0.000000 0.000000 -0.000000 -0.000000 -0.000000 0.000000 0.000000 -0.000000 0.000000
0.000000 0.000000 0.000000 -0.000000 -0.000000 -0.000000 0.000000 0.000000 -0.000000 0.000000
0.000000 0.000000 0.000000 -0.000000 -0.000000 -0.000000 0.000000 0.000000 -0.000000 0.000000
0.000000 0.000000 0.000000 -0.000000 -0.000000 -0.000000 0.000000 0.000000 -0.000000 0.000000
0.000000 0.000000 0.000000 -0.000000 -0.000000 -0.000000 0.000000 0.000000 -0.000000 0.000000
0.000000 0.000000 0.000000 -0.000000 -0.000000 -0.000000 0.000000 0.000000 -0.000000 0.000000
0.000000 0.000000 0.000000 -0.000000 -0.000000 -0.000000 0.000000 0.000000 -0.000000 0.000000
0.000000 0.000000 0.000000 -0.000000 -0.000000 -0.000000 0.000000 0.000000 -0.000000 0.000000
0.000000 0.000000 0.000000 -0.000000 -0.000000 -0.000000 0.000000 0.000000 -0.000000 0.000000
0.000000 0.000000 0.000000 -0.000000 -0.000000 -0.000000 0.000000 0.000000 -0.000000 0.000000
0.000000 0.000000 0.000000 -0.000000 -0.000000 -0.000000 0.000000 0.000000 -0.000000 0.000000
0.000000 0.000000 0.000000 -0.000000 -0.000000 -0.000000 0.000000 0.000000 -0.000000 0.000000
0.000000 0.000000 0.000000 -0.000000 -0.000000 -0.000000 0.000000 0.000000 -0.000000 0.000000
0.000000 0.000000 0.000000 -0.000000 -0.000000 -0.000000 0.000000 0.000000 -0.000000 0.000000
0.000000 0.000000 0.000000 -0.000000 -0.000000 -0.000000 0.000000 0.000000 -0.000000 0.000000
0.000000 0.000000 0.000000 -0.000000 -0.000000 -0.000000 0.000000 0.000000 -0.000000 0.000000
0.000000 0.000000 0.000000 -0.000000 -0.000000 -0.000000 0.000000 0.000000 -0.000000 0.000000
0.000000 0.000000 0.000000 -0.000000 -0.000000 -0.000000 0.000000 0.000000 -0.000000 0.000000
0.000000 0.000000 0.000000 -0.000000 -0.000000 -0.000000 0.000000 0.000000 -0.000000 0.000000
0.000000 0.000000 0.000000 -0.000000 -0.000000 -0.000000 0.000000 0.000000 -0.000000 0.000000
0.000000 0.000000 0.000000 -0.000000 -0.000000 -0.000000 0.000000 0.000000 -0.000000 0.000000
0.000000 0.000000 0.000000 -0.000000 -0.000000 -0.000000 0.000000 0.000000 -0.000000 0.000000
0.000000 0.000000 0.000000 -0.000000 -0.000000 -0.000000 0.000000 0.000000 -0.000000 0.000000
0.000000 0.000000 0.000000 -0.000000 -0.000000 -0.000000 0.000000 0.000000 -0.000000 0.000000
0.000000 0.000000 0.000000 -0.000000 -0.000000 -0.000000 0.000000 0.000000 -0.000000 0.000000
0.000000 0.000000 0.000000 -0.000000 -0.000000 -0.000000 0.000000 0.000000 -0.000000 0.000000
0.000000 0.000000 0.000000 -0.000000 -0.000000 -0.000000 0.000000 0.000000 -0.000000 0.000000
0.000000 0.000000 0.000000 -0.000000 -0.000000 -0.000000 0.000000 0.000000 -0.000000 0.000000
0.000000 0.000000 0.000000 -0.000000 -0.000000 -0.000000 0.000000 0.000000 -0.000000 0.000000
0.000000 0.000000 0.000000 -0.000000 -0.000000 -0.000000 0.000000 0.000000 -0.000000 0.000000
0.000000 0.000000 0.000000 -0.000000 -0.000000 -0.000000 0.000000 0.000000 -0.000000 0.000000
0.000000 0.000000 0.000000 -0.000000 -0.000000 -0.000000 0.000000 0.000000 -0.000000 0.000000
0.000000 0.000000 0.000000 -0.000000 -0.000000 -0.000000 0.000000 0.000000 -0.000000 0.000000
0.000000 0.000000 0.000000 -0.000000 -0.000000 -0.000000 0.000000 0.000000 -0.000000 0.000000
0.000000 0.000000 0.000000 -0.000000 -0.000000 -0.000000 0.000000 0.000000 -0.000000 0.000000
0.000000 0.000000 0.000000 -0.000000 -0.000000 -0.000000 0.000000 0.000000 -0.000000 0.000000
0.000000 0.000000 0.000000 -0.000000 -0.000000 -0.000000 0.000000 0.000000 -0.000000 0.000000
0.000000 0.000000 0.000000 -0.000000 -0.000000 -0.000000 0.000000 0.000000 -0.000000 0.000000
0.000000 0.000000 0.000000 -0.000000 -0.000000 -0.000000 0.000000 0.000000 -0.000000 0.000000
0.000000 0.000000 0.000000 -0.000000 -0.000000 -0.000000 0.000000 0.000000 -0.000000 0.000000
0.000000 0.000000 0.000000 -0.000000 -0.000000 -0.000000 0.000000 0.000000 -0.000000 0.000000
0.000000 0.000000 0.000000 -0.000000 -0.000000 -0.000000 0.000000 0.000000 -0.000000 0.000000
0.000000 0.000000 0.000000 -0.000000 -0.000000 -0.000000 0.000000 0.000000 -0.000000 0.000000
0.000000 0.000000 0.000000 -0.000000 -0.000000 -0.000000 0.000000 0.000000 -0.000000 0.000000
0.000000 0.000000 0.000000 -0.000000 -0.000000 -0.000000 0.000000 0.000000 -0.000000 0.000000
0.000000 0.000000 0.000000 -0.000000 -0.000000 -0.000000 0.000000 0.000000 -0.000000 0.000000
0.000000 0.000000 0.000000 -0.000000 -0.000000 -0.000000 0.000000 0.000000 -0.000000 0.000000
0.000000 0.000000 0.000000 -0.000000 -0.000000 -0.000000 0.000000 0.000000 -0.000000 0.000000
0.000000 0.000000 0.000000 -0.000000 -0.000000 -0.000000 0.000000 0.000000 -0.000000 0.000000
0.000000 0.000000 0.000000 -0.000000 -0.000000 -0.000000 0.000000 0.000000 -0.000000 0.000000
0.000000 0.000000 0.000000 -0.000000 -0.000000 -0.000000 0.000000 0.000000 -0.000000 0.000000
0.000000 0.000000 0.000000 -0.000000 -0.000000 -0.000000 0.000000 0.000000 -0.000000 0.000000
0.000000 0.000000 0.000000 -0.000000 -0.000000 -0.000000 0.000000 0.000000 -0.000000 0.000000
0.000000 0.000000 0.000000 -0.000000 -0.000000 -0.000000 0.000000 0.000000 -0.000000 0.000000
0.000000 0.000000 0.000000 -0.000000 -0.000000 -0.000000 0.000000 0.000000 -0.000000 0.000000
0.000000 0.000000 0.000000 -0.000000 -0.000000 -0.000000 0.000000 0.000000 -0.000000 0.000000
0.000000 0.000000 0.000000 -0.000000 -0.000000 -0.000000 0.000000 0.000000 -0.000000 0.000000
0.000000 0.000000 0.000000 -0.000000 -0.000000 -0.000000 0.000000 0.000000 -0.000000 0.000000
0.000000 0.000000 0.000000 -0.000000 -0.000000 -0.000000 0.000000 0.000000 -0.000000 0.000000
0.000000 0.000000 0.000000 -0.000000 -0.000000 -0.000000 0.000000 0.000000 -0.000000 0.000000
0.000000 0.000000 0.000000 -0.000000 -0.000000 -0.000000 0.000000 0.000000 -0.000000 0.000000
0.000000 0.000000 0.000000 -0.000000 -0.000000 -0.000000 0.000000 0.000000 -0.000000 0.000000
0.000000 0.000000 0.000000 -0.000000 -0.000000 -0.000000 0.000000 0.000000 -0.000000 0.000000
0.000000 0.000000 0.000000 -0.000000 -0.000000 -0.000000 0.000000 0.000000 -0.000000 0.000000
0.000000 0.000000 0.000000 -0.000000 -0.000000 -0.000000 0.000000 0.000000 -0.000000 0.000000
0.000000 0.000000 0.000000 -0.000000 -0.000000 -0.000000 0.000000 0.000000 -0.000000 0.000000
0.000000 0.000000 0.000000 -0.000000 -0.000000 -0.000000 0.000000 0.000000 -0.000000 0.000000
0.000000 0.000000 0.000000 -0.000000 -0.000000 -0.000000 0.000000 0.000000 -0.000000 0.000000
0.000000 0.000000 0.000000 -0.000000 -0.000000 -0.000000 0.000000 0.000000 -0.000000 0.000000
0.000000 0.000000 0.000000 -0.000000 -0.000000 -0.000000 0.000000 0.000000 -0.000000 0.000000
0.000000 0.000000 0.000000 -0.000000 -0.000000 -0.000000 0.000000 0.000000 -0.000000 0.000000
0.000000 0.000000 0.000000 -0.000000 -0.000000 -0.000000 0.000000 0.000000 -0.000000 0.000000
0.000000 0.000000 0.000000 -0.000000 -0.000000 -0.000000 0.000000 0.000000 -0.000000 0.000000
0.000000 0.000000 0.000000 -0.000000 -0.000000 -0.000000 0.000000 0.000000 -0.000000 0.000000
0.000000 0.000000 0.000000 -0.000000 -0.000000 -0.000000 0.000000 0.000000 -0.000000 0.000000
0.000000 0.000000 0.000000 -0.000000 -0.000000 -0.000000 0.000000 0.000000 -0.000000 0.000000
0.000000 0.000000 0.000000 -0.000000 -0.000000 -0.000000 0.000000 0.000000 -0.000000 0.000000
0.000000 0.000000 0.000000 -0.000000 -0.000000 -0.000000 0.000000 0.000000 -0.000000 0.000000
0.000000 0.000000 0.000000 -0.000000 -0.000000 -0.000000 0.000000 0.000000 -0.000000 0.000000
0.000000 0.000000 0.000000 -0.000000 -0.000000 -0.000000 0.000000 0.000000 -0.000000 0.000000
0.000000 0.000000 0.000000 -0.000000 -0.000000 -0.000000 0.000000 0.000000 -0.000000 0.000000
0.000000 0.000000 0.000000 -0.000000 -0.000000 -0.000000 0.000000 0.000000 -0.000000 0.000000
0.000000 0.000000 0.000000 -0.000000 -0.000000 -0.000000 0.000000 0.000000 -0.000000 0.000000
0.000000 0.000000 0.000000 -0.000000 -0.000000 -0.000000 0.000000 0.000000 -0.000000 0.000000
0.000000 0.000000 0.000000 -0.000000 -0.000000 -0.000000 0.000000 0.000000 -0.000000 0.000000
0.000000 0.000000 0.000000 -0.000000 -0.000000 -0.000000 0.000000 0.000000 -0.000000 0.000000
0.000000 0.000000 0.000000 -0.000000 -0.000000 -0.000000 0.000000 0.000000 -0.000000 0.000000
0.000000 0.000000 0.000000 -0.000000 -0.000000 -0.000000 0.000000 0.000000 -0.000000 0.000000
0.000000 0.000000 0.000000 -0.000000 -0.000000 -0.000000 0.000000 0.000000 -0.000000 0.000000
0.000000 0.000000 0.000000 -0.000000 -0.000000 -0.000000 0.000000 0.000000 -0.000000 0.000000
0.000000 0.000000 0.000000 -0.000000 -0.000000 -0.000000 0.000000 0.000000 -0.000000 0.000000
0.000000 0.000000 0.000000 -0.000000 -0.000000 -0.000000 0.000000 0.000000 -0.000000 0.000000
0.000000 0.000000 0.000000 -0.000000 -0.000000 -0.000000 0.000000 0.000000 -0.000000 0.000000
0.000014 0.000001 0.000000 0.000000 0.000000 0.000000 0.000060 0.000000 0.000000 0.000026
0.000018 0.000002 0.000000 0.000000 0.000000 0.000000 0.000076 0.000000 0.000000 0.000033
0.000011 0.000001 0.000000 0.000000 0.000000 0.000000 0.000045 0.000000 0.000000 0.000019
0.000000 0.000000 0.000000 -0.000000 -0.000000 -0.000000 0.000000 0.000000 -0.000000 0.000000
0.000225 0.000000 0.000226 0.000016 0.000000 0.000007 0.000000 0.000000 0.000000 0.000000
0.000455 0.000000 0.000501 0.000041 0.000000 0.000000 0.000000 0.000000 0.000000 0.000000
0.000536 0.000000 0.000498 0.000031 0.000000 0.000031 0.000000 0.000000 0.000000 0.000000
0.000644 0.000000 0.000494 0.000018 0.000000 0.000073 0.000000 0.000000 0.000000 0.000000
0.000437 0.000000 0.000428 0.000030 0.000000 0.000018 0.000000 0.000000 0.000000 0.000000
0.000108 0.000000 0.000182 0.000021 0.000000 0.000000 0.000000 0.000000 0.000000 0.000000
0.000002 0.000000 0.000004 0.000000 0.000000 0.000000 0.000000 0.000000 0.000000 0.000000
0.000000 0.000000 0.000000 -0.000000 -0.000000 -0.000000 0.000000 0.000000 -0.000000 0.000000
0.000000 0.000000 0.000000 -0.000000 -0.000000 -0.000000 0.000000 0.000000 -0.000000 0.000000
0.000000 0.000000 0.000000 -0.000000 -0.000000 -0.000000 0.000000 0.000000 -0.000000 0.000000
0.000163 0.000465 0.000000 0.000000 0.000000 0.000004 0.000399 0.000000 0.000000 0.000000
0.000032 0.000092 0.000000 0.000000 0.000000 0.000001 0.000079 0.000000 0.000000 0.000000
0.000000 0.000000 0.000000 -0.000000 -0.000000 -0.000000 0.000000 0.000000 -0.000000 0.000000
0.000000 0.000000 0.000000 -0.000000 -0.000000 -0.000000 0.000000 0.000000 -0.000000 0.000000
0.000000 0.000000 0.000000 -0.000000 -0.000000 -0.000000 0.000000 0.000000 -0.000000 0.000000
0.000000 0.000000 0.000000 -0.000000 -0.000000 -0.000000 0.000000 0.000000 -0.000000 0.000000
0.000000 0.000000 0.000000 -0.000000 -0.000000 -0.000000 0.000000 0.000000 -0.000000 0.000000
0.000000 0.000000 0.000000 -0.000000 -0.000000 -0.000000 0.000000 0.000000 -0.000000 0.000000
0.000000 0.000000 0.000000 -0.000000 -0.000000 -0.000000 0.000000 0.000000 -0.000000 0.000000
0.000000 0.000000 0.000000 -0.000000 -0.000000 -0.000000 0.000000 0.000000 -0.000000 0.000000
0.000000 0.000000 0.000000 -0.000000 -0.000000 -0.000000 0.000000 0.000000 -0.000000 0.000000
0.000293 0.000000 0.000000 0.000000 0.000367 0.000160 0.000000 0.000039 0.000000 0.000068
0.000779 0.000890 0.000000 0.000000 0.000864 0.000383 0.000000 0.000020 0.000000 0.000151
0.001524 0.001298 0.000000 0.000000 0.001033 0.001624 0.000000 0.000000 0.000000 0.000576
0.003139 0.002908 0.000000 0.000000 0.000843 0.003060 0.000000 0.000000 0.000000 0.000823
0.006851 0.000538 0.000000 0.000000 0.001301 0.003347 0.000000 0.000000 0.000000 0.001261
0.010151 0.000524 0.000000 0.000000 0.002190 0.003119 0.000000 0.000000 0.000000 0.000713
0.011544 0.002054 0.000126 0.000000 0.002617 0.002957 0.000000 0.000000 0.000000 0.000365
0.013611 0.002020 0.001641 0.000000 0.002922 0.002085 0.000000 0.000711 0.000000 0.000000
0.014926 0.002421 0.002162 0.000000 0.002595 0.001261 0.000358 0.000690 0.000000 0.000000
0.014772 0.001985 0.001955 0.000000 0.002379 0.000000 0.000874 0.000405 0.000000 0.000000
0.013527 0.002428 0.001978 0.000000 0.002051 0.000000 0.000981 0.000041 0.000000 0.000000
0.011111 0.003007 0.001414 0.000000 0.001941 0.000000 0.000529 0.000745 0.000000 0.000000
0.009054 0.003735 0.000853 0.000000 0.001337 0.000000 0.000422 0.000376 0.000000 0.000000
0.005083 0.003147 0.000463 0.000000 0.000659 0.000000 0.000393 0.000672 0.000000 0.000000
0.002334 0.003942 0.000229 0.000000 0.000465 0.000000 0.000213 0.000536 0.000000 0.000000
0.001390 0.001384 0.000000 0.000000 0.000262 0.000045 0.000045 0.000381 0.000000 0.000000
0.000169 0.000753 0.000000 0.000000 0.000044 0.000000 0.000397 0.000837 0.000000 0.000000
0.000000 0.000938 0.000000 0.000000 0.000000 0.000000 0.001020 0.000702 0.000000 0.000000
0.000000 0.000408 0.000000 0.000000 0.000000 0.000000 0.000615 0.000582 0.000016 0.000000
0.000000 0.000002 0.000000 0.000000 0.000000 0.000000 0.000001 0.000004 0.000001 0.000000
0.000000 0.000000 0.000000 -0.000000 -0.000000 -0.000000 0.000000 0.000000 -0.000000 0.000000
0.000000 0.000000 0.000000 -0.000000 -0.000000 -0.000000 0.000000 0.000000 -0.000000 0.000000
0.000000 0.000000 0.000000 -0.000000 -0.000000 -0.000000 0.000000 0.000000 -0.000000 0.000000
0.000000 0.000000 0.000000 -0.000000 -0.000000 -0.000000 0.000000 0.000000 -0.000000 0.000000
0.000000 0.000000 0.000000 -0.000000 -0.000000 -0.000000 0.000000 0.000000 -0.000000 0.000000
0.000000 0.000000 0.000000 -0.000000 -0.000000 -0.000000 0.000000 0.000000 -0.000000 0.000000
0.000000 0.000000 0.000000 0.001104 0.000000 0.000000 0.000000 0.000081 0.000096 0.000075
0.000000 0.000210 0.000000 0.001453 0.000000 0.000193 0.000000 0.000000 0.000000 0.000161
0.000000 0.002094 0.000000 0.001050 0.000909 0.003501 0.000000 0.000000 0.000000 0.001143
0.002381 0.005966 0.000000 0.000000 0.003327 0.009518 0.000000 0.000000 0.000000 0.002938
0.008153 0.015709 0.000000 0.000000 0.004807 0.017553 0.000000 0.000000 0.000000 0.005947
0.021733 0.019229 0.000000 0.000000 0.005610 0.025397 0.000000 0.000000 0.000000 0.009114
0.044388 0.018578 0.000000 0.000000 0.007086 0.031198 0.000000 0.000000 0.000000 0.010486
0.072426 0.012727 0.000000 0.000000 0.009127 0.032427 0.000000 0.000000 0.000000 0.009482
0.103697 0.007997 0.011525 0.000000 0.012289 0.029098 0.000000 0.000000 0.000000 0.004702
0.126860 0.001290 0.024851 0.000000 0.013929 0.021743 0.000000 0.004232 0.000000 0.000000
0.140834 0.000000 0.030245 0.000000 0.013773 0.017105 0.000000 0.006330 0.000000 0.000000
0.146691 0.000000 0.032247 0.000000 0.013324 0.011538 0.000000 0.009623 0.000000 0.000000
0.145649 0.000746 0.031732 0.000000 0.012231 0.007987 0.000000 0.011649 0.000000 0.000000
0.138088 0.004442 0.025863 0.000000 0.009364 0.003948 0.000000 0.014046 0.000000 0.000000
0.125156 0.008146 0.018045 0.000000 0.004319 0.000000 0.000000 0.019373 0.000000 0.000000
0.097132 0.011116 0.016944 0.001033 0.000000 0.000000 0.000000 0.025230 0.003523 0.000000
0.055001 0.014115 0.017368 0.004315 0.000000 0.000000 0.000000 0.032097 0.008841 0.000000
0.021632 0.018325 0.015464 0.002675 0.000000 0.000000 0.000000 0.033922 0.008069 0.000000
0.001787 0.017100 0.012695 0.001163 0.000000 0.000000 0.000000 0.030687 0.005562 0.000000
0.000000 0.012134 0.008916 0.000000 0.000000 0.000000 0.000000 0.023264 0.003249 0.000000
0.000000 0.005516 0.006408 0.000000 0.000014 0.000000 0.000284 0.012832 0.001301 0.000000
0.000000 0.001799 0.002296 0.000000 0.000000 0.000000 0.000000 0.004503 0.000487 0.000000
0.000000 0.000306 0.000713 0.000000 0.000000 0.000000 0.000033 0.000740 0.000060 0.000000
0.000000 0.000000 0.000042 0.000000 0.000000 0.000000 0.000003 0.000036 0.000002 0.000000
0.000000 0.000000 0.000000 -0.000000 -0.000000 -0.000000 0.000000 0.000000 -0.000000 0.000000
0.000000 0.000000 0.000000 -0.000000 -0.000000 -0.000000 0.000000 0.000000 -0.000000 0.000000
0.000000 0.000000 0.000000 0.000044 0.000000 0.000047 0.000024 0.000000 0.000000 0.000012
0.000000 0.000000 0.000000 0.000532 0.000000 0.000167 0.000201 0.000000 0.000000 0.000060
0.000000 0.000000 0.000000 0.005345 0.000224 0.000358 0.000000 0.000101 0.000342 0.000295
0.000000 0.000025 0.000000 0.011014 0.001828 0.002836 0.000000 0.000000 0.000000 0.000983
0.000000 0.005436 0.000000 0.018397 0.007053 0.014675 0.000000 0.000000 0.000000 0.005344
0.000000 0.022321 0.000000 0.022108 0.013444 0.033450 0.000000 0.000000 0.000000 0.012868
0.000000 0.041574 0.000000 0.025932 0.017242 0.057525 0.000000 0.000000 0.000000 0.023521
0.010333 0.054848 0.000000 0.022301 0.020944 0.083706 0.000000 0.000000 0.000000 0.037432
0.049488 0.048867 0.000000 0.011430 0.022041 0.106612 0.000000 0.000000 0.000000 0.048456
0.095263 0.030115 0.000000 0.008239 0.019577 0.120676 0.000000 0.000000 0.000000 0.053477
0.139183 0.011507 0.000000 0.008305 0.016467 0.120496 0.000000 0.015710 0.000000 0.050446
0.168682 0.000000 0.019209 0.016173 0.012322 0.110124 0.000000 0.031983 0.009617 0.044669
0.184514 0.000000 0.033535 0.023479 0.005914 0.097117 0.000000 0.047804 0.021959 0.039412
0.186605 0.000000 0.035478 0.034167 0.000994 0.085912 0.000000 0.061390 0.035552 0.036931
0.178898 0.000000 0.035128 0.042428 0.000000 0.073179 0.000000 0.076023 0.053630 0.029972
0.168512 0.000000 0.028413 0.046929 0.000000 0.058128 0.000000 0.089284 0.070796 0.022597
0.149649 0.000000 0.014798 0.051346 0.000000 0.035573 0.000000 0.100553 0.088723 0.019695
0.114715 0.000000 0.009809 0.053753 0.000000 0.007832 0.000000 0.110301 0.102281 0.021038
0.054905 0.000000 0.015242 0.047484 0.000000 0.000000 0.000000 0.119284 0.101411 0.026581
0.000000 0.008429 0.022345 0.022753 0.000000 0.000000 0.000000 0.120329 0.074663 0.034961
0.000000 0.020335 0.042057 0.001426 0.000000 0.000000 0.000000 0.101839 0.030766 0.033324
0.000000 0.021001 0.049910 0.000000 0.003206 0.000000 0.000086 0.072488 0.003995 0.019724
0.000000 0.011959 0.036735 0.000000 0.005800 0.000000 0.003225 0.039085 0.000000 0.006990
0.000000 0.006834 0.020991 0.000000 0.003339 0.000000 0.002442 0.016144 0.000000 0.001909
0.000000 0.003494 0.005023 0.000000 0.000323 0.000000 0.000343 0.003740 0.000000 0.000252
0.000000 0.000002 0.001330 0.000000 0.000000 0.000013 0.000000 0.000192 0.000000 0.000291
0.000000 0.000000 0.000000 -0.000000 -0.000000 -0.000000 0.000000 0.000000 -0.000000 0.000000
0.000000 0.000000 0.000000 -0.000000 -0.000000 -0.000000 0.000000 0.000000 -0.000000 0.000000
0.000000 0.000000 0.000000 0.000178 0.000000 0.000190 0.000097 0.000000 0.000000 0.000048
0.000000 0.000000 0.000000 0.004649 0.000000 0.000000 0.000826 0.000000 0.000090 0.000000
0.000000 0.000000 0.000000 0.017385 0.003350 0.000000 0.001321 0.000000 0.001041 0.000000
0.000000 0.000000 0.000000 0.036665 0.013714 0.005462 0.000000 0.000000 0.002362 0.001855
0.000000 0.006909 0.000000 0.057580 0.025303 0.022644 0.000000 0.000000 0.002542 0.008551
0.000000 0.029771 0.000000 0.076663 0.037060 0.049820 0.000000 0.000000 0.008619 0.020438
0.000000 0.059259 0.000000 0.088868 0.043336 0.080847 0.000000 0.000000 0.018227 0.039189
0.000000 0.078084 0.000000 0.098801 0.045652 0.113033 0.000000 0.000000 0.032502 0.063916
0.000000 0.072519 0.000000 0.103762 0.036505 0.141842 0.000000 0.008270 0.046218 0.085446
0.009046 0.052978 0.000000 0.109088 0.027577 0.153153 0.000000 0.026325 0.061433 0.096130
0.035237 0.033317 0.000000 0.112150 0.011935 0.146668 0.000000 0.048187 0.080112 0.098306
0.038354 0.024294 0.000000 0.115923 0.000000 0.134608 0.000000 0.074373 0.098092 0.098158
0.028232 0.021094 0.000000 0.114863 0.000000 0.122346 0.000000 0.096600 0.111483 0.096581
0.019485 0.013491 0.003020 0.114952 0.000000 0.113369 0.000000 0.109651 0.122670 0.094750
0.014616 0.014997 0.000000 0.111922 0.000000 0.107337 0.000000 0.117155 0.129474 0.091052
0.029759 0.013933 0.000000 0.105606 0.000000 0.096972 0.000000 0.116987 0.134128 0.085611
0.057321 0.006791 0.000000 0.098365 0.000000 0.078057 0.000000 0.116601 0.138855 0.078518
0.068791 0.000000 0.003699 0.087917 0.000000 0.046852 0.000000 0.121422 0.144279 0.072229
0.032587 0.000000 0.016751 0.077634 0.001805 0.004163 0.000000 0.137665 0.139254 0.073405
0.000000 0.000000 0.035229 0.044862 0.018275 0.000000 0.000000 0.144488 0.101027 0.081210
0.000000 0.010074 0.056007 0.000000 0.040966 0.000000 0.000000 0.131583 0.042250 0.070976
0.000000 0.016388 0.063533 0.000000 0.049985 0.000000 0.000000 0.098704 0.000677 0.041793
0.000000 0.013222 0.051833 0.000000 0.037477 0.000000 0.000000 0.060557 0.000000 0.013715
0.000000 0.007314 0.028336 0.000000 0.016618 0.000000 0.003128 0.025719 0.000000 0.003406
0.000000 0.002367 0.008116 0.000000 0.003536 0.000000 0.000530 0.006129 0.000000 0.000855
0.000000 0.000000 0.000599 0.000000 0.000308 0.000000 0.000336 0.000479 0.000000 0.000234
0.000000 0.000000 0.000000 -0.000000 -0.000000 -0.000000 0.000000 0.000000 -0.000000 0.000000
0.000000 0.000000 0.000000 -0.000000 -0.000000 -0.000000 0.000000 0.000000 -0.000000 0.000000
0.000000 0.000000 0.000000 0.000029 0.000000 0.000031 0.000016 0.000000 0.000000 0.000008
0.000000 0.000000 0.000000 0.006774 0.000000 0.000000 0.001398 0.000060 0.000051 0.000000
0.000000 0.000000 0.000000 0.028246 0.006596 0.000000 0.001593 0.000038 0.001915 0.000000
0.000000 0.000000 0.000000 0.057656 0.026480 0.001577 0.002275 0.000000 0.004929 0.000000
0.000000 0.000136 0.000000 0.089770 0.052371 0.012791 0.000000 0.000000 0.010462 0.003302
0.000000 0.020905 0.000000 0.119061 0.074905 0.033676 0.000000 0.000000 0.024138 0.015619
0.000000 0.035610 0.000000 0.136479 0.088994 0.058215 0.000000 0.002270 0.043856 0.033645
0.000000 0.047194 0.000000 0.149304 0.088146 0.079193 0.000000 0.007863 0.068267 0.058208
0.000000 0.050150 0.000000 0.147274 0.074851 0.094642 0.000000 0.021141 0.086233 0.076015
0.000000 0.031512 0.000000 0.141218 0.053728 0.093033 0.000000 0.041342 0.102626 0.085767
0.000000 0.024503 0.000000 0.131905 0.025994 0.077546 0.009728 0.061666 0.115004 0.090314
0.000000 0.030709 0.000000 0.118206 0.004850 0.064077 0.032606 0.077500 0.119624 0.091766
0.000000 0.042926 0.000616 0.105411 0.000000 0.059559 0.054620 0.081932 0.113460 0.094264
0.000000 0.049386 0.000000 0.094185 0.000000 0.061793 0.067342 0.075704 0.103732 0.095136
0.000000 0.063483 0.000000 0.083050 0.005668 0.069462 0.073780 0.063861 0.090030 0.095501
0.000000 0.080035 0.000000 0.069165 0.014612 0.082044 0.079146 0.046925 0.076663 0.092072
0.025808 0.066560 0.000000 0.063343 0.018044 0.084891 0.081962 0.038424 0.079886 0.081900
0.074198 0.012828 0.000985 0.076050 0.017275 0.065401 0.069907 0.053458 0.103847 0.074874
0.036800 0.000000 0.023540 0.091625 0.022541 0.028489 0.033392 0.091611 0.121127 0.085304
0.000000 0.000000 0.040889 0.070392 0.057033 0.000775 0.000000 0.122906 0.093185 0.098984
0.000000 0.000000 0.055271 0.013422 0.098999 0.000000 0.000000 0.120061 0.031045 0.088331
0.000000 0.012233 0.064588 0.000000 0.110855 0.000000 0.000000 0.090938 0.000000 0.050128
0.000000 0.009373 0.049000 0.000000 0.080720 0.000000 0.000000 0.056593 0.000000 0.015180
0.000000 0.006283 0.019730 0.000000 0.034055 0.000000 0.001236 0.023780 0.000000 0.002519
0.000000 0.001075 0.004549 0.000000 0.005789 0.000000 0.001393 0.005458 0.000000 0.000295
0.000000 0.000089 0.000000 0.000000 0.000522 0.000000 0.000700 0.000997 0.000000 0.000000
0.000000 0.000527 0.000000 0.000000 0.000000 0.000000 0.000065 0.000002 0.000000 0.000028
0.000000 0.000690 0.000000 0.000000 0.000000 0.000000 0.000085 0.000002 0.000000 0.000036
0.000000 0.000000 0.000000 0.000002 0.000000 0.000000 0.000001 0.000000 0.000000 0.000000
0.000129 0.000000 0.000000 0.008143 0.000000 0.000000 0.001322 0.000000 0.000000 0.000000
0.000000 0.000000 0.000000 0.026608 0.007676 0.000000 0.003696 0.000000 0.001390 0.000000
0.000000 0.000000 0.000000 0.049922 0.033599 0.000000 0.011563 0.000000 0.004103 0.000000
0.000000 0.000000 0.000000 0.085237 0.070566 0.000000 0.017179 0.000000 0.011019 0.000000
0.000000 0.002700 0.000000 0.109741 0.106774 0.001948 0.020054 0.001150 0.023216 0.000000
0.000000 0.000760 0.000000 0.122965 0.125124 0.015587 0.032653 0.003205 0.039605 0.007983
0.000000 0.001194 0.000000 0.119799 0.123678 0.021590 0.053937 0.006964 0.057019 0.022387
0.000000 0.000000 0.000000 0.100138 0.100856 0.022880 0.084452 0.014800 0.067452 0.032457
0.000000 0.000000 0.021390 0.073130 0.068069 0.013203 0.120931 0.025665 0.072404 0.035614
0.000000 0.000000 0.073530 0.045860 0.038296 0.000000 0.160005 0.035904 0.069168 0.036955
0.000000 0.006398 0.075687 0.026877 0.023823 0.000000 0.192954 0.034849 0.057320 0.036984
0.000000 0.026188 0.047661 0.013912 0.028177 0.000000 0.215575 0.020796 0.039093 0.034837
0.000000 0.051170 0.027300 0.002818 0.040051 0.000000 0.221178 0.001595 0.017427 0.032559
0.000000 0.074792 0.008728 0.000000 0.050325 0.007285 0.217697 0.000000 0.000000 0.032729
0.018176 0.110016 0.000000 0.000000 0.053393 0.031891 0.211512 0.000000 0.000000 0.030009
0.099508 0.103981 0.000000 0.004717 0.043608 0.050043 0.205128 0.000000 0.009112 0.019469
0.121313 0.025516 0.000000 0.055619 0.015633 0.052476 0.161202 0.000712 0.073272 0.028266
0.047117 0.000000 0.009987 0.094878 0.011093 0.036961 0.080744 0.065427 0.108368 0.071024
0.000000 0.000000 0.040876 0.080981 0.070707 0.021461 0.003964 0.103533 0.070984 0.103503
0.000000 0.000000 0.055291 0.025031 0.142877 0.005542 0.000000 0.097788 0.010566 0.086399
0.000000 0.006806 0.049463 0.000000 0.158437 0.000000 0.000000 0.072516 0.000000 0.040028
0.000000 0.008274 0.029553 0.000000 0.110041 0.000000 0.000000 0.040161 0.000000 0.008141
0.000000 0.004070 0.010580 0.000000 0.038733 0.000000 0.000274 0.014932 0.000000 0.001090
0.000000 0.001231 0.000741 0.000000 0.004503 0.000000 0.001702 0.004009 0.000000 0.000116
0.000000 0.000619 0.000000 0.000000 0.000236 0.000000 0.000668 0.000872 0.000000 0.000000
0.000000 0.000466 0.000000 0.000000 0.000000 0.000000 0.000058 0.000002 0.000000 0.000024
0.000000 0.000186 0.000000 0.000000 0.000000 0.000000 0.000023 0.000001 0.000000 0.000010
0.000028 0.000000 0.000000 0.000233 0.000000 0.000000 0.000120 0.000000 0.000009 0.000000
0.000257 0.000000 0.000000 0.005277 0.000000 0.000000 0.001111 0.000000 0.000071 0.000000
0.001003 0.000000 0.000000 0.017915 0.008576 0.000000 0.005127 0.000000 0.000579 0.000000
0.003797 0.000000 0.000000 0.032947 0.033602 0.000000 0.014776 0.000000 0.001974 0.000000
0.002595 0.000000 0.000000 0.056889 0.071976 0.000000 0.024281 0.000000 0.005258 0.000000
0.000000 0.000000 0.000000 0.071053 0.107874 0.000000 0.034931 0.000000 0.011002 0.000000
0.000000 0.000000 0.000000 0.075173 0.125209 0.000000 0.055677 0.000000 0.019132 0.000000
0.000000 0.000000 0.017077 0.059661 0.117911 0.000000 0.085096 0.000000 0.020072 0.000000
0.000000 0.000000 0.113509 0.027695 0.081744 0.000000 0.119284 0.001572 0.023012 0.001554
0.000000 0.000000 0.192034 0.000000 0.042203 0.000000 0.154540 0.009019 0.021930 0.001051
0.001291 0.000000 0.206644 0.000000 0.024397 0.000000 0.183102 0.007299 0.013625 0.000000
0.009325 0.000000 0.163757 0.000000 0.029331 0.000000 0.194974 0.000177 0.002607 0.000000
0.013034 0.009192 0.106226 0.000000 0.045828 0.000000 0.191175 0.000000 0.000000 0.000000
0.016828 0.028896 0.064544 0.000000 0.059271 0.000000 0.173680 0.000000 0.000000 0.000000
0.030609 0.064324 0.037170 0.000000 0.066584 0.000000 0.159625 0.000000 0.000000 0.000000
0.081575 0.126875 0.017465 0.000000 0.055919 0.000000 0.164832 0.000000 0.000000 0.000000
0.153901 0.111648 0.000000 0.000000 0.012982 0.017649 0.185578 0.000000 0.018490 0.000000
0.132191 0.010653 0.000000 0.053511 0.000000 0.040246 0.162019 0.022827 0.090057 0.007130
0.030424 0.000000 0.024112 0.094114 0.000000 0.054857 0.074628 0.078899 0.100996 0.077832
0.000000 0.000000 0.051713 0.079683 0.079592 0.043007 0.000000 0.093767 0.043245 0.108054
0.000000 0.000000 0.051031 0.035003 0.175610 0.013626 0.000000 0.078741 0.000000 0.072864
0.000000 0.007824 0.029874 0.000000 0.181109 0.000000 0.000000 0.048332 0.000000 0.022285
0.000000 0.010622 0.015128 0.000000 0.105340 0.000000 0.000000 0.020164 0.000000 0.001386
0.000000 0.004022 0.002457 0.000000 0.029284 0.000000 0.000023 0.007777 0.000000 0.000000
0.000000 0.000612 0.000623 0.000000 0.002524 0.000000 0.000093 0.002635 0.000000 0.000000
0.000000 0.000013 0.000111 0.000004 0.000000 0.000000 0.000073 0.000151 0.000000 0.000029
0.000000 0.000000 0.000000 -0.000000 -0.000000 -0.000000 0.000000 0.000000 -0.000000 0.000000
0.000000 0.000000 0.000000 -0.000000 -0.000000 -0.000000 0.000000 0.000000 -0.000000 0.000000
0.000000 0.000000 0.000000 -0.000000 -0.000000 -0.000000 0.000000 0.000000 -0.000000 0.000000
0.000468 0.000000 0.000409 0.002548 0.000346 0.000000 0.001165 0.000000 0.000000 0.000000
0.001402 0.000000 0.000000 0.009216 0.005760 0.000000 0.004185 0.000000 0.000000 0.000000
0.003963 0.000000 0.000000 0.015756 0.024723 0.000000 0.008857 0.000000 0.000000 0.000000
0.005391 0.000000 0.000000 0.030494 0.056748 0.000000 0.017127 0.000000 0.000608 0.000000
0.004503 0.000000 0.008269 0.043198 0.086237 0.000000 0.021264 0.000000 0.002403 0.000000
0.002510 0.000000 0.047657 0.039873 0.097286 0.000000 0.033470 0.000000 0.003106 0.000000
0.000000 0.000000 0.143736 0.024926 0.079940 0.000000 0.051686 0.000000 0.000000 0.000000
0.000000 0.000000 0.250339 0.000000 0.036219 0.000000 0.070630 0.000000 0.000000 0.000000
0.001982 0.000000 0.300843 0.000000 0.003223 0.000000 0.082916 0.001219 0.000000 0.000000
0.011623 0.000000 0.265189 0.000000 0.000000 0.000000 0.088922 0.000000 0.000000 0.000000
0.015935 0.001646 0.176969 0.000000 0.014174 0.000000 0.086800 0.000000 0.000000 0.000000
0.016299 0.012685 0.093477 0.000000 0.029414 0.000000 0.070271 0.000000 0.000000 0.000000
0.020574 0.029933 0.051259 0.000000 0.037373 0.000000 0.057088 0.000000 0.000000 0.000000
0.037527 0.079037 0.031700 0.000000 0.034029 0.000000 0.060231 0.000000 0.000000 0.000000
0.106755 0.143906 0.005624 0.000000 0.013776 0.000000 0.092958 0.000000 0.000000 0.000000
0.159853 0.098458 0.000000 0.006424 0.000000 0.006938 0.138022 0.015839 0.064098 0.000000
0.092366 0.000000 0.000000 0.052588 0.000000 0.054374 0.117562 0.072004 0.111037 0.038322
0.000000 0.000000 0.040478 0.086685 0.000000 0.080403 0.037936 0.092215 0.082674 0.104652
0.000000 0.000000 0.060356 0.072694 0.111465 0.058586 0.000000 0.078515 0.014376 0.105774
0.000000 0.000000 0.038698 0.039186 0.202983 0.012251 0.000000 0.050428 0.000000 0.049271
0.000000 0.011629 0.015434 0.005323 0.167017 0.000000 0.000000 0.022859 0.000000 0.004702
0.003549 0.012691 0.008863 0.000000 0.074479 0.000000 0.000000 0.007777 0.000000 0.000000
0.001264 0.004512 0.001550 0.000482 0.016159 0.000000 0.000000 0.002470 0.000000 0.000000
0.000000 0.000325 0.001776 0.000518 0.000591 0.000000 0.000000 0.000669 0.000089 0.000000
0.000000 0.000002 0.000047 0.000008 0.000000 0.000000 0.000012 0.000029 0.000000 0.000014
0.000000 0.000000 0.000000 -0.000000 -0.000000 -0.000000 0.000000 0.000000 -0.000000 0.000000
0.000000 0.000000 0.000000 -0.000000 -0.000000 -0.000000 0.000000 0.000000 -0.000000 0.000000
0.000000 0.000000 0.000000 -0.000000 -0.000000 -0.000000 0.000000 0.000000 -0.000000 0.000000
0.000220 0.000000 0.000656 0.000658 0.000250 0.000000 0.000432 0.000000 0.000000 0.000000
0.000640 0.000000 0.000885 0.004880 0.001868 0.000000 0.002123 0.000000 0.000000 0.000000
0.002796 0.000000 0.003830 0.008598 0.014912 0.000000 0.004350 0.000000 0.000000 0.000000
0.004082 0.000761 0.013726 0.018407 0.039827 0.000000 0.005314 0.000000 0.000000 0.000000
0.003495 0.001781 0.042072 0.027249 0.059752 0.000000 0.002624 0.000000 0.000000 0.000000
0.001662 0.000000 0.103053 0.031011 0.061430 0.000000 0.002955 0.000000 0.000000 0.000000
0.000000 0.000000 0.197579 0.025044 0.035780 0.000000 0.008210 0.000000 0.000000 0.000000
0.000000 0.000000 0.283344 0.008202 0.000000 0.000000 0.013514 0.000000 0.000000 0.000000
0.000000 0.000000 0.291936 0.000000 0.000000 0.002142 0.019830 0.000000 0.000000 0.000000
0.005584 0.008057 0.212029 0.000000 0.000000 0.000000 0.026321 0.000000 0.000000 0.000000
0.009119 0.017910 0.103454 0.000000 0.000000 0.000000 0.021006 0.000000 0.000000 0.000000
0.009636 0.023327 0.045646 0.000000 0.011182 0.000000 0.011195 0.000000 0.000000 0.000000
0.015108 0.042584 0.025764 0.000000 0.011833 0.000000 0.010440 0.000000 0.000000 0.000000
0.047183 0.110029 0.013489 0.000000 0.005395 0.000000 0.029135 0.000000 0.000000 0.000000
0.133045 0.144898 0.000000 0.000000 0.000000 0.000000 0.085496 0.018081 0.026404 0.000000
0.140998 0.067490 0.000000 0.006020 0.000000 0.009971 0.118886 0.068597 0.099940 0.007093
0.047583 0.000000 0.009115 0.035714 0.000000 0.083777 0.078996 0.093287 0.108471 0.084299
0.000000 0.000000 0.051740 0.069069 0.020357 0.107734 0.005469 0.082000 0.048586 0.120444
0.000000 0.000000 0.050695 0.064825 0.165230 0.062033 0.000000 0.049049 0.000000 0.083760
0.000000 0.022910 0.030182 0.042245 0.208864 0.005269 0.000000 0.018891 0.000000 0.019896
0.005186 0.029580 0.010278 0.017199 0.125673 0.000000 0.000000 0.006074 0.000000 0.000000
0.003469 0.020209 0.005201 0.006893 0.042362 0.000000 0.000000 0.000469 0.000000 0.000000
0.000571 0.012441 0.003405 0.000685 0.008029 0.000000 0.000244 0.000000 0.000000 0.000000
0.000000 0.005655 0.002102 0.000000 0.000126 0.000000 0.000668 0.000000 0.000000 0.000000
0.000000 0.001002 0.000127 0.000000 0.000012 0.000044 0.000040 0.000000 0.000000 0.000033
0.000000 0.000000 0.000000 -0.000000 -0.000000 -0.000000 0.000000 0.000000 -0.000000 0.000000
0.000000 0.000000 0.000000 -0.000000 -0.000000 -0.000000 0.000000 0.000000 -0.000000 0.000000
0.000000 0.000000 0.000000 -0.000000 -0.000000 -0.000000 0.000000 0.000000 -0.000000 0.000000
0.000081 0.000000 0.000358 0.000280 0.000049 0.000000 0.000083 0.000000 0.000000 0.000000
0.000193 0.000000 0.001023 0.002052 0.000804 0.000000 0.000423 0.000000 0.000000 0.000000
0.001593 0.000000 0.003990 0.004553 0.006727 0.000000 0.001960 0.000000 0.000000 0.000000
0.001781 0.002401 0.018169 0.010248 0.024984 0.000000 0.000000 0.000000 0.000000 0.000000
0.001620 0.003857 0.053094 0.020140 0.039129 0.000000 0.000000 0.000000 0.000000 0.000000
0.000000 0.004119 0.109439 0.027012 0.037836 0.000000 0.000000 0.000000 0.000000 0.000000
0.000000 0.005161 0.184411 0.027501 0.014174 0.000000 0.000000 0.000000 0.000000 0.000000
0.000000 0.015363 0.237906 0.016354 0.000000 0.002037 0.000000 0.000000 0.000000 0.000000
0.000000 0.028313 0.207229 0.005002 0.000000 0.007959 0.000000 0.000000 0.000000 0.000000
0.000493 0.044139 0.123493 0.000000 0.000000 0.005952 0.001141 0.000000 0.000000 0.000000
0.003680 0.058993 0.049296 0.000000 0.000000 0.003149 0.000405 0.000000 0.000000 0.000000
0.006375 0.069278 0.019545 0.000000 0.001501 0.000000 0.000034 0.000000 0.000000 0.000000
0.015634 0.100935 0.010696 0.000000 0.000967 0.000000 0.004628 0.000000 0.000000 0.000000
0.072837 0.156085 0.000000 0.000000 0.000000 0.000000 0.040630 0.021851 0.002779 0.000000
0.149675 0.134820 0.000000 0.000000 0.000000 0.000000 0.102126 0.066931 0.057947 0.000000
0.107270 0.045221 0.000000 0.000000 0.000000 0.033687 0.101443 0.093478 0.111400 0.058565
0.010994 0.000000 0.022676 0.019312 0.000000 0.117359 0.044181 0.085905 0.086539 0.114447
0.000000 0.000000 0.048100 0.058185 0.091205 0.121930 0.000000 0.049889 0.015525 0.110465
0.000000 0.053743 0.036615 0.069749 0.202771 0.051691 0.000000 0.011917 0.000000 0.047441
0.001021 0.082170 0.023274 0.054337 0.173368 0.000000 0.000000 0.000084 0.000000 0.000000
0.001133 0.074741 0.007429 0.023185 0.076493 0.000000 0.000000 0.000000 0.000000 0.000000
0.000000 0.051672 0.005240 0.006783 0.021860 0.000000 0.000000 0.000000 0.000000 0.000000
0.000000 0.034599 0.005811 0.000969 0.004411 0.000000 0.000000 0.000000 0.000000 0.000000
0.000000 0.013706 0.002656 0.000000 0.000000 0.000000 0.000000 0.000000 0.000000 0.000057
0.000000 0.003710 0.000661 0.000000 0.000000 0.000000 0.000000 0.000000 0.000192 0.000060
0.000000 0.000000 0.000000 -0.000000 -0.000000 -0.000000 0.000000 0.000000 -0.000000 0.000000
0.000000 0.000000 0.000000 -0.000000 -0.000000 -0.000000 0.000000 0.000000 -0.000000 0.000000
0.000002 0.000000 0.000003 0.000000 0.000000 0.000005 0.000012 0.000000 0.000000 0.000000
0.000000 0.000000 0.000000 -0.000000 -0.000000 -0.000000 0.000000 0.000000 -0.000000 0.000000
0.000013 0.000000 0.000563 0.000417 0.000265 0.000000 0.000000 0.000000 0.000000 0.000000
0.000595 0.000773 0.003102 0.001952 0.003939 0.000000 0.000659 0.000000 0.000000 0.000000
0.000475 0.001771 0.015876 0.005052 0.015219 0.000000 0.000000 0.000000 0.000000 0.000000
0.000000 0.005767 0.043866 0.013389 0.024716 0.000000 0.000000 0.000000 0.000000 0.000000
0.000000 0.012160 0.089702 0.022250 0.025000 0.000000 0.000000 0.000000 0.000000 0.000000
0.000000 0.021763 0.137727 0.023597 0.007579 0.000000 0.000000 0.000000 0.000000 0.000000
0.000000 0.046242 0.154247 0.018732 0.000000 0.002550 0.000000 0.000000 0.000000 0.000000
0.000000 0.082142 0.123214 0.009557 0.000000 0.007129 0.000000 0.000000 0.000000 0.000000
0.000000 0.116572 0.065169 0.000000 0.000000 0.004220 0.000000 0.000000 0.000000 0.000000
0.000000 0.144818 0.022022 0.000000 0.000000 0.000592 0.000000 0.000000 0.000000 0.001390
0.000000 0.167596 0.009048 0.000000 0.000435 0.000000 0.000000 0.000000 0.000000 0.000000
0.020268 0.198541 0.000382 0.000000 0.000000 0.000000 0.013523 0.021760 0.000000 0.000000
0.100500 0.200565 0.000000 0.000000 0.000000 0.000000 0.066987 0.065442 0.018778 0.000000
0.141337 0.120809 0.000000 0.000000 0.000000 0.000000 0.101504 0.094998 0.082703 0.038059
0.066697 0.038654 0.000000 0.000000 0.000000 0.071915 0.068730 0.087804 0.108130 0.099324
0.000000 0.028791 0.032057 0.012046 0.026384 0.147500 0.007546 0.055129 0.056159 0.119786
0.000000 0.083384 0.039727 0.064496 0.156221 0.115226 0.000000 0.007397 0.000000 0.075968
0.000000 0.134397 0.030909 0.090234 0.194191 0.026620 0.000000 0.000000 0.000000 0.010162
0.000000 0.138640 0.017110 0.071712 0.114098 0.000000 0.000000 0.000000 0.000000 0.000000
0.000000 0.113053 0.008117 0.029197 0.038581 0.000000 0.000000 0.000000 0.000000 0.000000
0.000000 0.071415 0.006871 0.008007 0.009157 0.000000 0.000146 0.000000 0.000000 0.000000
0.000000 0.040709 0.004360 0.001440 0.001856 0.000000 0.000000 0.000000 0.000000 0.000225
0.000000 0.017312 0.001244 0.000000 0.000000 0.000054 0.000000 0.000000 0.000000 0.000238
0.000000 0.002578 0.000358 0.000000 0.000000 0.000000 0.000000 0.000017 0.000297 0.000100
0.000000 0.000000 0.000000 -0.000000 -0.000000 -0.000000 0.000000 0.000000 -0.000000 0.000000
0.000000 0.000000 0.000000 -0.000000 -0.000000 -0.000000 0.000000 0.000000 -0.000000 0.000000
0.000012 0.000000 0.000017 0.000000 0.000002 0.000027 0.000066 0.000000 0.000000 0.000000
0.000000 0.000000 0.000000 -0.000000 -0.000000 -0.000000 0.000000 0.000000 -0.000000 0.000000
0.000007 0.000000 0.000020 0.000000 0.000002 0.000000 0.000004 0.000000 0.000000 0.000005
0.000471 0.000422 0.001615 0.001372 0.002844 0.000000 0.000424 0.000000 0.000000 0.000000
0.000000 0.002628 0.012546 0.002408 0.009644 0.000000 0.000000 0.000000 0.000000 0.000000
0.000000 0.009012 0.030415 0.009309 0.015925 0.000000 0.000000 0.000000 0.000000 0.000000
0.000000 0.019088 0.055697 0.015284 0.016077 0.000000 0.000000 0.000000 0.000000 0.000000
0.000000 0.041385 0.078669 0.019339 0.007034 0.000000 0.000000 0.000000 0.000000 0.000000
0.000000 0.082988 0.082712 0.017843 0.000000 0.002036 0.000000 0.000000 0.000000 0.000000
0.000000 0.128100 0.064630 0.012338 0.000000 0.005585 0.000000 0.000000 0.000000 0.000000
0.000000 0.169857 0.033478 0.001801 0.000000 0.002405 0.000000 0.000000 0.000000 0.001192
0.000000 0.203665 0.008836 0.000000 0.001467 0.000535 0.000000 0.000000 0.000000 0.000434
0.000000 0.235293 0.001168 0.000000 0.000827 0.000000 0.000936 0.018472 0.000000 0.000000
0.046247 0.236688 0.000000 0.000000 0.000000 0.000000 0.032262 0.068155 0.000000 0.000000
0.129835 0.180286 0.000000 0.000000 0.000000 0.000000 0.081385 0.100001 0.037390 0.023777
0.116497 0.094618 0.000000 0.000000 0.000000 0.003831 0.073972 0.091362 0.099118 0.087420
0.027819 0.036071 0.008534 0.000000 0.000000 0.115715 0.029106 0.061347 0.094771 0.119276
0.000000 0.052098 0.029082 0.016775 0.102886 0.167204 0.000000 0.012868 0.026433 0.096158
0.000000 0.109567 0.032651 0.090209 0.181468 0.093853 0.000000 0.000000 0.000000 0.029205
0.000000 0.138486 0.027776 0.111043 0.143268 0.006474 0.000000 0.000000 0.000000 0.000000
0.000000 0.130341 0.015403 0.071994 0.058556 0.000000 0.000000 0.000000 0.000000 0.000000
0.000000 0.101876 0.008175 0.030392 0.016894 0.000000 0.000000 0.000000 0.000000 0.000000
0.000000 0.064368 0.004393 0.009420 0.004508 0.000000 0.000000 0.000000 0.000000 0.000000
0.000000 0.035930 0.002335 0.003487 0.001318 0.000008 0.000000 0.000000 0.000000 0.000535
0.000000 0.011145 0.001483 0.000000 0.000069 0.000246 0.000000 0.000000 0.000000 0.000067
0.000000 0.000273 0.000107 0.000038 0.000000 0.000000 0.000000 0.000119 0.000002 0.000008
0.000000 0.000000 0.000000 -0.000000 -0.000000 -0.000000 0.000000 0.000000 -0.000000 0.000000
0.000000 0.000000 0.000000 -0.000000 -0.000000 -0.000000 0.000000 0.000000 -0.000000 0.000000
0.000000 0.000000 0.000000 -0.000000 -0.000000 -0.000000 0.000000 0.000000 -0.000000 0.000000
0.000000 0.000000 0.000000 -0.000000 -0.000000 -0.000000 0.000000 0.000000 -0.000000 0.000000
0.000000 0.000000 0.000019 0.000000 0.000082 0.000000 0.000000 0.000000 0.000005 0.000000
0.000251 0.000000 0.000307 0.000593 0.001271 0.000000 0.000289 0.000000 0.000000 0.000000
0.000000 0.002336 0.006020 0.001647 0.005360 0.000000 0.000000 0.000132 0.000000 0.000000
0.000000 0.009375 0.016222 0.004105 0.008460 0.000000 0.000000 0.000221 0.000000 0.000000
0.000000 0.019094 0.025262 0.007505 0.008766 0.000000 0.000000 0.000000 0.000000 0.000000
0.000000 0.042782 0.034055 0.011985 0.004096 0.000000 0.000000 0.000000 0.000000 0.000000
0.000000 0.082188 0.037437 0.014424 0.000000 0.001385 0.000000 0.000000 0.000000 0.000276
0.000000 0.122171 0.028929 0.010881 0.000000 0.003473 0.000000 0.000000 0.000000 0.001226
0.000000 0.152613 0.013537 0.005126 0.000990 0.002157 0.000000 0.003535 0.000000 0.000195
0.000000 0.185040 0.001804 0.000624 0.002316 0.000000 0.000000 0.021826 0.000000 0.000000
0.019630 0.198542 0.000000 0.000000 0.000000 0.000000 0.013044 0.069580 0.000000 0.000000
0.095956 0.174615 0.000000 0.000000 0.000000 0.000000 0.054253 0.112070 0.003480 0.008751
0.144635 0.119034 0.000000 0.000000 0.000000 0.000000 0.071770 0.098215 0.056019 0.078483
0.084817 0.051422 0.000000 0.000000 0.000000 0.042542 0.039445 0.062531 0.109600 0.118128
0.000000 0.011703 0.013883 0.000000 0.058450 0.157483 0.000000 0.018184 0.076191 0.109240
0.000000 0.026630 0.029656 0.033773 0.152677 0.167709 0.000000 0.000000 0.005028 0.049110
0.000000 0.067534 0.038861 0.119593 0.153771 0.063197 0.000000 0.000000 0.000000 0.000000
0.002013 0.087504 0.027625 0.122604 0.077671 0.000000 0.000000 0.000000 0.000000 0.000000
0.000000 0.078407 0.017835 0.069064 0.023622 0.000000 0.000000 0.000000 0.000000 0.000000
0.000000 0.058709 0.006800 0.027780 0.007054 0.000000 0.000000 0.000000 0.000000 0.000000
0.000000 0.037537 0.003305 0.008792 0.001802 0.000000 0.000000 0.000000 0.000000 0.000026
0.000000 0.023352 0.001140 0.004116 0.000030 0.000000 0.000000 0.000000 0.000000 0.000509
0.000000 0.010528 0.000719 0.000450 0.000000 0.000000 0.000000 0.000000 0.000000 0.000115
0.000069 0.001256 0.000157 0.000000 0.000000 0.000000 0.000000 0.000165 0.000000 0.000000
0.000122 0.000377 0.000120 0.000000 0.000007 0.000015 0.000000 0.000000 0.000000 0.000000
0.000000 0.000000 0.000000 -0.000000 -0.000000 -0.000000 0.000000 0.000000 -0.000000 0.000000
0.000000 0.000000 0.000000 -0.000000 -0.000000 -0.000000 0.000000 0.000000 -0.000000 0.000000
0.000000 0.000000 0.000000 -0.000000 -0.000000 -0.000000 0.000000 0.000000 -0.000000 0.000000
0.000083 0.000000 0.000267 0.000000 0.000000 0.000000 0.000153 0.000003 0.000000 0.000037
0.000133 0.000000 0.000101 0.000387 0.000613 0.000000 0.000159 0.000000 0.000000 0.000000
0.000391 0.001007 0.003326 0.001579 0.003274 0.000000 0.000000 0.000000 0.000000 0.000000
0.000000 0.005741 0.006536 0.002409 0.003933 0.000000 0.000000 0.000597 0.000000 0.000000
0.000000 0.011373 0.008844 0.003707 0.003765 0.000000 0.000000 0.000733 0.000000 0.000000
0.000000 0.024638 0.013202 0.006449 0.001956 0.000000 0.000000 0.001845 0.000000 0.000000
0.000000 0.045019 0.014900 0.009230 0.000504 0.000469 0.000000 0.003185 0.000216 0.000000
0.000000 0.070009 0.009904 0.007423 0.000651 0.002202 0.000000 0.006332 0.000000 0.000000
0.000000 0.095672 0.001019 0.003863 0.003063 0.000875 0.000000 0.022638 0.000192 0.000000
0.002711 0.115045 0.000000 0.000000 0.003554 0.000000 0.003095 0.070585 0.000428 0.000000
0.055618 0.108355 0.000000 0.000000 0.000000 0.000000 0.029298 0.126689 0.000000 0.000000
0.140256 0.083967 0.000000 0.000000 0.000000 0.000000 0.059009 0.115586 0.008844 0.065275
0.140825 0.050119 0.000000 0.000000 0.000000 0.000000 0.043039 0.065197 0.081553 0.119215
0.048981 0.011279 0.000000 0.000000 0.027582 0.086018 0.006646 0.018662 0.115388 0.119307
0.000000 0.000000 0.013794 0.000000 0.118670 0.181436 0.000000 0.000000 0.058083 0.065471
0.000000 0.000000 0.032389 0.063218 0.152542 0.145928 0.003073 0.000000 0.000000 0.003605
0.007659 0.022931 0.041130 0.145337 0.094565 0.032029 0.005839 0.000000 0.000000 0.000000
0.007271 0.032601 0.024425 0.120213 0.031117 0.000000 0.000000 0.000000 0.000000 0.000000
0.001325 0.032816 0.013223 0.060524 0.007158 0.000000 0.000000 0.000000 0.000116 0.000000
0.000134 0.022395 0.005183 0.020450 0.001332 0.000000 0.001034 0.000000 0.000000 0.000000
0.000000 0.015043 0.001912 0.004914 0.000309 0.000000 0.000611 0.000000 0.000000 0.000000
0.000000 0.009699 0.000800 0.001762 0.000000 0.000000 0.000000 0.000000 0.000000 0.000219
0.000000 0.004221 0.000053 0.000208 0.000000 0.000087 0.000000 0.000055 0.000000 0.000046
0.000065 0.000480 0.000102 0.000000 0.000000 0.000000 0.000018 0.000070 0.000000 0.000000
0.000113 0.000282 0.000096 0.000000 0.000001 0.000000 0.000001 0.000000 0.000000 0.000000
0.000000 0.000000 0.000000 -0.000000 -0.000000 -0.000000 0.000000 0.000000 -0.000000 0.000000
0.000000 0.000000 0.000000 -0.000000 -0.000000 -0.000000 0.000000 0.000000 -0.000000 0.000000
0.000015 0.000000 0.000000 0.000000 0.000000 0.000006 0.000000 0.000000 0.000051 0.000030
0.000105 0.000000 0.000283 0.000000 0.000000 0.000000 0.000122 0.000029 0.000000 0.000026
0.000051 0.000002 0.000663 0.000000 0.000309 0.000000 0.000024 0.000000 0.000000 0.000000
0.000148 0.000401 0.001626 0.000874 0.001252 0.000000 0.000000 0.000507 0.000052 0.000000
0.000178 0.001041 0.002942 0.001882 0.001144 0.000000 0.000000 0.000833 0.000059 0.000000
0.000000 0.005722 0.003777 0.002340 0.001428 0.000000 0.000000 0.000952 0.000000 0.000000
0.000000 0.011113 0.004203 0.002710 0.001109 0.000000 0.000000 0.002653 0.000111 0.000000
0.000000 0.018303 0.004771 0.003560 0.001190 0.000000 0.000000 0.007417 0.000519 0.000000
0.000000 0.031826 0.000993 0.001583 0.004279 0.000015 0.000000 0.023434 0.000627 0.000000
0.000000 0.048300 0.000000 0.000000 0.006932 0.000000 0.001239 0.067845 0.002271 0.000000
0.021800 0.051165 0.000000 0.000000 0.002931 0.000000 0.014506 0.128959 0.000000 0.000000
0.103562 0.035864 0.000000 0.000000 0.000000 0.000000 0.042963 0.137904 0.000000 0.044592
0.160756 0.023805 0.000000 0.000000 0.000000 0.000000 0.044125 0.075632 0.028231 0.120115
0.110596 0.014755 0.000000 0.000000 0.004141 0.002204 0.008659 0.016379 0.111307 0.133286
0.009444 0.000000 0.000000 0.000000 0.090137 0.122963 0.000000 0.000000 0.115459 0.082262
0.000000 0.000000 0.014310 0.000000 0.141249 0.186574 0.006388 0.000000 0.033988 0.012814
0.000000 0.000000 0.037401 0.096500 0.107086 0.112976 0.022946 0.000000 0.000000 0.000000
0.009009 0.000000 0.034946 0.158478 0.040513 0.007781 0.015236 0.000000 0.000000 0.000000
0.007115 0.008224 0.018575 0.107027 0.008777 0.000000 0.001749 0.000000 0.001009 0.000000
0.003224 0.009942 0.007990 0.046007 0.000764 0.000000 0.000118 0.000000 0.000979 0.000000
0.001848 0.006332 0.003745 0.012751 0.000581 0.000000 0.000344 0.000000 0.000000 0.000000
0.000430 0.003356 0.001095 0.001804 0.000281 0.000281 0.000000 0.000296 0.000000 0.000000
0.000000 0.001972 0.000060 0.000513 0.000101 0.000377 0.000000 0.000117 0.000000 0.000100
0.000373 0.001224 0.000000 0.000343 0.000000 0.000287 0.000000 0.000373 0.000000 0.000039
0.000184 0.000000 0.000080 0.000000 0.000000 0.000026 0.000015 0.000112 0.000000 0.000053
0.000000 0.000000 0.000000 -0.000000 -0.000000 -0.000000 0.000000 0.000000 -0.000000 0.000000
0.000000 0.000000 0.000000 -0.000000 -0.000000 -0.000000 0.000000 0.000000 -0.000000 0.000000
0.000000 0.000000 0.000000 -0.000000 -0.000000 -0.000000 0.000000 0.000000 -0.000000 0.000000
0.000000 0.000000 0.000000 0.000000 0.000000 0.000008 0.000000 0.000000 0.000013 0.000027
0.000004 0.000000 0.000013 0.000000 0.000000 0.000000 0.000011 0.000001 0.000000 0.000000
0.000017 0.000003 0.000346 0.000000 0.000156 0.000000 0.000004 0.000000 0.000000 0.000000
0.000119 0.000100 0.000945 0.000196 0.000642 0.000000 0.000039 0.000030 0.000000 0.000000
0.000000 0.000997 0.001950 0.000810 0.000404 0.000000 0.000000 0.000553 0.000000 0.000000
0.000000 0.002624 0.001899 0.000856 0.000377 0.000000 0.000000 0.001599 0.000151 0.000000
0.000000 0.007493 0.000822 0.000475 0.000941 0.000000 0.000000 0.006603 0.000633 0.000000
0.000000 0.013385 0.000389 0.000000 0.004809 0.000000 0.000000 0.020032 0.000833 0.000000
0.000000 0.022753 0.000000 0.000000 0.009642 0.000000 0.001605 0.057925 0.002479 0.000000
0.003772 0.024080 0.000000 0.000000 0.010895 0.000000 0.006780 0.123146 0.000000 0.000000
0.058325 0.012340 0.000000 0.000000 0.000000 0.000000 0.023674 0.153441 0.000000 0.022607
0.138092 0.004058 0.000000 0.000000 0.000000 0.000000 0.036700 0.099080 0.000000 0.108967
0.147416 0.007333 0.000000 0.000000 0.000000 0.000000 0.012060 0.021939 0.063115 0.149363
0.064661 0.013134 0.000000 0.000000 0.058026 0.029904 0.000000 0.000000 0.138155 0.105659
0.000000 0.002958 0.000000 0.000000 0.130401 0.146768 0.000000 0.000000 0.103990 0.023250
0.000000 0.000000 0.021759 0.006549 0.121316 0.178111 0.027984 0.000000 0.008308 0.000000
0.000000 0.000000 0.040606 0.123535 0.053200 0.083952 0.035859 0.000000 0.000000 0.000000
0.008423 0.000000 0.029939 0.154863 0.010654 0.000000 0.016107 0.000000 0.000000 0.000000
0.005238 0.002665 0.013073 0.092011 0.000000 0.000000 0.002496 0.000000 0.001355 0.000000
0.002366 0.004405 0.005986 0.037489 0.000000 0.000000 0.000139 0.000000 0.000924 0.000000
0.002141 0.002902 0.002655 0.008701 0.000561 0.000000 0.000674 0.000000 0.000000 0.000000
0.000562 0.001532 0.000203 0.000890 0.000023 0.000000 0.000333 0.000142 0.000000 0.000000
0.000132 0.001091 0.000037 0.000396 0.000000 0.000050 0.000075 0.000034 0.000000 0.000022
0.000000 0.001324 0.000000 0.000268 0.000000 0.000031 0.000125 0.000320 0.000000 0.000000
0.000000 0.000023 0.000165 0.000042 0.000000 0.000000 0.000046 0.000174 0.000009 0.000047
0.000000 0.000000 0.000000 -0.000000 -0.000000 -0.000000 0.000000 0.000000 -0.000000 0.000000
0.000000 0.000000 0.000000 -0.000000 -0.000000 -0.000000 0.000000 0.000000 -0.000000 0.000000
0.000000 0.000000 0.000000 -0.000000 -0.000000 -0.000000 0.000000 0.000000 -0.000000 0.000000
0.000000 0.000000 0.000000 -0.000000 -0.000000 -0.000000 0.000000 0.000000 -0.000000 0.000000
0.000000 0.000000 0.000000 -0.000000 -0.000000 -0.000000 0.000000 0.000000 -0.000000 0.000000
0.000000 0.000000 0.000000 -0.000000 -0.000000 -0.000000 0.000000 0.000000 -0.000000 0.000000
0.000000 0.000864 0.000531 0.000000 0.000643 0.000000 0.000158 0.000521 0.000000 0.000000
0.000006 0.001789 0.001494 0.000040 0.001169 0.000000 0.000000 0.001756 0.000000 0.000000
0.000000 0.004996 0.000536 0.000000 0.002296 0.000000 0.000000 0.007045 0.000473 0.000000
0.000000 0.010743 0.000000 0.000000 0.004842 0.000000 0.000000 0.018817 0.001160 0.000000
0.000000 0.017441 0.000000 0.000000 0.010399 0.000000 0.000509 0.050693 0.002596 0.000000
0.000000 0.015744 0.000000 0.000000 0.015725 0.000000 0.002221 0.112462 0.000958 0.000000
0.024737 0.002167 0.000000 0.000000 0.010789 0.000000 0.008719 0.157460 0.000000 0.005827
0.101403 0.000000 0.000000 0.000000 0.000000 0.000000 0.024126 0.125109 0.000000 0.083379
0.148439 0.000000 0.000000 0.000000 0.000000 0.000000 0.017953 0.035589 0.002687 0.154578
0.112663 0.011974 0.000000 0.000000 0.024824 0.000000 0.000000 0.000000 0.106921 0.138399
0.022336 0.016805 0.000000 0.000000 0.105389 0.053891 0.000000 0.000000 0.154863 0.047216
0.000000 0.004312 0.004202 0.000000 0.128806 0.160039 0.015899 0.000000 0.080049 0.000000
0.000000 0.000000 0.029571 0.031509 0.076906 0.161082 0.049382 0.000000 0.000000 0.000000
0.004462 0.000000 0.038868 0.136637 0.012404 0.060468 0.040517 0.000000 0.000000 0.000000
0.007649 0.000000 0.024747 0.144319 0.000000 0.000000 0.012231 0.000000 0.000000 0.000000
0.003099 0.002204 0.009249 0.079181 0.000000 0.000000 0.001475 0.000000 0.001826 0.000000
0.001245 0.003206 0.005406 0.031401 0.000000 0.000000 0.000000 0.000000 0.000937 0.000000
0.001621 0.002181 0.002136 0.007221 0.000256 0.000000 0.001477 0.000000 0.000000 0.000000
0.000475 0.000673 0.000089 0.000586 0.000000 0.000000 0.000653 0.000251 0.000000 0.000000
0.000099 0.000296 0.000000 0.000153 0.000000 0.000000 0.000060 0.000230 0.000000 0.000000
0.000000 0.000410 0.000000 0.000034 0.000000 0.000000 0.000071 0.000334 0.000031 0.000000
0.000000 0.000000 0.000180 0.000041 0.000000 0.000000 0.000040 0.000146 0.000007 0.000056
0.000000 0.000000 0.000000 -0.000000 -0.000000 -0.000000 0.000000 0.000000 -0.000000 0.000000
0.000000 0.000000 0.000000 -0.000000 -0.000000 -0.000000 0.000000 0.000000 -0.000000 0.000000
0.000000 0.000000 0.000000 -0.000000 -0.000000 -0.000000 0.000000 0.000000 -0.000000 0.000000
0.000000 0.000000 0.000000 -0.000000 -0.000000 -0.000000 0.000000 0.000000 -0.000000 0.000000
0.000000 0.000000 0.000000 -0.000000 -0.000000 -0.000000 0.000000 0.000000 -0.000000 0.000000
0.000000 0.000000 0.000000 -0.000000 -0.000000 -0.000000 0.000000 0.000000 -0.000000 0.000000
0.000000 0.001322 0.000000 0.000000 0.001317 0.000000 0.000000 0.001938 0.000000 0.000000
0.000000 0.004754 0.000000 0.000000 0.002712 0.000000 0.000479 0.007217 0.000338 0.000000
0.000000 0.008609 0.000000 0.000000 0.004970 0.000000 0.000000 0.017266 0.001098 0.000000
0.000000 0.013042 0.000000 0.000000 0.009891 0.000000 0.000000 0.042363 0.002509 0.000000
0.000000 0.010739 0.000000 0.000000 0.017548 0.000000 0.000000 0.098173 0.002815 0.000000
0.007436 0.000000 0.000000 0.000000 0.018815 0.000000 0.001707 0.150733 0.000000 0.000000
0.060286 0.000000 0.000000 0.000000 0.000257 0.000000 0.012716 0.144008 0.000000 0.055766
0.127385 0.000000 0.000000 0.000000 0.000000 0.000000 0.016608 0.063721 0.000000 0.138619
0.135527 0.005864 0.001856 0.000000 0.000000 0.000000 0.000000 0.000000 0.041422 0.162410
0.073316 0.014976 0.000000 0.000000 0.069903 0.000000 0.000000 0.000000 0.148359 0.086820
0.000000 0.015562 0.000000 0.000000 0.126608 0.074887 0.000000 0.000000 0.149954 0.000000
0.000000 0.006180 0.015426 0.000000 0.105020 0.164772 0.037067 0.000000 0.046948 0.000000
0.000000 0.002612 0.030975 0.052846 0.034895 0.141261 0.059513 0.000000 0.000000 0.000000
0.006614 0.000000 0.031225 0.142159 0.000000 0.043066 0.035485 0.000000 0.000000 0.000000
0.005823 0.000000 0.020385 0.132456 0.000000 0.000000 0.008426 0.000000 0.000000 0.000000
0.002180 0.002437 0.007317 0.071528 0.000000 0.000000 0.000313 0.000000 0.001655 0.000000
0.000893 0.002289 0.004409 0.029118 0.000000 0.000000 0.000000 0.000000 0.001146 0.000000
0.001476 0.001927 0.001768 0.007075 0.000000 0.000000 0.001578 0.000000 0.000012 0.000000
0.000497 0.000272 0.000064 0.000590 0.000087 0.000000 0.000394 0.000409 0.000037 0.000000
0.000004 0.000006 0.000000 0.000052 0.000053 0.000000 0.000021 0.000323 0.000046 0.000000
0.000000 0.000164 0.000008 0.000000 0.000000 0.000000 0.000103 0.000105 0.000019 0.000037
0.000000 0.000000 0.000095 0.000020 0.000000 0.000000 0.000020 0.000064 0.000001 0.000030
0.000000 0.000000 0.000000 -0.000000 -0.000000 -0.000000 0.000000 0.000000 -0.000000 0.000000
0.000000 0.000000 0.000000 -0.000000 -0.000000 -0.000000 0.000000 0.000000 -0.000000 0.000000
0.000000 0.000000 0.000000 -0.000000 -0.000000 -0.000000 0.000000 0.000000 -0.000000 0.000000
0.000000 0.000000 0.000000 -0.000000 -0.000000 -0.000000 0.000000 0.000000 -0.000000 0.000000
0.000000 0.000000 0.000000 -0.000000 -0.000000 -0.000000 0.000000 0.000000 -0.000000 0.000000
0.000000 0.000010 0.000000 0.000000 0.000000 0.000000 0.000108 0.000202 0.000006 0.000000
0.000000 0.002423 0.000000 0.000000 0.001979 0.000000 0.000316 0.004424 0.000168 0.000000
0.000000 0.006652 0.000000 0.000000 0.004855 0.000000 0.000000 0.014707 0.001064 0.000000
0.000000 0.008538 0.000000 0.000000 0.009579 0.000000 0.000000 0.035350 0.002568 0.000000
0.000000 0.006969 0.000000 0.000000 0.015591 0.000000 0.000000 0.081647 0.004057 0.000000
0.000000 0.000000 0.000000 0.000000 0.021682 0.000000 0.000000 0.134757 0.000000 0.000000
0.027884 0.000000 0.000000 0.000000 0.010869 0.000000 0.000792 0.151515 0.000000 0.029795
0.091737 0.000000 0.000000 0.000000 0.000000 0.000000 0.011047 0.095007 0.000000 0.107595
0.132851 0.000000 0.001878 0.000000 0.000000 0.000000 0.003626 0.000000 0.000000 0.165317
0.107493 0.010681 0.002084 0.000000 0.028392 0.000000 0.000000 0.000000 0.088884 0.131612
0.043114 0.013701 0.000000 0.000000 0.102022 0.000000 0.000000 0.000000 0.169854 0.028440
0.000000 0.014169 0.005286 0.000000 0.120610 0.092326 0.007751 0.000000 0.125841 0.000000
0.000000 0.008760 0.022288 0.000000 0.068439 0.163670 0.050079 0.000000 0.020393 0.000000
0.000275 0.004507 0.026220 0.067422 0.005812 0.121301 0.060455 0.000000 0.000000 0.000000
0.004569 0.000897 0.024611 0.139025 0.000000 0.034786 0.030312 0.000000 0.000000 0.000000
0.003892 0.000000 0.014883 0.120129 0.000000 0.000000 0.006446 0.000000 0.000000 0.000000
0.001769 0.001867 0.005917 0.067341 0.000000 0.000000 0.000486 0.000000 0.001204 0.000000
0.000800 0.001609 0.002985 0.029355 0.000000 0.000000 0.000000 0.000000 0.000930 0.000000
0.001213 0.001049 0.000634 0.006723 0.000000 0.000000 0.001140 0.000000 0.000000 0.000044
0.000162 0.000108 0.000000 0.000706 0.000127 0.000000 0.000396 0.000156 0.000000 0.000075
0.000000 0.000000 0.000000 0.000270 0.000000 0.000000 0.000000 0.000049 0.000111 0.000212
0.000000 0.000054 0.000010 0.000000 0.000012 0.000000 0.000078 0.000007 0.000014 0.000052
0.000000 0.000000 0.000020 0.000004 0.000000 0.000000 0.000004 0.000014 0.000000 0.000006
0.000000 0.000000 0.000000 -0.000000 -0.000000 -0.000000 0.000000 0.000000 -0.000000 0.000000
0.000000 0.000000 0.000000 -0.000000 -0.000000 -0.000000 0.000000 0.000000 -0.000000 0.000000
0.000000 0.000000 0.000000 -0.000000 -0.000000 -0.000000 0.000000 0.000000 -0.000000 0.000000
0.000000 0.000000 0.000000 -0.000000 -0.000000 -0.000000 0.000000 0.000000 -0.000000 0.000000
0.000139 0.000000 0.000000 0.000000 0.000221 0.000000 0.000000 0.000042 0.000000 0.000000
0.000000 0.000388 0.000000 0.000000 0.000327 0.000000 0.000000 0.000827 0.000092 0.000000
0.000000 0.001708 0.000000 0.000000 0.002828 0.000000 0.000000 0.007301 0.000594 0.000000
0.000000 0.005170 0.000000 0.000000 0.007076 0.000000 0.000000 0.021804 0.001839 0.000000
0.000000 0.004675 0.000000 0.000000 0.012053 0.000000 0.000000 0.054069 0.004043 0.000000
0.000000 0.000000 0.000000 0.000000 0.017308 0.000000 0.000000 0.107550 0.003234 0.000000
0.004560 0.000000 0.000000 0.000000 0.015399 0.001561 0.000000 0.140668 0.000000 0.008545
0.042379 0.000000 0.000000 0.000000 0.000000 0.001980 0.000143 0.123193 0.000000 0.068600
0.100567 0.000000 0.001784 0.000000 0.000000 0.000000 0.002572 0.038516 0.000000 0.141515
0.110158 0.000000 0.004666 0.001466 0.000000 0.000000 0.000000 0.000000 0.025620 0.158097
0.068765 0.002973 0.000000 0.001135 0.051998 0.000000 0.000000 0.000000 0.127537 0.084797
0.017349 0.005898 0.000000 0.000000 0.109016 0.002317 0.000000 0.000000 0.170781 0.000000
0.000000 0.004903 0.008692 0.000000 0.100312 0.102506 0.018189 0.000000 0.100911 0.000000
0.000000 0.001989 0.015597 0.000000 0.037128 0.153364 0.055770 0.000000 0.006181 0.000000
0.000000 0.000286 0.014780 0.074322 0.000000 0.106170 0.056483 0.000000 0.000000 0.000000
0.002107 0.000727 0.015692 0.130053 0.000000 0.032258 0.027672 0.000000 0.000000 0.000000
0.002275 0.000000 0.010397 0.108266 0.000000 0.000000 0.007117 0.000000 0.000000 0.000000
0.001395 0.000916 0.006201 0.067483 0.000000 0.000000 0.000272 0.000000 0.001068 0.000000
0.000906 0.000956 0.002251 0.028471 0.000000 0.000000 0.000000 0.000000 0.000526 0.000289
0.000845 0.000793 0.000960 0.009027 0.000000 0.000000 0.000559 0.000000 0.000000 0.000001
0.000124 0.000178 0.000130 0.001407 0.000296 0.000000 0.000057 0.000000 0.000000 0.000000
0.000100 0.000000 0.000000 0.000054 0.000000 0.000000 0.000069 0.000056 0.000019 0.000000
0.000000 0.000000 0.000005 0.000000 0.000035 0.000000 0.000062 0.000000 0.000011 0.000060
0.000000 0.000000 0.000000 -0.000000 -0.000000 -0.000000 0.000000 0.000000 -0.000000 0.000000
0.000000 0.000000 0.000000 -0.000000 -0.000000 -0.000000 0.000000 0.000000 -0.000000 0.000000
0.000000 0.000000 0.000000 -0.000000 -0.000000 -0.000000 0.000000 0.000000 -0.000000 0.000000
0.000000 0.000000 0.000000 -0.000000 -0.000000 -0.000000 0.000000 0.000000 -0.000000 0.000000
0.000000 0.000000 0.000000 -0.000000 -0.000000 -0.000000 0.000000 0.000000 -0.000000 0.000000
0.000000 0.000000 0.000000 -0.000000 -0.000000 -0.000000 0.000000 0.000000 -0.000000 0.000000
0.000000 0.000357 0.000000 0.000030 0.000079 0.000000 0.000000 0.001085 0.000194 0.000000
0.000000 0.001671 0.000000 0.000000 0.001157 0.000000 0.000000 0.005654 0.000732 0.000000
0.000000 0.002154 0.000000 0.000000 0.005119 0.000000 0.000000 0.020454 0.001867 0.000000
0.000000 0.000000 0.000000 0.000000 0.010620 0.000000 0.000000 0.055108 0.003644 0.000000
0.000000 0.000000 0.000000 0.000000 0.010965 0.000000 0.000000 0.097963 0.001171 0.000000
0.000000 0.000000 0.000000 0.000000 0.000000 0.002296 0.000000 0.116470 0.000000 0.028046
0.030581 0.000000 0.004238 0.000000 0.000000 0.002320 0.000000 0.075458 0.000000 0.090430
0.063251 0.000000 0.007148 0.002027 0.000000 0.000000 0.000000 0.000000 0.000000 0.143631
0.054849 0.000000 0.002999 0.012684 0.000025 0.000000 0.000000 0.000000 0.057948 0.123933
0.011827 0.000000 0.000000 0.008143 0.060884 0.000000 0.000000 0.000000 0.143969 0.042779
0.000000 0.000000 0.000000 0.000000 0.092747 0.012907 0.000000 0.002432 0.155151 0.000000
0.000000 0.000000 0.003813 0.000000 0.070251 0.098131 0.020585 0.008865 0.081551 0.000000
0.000000 0.000000 0.006720 0.004626 0.015054 0.130731 0.051438 0.000000 0.002788 0.000000
0.000000 0.000000 0.009554 0.072727 0.000000 0.086338 0.044934 0.000000 0.000000 0.000000
0.000234 0.000000 0.010792 0.112029 0.000000 0.025594 0.023814 0.000000 0.000000 0.000000
0.001247 0.000000 0.006809 0.096188 0.000000 0.000000 0.006080 0.000000 0.000000 0.000000
0.001083 0.000000 0.004691 0.063029 0.000000 0.000000 0.000990 0.000000 0.001000 0.000000
0.000539 0.000041 0.003001 0.028398 0.000000 0.000000 0.000000 0.000000 0.000648 0.000195
0.000653 0.000596 0.001497 0.010557 0.000000 0.000000 0.000000 0.000000 0.000000 0.000093
0.000231 0.000303 0.000411 0.002593 0.000332 0.000000 0.000207 0.000000 0.000000 0.000000
0.000024 0.000052 0.000064 0.000263 0.000083 0.000000 0.000022 0.000000 0.000000 0.000000
0.000000 0.000000 0.000004 0.000000 0.000029 0.000000 0.000051 0.000000 0.000009 0.000050
0.000000 0.000000 0.000000 -0.000000 -0.000000 -0.000000 0.000000 0.000000 -0.000000 0.000000
0.000000 0.000000 0.000000 -0.000000 -0.000000 -0.000000 0.000000 0.000000 -0.000000 0.000000
0.000000 0.000000 0.000000 -0.000000 -0.000000 -0.000000 0.000000 0.000000 -0.000000 0.000000
0.000000 0.000000 0.000000 -0.000000 -0.000000 -0.000000 0.000000 0.000000 -0.000000 0.000000
0.000000 0.000000 0.000000 -0.000000 -0.000000 -0.000000 0.000000 0.000000 -0.000000 0.000000
0.000000 0.000000 0.000000 -0.000000 -0.000000 -0.000000 0.000000 0.000000 -0.000000 0.000000
0.000000 0.000000 0.000000 -0.000000 -0.000000 -0.000000 0.000000 0.000000 -0.000000 0.000000
0.000000 0.000777 0.000000 0.000000 0.000147 0.000000 0.000256 0.001174 0.000123 0.000000
0.000000 0.000196 0.000000 0.000000 0.001391 0.000000 0.000398 0.008291 0.000640 0.000000
0.000000 0.000000 0.000000 0.000000 0.004585 0.000000 0.001454 0.025214 0.000576 0.000000
0.000000 0.000000 0.000000 0.000000 0.002764 0.000432 0.002520 0.043113 0.000000 0.004624
0.000000 0.000000 0.000000 0.000000 0.000000 0.002787 0.004579 0.046205 0.000000 0.032538
0.000000 0.000000 0.000526 0.000000 0.000000 0.003259 0.001923 0.017256 0.000000 0.072027
0.000000 0.000000 0.000000 0.004278 0.000000 0.000000 0.000000 0.000000 0.001609 0.095147
0.000000 0.000000 0.000000 0.013841 0.005506 0.000000 0.000000 0.000000 0.055258 0.070395
0.000000 0.000000 0.000000 0.009235 0.047356 0.000000 0.000000 0.000000 0.105101 0.014863
0.000000 0.000000 0.000000 0.000000 0.059886 0.009340 0.000000 0.012850 0.100264 0.000000
0.000000 0.000000 0.000000 0.000000 0.038962 0.061681 0.024087 0.011692 0.047215 0.000000
0.000000 0.000000 0.000000 0.015008 0.004348 0.076763 0.038169 0.002794 0.000000 0.000000
0.000000 0.000000 0.000000 0.053114 0.000000 0.048331 0.032616 0.000000 0.000000 0.000000
0.000000 0.000000 0.002557 0.074287 0.000000 0.011381 0.017374 0.000000 0.000000 0.000000
0.000212 0.000000 0.002217 0.068715 0.000000 0.000000 0.004759 0.000000 0.000932 0.000000
0.000092 0.000000 0.002310 0.047088 0.000000 0.000000 0.000542 0.000000 0.001765 0.000000
0.000000 0.000293 0.001644 0.017927 0.000000 0.000000 0.000000 0.000000 0.000795 0.000000
0.000000 0.001004 0.001119 0.007228 0.000000 0.000000 0.000134 0.000000 0.000209 0.000000
0.000094 0.000522 0.000464 0.002208 0.000265 0.000000 0.000507 0.000000 0.000000 0.000000
0.000026 0.000094 0.000000 0.000255 0.000146 0.000000 0.000112 0.000000 0.000000 0.000000
0.000000 0.000000 0.000000 -0.000000 -0.000000 -0.000000 0.000000 0.000000 -0.000000 0.000000
0.000000 0.000000 0.000000 -0.000000 -0.000000 -0.000000 0.000000 0.000000 -0.000000 0.000000
0.000000 0.000000 0.000000 -0.000000 -0.000000 -0.000000 0.000000 0.000000 -0.000000 0.000000
0.000000 0.000000 0.000000 -0.000000 -0.000000 -0.000000 0.000000 0.000000 -0.000000 0.000000
0.000000 0.000000 0.000000 -0.000000 -0.000000 -0.000000 0.000000 0.000000 -0.000000 0.000000
0.000000 0.000000 0.000000 -0.000000 -0.000000 -0.000000 0.000000 0.000000 -0.000000 0.000000
0.000000 0.000000 0.000000 -0.000000 -0.000000 -0.000000 0.000000 0.000000 -0.000000 0.000000
0.000000 0.000000 0.000000 -0.000000 -0.000000 -0.000000 0.000000 0.000000 -0.000000 0.000000
0.000000 0.000020 0.000000 0.000000 0.000027 0.000000 0.000165 0.000174 0.000005 0.000000
0.000000 0.000035 0.000000 0.000000 0.000287 0.000000 0.000671 0.000443 0.000000 0.000000
0.000000 0.000000 0.000000 0.000000 0.000378 0.000000 0.000973 0.000704 0.000000 0.000000
0.000000 0.000000 0.000000 0.000000 0.000492 0.000000 0.001781 0.000701 0.000000 0.000938
0.000007 0.000158 0.000000 0.000000 0.001592 0.000000 0.002577 0.000000 0.000000 0.002375
0.000000 0.000811 0.000000 0.000000 0.002162 0.000281 0.001665 0.000000 0.000000 0.005083
0.000000 0.001131 0.000000 0.000000 0.003123 0.000000 0.001964 0.000000 0.000000 0.006593
0.000000 0.000155 0.000000 0.000000 0.008319 0.000000 0.001734 0.000000 0.003546 0.004749
0.000000 0.000000 0.000000 0.000000 0.016401 0.000000 0.004064 0.000000 0.008562 0.000000
0.000000 0.000000 0.000000 0.000000 0.018695 0.000000 0.008087 0.000000 0.007532 0.000000
0.000000 0.000000 0.000000 0.000000 0.012906 0.006156 0.016414 0.000000 0.000168 0.000000
0.000514 0.000000 0.000000 0.004828 0.002281 0.008727 0.019033 0.000000 0.000000 0.000000
0.000982 0.000000 0.000000 0.015112 0.000000 0.002551 0.013395 0.000000 0.000000 0.000000
0.001239 0.000000 0.000000 0.021369 0.000000 0.000000 0.007506 0.000000 0.000000 0.000000
0.001032 0.000000 0.000000 0.017354 0.000000 0.000000 0.004991 0.000000 0.000142 0.000000
0.000511 0.000000 0.000000 0.009071 0.000000 0.000000 0.002323 0.000000 0.000230 0.000000
0.000148 0.000000 0.000000 0.003418 0.000000 0.000000 0.000613 0.000000 0.000047 0.000000
0.000057 0.000407 0.000487 0.000731 0.000000 0.000000 0.000406 0.000000 0.000000 0.000000
0.000053 0.000464 0.000433 0.000436 0.000381 0.000000 0.000269 0.000000 0.000000 0.000000
0.000013 0.000053 0.000026 0.000073 0.000106 0.000000 0.000032 0.000000 0.000000 0.000000
0.000000 0.000000 0.000000 -0.000000 -0.000000 -0.000000 0.000000 0.000000 -0.000000 0.000000
0.000000 0.000000 0.000000 -0.000000 -0.000000 -0.000000 0.000000 0.000000 -0.000000 0.000000
0.000000 0.000000 0.000000 -0.000000 -0.000000 -0.000000 0.000000 0.000000 -0.000000 0.000000
0.000000 0.000000 0.000000 -0.000000 -0.000000 -0.000000 0.000000 0.000000 -0.000000 0.000000
