0.000000000000000000e+00 -0.000000000000000000e+00 0.000000000000000000e+00 -0.000000000000000000e+00 0.000000000000000000e+00
0.000000000000000000e+00 -0.000000000000000000e+00 0.000000000000000000e+00 -0.000000000000000000e+00 0.000000000000000000e+00
0.000000000000000000e+00 -0.000000000000000000e+00 0.000000000000000000e+00 -0.000000000000000000e+00 0.000000000000000000e+00
0.000000000000000000e+00 -0.000000000000000000e+00 0.000000000000000000e+00 -0.000000000000000000e+00 0.000000000000000000e+00
0.000000000000000000e+00 -0.000000000000000000e+00 0.000000000000000000e+00 -0.000000000000000000e+00 0.000000000000000000e+00
0.000000000000000000e+00 -0.000000000000000000e+00 0.000000000000000000e+00 -0.000000000000000000e+00 0.000000000000000000e+00
0.000000000000000000e+00 -0.000000000000000000e+00 0.000000000000000000e+00 -0.000000000000000000e+00 0.000000000000000000e+00
0.000000000000000000e+00 -0.000000000000000000e+00 0.000000000000000000e+00 -0.000000000000000000e+00 0.000000000000000000e+00
0.000000000000000000e+00 -0.000000000000000000e+00 0.000000000000000000e+00 -0.000000000000000000e+00 0.000000000000000000e+00
0.000000000000000000e+00 -0.000000000000000000e+00 0.000000000000000000e+00 -0.000000000000000000e+00 0.000000000000000000e+00
0.000000000000000000e+00 -0.000000000000000000e+00 0.000000000000000000e+00 -0.000000000000000000e+00 0.000000000000000000e+00
0.000000000000000000e+00 -0.000000000000000000e+00 0.000000000000000000e+00 -0.000000000000000000e+00 0.000000000000000000e+00
0.000000000000000000e+00 -0.000000000000000000e+00 0.000000000000000000e+00 -0.000000000000000000e+00 0.000000000000000000e+00
0.000000000000000000e+00 -0.000000000000000000e+00 0.000000000000000000e+00 -0.000000000000000000e+00 0.000000000000000000e+00
0.000000000000000000e+00 -0.000000000000000000e+00 0.000000000000000000e+00 -0.000000000000000000e+00 0.000000000000000000e+00
0.000000000000000000e+00 -0.000000000000000000e+00 0.000000000000000000e+00 -0.000000000000000000e+00 0.000000000000000000e+00
0.000000000000000000e+00 -0.000000000000000000e+00 0.000000000000000000e+00 -0.000000000000000000e+00 0.000000000000000000e+00
0.000000000000000000e+00 -0.000000000000000000e+00 0.000000000000000000e+00 -0.000000000000000000e+00 0.000000000000000000e+00
0.000000000000000000e+00 -0.000000000000000000e+00 0.000000000000000000e+00 -0.000000000000000000e+00 0.000000000000000000e+00
0.000000000000000000e+00 -0.000000000000000000e+00 0.000000000000000000e+00 -0.000000000000000000e+00 0.000000000000000000e+00
0.000000000000000000e+00 -0.000000000000000000e+00 0.000000000000000000e+00 -0.000000000000000000e+00 0.000000000000000000e+00
0.000000000000000000e+00 -0.000000000000000000e+00 0.000000000000000000e+00 -0.000000000000000000e+00 0.000000000000000000e+00
0.000000000000000000e+00 -0.000000000000000000e+00 0.000000000000000000e+00 -0.000000000000000000e+00 0.000000000000000000e+00
0.000000000000000000e+00 -0.000000000000000000e+00 0.000000000000000000e+00 -0.000000000000000000e+00 0.000000000000000000e+00
0.000000000000000000e+00 -0.000000000000000000e+00 0.000000000000000000e+00 -0.000000000000000000e+00 0.000000000000000000e+00
0.000000000000000000e+00 -0.000000000000000000e+00 0.000000000000000000e+00 -0.000000000000000000e+00 0.000000000000000000e+00
0.000000000000000000e+00 -0.000000000000000000e+00 0.000000000000000000e+00 -0.000000000000000000e+00 0.000000000000000000e+00
0.000000000000000000e+00 -0.000000000000000000e+00 0.000000000000000000e+00 -0.000000000000000000e+00 0.000000000000000000e+00
0.000000000000000000e+00 -0.000000000000000000e+00 0.000000000000000000e+00 -0.000000000000000000e+00 0.000000000000000000e+00
0.000000000000000000e+00 -0.000000000000000000e+00 0.000000000000000000e+00 -0.000000000000000000e+00 0.000000000000000000e+00
0.000000000000000000e+00 -0.000000000000000000e+00 0.000000000000000000e+00 -0.000000000000000000e+00 0.000000000000000000e+00
0.000000000000000000e+00 -0.000000000000000000e+00 0.000000000000000000e+00 -0.000000000000000000e+00 0.000000000000000000e+00
0.000000000000000000e+00 -0.000000000000000000e+00 0.000000000000000000e+00 -0.000000000000000000e+00 0.000000000000000000e+00
0.000000000000000000e+00 -0.000000000000000000e+00 0.000000000000000000e+00 -0.000000000000000000e+00 0.000000000000000000e+00
0.000000000000000000e+00 -0.000000000000000000e+00 0.000000000000000000e+00 -0.000000000000000000e+00 0.000000000000000000e+00
0.000000000000000000e+00 -0.000000000000000000e+00 0.000000000000000000e+00 -0.000000000000000000e+00 0.000000000000000000e+00
0.000000000000000000e+00 -0.000000000000000000e+00 0.000000000000000000e+00 -0.000000000000000000e+00 0.000000000000000000e+00
0.000000000000000000e+00 -0.000000000000000000e+00 0.000000000000000000e+00 -0.000000000000000000e+00 0.000000000000000000e+00
0.000000000000000000e+00 -0.000000000000000000e+00 0.000000000000000000e+00 -0.000000000000000000e+00 0.000000000000000000e+00
0.000000000000000000e+00 -0.000000000000000000e+00 0.000000000000000000e+00 -0.000000000000000000e+00 0.000000000000000000e+00
0.000000000000000000e+00 -0.000000000000000000e+00 0.000000000000000000e+00 -0.000000000000000000e+00 0.000000000000000000e+00
0.000000000000000000e+00 -0.000000000000000000e+00 0.000000000000000000e+00 -0.000000000000000000e+00 0.000000000000000000e+00
0.000000000000000000e+00 -0.000000000000000000e+00 0.000000000000000000e+00 -0.000000000000000000e+00 0.000000000000000000e+00
0.000000000000000000e+00 -0.000000000000000000e+00 0.000000000000000000e+00 -0.000000000000000000e+00 0.000000000000000000e+00
0.000000000000000000e+00 -0.000000000000000000e+00 0.000000000000000000e+00 -0.000000000000000000e+00 0.000000000000000000e+00
0.000000000000000000e+00 -0.000000000000000000e+00 0.000000000000000000e+00 -0.000000000000000000e+00 0.000000000000000000e+00
0.000000000000000000e+00 -0.000000000000000000e+00 0.000000000000000000e+00 -0.000000000000000000e+00 0.000000000000000000e+00
0.000000000000000000e+00 -0.000000000000000000e+00 0.000000000000000000e+00 -0.000000000000000000e+00 0.000000000000000000e+00
0.000000000000000000e+00 -0.000000000000000000e+00 0.000000000000000000e+00 -0.000000000000000000e+00 0.000000000000000000e+00
0.000000000000000000e+00 -0.000000000000000000e+00 0.000000000000000000e+00 -0.000000000000000000e+00 0.000000000000000000e+00
0.000000000000000000e+00 -0.000000000000000000e+00 0.000000000000000000e+00 -0.000000000000000000e+00 0.000000000000000000e+00
0.000000000000000000e+00 -0.000000000000000000e+00 0.000000000000000000e+00 -0.000000000000000000e+00 0.000000000000000000e+00
0.000000000000000000e+00 -0.000000000000000000e+00 0.000000000000000000e+00 -0.000000000000000000e+00 0.000000000000000000e+00
0.000000000000000000e+00 -0.000000000000000000e+00 0.000000000000000000e+00 -0.000000000000000000e+00 0.000000000000000000e+00
0.000000000000000000e+00 -0.000000000000000000e+00 0.000000000000000000e+00 -0.000000000000000000e+00 0.000000000000000000e+00
0.000000000000000000e+00 -0.000000000000000000e+00 0.000000000000000000e+00 -0.000000000000000000e+00 0.000000000000000000e+00
0.000000000000000000e+00 -0.000000000000000000e+00 0.000000000000000000e+00 -0.000000000000000000e+00 0.000000000000000000e+00
0.000000000000000000e+00 -0.000000000000000000e+00 0.000000000000000000e+00 -0.000000000000000000e+00 0.000000000000000000e+00
0.000000000000000000e+00 -0.000000000000000000e+00 0.000000000000000000e+00 -0.000000000000000000e+00 0.000000000000000000e+00
0.000000000000000000e+00 -0.000000000000000000e+00 0.000000000000000000e+00 -0.000000000000000000e+00 0.000000000000000000e+00
0.000000000000000000e+00 -0.000000000000000000e+00 0.000000000000000000e+00 -0.000000000000000000e+00 0.000000000000000000e+00
0.000000000000000000e+00 -0.000000000000000000e+00 0.000000000000000000e+00 -0.000000000000000000e+00 0.000000000000000000e+00
0.000000000000000000e+00 -0.000000000000000000e+00 0.000000000000000000e+00 -0.000000000000000000e+00 0.000000000000000000e+00
0.000000000000000000e+00 -0.000000000000000000e+00 0.000000000000000000e+00 -0.000000000000000000e+00 0.000000000000000000e+00
0.000000000000000000e+00 -0.000000000000000000e+00 0.000000000000000000e+00 -0.000000000000000000e+00 0.000000000000000000e+00
0.000000000000000000e+00 -0.000000000000000000e+00 0.000000000000000000e+00 -0.000000000000000000e+00 0.000000000000000000e+00
0.000000000000000000e+00 -0.000000000000000000e+00 0.000000000000000000e+00 -0.000000000000000000e+00 0.000000000000000000e+00
0.000000000000000000e+00 -0.000000000000000000e+00 0.000000000000000000e+00 -0.000000000000000000e+00 0.000000000000000000e+00
0.000000000000000000e+00 -0.000000000000000000e+00 0.000000000000000000e+00 -0.000000000000000000e+00 0.000000000000000000e+00
0.000000000000000000e+00 -0.000000000000000000e+00 0.000000000000000000e+00 -0.000000000000000000e+00 0.000000000000000000e+00
0.000000000000000000e+00 -0.000000000000000000e+00 0.000000000000000000e+00 -0.000000000000000000e+00 0.000000000000000000e+00
0.000000000000000000e+00 -0.000000000000000000e+00 0.000000000000000000e+00 -0.000000000000000000e+00 0.000000000000000000e+00
0.000000000000000000e+00 -0.000000000000000000e+00 0.000000000000000000e+00 -0.000000000000000000e+00 0.000000000000000000e+00
0.000000000000000000e+00 -0.000000000000000000e+00 0.000000000000000000e+00 -0.000000000000000000e+00 0.000000000000000000e+00
0.000000000000000000e+00 -0.000000000000000000e+00 0.000000000000000000e+00 -0.000000000000000000e+00 0.000000000000000000e+00
0.000000000000000000e+00 -0.000000000000000000e+00 0.000000000000000000e+00 -0.000000000000000000e+00 0.000000000000000000e+00
0.000000000000000000e+00 -0.000000000000000000e+00 0.000000000000000000e+00 -0.000000000000000000e+00 0.000000000000000000e+00
0.000000000000000000e+00 -0.000000000000000000e+00 0.000000000000000000e+00 -0.000000000000000000e+00 0.000000000000000000e+00
0.000000000000000000e+00 -0.000000000000000000e+00 0.000000000000000000e+00 -0.000000000000000000e+00 0.000000000000000000e+00
0.000000000000000000e+00 -0.000000000000000000e+00 0.000000000000000000e+00 -0.000000000000000000e+00 0.000000000000000000e+00
0.000000000000000000e+00 -0.000000000000000000e+00 0.000000000000000000e+00 -0.000000000000000000e+00 0.000000000000000000e+00
0.000000000000000000e+00 -0.000000000000000000e+00 0.000000000000000000e+00 -0.000000000000000000e+00 0.000000000000000000e+00
0.000000000000000000e+00 -0.000000000000000000e+00 0.000000000000000000e+00 -0.000000000000000000e+00 0.000000000000000000e+00
0.000000000000000000e+00 -0.000000000000000000e+00 0.000000000000000000e+00 -0.000000000000000000e+00 0.000000000000000000e+00
0.000000000000000000e+00 -0.000000000000000000e+00 0.000000000000000000e+00 -0.000000000000000000e+00 0.000000000000000000e+00
0.000000000000000000e+00 -0.000000000000000000e+00 0.000000000000000000e+00 -0.000000000000000000e+00 0.000000000000000000e+00
0.000000000000000000e+00 -0.000000000000000000e+00 0.000000000000000000e+00 -0.000000000000000000e+00 0.000000000000000000e+00
0.000000000000000000e+00 -0.000000000000000000e+00 0.000000000000000000e+00 -0.000000000000000000e+00 0.000000000000000000e+00
0.000000000000000000e+00 -0.000000000000000000e+00 0.000000000000000000e+00 -0.000000000000000000e+00 0.000000000000000000e+00
0.000000000000000000e+00 -0.000000000000000000e+00 0.000000000000000000e+00 -0.000000000000000000e+00 0.000000000000000000e+00
0.000000000000000000e+00 -0.000000000000000000e+00 0.000000000000000000e+00 -0.000000000000000000e+00 0.000000000000000000e+00
0.000000000000000000e+00 -0.000000000000000000e+00 0.000000000000000000e+00 -0.000000000000000000e+00 0.000000000000000000e+00
0.000000000000000000e+00 -0.000000000000000000e+00 0.000000000000000000e+00 -0.000000000000000000e+00 0.000000000000000000e+00
0.000000000000000000e+00 -0.000000000000000000e+00 0.000000000000000000e+00 -0.000000000000000000e+00 0.000000000000000000e+00
0.000000000000000000e+00 -0.000000000000000000e+00 0.000000000000000000e+00 -0.000000000000000000e+00 0.000000000000000000e+00
0.000000000000000000e+00 -0.000000000000000000e+00 0.000000000000000000e+00 -0.000000000000000000e+00 0.000000000000000000e+00
0.000000000000000000e+00 -0.000000000000000000e+00 0.000000000000000000e+00 -0.000000000000000000e+00 0.000000000000000000e+00
0.000000000000000000e+00 -0.000000000000000000e+00 0.000000000000000000e+00 -0.000000000000000000e+00 0.000000000000000000e+00
0.000000000000000000e+00 -0.000000000000000000e+00 0.000000000000000000e+00 -0.000000000000000000e+00 0.000000000000000000e+00
0.000000000000000000e+00 -0.000000000000000000e+00 0.000000000000000000e+00 -0.000000000000000000e+00 0.000000000000000000e+00
0.000000000000000000e+00 -0.000000000000000000e+00 0.000000000000000000e+00 -0.000000000000000000e+00 0.000000000000000000e+00
0.000000000000000000e+00 -0.000000000000000000e+00 0.000000000000000000e+00 -0.000000000000000000e+00 0.000000000000000000e+00
0.000000000000000000e+00 -0.000000000000000000e+00 0.000000000000000000e+00 -0.000000000000000000e+00 0.000000000000000000e+00
0.000000000000000000e+00 -0.000000000000000000e+00 0.000000000000000000e+00 -0.000000000000000000e+00 0.000000000000000000e+00
0.000000000000000000e+00 -0.000000000000000000e+00 0.000000000000000000e+00 -0.000000000000000000e+00 0.000000000000000000e+00
0.000000000000000000e+00 -0.000000000000000000e+00 0.000000000000000000e+00 -0.000000000000000000e+00 0.000000000000000000e+00
0.000000000000000000e+00 -0.000000000000000000e+00 0.000000000000000000e+00 -0.000000000000000000e+00 0.000000000000000000e+00
0.000000000000000000e+00 -0.000000000000000000e+00 0.000000000000000000e+00 -0.000000000000000000e+00 0.000000000000000000e+00
0.000000000000000000e+00 -0.000000000000000000e+00 0.000000000000000000e+00 -0.000000000000000000e+00 0.000000000000000000e+00
0.000000000000000000e+00 -0.000000000000000000e+00 0.000000000000000000e+00 -0.000000000000000000e+00 0.000000000000000000e+00
0.000000000000000000e+00 -0.000000000000000000e+00 0.000000000000000000e+00 -0.000000000000000000e+00 0.000000000000000000e+00
0.000000000000000000e+00 -0.000000000000000000e+00 0.000000000000000000e+00 -0.000000000000000000e+00 0.000000000000000000e+00
0.000000000000000000e+00 -0.000000000000000000e+00 0.000000000000000000e+00 -0.000000000000000000e+00 0.000000000000000000e+00
0.000000000000000000e+00 -0.000000000000000000e+00 0.000000000000000000e+00 -0.000000000000000000e+00 0.000000000000000000e+00
0.000000000000000000e+00 -0.000000000000000000e+00 0.000000000000000000e+00 -0.000000000000000000e+00 0.000000000000000000e+00
0.000000000000000000e+00 -0.000000000000000000e+00 0.000000000000000000e+00 -0.000000000000000000e+00 0.000000000000000000e+00
0.000000000000000000e+00 -0.000000000000000000e+00 0.000000000000000000e+00 -0.000000000000000000e+00 0.000000000000000000e+00
0.000000000000000000e+00 -0.000000000000000000e+00 0.000000000000000000e+00 -0.000000000000000000e+00 0.000000000000000000e+00
0.000000000000000000e+00 -0.000000000000000000e+00 0.000000000000000000e+00 -0.000000000000000000e+00 0.000000000000000000e+00
0.000000000000000000e+00 -0.000000000000000000e+00 0.000000000000000000e+00 -0.000000000000000000e+00 0.000000000000000000e+00
0.000000000000000000e+00 -0.000000000000000000e+00 0.000000000000000000e+00 -0.000000000000000000e+00 0.000000000000000000e+00
0.000000000000000000e+00 -0.000000000000000000e+00 0.000000000000000000e+00 -0.000000000000000000e+00 0.000000000000000000e+00
0.000000000000000000e+00 -0.000000000000000000e+00 0.000000000000000000e+00 -0.000000000000000000e+00 0.000000000000000000e+00
2.131532920584021178e-04 2.439433288704813087e-05 1.000000000000000021e-08 1.000000000000000021e-08 1.000000000000000021e-08
3.704807219110318930e-04 4.239967382748839326e-05 1.000000000000000021e-08 1.000000000000000021e-08 1.000000000000000021e-08
5.684087788224057199e-04 6.505155436546165523e-05 1.000000000000000021e-08 1.000000000000000021e-08 1.000000000000000021e-08
8.272377763218928190e-04 9.467324429973428442e-05 1.000000000000000021e-08 1.000000000000000021e-08 1.000000000000000021e-08
4.313816624991473878e-04 4.936948322378782825e-05 1.000000000000000021e-08 1.000000000000000021e-08 1.000000000000000021e-08
0.000000000000000000e+00 -0.000000000000000000e+00 0.000000000000000000e+00 -0.000000000000000000e+00 0.000000000000000000e+00
0.000000000000000000e+00 -0.000000000000000000e+00 0.000000000000000000e+00 -0.000000000000000000e+00 0.000000000000000000e+00
0.000000000000000000e+00 -0.000000000000000000e+00 0.000000000000000000e+00 -0.000000000000000000e+00 0.000000000000000000e+00
0.000000000000000000e+00 -0.000000000000000000e+00 0.000000000000000000e+00 -0.000000000000000000e+00 0.000000000000000000e+00
0.000000000000000000e+00 -0.000000000000000000e+00 0.000000000000000000e+00 -0.000000000000000000e+00 0.000000000000000000e+00
0.000000000000000000e+00 -0.000000000000000000e+00 0.000000000000000000e+00 -0.000000000000000000e+00 0.000000000000000000e+00
0.000000000000000000e+00 -0.000000000000000000e+00 0.000000000000000000e+00 -0.000000000000000000e+00 0.000000000000000000e+00
0.000000000000000000e+00 -0.000000000000000000e+00 0.000000000000000000e+00 -0.000000000000000000e+00 0.000000000000000000e+00
0.000000000000000000e+00 -0.000000000000000000e+00 0.000000000000000000e+00 -0.000000000000000000e+00 0.000000000000000000e+00
0.000000000000000000e+00 -0.000000000000000000e+00 0.000000000000000000e+00 -0.000000000000000000e+00 0.000000000000000000e+00
0.000000000000000000e+00 -0.000000000000000000e+00 0.000000000000000000e+00 -0.000000000000000000e+00 0.000000000000000000e+00
0.000000000000000000e+00 -0.000000000000000000e+00 0.000000000000000000e+00 -0.000000000000000000e+00 0.000000000000000000e+00
0.000000000000000000e+00 -0.000000000000000000e+00 0.000000000000000000e+00 -0.000000000000000000e+00 0.000000000000000000e+00
0.000000000000000000e+00 -0.000000000000000000e+00 0.000000000000000000e+00 -0.000000000000000000e+00 0.000000000000000000e+00
0.000000000000000000e+00 -0.000000000000000000e+00 0.000000000000000000e+00 -0.000000000000000000e+00 0.000000000000000000e+00
0.000000000000000000e+00 -0.000000000000000000e+00 0.000000000000000000e+00 -0.000000000000000000e+00 0.000000000000000000e+00
0.000000000000000000e+00 -0.000000000000000000e+00 0.000000000000000000e+00 -0.000000000000000000e+00 0.000000000000000000e+00
5.261306552412270730e-05 1.297533212746948387e-04 2.452145602633483564e-04 1.000000000000000021e-08 1.000000000000000021e-08
7.463198265676713582e-04 2.266373969717531771e-04 2.619008253939463025e-04 1.529929360279489044e-04 1.000000000000000021e-08
2.574950071508357724e-03 8.237791615042580617e-04 1.000000000000000021e-08 1.084588409476941684e-04 1.000000000000000021e-08
2.740224954636103112e-03 2.484206957416471386e-04 4.324490107289296324e-04 5.654475235371846965e-04 1.000000000000000021e-08
3.359283487614710562e-03 1.000000000000000021e-08 3.284116624937969873e-04 9.162637239193861935e-04 1.000000000000000021e-08
5.067944271888378573e-03 1.000000000000000021e-08 1.000000000000000021e-08 8.822118149508821009e-04 1.000000000000000021e-08
6.701618876453884627e-03 1.000000000000000021e-08 1.000000000000000021e-08 5.825860092257127048e-04 1.000000000000000021e-08
8.819469054816307663e-03 1.000000000000000021e-08 1.000000000000000021e-08 3.035648166657001624e-04 4.662544204353931366e-04
1.048721024591158305e-02 1.000000000000000021e-08 1.000000000000000021e-08 1.104903825678521881e-04 8.689194673368657185e-04
1.077657733254340673e-02 1.000000000000000021e-08 1.000000000000000021e-08 1.000000000000000021e-08 9.721161814080590130e-04
8.669907574563245206e-03 1.000000000000000021e-08 1.000000000000000021e-08 1.000000000000000021e-08 7.647369702045922479e-04
5.341019549432720476e-03 1.000000000000000021e-08 1.000000000000000021e-08 1.000000000000000021e-08 3.959162386335421890e-04
1.027647794691725859e-03 1.000000000000000021e-08 1.000000000000000021e-08 2.082900607078465253e-05 3.558485484876861222e-05
7.050073067749087607e-04 1.000000000000000021e-08 1.000000000000000021e-08 1.452792987539916884e-05 3.064836804659632256e-04
2.006489393999832786e-04 1.000000000000000021e-08 1.000000000000000021e-08 1.000000000000000021e-08 3.933931196817680692e-05
1.116654967095560662e-03 1.000000000000000021e-08 1.000000000000000021e-08 1.000000000000000021e-08 2.189318231272454902e-04
1.105365050066276725e-03 1.000000000000000021e-08 1.000000000000000021e-08 1.000000000000000021e-08 3.660576075236403174e-04
1.391793544937503218e-03 1.000000000000000021e-08 1.000000000000000021e-08 1.000000000000000021e-08 7.618870326417399429e-04
0.000000000000000000e+00 -0.000000000000000000e+00 0.000000000000000000e+00 -0.000000000000000000e+00 0.000000000000000000e+00
0.000000000000000000e+00 -0.000000000000000000e+00 0.000000000000000000e+00 -0.000000000000000000e+00 0.000000000000000000e+00
0.000000000000000000e+00 -0.000000000000000000e+00 0.000000000000000000e+00 -0.000000000000000000e+00 0.000000000000000000e+00
0.000000000000000000e+00 -0.000000000000000000e+00 0.000000000000000000e+00 -0.000000000000000000e+00 0.000000000000000000e+00
0.000000000000000000e+00 -0.000000000000000000e+00 0.000000000000000000e+00 -0.000000000000000000e+00 0.000000000000000000e+00
0.000000000000000000e+00 -0.000000000000000000e+00 0.000000000000000000e+00 -0.000000000000000000e+00 0.000000000000000000e+00
0.000000000000000000e+00 -0.000000000000000000e+00 0.000000000000000000e+00 -0.000000000000000000e+00 0.000000000000000000e+00
0.000000000000000000e+00 -0.000000000000000000e+00 0.000000000000000000e+00 -0.000000000000000000e+00 0.000000000000000000e+00
3.724461902279801827e-05 1.643435169818054979e-05 1.000000000000000021e-08 1.000000000000000021e-08 1.000000000000000021e-08
1.705504581451669629e-03 1.373986380413561113e-03 4.855006188512858733e-05 1.000000000000000021e-08 1.000000000000000021e-08
4.373321668401320729e-03 3.423655351429198516e-03 8.487622986931118595e-05 1.000000000000000021e-08 1.000000000000000021e-08
8.097512637726927975e-03 5.093752410312215630e-03 1.321487483715674436e-04 2.047500168828871731e-03 1.000000000000000021e-08
1.688889816519277901e-02 4.081948217205898406e-03 1.063449517888377747e-03 4.230443040544301821e-03 1.000000000000000021e-08
2.685679441593850914e-02 2.791855128522019620e-03 1.098648435213155040e-03 5.694508159183729601e-03 1.000000000000000021e-08
3.629291388467217189e-02 1.000000000000000021e-08 1.000000000000000021e-08 7.387829605196122654e-03 1.000000000000000021e-08
5.062492621767036155e-02 1.000000000000000021e-08 4.009016749633679145e-04 7.703490557352778850e-03 1.000000000000000021e-08
6.033945725229782064e-02 1.000000000000000021e-08 1.391518731253107988e-03 8.856606994244212508e-03 1.000000000000000021e-08
6.856861458835022960e-02 1.000000000000000021e-08 4.338519288247379840e-03 9.239139242724179676e-03 1.000000000000000021e-08
7.446553374108448586e-02 1.000000000000000021e-08 6.418826353670335945e-03 9.744849177726371686e-03 1.000000000000000021e-08
8.137268855985263505e-02 1.000000000000000021e-08 6.367925723207769687e-03 1.048359793764878575e-02 1.000000000000000021e-08
8.718429575445414692e-02 1.000000000000000021e-08 7.496786319235186971e-03 8.460931820182586438e-03 1.000000000000000021e-08
9.199010915037192371e-02 1.000000000000000021e-08 8.804385168020010741e-03 6.251051690075717579e-03 1.000000000000000021e-08
7.349172209680703005e-02 1.000000000000000021e-08 1.164288069599209684e-02 4.804128657857385278e-03 1.000000000000000021e-08
5.299353791702602484e-02 1.000000000000000021e-08 1.260579749628603329e-02 3.606643646371633823e-03 1.000000000000000021e-08
3.727168883741369815e-02 1.000000000000000021e-08 1.116051375565494178e-02 1.000000000000000021e-08 2.991769118465348667e-03
2.366696424142905250e-02 1.000000000000000021e-08 6.873229190943833458e-03 1.000000000000000021e-08 3.196888168960534959e-03
1.503279371616897224e-02 1.000000000000000021e-08 3.038999624519926786e-03 1.000000000000000021e-08 6.230914925968658244e-03
4.794809775201088788e-03 1.000000000000000021e-08 2.513734894744375920e-03 1.000000000000000021e-08 6.384074647505309785e-03
5.984736668842571003e-04 1.000000000000000021e-08 8.311374420474017428e-04 1.000000000000000021e-08 1.928485653371049286e-03
3.155133514700818521e-05 1.000000000000000021e-08 3.602897521782697892e-05 1.000000000000000021e-08 5.294177206059074543e-05
0.000000000000000000e+00 -0.000000000000000000e+00 0.000000000000000000e+00 -0.000000000000000000e+00 0.000000000000000000e+00
0.000000000000000000e+00 -0.000000000000000000e+00 0.000000000000000000e+00 -0.000000000000000000e+00 0.000000000000000000e+00
0.000000000000000000e+00 -0.000000000000000000e+00 0.000000000000000000e+00 -0.000000000000000000e+00 0.000000000000000000e+00
1.000000000000000021e-08 2.323416135066891125e-04 2.152334757401946252e-05 1.810355187037058865e-05 1.000000000000000021e-08
1.000000000000000021e-08 1.248874668709743906e-03 1.226904356984383801e-04 1.000000000000000021e-08 1.000000000000000021e-08
1.000000000000000021e-08 4.421232499333118023e-03 2.316724427169070393e-04 1.000000000000000021e-08 1.000000000000000021e-08
2.695397855069871012e-04 7.482797632892514671e-03 5.444251446389802829e-05 1.000000000000000021e-08 1.000000000000000021e-08
2.926232242698395200e-03 1.615134840957553955e-02 1.000000000000000021e-08 2.172490565153086667e-03 1.000000000000000021e-08
4.955368391778855811e-03 2.592682325474258975e-02 5.082372644546977571e-04 5.575544650940986863e-03 1.000000000000000021e-08
1.344523563591177272e-02 3.906324496960679460e-02 1.861285058709453381e-03 1.242909895512339311e-02 1.000000000000000021e-08
2.917288869101974241e-02 4.647554348029433319e-02 5.246461023633528301e-03 2.096964733501711919e-02 1.000000000000000021e-08
4.150560265549889383e-02 4.443318147560643139e-02 1.094241399990200647e-02 3.268211407844627547e-02 1.000000000000000021e-08
4.990959689824330664e-02 3.796978671252657089e-02 2.082188176799764159e-02 4.652634944630384961e-02 1.000000000000000021e-08
7.371537129358303464e-02 2.836437393394109982e-02 3.052238236098380256e-02 5.716414654723743494e-02 1.000000000000000021e-08
9.065079821634997037e-02 1.556596701461366444e-02 3.854632317905536815e-02 6.771948221306683946e-02 1.000000000000000021e-08
1.042075091064193215e-01 1.114424621190996181e-02 4.622286381658807092e-02 6.999813812221696019e-02 1.000000000000000021e-08
1.014811265591706452e-01 8.419009523437062659e-03 5.526136451548874229e-02 7.275298307584254776e-02 1.000000000000000021e-08
1.015761172597261092e-01 6.036515673751311796e-03 5.997051806391964085e-02 7.805799434183720298e-02 1.000000000000000021e-08
1.088984388143094950e-01 5.351858455200861515e-03 6.677607244981205448e-02 7.914746864434378526e-02 1.000000000000000021e-08
1.005276591606493325e-01 6.139723055580958815e-03 7.521103983231680612e-02 7.977490849380750038e-02 1.000000000000000021e-08
8.035256251980585351e-02 1.543577777603980091e-03 8.179767755567203535e-02 7.434827080580178049e-02 1.000000000000000021e-08
4.281295434855506010e-02 7.407381072575259758e-05 8.760357305017309193e-02 5.798257140619985511e-02 1.000000000000000021e-08
1.967789917397444813e-02 1.000000000000000021e-08 8.497472580860059022e-02 3.162253938702737355e-02 4.875481994467025307e-03
6.319511312972407417e-03 4.139657851617771674e-03 7.008814190130568944e-02 1.230400427202316908e-03 1.926538216856097524e-02
7.021214096522509183e-03 1.555143166941723399e-03 4.009071930475819473e-02 1.000000000000000021e-08 2.651231675450424138e-02
1.525982393395117209e-03 1.000000000000000021e-08 1.467425981514001478e-02 1.000000000000000021e-08 2.299071271085868437e-02
3.065430100542971149e-03 1.000000000000000021e-08 2.951967929370969291e-03 1.000000000000000021e-08 1.088377212149618106e-02
8.274850504662003203e-04 1.000000000000000021e-08 1.141462757662188891e-04 1.000000000000000021e-08 9.129847342572521528e-04
0.000000000000000000e+00 -0.000000000000000000e+00 0.000000000000000000e+00 -0.000000000000000000e+00 0.000000000000000000e+00
0.000000000000000000e+00 -0.000000000000000000e+00 0.000000000000000000e+00 -0.000000000000000000e+00 0.000000000000000000e+00
0.000000000000000000e+00 -0.000000000000000000e+00 0.000000000000000000e+00 -0.000000000000000000e+00 0.000000000000000000e+00
1.000000000000000021e-08 9.441967697825022921e-04 8.746722099229165372e-05 7.356975334554847286e-05 1.000000000000000021e-08
1.000000000000000021e-08 3.985302997744487319e-03 3.945989444877668240e-04 8.321716426998504844e-06 1.000000000000000021e-08
1.000000000000000021e-08 1.088795735949513871e-02 4.097625458808826357e-04 1.000000000000000021e-08 1.000000000000000021e-08
1.000000000000000021e-08 2.220171119140194188e-02 2.573900100346348044e-03 5.163340109194162163e-04 1.000000000000000021e-08
1.000000000000000021e-08 4.647870043634811515e-02 3.033804173827343766e-03 3.960088221135287662e-03 1.000000000000000021e-08
1.000000000000000021e-08 7.653074735694281872e-02 4.606369064191352669e-03 1.247232373366151219e-02 1.000000000000000021e-08
5.749327289875626364e-03 1.056617551703208507e-01 8.743469163689539594e-03 2.468078288562687225e-02 1.000000000000000021e-08
1.248491883340166995e-02 1.254071281964571072e-01 2.275168531605113037e-02 4.437105265967011131e-02 1.000000000000000021e-08
1.372648150718449277e-02 1.270875479827347776e-01 4.211272458633380511e-02 6.760463408522519868e-02 1.000000000000000021e-08
1.910794205805475127e-02 1.184696540042227825e-01 6.047885168559256897e-02 8.751999854523549727e-02 1.000000000000000021e-08
3.613652924392635191e-02 1.068563604678650913e-01 7.702362309823806985e-02 1.015927755984159658e-01 1.000000000000000021e-08
4.040770814113976012e-02 9.304940882925769041e-02 9.493096740568332526e-02 1.125655098803357151e-01 1.000000000000000021e-08
3.461482977677266676e-02 8.205906705442947424e-02 1.037697478523744721e-01 1.190643676756409225e-01 1.000000000000000021e-08
2.822169358427092933e-02 7.804120330622935087e-02 1.103198368241159050e-01 1.213531441731934557e-01 1.000000000000000021e-08
2.520772284721562242e-02 7.735864637295894464e-02 1.135263071937798740e-01 1.210577387547900619e-01 1.000000000000000021e-08
3.129589779282735545e-02 7.192684372267033055e-02 1.128057813720199365e-01 1.229018152570451050e-01 1.000000000000000021e-08
4.851640849275508371e-02 6.280838316835719859e-02 1.108737972700197805e-01 1.200824921958937724e-01 1.000000000000000021e-08
4.960889033799202597e-02 4.928821645759579734e-02 1.126607838644232695e-01 1.134078690091538666e-01 1.000000000000000021e-08
1.774360682795905059e-02 3.727969323432421545e-02 1.230659074345657883e-01 9.183682677783092108e-02 1.297425443985846839e-02
1.000000000000000021e-08 2.407144115878113999e-02 1.289821881458810549e-01 5.539404443959761171e-02 3.582264211286997208e-02
1.000000000000000021e-08 1.480500546411621030e-02 1.086359637406603684e-01 1.220597497039651452e-02 5.876026377980241716e-02
1.000000000000000021e-08 8.161327372965501703e-03 6.783709231240231396e-02 1.000000000000000021e-08 6.620098791562202545e-02
1.000000000000000021e-08 1.000000000000000021e-08 2.635078817788125832e-02 1.000000000000000021e-08 4.995821967109969480e-02
2.622117314724706130e-03 1.000000000000000021e-08 5.580818862960561060e-03 1.000000000000000021e-08 2.119231975082207231e-02
8.042756357577845452e-04 1.000000000000000021e-08 2.950813083727059946e-04 1.000000000000000021e-08 1.916065882123197620e-03
0.000000000000000000e+00 -0.000000000000000000e+00 0.000000000000000000e+00 -0.000000000000000000e+00 0.000000000000000000e+00
0.000000000000000000e+00 -0.000000000000000000e+00 0.000000000000000000e+00 -0.000000000000000000e+00 0.000000000000000000e+00
0.000000000000000000e+00 -0.000000000000000000e+00 0.000000000000000000e+00 -0.000000000000000000e+00 0.000000000000000000e+00
1.000000000000000021e-08 1.532465961427097439e-04 1.419625052754472999e-05 1.194064059535080002e-05 1.000000000000000021e-08
1.000000000000000021e-08 4.710300483874103709e-03 2.992015833120618170e-04 1.000000000000000021e-08 1.000000000000000021e-08
1.000000000000000021e-08 1.603875687247155457e-02 9.058790689323057777e-04 1.000000000000000021e-08 1.000000000000000021e-08
1.000000000000000021e-08 3.800609194403182373e-02 2.775115458324362711e-03 1.000000000000000021e-08 1.000000000000000021e-08
1.000000000000000021e-08 7.312682892375392540e-02 4.332180476220174985e-03 1.000000000000000021e-08 1.000000000000000021e-08
1.000000000000000021e-08 1.184117125759883149e-01 1.002297258288622692e-02 1.135025253018888576e-02 1.000000000000000021e-08
1.000000000000000021e-08 1.504431159605838231e-01 1.780242361281258318e-02 2.922528702827523542e-02 1.000000000000000021e-08
1.000000000000000021e-08 1.662809161400758962e-01 3.625559400025536033e-02 5.436246041206779095e-02 1.000000000000000021e-08
1.000000000000000021e-08 1.669449575694975374e-01 5.518563934060163878e-02 7.598049633290418492e-02 1.000000000000000021e-08
1.000000000000000021e-08 1.475088486295126344e-01 7.768401033413904755e-02 8.883393833422024988e-02 1.000000000000000021e-08
1.000000000000000021e-08 1.227071068231453260e-01 9.557273532920668169e-02 9.900847654020412947e-02 1.000000000000000021e-08
1.000000000000000021e-08 1.058076713402869157e-01 1.021708999991207956e-01 9.806702960397160884e-02 2.279870943753317322e-02
1.000000000000000021e-08 1.028220158425218189e-01 1.018287438245800425e-01 9.054937221513781331e-02 4.203208846485301242e-02
1.000000000000000021e-08 1.027499014450280884e-01 9.696014786315559908e-02 8.453870222250263466e-02 5.014657947167651397e-02
1.000000000000000021e-08 1.035853978061687941e-01 9.022344529666126434e-02 8.107363280922491588e-02 5.616418426343653542e-02
1.339240485437128564e-02 9.789290414035239918e-02 7.594120290148038965e-02 8.401220558706314068e-02 6.048716519176473155e-02
5.880526996272773810e-02 8.702206288972354209e-02 6.526543502894568971e-02 9.544012447236698005e-02 5.780968721533900900e-02
6.866812281875996071e-02 7.471550238730127746e-02 6.989225857933895059e-02 1.041779252906176040e-01 5.833996377940136452e-02
2.261908629027882880e-02 7.058177102603105380e-02 9.742063474575618498e-02 9.478001243054824665e-02 5.643901903025990568e-02
1.000000000000000021e-08 6.109715471798012748e-02 1.264883937291877980e-01 5.767282781367057132e-02 6.041673234250669738e-02
1.000000000000000021e-08 4.394505690144829418e-02 1.154405212967502675e-01 1.026610625886883489e-02 8.348161344670411432e-02
1.000000000000000021e-08 2.052398730371919958e-02 7.062374727523620943e-02 1.000000000000000021e-08 9.518603372643320848e-02
1.000000000000000021e-08 3.580121270636857887e-03 2.276895984295632461e-02 1.000000000000000021e-08 7.197219306676420902e-02
1.470118613429644613e-03 1.000000000000000021e-08 3.572183272873344188e-03 1.000000000000000021e-08 2.665216035450426388e-02
3.582411339341193572e-04 1.000000000000000021e-08 5.864212672461128822e-04 1.000000000000000021e-08 2.458318441350842726e-03
0.000000000000000000e+00 -0.000000000000000000e+00 0.000000000000000000e+00 -0.000000000000000000e+00 0.000000000000000000e+00
0.000000000000000000e+00 -0.000000000000000000e+00 0.000000000000000000e+00 -0.000000000000000000e+00 0.000000000000000000e+00
0.000000000000000000e+00 -0.000000000000000000e+00 0.000000000000000000e+00 -0.000000000000000000e+00 0.000000000000000000e+00
0.000000000000000000e+00 -0.000000000000000000e+00 0.000000000000000000e+00 -0.000000000000000000e+00 0.000000000000000000e+00
1.000000000000000021e-08 4.305893735453516537e-03 1.016824970435520212e-04 1.000000000000000021e-08 1.000000000000000021e-08
1.000000000000000021e-08 1.428461385281705638e-02 5.905637946376191645e-04 1.000000000000000021e-08 1.000000000000000021e-08
1.000000000000000021e-08 3.426336520183172196e-02 1.000000000000000021e-08 1.000000000000000021e-08 1.183373130065981139e-02
1.000000000000000021e-08 6.907765508966380585e-02 1.517876676541276377e-03 1.000000000000000021e-08 2.081573339364886643e-02
1.000000000000000021e-08 1.062694054312621067e-01 7.223317508828212136e-03 1.000000000000000021e-08 2.343850376451074233e-02
1.000000000000000021e-08 1.327301433395679520e-01 1.463438615162277953e-02 1.259638375381874793e-02 2.154549022413766723e-02
1.000000000000000021e-08 1.382229457617647483e-01 2.976427528686501414e-02 3.205077779552135270e-02 3.103666383818172794e-02
1.000000000000000021e-08 1.238669493312579833e-01 4.510883153200555967e-02 4.776208328871323766e-02 5.413365619183489047e-02
1.000000000000000021e-08 9.042726072291398798e-02 5.682242736989655263e-02 5.513671384393695890e-02 8.549982508819031768e-02
1.000000000000000021e-08 6.104802409056807322e-02 6.317858249731821141e-02 5.684739203254707968e-02 1.170603105779844666e-01
1.000000000000000021e-08 4.907668453043319279e-02 5.824047645121344791e-02 4.353704370662443701e-02 1.428882804973667930e-01
1.000000000000000021e-08 4.995852020421479717e-02 4.497326565463819620e-02 2.857850038266053147e-02 1.520781245112538538e-01
6.733896678056202831e-03 5.018956893425664118e-02 2.858674851023144600e-02 1.846705911264650765e-02 1.584602945019330245e-01
1.933661669436211039e-02 5.165587800708788813e-02 1.398752397603479636e-02 1.582273389388574175e-02 1.546090301494683905e-01
6.930440630791273593e-02 6.060255556123193138e-02 2.401031628826125913e-04 2.016452253506715447e-02 1.408366237089890838e-01
1.386353240409322063e-01 6.680995893935978702e-02 1.000000000000000021e-08 4.568123736277170804e-02 1.132305520893388262e-01
1.222546006488502701e-01 7.374419007350793698e-02 1.652671193510417413e-02 8.858231844403714750e-02 7.710437787644723595e-02
3.267297551587397542e-02 8.320905992938475160e-02 7.530667222067964628e-02 9.055257408314060230e-02 6.102217739889808507e-02
1.000000000000000021e-08 8.371846683175290793e-02 1.184751074542101934e-01 5.084302324451862171e-02 7.075146167050248847e-02
1.000000000000000021e-08 6.236026190377449985e-02 1.045040006603143584e-01 3.130268170606255538e-03 1.002291149012084770e-01
1.000000000000000021e-08 3.368795827485887573e-02 5.373496058903132894e-02 1.000000000000000021e-08 1.072547361943971683e-01
1.000000000000000021e-08 9.786100031323139228e-03 1.255365530089965452e-02 1.000000000000000021e-08 7.299373762021524326e-02
3.920898698808124999e-03 1.000000000000000021e-08 7.654896612657166111e-04 1.000000000000000021e-08 2.651771998030347938e-02
2.772259117099591858e-04 1.000000000000000021e-08 8.555169665583846122e-04 1.000000000000000021e-08 1.652235146325223801e-03
0.000000000000000000e+00 -0.000000000000000000e+00 0.000000000000000000e+00 -0.000000000000000000e+00 0.000000000000000000e+00
0.000000000000000000e+00 -0.000000000000000000e+00 0.000000000000000000e+00 -0.000000000000000000e+00 0.000000000000000000e+00
0.000000000000000000e+00 -0.000000000000000000e+00 0.000000000000000000e+00 -0.000000000000000000e+00 0.000000000000000000e+00
0.000000000000000000e+00 -0.000000000000000000e+00 0.000000000000000000e+00 -0.000000000000000000e+00 0.000000000000000000e+00
1.000000000000000021e-08 1.745819718434289724e-03 5.570272760192801096e-05 1.000000000000000021e-08 1.000000000000000021e-08
1.000000000000000021e-08 1.089593478134141119e-02 1.000000000000000021e-08 1.000000000000000021e-08 3.933808484808507151e-03
1.000000000000000021e-08 2.638534444609802465e-02 1.000000000000000021e-08 1.000000000000000021e-08 2.218591250600417814e-02
1.000000000000000021e-08 4.489986326583470660e-02 1.000000000000000021e-08 1.000000000000000021e-08 4.166125849989945479e-02
1.000000000000000021e-08 6.593475040108670582e-02 1.000000000000000021e-08 1.000000000000000021e-08 5.844705439333200414e-02
1.000000000000000021e-08 8.046684690299744924e-02 5.199502933846858292e-03 1.000000000000000021e-08 7.117275893636638984e-02
1.000000000000000021e-08 7.501518924447149461e-02 1.469132227816170692e-02 6.030674063065432841e-03 9.947824858644956081e-02
1.000000000000000021e-08 4.827772373899533176e-02 2.001879982124500634e-02 2.020136810953174558e-02 1.367165207033770591e-01
1.000000000000000021e-08 1.278545247193882059e-02 2.690707610436397432e-02 2.698032309063875048e-02 1.648562468780745693e-01
1.000000000000000021e-08 1.000000000000000021e-08 2.440015667789837903e-02 2.279922639146652469e-02 1.855548240168055918e-01
1.233166394220616344e-02 1.000000000000000021e-08 1.351127030329788217e-02 8.035772508176174805e-03 1.871910669413587303e-01
2.768477007944238066e-02 1.000000000000000021e-08 1.000000000000000021e-08 1.000000000000000021e-08 1.753845790389160497e-01
3.529372303532848920e-02 7.603587012541323208e-03 1.000000000000000021e-08 1.000000000000000021e-08 1.596461119914231452e-01
5.580551450627628529e-02 1.508992099235122002e-02 1.000000000000000021e-08 1.000000000000000021e-08 1.395337446755940125e-01
1.293829528833707609e-01 1.561689682886174477e-02 1.000000000000000021e-08 1.000000000000000021e-08 1.189793926865254231e-01
1.943837403863153956e-01 1.666248455971031106e-02 1.000000000000000021e-08 4.088378915237007166e-02 8.183628816160468111e-02
1.410284262290544544e-01 4.206033830309199167e-02 2.132049603734106902e-02 9.340313427594640339e-02 4.197022462409232685e-02
1.091917832958878495e-02 8.629585046913977597e-02 9.171826920657433213e-02 9.031804842122587162e-02 3.543128409388987543e-02
1.000000000000000021e-08 1.008458963792831370e-01 1.188954246887539007e-01 4.048211558416791450e-02 6.891359540586249055e-02
1.000000000000000021e-08 7.383853512905687311e-02 8.637172709447071828e-02 1.000000000000000021e-08 1.056996068001578304e-01
1.000000000000000021e-08 3.913805553594865150e-02 3.033193678732513943e-02 1.000000000000000021e-08 1.053638232847970563e-01
1.416935155611479241e-03 1.280904935509727220e-02 3.070519597154653269e-03 1.000000000000000021e-08 6.019087312662867867e-02
3.216583293629893259e-03 2.148439965427968289e-03 5.170539549114618180e-04 1.000000000000000021e-08 1.432578137879572146e-02
4.473073255382140393e-04 8.950169642670281474e-05 5.254285392155362468e-04 1.000000000000000021e-08 6.016156773138479170e-04
0.000000000000000000e+00 -0.000000000000000000e+00 0.000000000000000000e+00 -0.000000000000000000e+00 0.000000000000000000e+00
0.000000000000000000e+00 -0.000000000000000000e+00 0.000000000000000000e+00 -0.000000000000000000e+00 0.000000000000000000e+00
0.000000000000000000e+00 -0.000000000000000000e+00 0.000000000000000000e+00 -0.000000000000000000e+00 0.000000000000000000e+00
0.000000000000000000e+00 -0.000000000000000000e+00 0.000000000000000000e+00 -0.000000000000000000e+00 0.000000000000000000e+00
1.000000000000000021e-08 7.976362246415425687e-04 5.252114493305357610e-05 1.000000000000000021e-08 1.000000000000000021e-08
1.000000000000000021e-08 5.995708870702682464e-03 1.000000000000000021e-08 1.000000000000000021e-08 4.353417920082974270e-03
1.092029727679168444e-03 1.201810011529491455e-02 1.000000000000000021e-08 1.000000000000000021e-08 1.884027852677063603e-02
1.000000000000000021e-08 2.583940835337991682e-02 1.000000000000000021e-08 1.000000000000000021e-08 4.219433165048412648e-02
1.000000000000000021e-08 4.301552922319196171e-02 1.000000000000000021e-08 1.000000000000000021e-08 6.544762642651040518e-02
1.000000000000000021e-08 4.696856606476948470e-02 1.000000000000000021e-08 1.000000000000000021e-08 8.926158125615368810e-02
1.000000000000000021e-08 3.433700637993269966e-02 1.000000000000000021e-08 1.000000000000000021e-08 1.232082735498323534e-01
1.000000000000000021e-08 1.040767126990369343e-02 4.305313349597946794e-03 1.003148422707452088e-02 1.494659545741982287e-01
1.000000000000000021e-08 1.000000000000000021e-08 1.021219403151296667e-02 1.247429275963068095e-02 1.623655720120149581e-01
1.241408742448619346e-02 1.000000000000000021e-08 4.430209406235030914e-03 8.749263755026343709e-03 1.615457985252602979e-01
2.636422419950930351e-02 1.000000000000000021e-08 1.000000000000000021e-08 1.000000000000000021e-08 1.408422068067942123e-01
2.988371550314668917e-02 1.000000000000000021e-08 1.000000000000000021e-08 1.000000000000000021e-08 1.092311568057267174e-01
3.414853778721067823e-02 1.000000000000000021e-08 1.000000000000000021e-08 1.000000000000000021e-08 8.219892870882086755e-02
6.974605821949156348e-02 7.816886116969043929e-04 1.000000000000000021e-08 1.000000000000000021e-08 6.443470376627348506e-02
1.612753501538326251e-01 1.000000000000000021e-08 1.000000000000000021e-08 5.190620963159762839e-03 4.663624936968913115e-02
2.073810300598639689e-01 1.000000000000000021e-08 1.000000000000000021e-08 6.233501662597929621e-02 1.705900360688225592e-02
9.870380562241649891e-02 3.090612783937211200e-02 6.352950624328192186e-02 1.093172392454233727e-01 1.279464195128917215e-04
1.000000000000000021e-08 8.815706231879197330e-02 1.176062026757220408e-01 8.932706728106222516e-02 2.189136040321287835e-02
1.000000000000000021e-08 1.045842193339323462e-01 1.100353784237760313e-01 2.958061690883320369e-02 7.877483434223822578e-02
1.000000000000000021e-08 7.761945153771024342e-02 5.430044785762835891e-02 1.000000000000000021e-08 1.097276417975931867e-01
1.000000000000000021e-08 3.721396761743871184e-02 8.469093914898355446e-03 1.000000000000000021e-08 8.993490589485848841e-02
7.262182904625312865e-03 1.227402710780274749e-02 1.000000000000000021e-08 1.000000000000000021e-08 4.201711232635083060e-02
3.414497516276655820e-03 3.301516074105310863e-03 1.000000000000000021e-08 1.000000000000000021e-08 7.599177455491231900e-03
4.252599333813587910e-04 1.000000000000000021e-08 1.151666545608627615e-04 1.000000000000000021e-08 8.351267685495705013e-04
0.000000000000000000e+00 -0.000000000000000000e+00 0.000000000000000000e+00 -0.000000000000000000e+00 0.000000000000000000e+00
0.000000000000000000e+00 -0.000000000000000000e+00 0.000000000000000000e+00 -0.000000000000000000e+00 0.000000000000000000e+00
0.000000000000000000e+00 -0.000000000000000000e+00 0.000000000000000000e+00 -0.000000000000000000e+00 0.000000000000000000e+00
0.000000000000000000e+00 -0.000000000000000000e+00 0.000000000000000000e+00 -0.000000000000000000e+00 0.000000000000000000e+00
1.000000000000000021e-08 1.134415963934638978e-04 7.469673946034287011e-06 1.000000000000000021e-08 1.000000000000000021e-08
1.000000000000000021e-08 1.725647822982157541e-03 1.000000000000000021e-08 1.000000000000000021e-08 1.779589428998111815e-03
1.667757537524441804e-03 5.872846477016582627e-03 1.000000000000000021e-08 1.000000000000000021e-08 1.124371490063031873e-02
3.072547848752162428e-03 1.588989893000676903e-02 1.000000000000000021e-08 1.000000000000000021e-08 3.414211525612950021e-02
5.719955519548285128e-03 2.465289669761712432e-02 1.000000000000000021e-08 1.000000000000000021e-08 5.837673796042793656e-02
1.164858880234988583e-03 2.461564342127891408e-02 1.000000000000000021e-08 1.000000000000000021e-08 7.979393551651765837e-02
1.000000000000000021e-08 1.783098607229162413e-02 1.000000000000000021e-08 1.000000000000000021e-08 1.026017751821782231e-01
1.000000000000000021e-08 1.000000000000000021e-08 1.000000000000000021e-08 4.189024408941694269e-03 1.170803911054020680e-01
4.229610969779469369e-03 1.000000000000000021e-08 1.000000000000000021e-08 9.832670083096071642e-03 1.207274769251192315e-01
2.122069806422621080e-02 1.000000000000000021e-08 1.000000000000000021e-08 7.656023659905247282e-03 1.047900065042670359e-01
3.013339002063512503e-02 1.000000000000000021e-08 1.000000000000000021e-08 1.000000000000000021e-08 7.035725898021587266e-02
2.677983572351399014e-02 1.000000000000000021e-08 1.000000000000000021e-08 1.000000000000000021e-08 4.383691273760900731e-02
3.677798803378712345e-02 1.000000000000000021e-08 1.000000000000000021e-08 1.000000000000000021e-08 2.519815698966082138e-02
9.682313880998724698e-02 1.000000000000000021e-08 1.000000000000000021e-08 1.000000000000000021e-08 1.797231614188018675e-02
1.977110784342825389e-01 1.000000000000000021e-08 1.000000000000000021e-08 1.939965014894065240e-02 3.606937295645105349e-03
1.823046684502690751e-01 1.000000000000000021e-08 4.044137118026693012e-02 8.902832134885491078e-02 1.000000000000000021e-08
3.403275938920001520e-02 3.640309722276725835e-02 1.034287559494440345e-01 1.207442174159257947e-01 1.000000000000000021e-08
1.000000000000000021e-08 9.559088747012914333e-02 1.218545632757353225e-01 7.639775763655533292e-02 3.807565007935097973e-02
1.000000000000000021e-08 1.072152540627576284e-01 7.845663101845719301e-02 1.813094372104964366e-02 8.923769989278851344e-02
1.000000000000000021e-08 7.391134630492825208e-02 1.978882495992710308e-02 1.000000000000000021e-08 1.048425991196566959e-01
1.298972969476171538e-02 3.427687412614305318e-02 1.000000000000000021e-08 1.000000000000000021e-08 6.736419934815096600e-02
1.363500478142011356e-02 1.263815303510102024e-02 1.000000000000000021e-08 1.000000000000000021e-08 2.259494686597298546e-02
7.519205778647820859e-03 2.896909921646506104e-03 1.000000000000000021e-08 1.000000000000000021e-08 4.384112540223808301e-03
2.581955439312753203e-03 1.000000000000000021e-08 1.000000000000000021e-08 1.000000000000000021e-08 1.341961356361643558e-03
4.064908598631427304e-04 1.000000000000000021e-08 1.000000000000000021e-08 1.000000000000000021e-08 6.588609756383523785e-05
0.000000000000000000e+00 -0.000000000000000000e+00 0.000000000000000000e+00 -0.000000000000000000e+00 0.000000000000000000e+00
0.000000000000000000e+00 -0.000000000000000000e+00 0.000000000000000000e+00 -0.000000000000000000e+00 0.000000000000000000e+00
0.000000000000000000e+00 -0.000000000000000000e+00 0.000000000000000000e+00 -0.000000000000000000e+00 0.000000000000000000e+00
0.000000000000000000e+00 -0.000000000000000000e+00 0.000000000000000000e+00 -0.000000000000000000e+00 0.000000000000000000e+00
2.282852409001406496e-05 3.611557716465031042e-05 4.369798276244175207e-06 1.000000000000000021e-08 1.209992149726530800e-04
2.054035738364541445e-03 2.405891006706493279e-03 1.000000000000000021e-08 1.000000000000000021e-08 7.257226073162334132e-03
5.292401764816763270e-03 9.541029748084054254e-03 1.000000000000000021e-08 1.000000000000000021e-08 2.610459786623595124e-02
8.420409033990756617e-03 1.615064472208885618e-02 1.000000000000000021e-08 1.000000000000000021e-08 4.490762184287655501e-02
5.577461171336551421e-03 1.466001027909369196e-02 1.000000000000000021e-08 1.000000000000000021e-08 6.248250826758391246e-02
5.867867420495795870e-03 1.246191646643813634e-02 1.000000000000000021e-08 1.000000000000000021e-08 7.970649117964143104e-02
9.893900539222733048e-03 1.000000000000000021e-08 1.000000000000000021e-08 1.606298625317264910e-03 8.800098740721162827e-02
1.886868626721653619e-02 1.000000000000000021e-08 1.000000000000000021e-08 6.557186047688338092e-03 7.274950701465512926e-02
3.254311350531587793e-02 1.000000000000000021e-08 1.000000000000000021e-08 5.194948450775060088e-03 5.151053503547953216e-02
4.016371146363732075e-02 1.000000000000000021e-08 1.000000000000000021e-08 1.000000000000000021e-08 2.600534505181024969e-02
4.464605272848680417e-02 1.000000000000000021e-08 1.000000000000000021e-08 1.000000000000000021e-08 1.052646369707423667e-02
7.163830387403274935e-02 1.000000000000000021e-08 1.000000000000000021e-08 1.000000000000000021e-08 5.568685271394554701e-03
1.508649586322492742e-01 1.000000000000000021e-08 1.000000000000000021e-08 1.000000000000000021e-08 1.984181871615198212e-03
2.131398394762465121e-01 1.000000000000000021e-08 2.512233342755289256e-02 3.866572963108824701e-02 1.000000000000000021e-08
1.264164592135550991e-01 1.000000000000000021e-08 8.636097529843254905e-02 1.094871406294298660e-01 1.000000000000000021e-08
1.000000000000000021e-08 5.146872990697116956e-02 1.175410297750121846e-01 1.199609232961783428e-01 8.720815436504974344e-03
1.000000000000000021e-08 1.092466624416759541e-01 9.661939047256143387e-02 6.083181972695776013e-02 5.818476649723381550e-02
1.000000000000000021e-08 1.086511302291088416e-01 3.722515571555864988e-02 4.508422206924730599e-03 9.646176677615422856e-02
2.470852017019974090e-02 7.081789156565120036e-02 1.000000000000000021e-08 1.000000000000000021e-08 8.743739725357488335e-02
3.487607193271181211e-02 3.207088301671024572e-02 1.000000000000000021e-08 1.000000000000000021e-08 4.418276275003790027e-02
2.725992024751713524e-02 1.351082231685818598e-02 1.000000000000000021e-08 1.000000000000000021e-08 1.351739562312647379e-02
1.753096769947385530e-02 4.656667741007771387e-03 1.000000000000000021e-08 1.000000000000000021e-08 4.230886956209486266e-03
6.676822988963893209e-03 1.000000000000000021e-08 1.000000000000000021e-08 7.363996905522898241e-05 1.649174441310028664e-03
3.900341555323572594e-03 1.000000000000000021e-08 1.000000000000000021e-08 4.073472167614606838e-04 4.596395867706829538e-04
0.000000000000000000e+00 -0.000000000000000000e+00 0.000000000000000000e+00 -0.000000000000000000e+00 0.000000000000000000e+00
0.000000000000000000e+00 -0.000000000000000000e+00 0.000000000000000000e+00 -0.000000000000000000e+00 0.000000000000000000e+00
0.000000000000000000e+00 -0.000000000000000000e+00 0.000000000000000000e+00 -0.000000000000000000e+00 0.000000000000000000e+00
0.000000000000000000e+00 -0.000000000000000000e+00 0.000000000000000000e+00 -0.000000000000000000e+00 0.000000000000000000e+00
0.000000000000000000e+00 -0.000000000000000000e+00 0.000000000000000000e+00 -0.000000000000000000e+00 0.000000000000000000e+00
2.448189131938588881e-03 1.690610332092868122e-03 1.000000000000000021e-08 1.000000000000000021e-08 6.074703227181095858e-03
3.380065366296250515e-03 6.266625844382164509e-03 1.000000000000000021e-08 1.000000000000000021e-08 1.667844453271359606e-02
7.236398430069040932e-03 1.173605310597710359e-02 1.000000000000000021e-08 1.000000000000000021e-08 3.370421214647706387e-02
1.214812842992247198e-02 1.172262644539802043e-02 1.000000000000000021e-08 1.000000000000000021e-08 4.884627356716744057e-02
1.419849190702683096e-02 8.177762239326350283e-03 1.000000000000000021e-08 1.000000000000000021e-08 5.892610861180795634e-02
2.140898312590119520e-02 3.761654011805334180e-03 1.000000000000000021e-08 3.961503764645274732e-04 5.271636408804374757e-02
3.507487419884579988e-02 1.000000000000000021e-08 1.000000000000000021e-08 2.979002294350632969e-03 4.020324228133250605e-02
5.296047603047968760e-02 1.000000000000000021e-08 1.000000000000000021e-08 1.445707753277146674e-03 2.440718590473175617e-02
7.051762780107399819e-02 1.316521291915586939e-03 1.000000000000000021e-08 1.000000000000000021e-08 8.772733456561102733e-03
8.643444861503089827e-02 4.354171594300224046e-03 1.000000000000000021e-08 1.000000000000000021e-08 1.884972494754455887e-03
1.268329612831640696e-01 2.622404010992905425e-03 1.000000000000000021e-08 1.000000000000000021e-08 1.000000000000000021e-08
2.034344364117960935e-01 1.000000000000000021e-08 1.658423554172438336e-02 3.989197782634065943e-04 1.000000000000000021e-08
1.823350017010673119e-01 1.000000000000000021e-08 7.441402618297053573e-02 6.723209134042645863e-02 1.000000000000000021e-08
7.009355845925729911e-02 7.439965709727423306e-03 1.097002533286333681e-01 1.245668551297291204e-01 1.000000000000000021e-08
1.000000000000000021e-08 7.678145701089567066e-02 1.026734547483532239e-01 1.081364864929564296e-01 3.448344466010585391e-02
1.000000000000000021e-08 1.248748165594301129e-01 5.025923944199221782e-02 4.368002035569377300e-02 7.556711305061608597e-02
2.864111932018518700e-02 1.087366150045890045e-01 4.317297483843140463e-04 1.000000000000000021e-08 8.866709774262133970e-02
5.189043363953112220e-02 7.050338222683222300e-02 1.000000000000000021e-08 1.000000000000000021e-08 5.568148247543658336e-02
4.729026269001117277e-02 2.907940700538803880e-02 1.000000000000000021e-08 1.000000000000000021e-08 2.484768073691749624e-02
3.140832657228225661e-02 1.274624230664101604e-02 1.000000000000000021e-08 1.000000000000000021e-08 8.488249974332883266e-03
1.800162921654532150e-02 4.489924937436566912e-03 1.000000000000000021e-08 1.000000000000000021e-08 3.562010313013410766e-03
6.888871176718726862e-03 4.150168195818416689e-04 1.000000000000000021e-08 4.857285375392005923e-04 1.323208575345445745e-04
1.624040722326351499e-03 1.000000000000000021e-08 1.000000000000000021e-08 8.322756468978910992e-04 1.000000000000000021e-08
0.000000000000000000e+00 -0.000000000000000000e+00 0.000000000000000000e+00 -0.000000000000000000e+00 0.000000000000000000e+00
0.000000000000000000e+00 -0.000000000000000000e+00 0.000000000000000000e+00 -0.000000000000000000e+00 0.000000000000000000e+00
0.000000000000000000e+00 -0.000000000000000000e+00 0.000000000000000000e+00 -0.000000000000000000e+00 0.000000000000000000e+00
0.000000000000000000e+00 -0.000000000000000000e+00 0.000000000000000000e+00 -0.000000000000000000e+00 0.000000000000000000e+00
7.665024785278389980e-06 1.000000000000000021e-08 2.660791871537358393e-06 1.000000000000000021e-08 4.220941987722307996e-05
2.322812343385768225e-03 1.812813793601874245e-03 1.000000000000000021e-08 1.000000000000000021e-08 5.319328052955155789e-03
4.302097150153521947e-03 2.032722426693990298e-03 1.000000000000000021e-08 1.000000000000000021e-08 1.362120313316967507e-02
7.519543645649632777e-03 9.397836807799009665e-03 1.000000000000000021e-08 1.000000000000000021e-08 2.213212985058524498e-02
1.313404757153596898e-02 1.223897314374280954e-02 1.000000000000000021e-08 1.000000000000000021e-08 2.841481002423217397e-02
1.954132278630341460e-02 1.134821417672591572e-02 1.000000000000000021e-08 1.000000000000000021e-08 2.876939482673739057e-02
3.160418586996689705e-02 1.248442899795069484e-02 1.000000000000000021e-08 1.000000000000000021e-08 2.396518010849059410e-02
4.877373807585650561e-02 1.021447536027061259e-02 1.000000000000000021e-08 1.082572983573770162e-04 1.694253411899902806e-02
7.291834499128126146e-02 8.474796757488209029e-03 1.000000000000000021e-08 1.000000000000000021e-08 9.362789466243047476e-03
9.561042611876278963e-02 7.764008021956653703e-03 1.000000000000000021e-08 1.000000000000000021e-08 1.082854464692395088e-03
1.288004754218093351e-01 8.014560286225529823e-03 1.000000000000000021e-08 1.000000000000000021e-08 1.000000000000000021e-08
1.842229230004369112e-01 3.216619368431776396e-03 5.847875019192096471e-03 1.000000000000000021e-08 1.000000000000000021e-08
2.119087770956185612e-01 1.000000000000000021e-08 6.036127696604181442e-02 1.779515005589062809e-02 1.000000000000000021e-08
1.303158102889805381e-01 1.000000000000000021e-08 1.067907736382760486e-01 9.674852145382614732e-02 2.119802844096297582e-04
1.809168745903965911e-02 2.928602014221822966e-02 1.078311490046738458e-01 1.335488887729557594e-01 2.007271764143317774e-02
1.000000000000000021e-08 1.001089703204761927e-01 6.341789133237611675e-02 9.197745829553349850e-02 5.935326576279514182e-02
1.245878985847118786e-02 1.364266221302040116e-01 8.494034523592517566e-03 2.080977489497323057e-02 7.990228442352231841e-02
5.353294390057006941e-02 1.067746568555806991e-01 1.000000000000000021e-08 1.000000000000000021e-08 6.827249630718820739e-02
5.926447882100664005e-02 5.426731627431451155e-02 1.000000000000000021e-08 1.000000000000000021e-08 3.628843925773378443e-02
4.266917284073064309e-02 2.194043383391956065e-02 1.000000000000000021e-08 1.000000000000000021e-08 1.511196011652695542e-02
2.790613960658850853e-02 1.116406922812110229e-02 1.000000000000000021e-08 1.000000000000000021e-08 5.100562264958590983e-03
1.604945244359358078e-02 5.741240125562360741e-03 1.000000000000000021e-08 1.000000000000000021e-08 1.310015924043996579e-03
3.557924808403153949e-03 3.288867819377061215e-04 5.987483858891660607e-05 1.000000000000000021e-08 1.000000000000000021e-08
5.269726045192816470e-04 5.228533744675747903e-05 1.000000000000000021e-08 1.000000000000000021e-08 1.000000000000000021e-08
0.000000000000000000e+00 -0.000000000000000000e+00 0.000000000000000000e+00 -0.000000000000000000e+00 0.000000000000000000e+00
0.000000000000000000e+00 -0.000000000000000000e+00 0.000000000000000000e+00 -0.000000000000000000e+00 0.000000000000000000e+00
0.000000000000000000e+00 -0.000000000000000000e+00 0.000000000000000000e+00 -0.000000000000000000e+00 0.000000000000000000e+00
0.000000000000000000e+00 -0.000000000000000000e+00 0.000000000000000000e+00 -0.000000000000000000e+00 0.000000000000000000e+00
0.000000000000000000e+00 -0.000000000000000000e+00 0.000000000000000000e+00 -0.000000000000000000e+00 0.000000000000000000e+00
8.106097705414064009e-04 1.225124995594953012e-03 1.000000000000000021e-08 1.000000000000000021e-08 2.561256244693387116e-03
3.851683717873168305e-03 1.207557008618915639e-03 1.000000000000000021e-08 1.000000000000000021e-08 9.793111824552711009e-03
6.548504832793486212e-03 3.832598465527240449e-03 1.000000000000000021e-08 1.000000000000000021e-08 1.361403888995457376e-02
1.090125426640368989e-02 9.425592527060972989e-03 1.000000000000000021e-08 1.000000000000000021e-08 1.343697220653952001e-02
1.867884008877213065e-02 1.003035806861819410e-02 1.000000000000000021e-08 1.000000000000000021e-08 1.174297695537873491e-02
3.134633585872258904e-02 1.448338553008884574e-02 1.000000000000000021e-08 1.000000000000000021e-08 8.140010467551160589e-03
4.649605182599670511e-02 1.509876897351561387e-02 1.000000000000000021e-08 1.000000000000000021e-08 2.386831196711160230e-03
6.255385843033473003e-02 1.492783885033815115e-02 1.000000000000000021e-08 1.000000000000000021e-08 1.000000000000000021e-08
9.629451270318740985e-02 1.110948645863560000e-02 1.000000000000000021e-08 1.000000000000000021e-08 1.000000000000000021e-08
1.518645942986729946e-01 6.201749510075505595e-03 1.000000000000000021e-08 1.000000000000000021e-08 1.000000000000000021e-08
1.965665647281646944e-01 1.000000000000000021e-08 4.581834244567718067e-02 1.000000000000000021e-08 1.000000000000000021e-08
1.557217274994433243e-01 1.000000000000000021e-08 1.066972853802682364e-01 4.970309909215477051e-02 1.000000000000000021e-08
5.593536781193265278e-02 1.000000000000000021e-08 1.137966955313311768e-01 1.268467566422519233e-01 1.799725675724716742e-02
1.000000000000000021e-08 5.263903072502863073e-02 7.822918331281054904e-02 1.355139945427368819e-01 4.452672412650651029e-02
1.000000000000000021e-08 1.199589066986364166e-01 1.990638742685018822e-02 6.783226153875338005e-02 7.566603914935643438e-02
1.335570550485258925e-02 1.351350552712505537e-01 1.000000000000000021e-08 1.000000000000000021e-08 7.161784373270135839e-02
3.844066755574844507e-02 8.803530032902411040e-02 1.000000000000000021e-08 1.000000000000000021e-08 4.191982475212709808e-02
3.798813171058817301e-02 4.132669410625219170e-02 1.000000000000000021e-08 1.000000000000000021e-08 2.139827617523749198e-02
2.777164755518622685e-02 1.672141467148952412e-02 1.000000000000000021e-08 1.000000000000000021e-08 1.008244838859361642e-02
1.931971105945668246e-02 7.684754451218714540e-03 1.000000000000000021e-08 1.000000000000000021e-08 3.344950483225320615e-03
1.232577193763934216e-02 3.508501243331148874e-03 1.000000000000000021e-08 1.000000000000000021e-08 5.575452972766114243e-04
7.611956875543988456e-03 3.158298251507837481e-04 1.000000000000000021e-08 1.000000000000000021e-08 2.169004195272587038e-05
2.930669985735594174e-03 1.104172873030154542e-04 1.000000000000000021e-08 1.000000000000000021e-08 9.848814892255878346e-05
9.991211538737253435e-04 1.000000000000000021e-08 1.000000000000000021e-08 1.000000000000000021e-08 1.201036657724601777e-04
0.000000000000000000e+00 -0.000000000000000000e+00 0.000000000000000000e+00 -0.000000000000000000e+00 0.000000000000000000e+00
0.000000000000000000e+00 -0.000000000000000000e+00 0.000000000000000000e+00 -0.000000000000000000e+00 0.000000000000000000e+00
0.000000000000000000e+00 -0.000000000000000000e+00 0.000000000000000000e+00 -0.000000000000000000e+00 0.000000000000000000e+00
1.360654790924803611e-04 1.000000000000000021e-08 1.517123035981659759e-04 1.000000000000000021e-08 2.469586513739413058e-04
5.103496953516912680e-04 7.134235522839228348e-04 1.000000000000000021e-08 1.000000000000000021e-08 1.376349787925008677e-03
3.259155832483010603e-03 1.671062458952711190e-03 1.000000000000000021e-08 1.000000000000000021e-08 6.997685489674523168e-03
3.569517337442774593e-03 1.988164671806485605e-03 1.000000000000000021e-08 1.000000000000000021e-08 6.795201150347254457e-03
4.018691657305963581e-03 4.081121048317194050e-03 1.000000000000000021e-08 1.000000000000000021e-08 5.176317701674536774e-03
6.155512143607909555e-03 5.769025210880067422e-03 1.000000000000000021e-08 1.000000000000000021e-08 2.393708946836688948e-03
1.340271149111578464e-02 7.510783227854051641e-03 1.000000000000000021e-08 1.000000000000000021e-08 8.517466745026721535e-04
2.389745843750061896e-02 9.265073270208513956e-03 1.000000000000000021e-08 1.000000000000000021e-08 1.000000000000000021e-08
4.841171933233585911e-02 9.783418679202949414e-03 1.000000000000000021e-08 1.000000000000000021e-08 1.000000000000000021e-08
9.861885548335813656e-02 5.775833862136993922e-03 2.233092837660728431e-03 1.000000000000000021e-08 1.000000000000000021e-08
1.496277491207483878e-01 1.000000000000000021e-08 3.735765258175446912e-02 1.000000000000000021e-08 1.000000000000000021e-08
1.438664232550362077e-01 1.000000000000000021e-08 1.043123933622670252e-01 5.607281252321436732e-03 1.000000000000000021e-08
7.817925189008370634e-02 1.000000000000000021e-08 1.232034177285068755e-01 8.860701097813419858e-02 1.114745197053551053e-02
1.000000000000000021e-08 4.365206752640194256e-04 9.385650813450878427e-02 1.522194337531693753e-01 3.344713386925798199e-02
1.000000000000000021e-08 7.331301068849510605e-02 2.946823835281790066e-02 1.232428963626260449e-01 6.387434702426597610e-02
1.000000000000000021e-08 1.347405194116710614e-01 1.000000000000000021e-08 3.943601454746848561e-02 7.038414797695939640e-02
1.136694878982177220e-02 1.213917362438574205e-01 1.000000000000000021e-08 1.000000000000000021e-08 5.119614801457345044e-02
2.421383711920325685e-02 6.500713886082981618e-02 1.000000000000000021e-08 1.000000000000000021e-08 2.689327162385301770e-02
2.028075245171001573e-02 2.999261121198920979e-02 1.000000000000000021e-08 1.000000000000000021e-08 1.163565498990302288e-02
1.536812529733733862e-02 1.006782922730029006e-02 1.000000000000000021e-08 1.000000000000000021e-08 6.318026109947275266e-03
8.393056593217365288e-03 4.241565054141077130e-03 1.000000000000000021e-08 1.000000000000000021e-08 1.300626388426417588e-03
3.643207582575869793e-03 1.230803281665526555e-03 1.000000000000000021e-08 1.000000000000000021e-08 5.954992391853694122e-05
2.947948639190299362e-03 2.391513930140149965e-04 1.000000000000000021e-08 1.000000000000000021e-08 1.000000000000000021e-08
7.131898426371289417e-04 1.417335638830087403e-05 1.000000000000000021e-08 1.000000000000000021e-08 4.978670341052570254e-05
3.275807061881065314e-04 1.000000000000000021e-08 1.000000000000000021e-08 1.000000000000000021e-08 3.937825107293762222e-05
0.000000000000000000e+00 -0.000000000000000000e+00 0.000000000000000000e+00 -0.000000000000000000e+00 0.000000000000000000e+00
0.000000000000000000e+00 -0.000000000000000000e+00 0.000000000000000000e+00 -0.000000000000000000e+00 0.000000000000000000e+00
0.000000000000000000e+00 -0.000000000000000000e+00 0.000000000000000000e+00 -0.000000000000000000e+00 0.000000000000000000e+00
2.303139856812561547e-04 1.000000000000000021e-08 1.350472644973388630e-04 1.000000000000000021e-08 3.233366710997152642e-04
4.552488123109230914e-05 1.304481176859030948e-05 1.000000000000000021e-08 1.000000000000000021e-08 1.339069890073483907e-04
4.685360492234878901e-04 5.520245904868209237e-04 1.000000000000000021e-08 1.000000000000000021e-08 6.891353515910235558e-04
9.230391058756653956e-04 1.291283206937845389e-03 1.000000000000000021e-08 1.000000000000000021e-08 1.325072683556238577e-03
1.852579881173090906e-03 2.797037609035928941e-03 1.000000000000000021e-08 1.000000000000000021e-08 1.567690879120856246e-03
2.381132061293011245e-03 2.683915747077829546e-03 4.663946764548607479e-05 1.000000000000000021e-08 7.387057095958822527e-04
5.284209558981582157e-03 1.845215192890811706e-03 2.953621342679670946e-05 1.000000000000000021e-08 7.182029132576358893e-04
1.514875578675917156e-02 2.098298318887622214e-03 1.000000000000000021e-08 1.000000000000000021e-08 1.128148106248168725e-03
5.330054325936951082e-02 1.927490879166296424e-03 3.753514364482090672e-03 1.000000000000000021e-08 2.856520661915043155e-03
1.017998676105748984e-01 1.009726774011429238e-03 3.081002244519738878e-02 1.000000000000000021e-08 1.000000000000000021e-08
1.193793849927135275e-01 1.000000000000000021e-08 9.403194743285027413e-02 1.000000000000000021e-08 1.000000000000000021e-08
7.727296503290688456e-02 1.000000000000000021e-08 1.340269633450182907e-01 3.578357744653832412e-02 2.512219008093255230e-03
1.263612920410979792e-02 1.000000000000000021e-08 1.105978925802265783e-01 1.254091065480686107e-01 3.276397428510471888e-02
1.000000000000000021e-08 1.854315974243591833e-02 4.529430186753774512e-02 1.575927012938382332e-01 5.436537359443930489e-02
1.000000000000000021e-08 1.012060786318892541e-01 1.000000000000000021e-08 9.099866494128802663e-02 6.756347994177672178e-02
1.000000000000000021e-08 1.420481786365686561e-01 1.000000000000000021e-08 1.187246894961447100e-02 5.091257768734420291e-02
1.154182764775297382e-02 1.007689491595225723e-01 1.000000000000000021e-08 1.000000000000000021e-08 3.260760643770287820e-02
1.529886019048495166e-02 4.838087576003098633e-02 1.000000000000000021e-08 1.000000000000000021e-08 1.517169241630083633e-02
1.171118757125961737e-02 2.376000381829068697e-02 1.000000000000000021e-08 1.000000000000000021e-08 7.711683559284046585e-03
7.110569921793191868e-03 5.673851915717719255e-03 1.000000000000000021e-08 1.000000000000000021e-08 3.961795211007575722e-03
3.539026526508048335e-03 1.583192795539913435e-03 1.000000000000000021e-08 1.000000000000000021e-08 6.649629073577678672e-04
1.667665344557347530e-03 4.468346396721770012e-04 1.000000000000000021e-08 1.000000000000000021e-08 9.976860194303783830e-05
1.238584383533475634e-03 2.769838163767817827e-04 1.000000000000000021e-08 1.000000000000000021e-08 3.676195531271590571e-05
0.000000000000000000e+00 -0.000000000000000000e+00 0.000000000000000000e+00 -0.000000000000000000e+00 0.000000000000000000e+00
0.000000000000000000e+00 -0.000000000000000000e+00 0.000000000000000000e+00 -0.000000000000000000e+00 0.000000000000000000e+00
0.000000000000000000e+00 -0.000000000000000000e+00 0.000000000000000000e+00 -0.000000000000000000e+00 0.000000000000000000e+00
0.000000000000000000e+00 -0.000000000000000000e+00 0.000000000000000000e+00 -0.000000000000000000e+00 0.000000000000000000e+00
0.000000000000000000e+00 -0.000000000000000000e+00 0.000000000000000000e+00 -0.000000000000000000e+00 0.000000000000000000e+00
0.000000000000000000e+00 -0.000000000000000000e+00 0.000000000000000000e+00 -0.000000000000000000e+00 0.000000000000000000e+00
0.000000000000000000e+00 -0.000000000000000000e+00 0.000000000000000000e+00 -0.000000000000000000e+00 0.000000000000000000e+00
0.000000000000000000e+00 -0.000000000000000000e+00 0.000000000000000000e+00 -0.000000000000000000e+00 0.000000000000000000e+00
2.570636531030936079e-04 4.678880268173774915e-04 1.000000000000000021e-08 1.000000000000000021e-08 3.655997663852983024e-04
1.680578423420699607e-03 4.722279441314918762e-04 2.192185258125949358e-05 1.000000000000000021e-08 5.667019416004249847e-04
5.349337578388430048e-03 8.865470333870445474e-04 3.918883815674596618e-04 1.000000000000000021e-08 6.098511513244922293e-04
1.032133919625893154e-02 1.462321410187766445e-04 5.076668952948951196e-04 1.000000000000000021e-08 1.651912977389131823e-03
3.324983348159457619e-02 1.000000000000000021e-08 5.114165048857748953e-03 1.000000000000000021e-08 2.413546918439321044e-03
7.535593304009097215e-02 5.058016496680304907e-05 2.954861600463139920e-02 1.000000000000000021e-08 2.550410177048620039e-03
9.436626074876371117e-02 6.417416080481633950e-04 7.854338000597474445e-02 1.000000000000000021e-08 1.000000000000000021e-08
7.358468481209261280e-02 1.000000000000000021e-08 1.330117849354583714e-01 1.000000000000000021e-08 1.000000000000000021e-08
2.213768728023589663e-02 1.000000000000000021e-08 1.280644644282936395e-01 7.631482063805740401e-02 2.434777097600885828e-02
1.000000000000000021e-08 1.000000000000000021e-08 6.430582420454075687e-02 1.526576213977117735e-01 5.285124036665476283e-02
1.000000000000000021e-08 4.116398868632472480e-02 1.000000000000000021e-08 1.418279565541485099e-01 6.632011047696886874e-02
1.000000000000000021e-08 1.219342406045600125e-01 1.000000000000000021e-08 5.868311553776438955e-02 5.241243240246597213e-02
3.925719563327003357e-03 1.315480901573498340e-01 1.000000000000000021e-08 1.000000000000000021e-08 3.135195027439677956e-02
1.253749625325647869e-02 7.780738046784149708e-02 1.000000000000000021e-08 1.000000000000000021e-08 2.106407900293856897e-02
1.032576570090305498e-02 3.889429788438090313e-02 1.000000000000000021e-08 1.000000000000000021e-08 1.001148512883176696e-02
6.613095194105471537e-03 1.990219209477500639e-02 1.000000000000000021e-08 1.000000000000000021e-08 5.967916038167953366e-03
4.674476582077327635e-03 4.631191541495377831e-03 1.000000000000000021e-08 1.000000000000000021e-08 3.930861518314992392e-03
2.280359966286196489e-03 1.287744653024195654e-03 1.000000000000000021e-08 1.000000000000000021e-08 8.867838429151586079e-04
1.201137073727238632e-03 5.866342323748698290e-04 1.000000000000000021e-08 1.000000000000000021e-08 2.520026904956426282e-04
1.076693444764842021e-03 5.192646353869869152e-04 1.000000000000000021e-08 1.000000000000000021e-08 2.214098302564213873e-04
0.000000000000000000e+00 -0.000000000000000000e+00 0.000000000000000000e+00 -0.000000000000000000e+00 0.000000000000000000e+00
0.000000000000000000e+00 -0.000000000000000000e+00 0.000000000000000000e+00 -0.000000000000000000e+00 0.000000000000000000e+00
0.000000000000000000e+00 -0.000000000000000000e+00 0.000000000000000000e+00 -0.000000000000000000e+00 0.000000000000000000e+00
0.000000000000000000e+00 -0.000000000000000000e+00 0.000000000000000000e+00 -0.000000000000000000e+00 0.000000000000000000e+00
0.000000000000000000e+00 -0.000000000000000000e+00 0.000000000000000000e+00 -0.000000000000000000e+00 0.000000000000000000e+00
0.000000000000000000e+00 -0.000000000000000000e+00 0.000000000000000000e+00 -0.000000000000000000e+00 0.000000000000000000e+00
0.000000000000000000e+00 -0.000000000000000000e+00 0.000000000000000000e+00 -0.000000000000000000e+00 0.000000000000000000e+00
0.000000000000000000e+00 -0.000000000000000000e+00 0.000000000000000000e+00 -0.000000000000000000e+00 0.000000000000000000e+00
9.217317039009376069e-04 2.935618266891737443e-05 6.348404488915627625e-06 1.000000000000000021e-08 4.633872069921145839e-04
3.930066619065628042e-03 2.766011435511290967e-05 2.444820501158874817e-04 1.000000000000000021e-08 1.362330364881269434e-03
8.392564126303072095e-03 4.333381641276059734e-05 7.090206954510244438e-04 1.000000000000000021e-08 1.478730628409627001e-03
2.228626645119508032e-02 4.054564695371919527e-04 4.066290071231428056e-03 1.000000000000000021e-08 2.306660040573069084e-03
5.607758258212498792e-02 3.305825885468843784e-05 2.485989950975209598e-02 1.000000000000000021e-08 4.486921850120510931e-03
7.381471606325148982e-02 3.033611087656164738e-03 6.586670127989938117e-02 1.000000000000000021e-08 1.000000000000000021e-08
6.929955666518967938e-02 1.000000000000000021e-08 1.222206323442486808e-01 1.000000000000000021e-08 1.000000000000000021e-08
3.103221041332258207e-02 1.000000000000000021e-08 1.390635552506488959e-01 3.070177300274979162e-02 1.097010057192231332e-02
1.000000000000000021e-08 1.000000000000000021e-08 9.158598130030966289e-02 1.137512417824902977e-01 4.514522326219683884e-02
1.000000000000000021e-08 1.000000000000000021e-08 1.311001287243597838e-02 1.593746044347234825e-01 6.245501981744427944e-02
1.000000000000000021e-08 6.862725818349829643e-02 1.000000000000000021e-08 1.160085860085061787e-01 5.873521696893376637e-02
1.677805627309832473e-02 1.280862816260181780e-01 1.000000000000000021e-08 3.119190236008250600e-02 3.689011488742496847e-02
1.624544241689540938e-02 1.136987344153571750e-01 1.000000000000000021e-08 1.000000000000000021e-08 1.787991089650266263e-02
1.002639939509490132e-02 6.200978853777613237e-02 1.000000000000000021e-08 1.000000000000000021e-08 1.137671805247475638e-02
6.137894730228556084e-03 3.235035591317181325e-02 1.000000000000000021e-08 1.000000000000000021e-08 6.227157763628882875e-03
3.301534987651105063e-03 1.688733483146646897e-02 1.000000000000000021e-08 1.000000000000000021e-08 4.753402850162999349e-03
3.504856358444107499e-03 4.708466069880530742e-03 1.000000000000000021e-08 1.000000000000000021e-08 4.567745393274752833e-03
1.492876105454758176e-03 1.010085969668181880e-03 1.000000000000000021e-08 1.000000000000000021e-08 8.116851972293630821e-04
2.158518808963841610e-04 1.068095307934813253e-04 1.000000000000000021e-08 1.000000000000000021e-08 4.623050065493773729e-05
0.000000000000000000e+00 -0.000000000000000000e+00 0.000000000000000000e+00 -0.000000000000000000e+00 0.000000000000000000e+00
0.000000000000000000e+00 -0.000000000000000000e+00 0.000000000000000000e+00 -0.000000000000000000e+00 0.000000000000000000e+00
0.000000000000000000e+00 -0.000000000000000000e+00 0.000000000000000000e+00 -0.000000000000000000e+00 0.000000000000000000e+00
0.000000000000000000e+00 -0.000000000000000000e+00 0.000000000000000000e+00 -0.000000000000000000e+00 0.000000000000000000e+00
0.000000000000000000e+00 -0.000000000000000000e+00 0.000000000000000000e+00 -0.000000000000000000e+00 0.000000000000000000e+00
0.000000000000000000e+00 -0.000000000000000000e+00 0.000000000000000000e+00 -0.000000000000000000e+00 0.000000000000000000e+00
0.000000000000000000e+00 -0.000000000000000000e+00 0.000000000000000000e+00 -0.000000000000000000e+00 0.000000000000000000e+00
0.000000000000000000e+00 -0.000000000000000000e+00 0.000000000000000000e+00 -0.000000000000000000e+00 0.000000000000000000e+00
4.351717202442184173e-04 3.364727017566904638e-05 1.000000000000000021e-08 1.000000000000000021e-08 4.328305225994323038e-04
3.731608711317772019e-03 6.986255294528641736e-05 1.069635200021830899e-04 1.000000000000000021e-08 1.459414880358228398e-03
7.495493892038133238e-03 2.134857396012371266e-04 5.609675377298604200e-04 1.000000000000000021e-08 1.575520548980976956e-03
1.397497640443072162e-02 3.204431644031019259e-04 3.305608080695173444e-03 1.000000000000000021e-08 1.596285736178927085e-03
3.757732905704514598e-02 1.279142917311884044e-03 1.982657505715917576e-02 1.000000000000000021e-08 2.140996377377175127e-03
5.657184649652961111e-02 4.814368197672868818e-03 5.540283331254219207e-02 1.000000000000000021e-08 1.000000000000000021e-08
5.539548164040521833e-02 2.856240113231010846e-03 1.066495700624577325e-01 1.000000000000000021e-08 1.000000000000000021e-08
3.534198757137574365e-02 1.000000000000000021e-08 1.390258725972866316e-01 1.000000000000000021e-08 5.421809995554670476e-03
2.652102696907145205e-03 1.000000000000000021e-08 1.144532241577459336e-01 6.492212279002754216e-02 3.171585803148312122e-02
1.000000000000000021e-08 1.000000000000000021e-08 4.054921240493716827e-02 1.381511058730870711e-01 6.009372543410378825e-02
1.000000000000000021e-08 7.334794472043405615e-03 1.000000000000000021e-08 1.472419571738049493e-01 6.378046237991276401e-02
1.413244382368373728e-02 8.450617413411226631e-02 1.000000000000000021e-08 8.780181984499665915e-02 4.717499323726666999e-02
3.542413286625357288e-02 1.253849355153010547e-01 1.000000000000000021e-08 1.212312618140260097e-02 2.283033914653682245e-02
1.880513903297774056e-02 9.700270973244357053e-02 1.000000000000000021e-08 1.000000000000000021e-08 7.158794134770957857e-03
9.031606894396694910e-03 5.096007668496244786e-02 1.000000000000000021e-08 1.000000000000000021e-08 6.063894113795446385e-03
4.978782946439176335e-03 2.977726984136911184e-02 1.000000000000000021e-08 1.000000000000000021e-08 3.536640457146693946e-03
1.852504721346221513e-03 1.520464148402089766e-02 1.000000000000000021e-08 1.000000000000000021e-08 3.987551997243818543e-03
2.089594573923993573e-03 4.667026671740306942e-03 1.000000000000000021e-08 1.000000000000000021e-08 3.973841443006281490e-03
3.354407607171472068e-04 7.711492653680084366e-04 1.000000000000000021e-08 1.000000000000000021e-08 5.091838813981906190e-04
0.000000000000000000e+00 -0.000000000000000000e+00 0.000000000000000000e+00 -0.000000000000000000e+00 0.000000000000000000e+00
0.000000000000000000e+00 -0.000000000000000000e+00 0.000000000000000000e+00 -0.000000000000000000e+00 0.000000000000000000e+00
0.000000000000000000e+00 -0.000000000000000000e+00 0.000000000000000000e+00 -0.000000000000000000e+00 0.000000000000000000e+00
0.000000000000000000e+00 -0.000000000000000000e+00 0.000000000000000000e+00 -0.000000000000000000e+00 0.000000000000000000e+00
0.000000000000000000e+00 -0.000000000000000000e+00 0.000000000000000000e+00 -0.000000000000000000e+00 0.000000000000000000e+00
0.000000000000000000e+00 -0.000000000000000000e+00 0.000000000000000000e+00 -0.000000000000000000e+00 0.000000000000000000e+00
0.000000000000000000e+00 -0.000000000000000000e+00 0.000000000000000000e+00 -0.000000000000000000e+00 0.000000000000000000e+00
0.000000000000000000e+00 -0.000000000000000000e+00 0.000000000000000000e+00 -0.000000000000000000e+00 0.000000000000000000e+00
0.000000000000000000e+00 -0.000000000000000000e+00 0.000000000000000000e+00 -0.000000000000000000e+00 0.000000000000000000e+00
2.515091035865286550e-03 1.000000000000000021e-08 1.000000000000000021e-08 1.000000000000000021e-08 1.348484505441826685e-03
5.533232976070870737e-03 1.413666405785314435e-05 4.365098905783466009e-04 1.000000000000000021e-08 1.796042694604500518e-03
1.190776906921892260e-02 3.965719436689461213e-04 3.190701530027640481e-03 1.000000000000000021e-08 1.896910756812646972e-03
2.445901288800027273e-02 1.781431316773511271e-03 1.492581957797969525e-02 1.000000000000000021e-08 4.152294384142409781e-04
4.479786160971842290e-02 4.636299412463360317e-03 4.327261623704473786e-02 1.000000000000000021e-08 1.000000000000000021e-08
4.283629238686138818e-02 6.091183610882251048e-03 8.607807471080286543e-02 1.000000000000000021e-08 1.000000000000000021e-08
3.423463910176294950e-02 1.000000000000000021e-08 1.271780176760760883e-01 1.000000000000000021e-08 1.000000000000000021e-08
1.153662659282184665e-02 1.000000000000000021e-08 1.257841165656953253e-01 2.509384849268606402e-02 1.766808438681179150e-02
1.000000000000000021e-08 1.000000000000000021e-08 7.351239063387238204e-02 9.481130114769867334e-02 4.381031560069783420e-02
1.000000000000000021e-08 1.000000000000000021e-08 3.627215918073314893e-03 1.406461505181622884e-01 6.503687635916441390e-02
1.000000000000000021e-08 2.265145788571187174e-02 1.000000000000000021e-08 1.281127776430503185e-01 5.387552602846845673e-02
2.883719716106471903e-02 8.970109942516261980e-02 1.000000000000000021e-08 6.539765339060060745e-02 3.049887966129634712e-02
3.532542635564186323e-02 1.162651453710000088e-01 1.000000000000000021e-08 3.244168189584090579e-03 1.076613493777901429e-02
1.755276078939011636e-02 8.582015501902844068e-02 1.000000000000000021e-08 1.000000000000000021e-08 2.468236621538365001e-04
7.290764048868641697e-03 4.587514956965482726e-02 1.000000000000000021e-08 1.000000000000000021e-08 1.714301838031671941e-03
3.205155120117617572e-03 2.812833091826663981e-02 1.000000000000000021e-08 1.000000000000000021e-08 1.550171552959505802e-03
9.923618292218732220e-04 1.502564254415395331e-02 1.000000000000000021e-08 1.000000000000000021e-08 3.209253949734583531e-03
5.006718984547086932e-04 3.770968122396389875e-03 1.000000000000000021e-08 1.000000000000000021e-08 2.281159312400005655e-03
1.000000000000000021e-08 7.032588344483533052e-04 2.777505579635716152e-04 1.000000000000000021e-08 1.307406954250629793e-04
1.000000000000000021e-08 1.265726689505508845e-04 1.872123862371521475e-04 4.307539553088136637e-05 1.000000000000000021e-08
0.000000000000000000e+00 -0.000000000000000000e+00 0.000000000000000000e+00 -0.000000000000000000e+00 0.000000000000000000e+00
0.000000000000000000e+00 -0.000000000000000000e+00 0.000000000000000000e+00 -0.000000000000000000e+00 0.000000000000000000e+00
0.000000000000000000e+00 -0.000000000000000000e+00 0.000000000000000000e+00 -0.000000000000000000e+00 0.000000000000000000e+00
0.000000000000000000e+00 -0.000000000000000000e+00 0.000000000000000000e+00 -0.000000000000000000e+00 0.000000000000000000e+00
0.000000000000000000e+00 -0.000000000000000000e+00 0.000000000000000000e+00 -0.000000000000000000e+00 0.000000000000000000e+00
0.000000000000000000e+00 -0.000000000000000000e+00 0.000000000000000000e+00 -0.000000000000000000e+00 0.000000000000000000e+00
0.000000000000000000e+00 -0.000000000000000000e+00 0.000000000000000000e+00 -0.000000000000000000e+00 0.000000000000000000e+00
0.000000000000000000e+00 -0.000000000000000000e+00 0.000000000000000000e+00 -0.000000000000000000e+00 0.000000000000000000e+00
3.175436512442056467e-03 1.000000000000000021e-08 1.000000000000000021e-08 1.000000000000000021e-08 1.314759406714492793e-03
7.839571846874516733e-03 1.000000000000000021e-08 1.650147077426462406e-03 1.000000000000000021e-08 2.386894493103275307e-03
1.601253980292397655e-02 1.224080251918355971e-03 8.993337332295112119e-03 1.000000000000000021e-08 1.792694076332994454e-03
2.976455916003381205e-02 4.593554279917369358e-03 3.054006349286891853e-02 1.000000000000000021e-08 1.000000000000000021e-08
3.528482956074159571e-02 7.016546175681924111e-03 6.607503939036217522e-02 1.000000000000000021e-08 1.000000000000000021e-08
2.520521726774039087e-02 2.913381587513182245e-03 1.076310803817369516e-01 1.000000000000000021e-08 1.000000000000000021e-08
1.364073703068247045e-02 1.000000000000000021e-08 1.260666235939996715e-01 1.000000000000000021e-08 3.241851725682931736e-03
1.000000000000000021e-08 1.000000000000000021e-08 9.615367383891658404e-02 5.170950324232071599e-02 2.640968771992369124e-02
1.000000000000000021e-08 1.000000000000000021e-08 3.813135134192065234e-02 1.086005249033505093e-01 4.561044672935990474e-02
1.000000000000000021e-08 1.000000000000000021e-08 1.000000000000000021e-08 1.327822185291846757e-01 6.050704749642115549e-02
6.652767633977097785e-03 3.309686908837354558e-02 1.000000000000000021e-08 1.088767788681008347e-01 4.076799113688421572e-02
3.260414885811167840e-02 8.484149623232080384e-02 1.000000000000000021e-08 4.931448560302244960e-02 1.731204414447759868e-02
2.858425292348163935e-02 1.055148075937109992e-01 1.000000000000000021e-08 8.757025013217436789e-04 1.720809092420831198e-03
1.544143887087275589e-02 7.891872658711415744e-02 1.000000000000000021e-08 1.000000000000000021e-08 1.000000000000000021e-08
4.912522389362795373e-03 4.405332391635561479e-02 1.000000000000000021e-08 1.000000000000000021e-08 1.000000000000000021e-08
9.080618288906475719e-04 2.587168948636699509e-02 5.619403192555029241e-04 1.000000000000000021e-08 1.000000000000000021e-08
8.025408240570555815e-04 1.345970137326915617e-02 1.000000000000000021e-08 1.000000000000000021e-08 1.940984772698240877e-03
8.962760518138584293e-04 4.649079666959141967e-03 1.000000000000000021e-08 1.000000000000000021e-08 2.699699307499741231e-03
1.000000000000000021e-08 1.191099846301927776e-03 9.029721191611575178e-05 1.000000000000000021e-08 1.284400965784634444e-04
1.000000000000000021e-08 2.867662030910912992e-05 4.241530625685502651e-05 9.759269299965298662e-06 1.000000000000000021e-08
0.000000000000000000e+00 -0.000000000000000000e+00 0.000000000000000000e+00 -0.000000000000000000e+00 0.000000000000000000e+00
0.000000000000000000e+00 -0.000000000000000000e+00 0.000000000000000000e+00 -0.000000000000000000e+00 0.000000000000000000e+00
0.000000000000000000e+00 -0.000000000000000000e+00 0.000000000000000000e+00 -0.000000000000000000e+00 0.000000000000000000e+00
0.000000000000000000e+00 -0.000000000000000000e+00 0.000000000000000000e+00 -0.000000000000000000e+00 0.000000000000000000e+00
0.000000000000000000e+00 -0.000000000000000000e+00 0.000000000000000000e+00 -0.000000000000000000e+00 0.000000000000000000e+00
0.000000000000000000e+00 -0.000000000000000000e+00 0.000000000000000000e+00 -0.000000000000000000e+00 0.000000000000000000e+00
0.000000000000000000e+00 -0.000000000000000000e+00 0.000000000000000000e+00 -0.000000000000000000e+00 0.000000000000000000e+00
1.830994275629326126e-04 1.000000000000000021e-08 1.000000000000000021e-08 1.000000000000000021e-08 5.940648537901389296e-06
2.419609119446409443e-03 1.000000000000000021e-08 1.000000000000000021e-08 1.000000000000000021e-08 7.285656240102141891e-04
7.555909496343883938e-03 1.000000000000000021e-08 2.910957649630669178e-03 1.000000000000000021e-08 1.993292094108776134e-03
1.296613012292495599e-02 2.241590081011155585e-03 1.328548214792464773e-02 1.000000000000000021e-08 7.172075283472791822e-05
1.917019698870144409e-02 5.376046851665349131e-03 3.711580102589300684e-02 1.000000000000000021e-08 1.000000000000000021e-08
1.311581642704906341e-02 6.122029360706891625e-03 7.451356782179452409e-02 1.000000000000000021e-08 1.000000000000000021e-08
1.679827095883317835e-03 1.000000000000000021e-08 1.028783418717431064e-01 1.000000000000000021e-08 1.000000000000000021e-08
1.000000000000000021e-08 1.000000000000000021e-08 1.025233633733028393e-01 1.475920305218577679e-02 8.504498703413861105e-03
1.000000000000000021e-08 1.000000000000000021e-08 6.379964389439581052e-02 6.031390042694136089e-02 2.588590738373637221e-02
1.000000000000000021e-08 1.000000000000000021e-08 1.610607687322547152e-02 1.000065058219593156e-01 4.140124444920291469e-02
1.000000000000000021e-08 1.000000000000000021e-08 1.000000000000000021e-08 1.145108883938102950e-01 4.055968766252622537e-02
1.000000000000000021e-08 4.063672536677914032e-02 1.000000000000000021e-08 8.838528575633596007e-02 2.096583028323271633e-02
7.374291779973706981e-03 7.831620611574297008e-02 1.000000000000000021e-08 3.634075443140426936e-02 4.041942888841775113e-03
1.358671739058484561e-02 8.898194792524952157e-02 1.000000000000000021e-08 2.903417422666973620e-03 1.000000000000000021e-08
8.794436082916846226e-03 6.622263114606979917e-02 1.000000000000000021e-08 1.000000000000000021e-08 1.000000000000000021e-08
2.333926145161944153e-03 3.939457948960558425e-02 1.000000000000000021e-08 1.000000000000000021e-08 1.000000000000000021e-08
1.342034499115694716e-03 2.417772562235911624e-02 4.344194512116758403e-04 1.000000000000000021e-08 1.000000000000000021e-08
8.843646294284281117e-04 1.439597357218103807e-02 6.034405772321299968e-05 1.000000000000000021e-08 1.372559357726662070e-03
8.631243522206457144e-04 5.580445471139723439e-03 1.000000000000000021e-08 1.000000000000000021e-08 2.596393776453894894e-03
2.773980838928059400e-04 1.617717534804916351e-03 1.000000000000000021e-08 1.000000000000000021e-08 6.593130902389092484e-04
1.240646732088064466e-04 1.353614136141381317e-04 1.000000000000000021e-08 1.000000000000000021e-08 1.750695026576976922e-04
0.000000000000000000e+00 -0.000000000000000000e+00 0.000000000000000000e+00 -0.000000000000000000e+00 0.000000000000000000e+00
0.000000000000000000e+00 -0.000000000000000000e+00 0.000000000000000000e+00 -0.000000000000000000e+00 0.000000000000000000e+00
0.000000000000000000e+00 -0.000000000000000000e+00 0.000000000000000000e+00 -0.000000000000000000e+00 0.000000000000000000e+00
0.000000000000000000e+00 -0.000000000000000000e+00 0.000000000000000000e+00 -0.000000000000000000e+00 0.000000000000000000e+00
0.000000000000000000e+00 -0.000000000000000000e+00 0.000000000000000000e+00 -0.000000000000000000e+00 0.000000000000000000e+00
0.000000000000000000e+00 -0.000000000000000000e+00 0.000000000000000000e+00 -0.000000000000000000e+00 0.000000000000000000e+00
0.000000000000000000e+00 -0.000000000000000000e+00 0.000000000000000000e+00 -0.000000000000000000e+00 0.000000000000000000e+00
0.000000000000000000e+00 -0.000000000000000000e+00 0.000000000000000000e+00 -0.000000000000000000e+00 0.000000000000000000e+00
4.137255196911385799e-04 2.542510132986783094e-05 7.183696175045295310e-05 1.000000000000000021e-08 1.000000000000000021e-08
2.402522520408271415e-03 1.000000000000000021e-08 1.897953689339302186e-03 1.000000000000000021e-08 8.828055551146048521e-04
4.453613638794017828e-04 1.887746956706773090e-03 1.023732014748265744e-02 1.000000000000000021e-08 4.481115450836633250e-04
1.000000000000000021e-08 4.352982522142400529e-03 2.488854769202522230e-02 1.000000000000000021e-08 1.000000000000000021e-08
1.000000000000000021e-08 4.167516640758574253e-03 4.658629598819597623e-02 1.000000000000000021e-08 1.000000000000000021e-08
1.000000000000000021e-08 1.000000000000000021e-08 5.940306342134277912e-02 1.000000000000000021e-08 1.000000000000000021e-08
1.000000000000000021e-08 1.000000000000000021e-08 5.558748817768628669e-02 1.676584121475661882e-02 6.391471824615886990e-03
1.000000000000000021e-08 1.000000000000000021e-08 3.254275872963616895e-02 4.141473873531606453e-02 1.738105997271725475e-02
1.000000000000000021e-08 1.000000000000000021e-08 5.689431514737681300e-03 5.747608460734853625e-02 2.501972884980917938e-02
1.000000000000000021e-08 1.225463185287726554e-02 1.000000000000000021e-08 6.113590001702176591e-02 2.005210781697770034e-02
1.000000000000000021e-08 3.653262212532278064e-02 1.000000000000000021e-08 4.799905276677440824e-02 5.086409415452864888e-03
1.000000000000000021e-08 5.929251727419063145e-02 1.000000000000000021e-08 1.729150826394422469e-02 1.000000000000000021e-08
1.000000000000000021e-08 5.872127321006892497e-02 1.000000000000000021e-08 9.388750116389774731e-04 1.000000000000000021e-08
1.000000000000000021e-08 4.004937763666059636e-02 2.022679482199568515e-04 1.000000000000000021e-08 1.000000000000000021e-08
1.000000000000000021e-08 2.762914664041327822e-02 7.944949328044243874e-04 1.000000000000000021e-08 1.000000000000000021e-08
1.000000000000000021e-08 2.030428033912698091e-02 6.630555457908300252e-04 1.000000000000000021e-08 1.000000000000000021e-08
1.000000000000000021e-08 1.004765995372580885e-02 7.821334542285242200e-05 1.000000000000000021e-08 1.132161249308251362e-03
9.814383818330318313e-04 4.133554222913102261e-03 1.000000000000000021e-08 1.000000000000000021e-08 2.210730364811903936e-03
7.135339699673931080e-04 8.520501646392897527e-04 1.000000000000000021e-08 1.000000000000000021e-08 1.103957009345632153e-03
2.481293464176128932e-04 2.707228272282762634e-04 1.000000000000000021e-08 1.000000000000000021e-08 3.501390053153953844e-04
0.000000000000000000e+00 -0.000000000000000000e+00 0.000000000000000000e+00 -0.000000000000000000e+00 0.000000000000000000e+00
0.000000000000000000e+00 -0.000000000000000000e+00 0.000000000000000000e+00 -0.000000000000000000e+00 0.000000000000000000e+00
0.000000000000000000e+00 -0.000000000000000000e+00 0.000000000000000000e+00 -0.000000000000000000e+00 0.000000000000000000e+00
0.000000000000000000e+00 -0.000000000000000000e+00 0.000000000000000000e+00 -0.000000000000000000e+00 0.000000000000000000e+00
0.000000000000000000e+00 -0.000000000000000000e+00 0.000000000000000000e+00 -0.000000000000000000e+00 0.000000000000000000e+00
0.000000000000000000e+00 -0.000000000000000000e+00 0.000000000000000000e+00 -0.000000000000000000e+00 0.000000000000000000e+00
0.000000000000000000e+00 -0.000000000000000000e+00 0.000000000000000000e+00 -0.000000000000000000e+00 0.000000000000000000e+00
0.000000000000000000e+00 -0.000000000000000000e+00 0.000000000000000000e+00 -0.000000000000000000e+00 0.000000000000000000e+00
0.000000000000000000e+00 -0.000000000000000000e+00 0.000000000000000000e+00 -0.000000000000000000e+00 0.000000000000000000e+00
1.000000000000000021e-08 1.000000000000000021e-08 1.072799255219756556e-04 1.000000000000000021e-08 8.310980502011387685e-04
1.000000000000000021e-08 1.000000000000000021e-08 4.570970066280137891e-04 1.000000000000000021e-08 1.400404370610828326e-03
1.000000000000000021e-08 1.000000000000000021e-08 1.345436545924097145e-03 1.000000000000000021e-08 2.412104640900555701e-03
1.000000000000000021e-08 1.035049127099403827e-03 1.869997829708233954e-03 1.000000000000000021e-08 2.523412255220415599e-03
1.000000000000000021e-08 1.200878366680920928e-03 1.862643342246772136e-03 1.000000000000000021e-08 1.902634197984513819e-03
1.000000000000000021e-08 1.022608875593401107e-03 2.374677597733693656e-03 3.933778881787428717e-05 3.446204679121297413e-03
1.000000000000000021e-08 1.532231764425201741e-03 7.500024556729557954e-04 2.198124842123439209e-03 6.692604414236611593e-03
1.000000000000000021e-08 2.752140078038891463e-03 1.000000000000000021e-08 3.974953615869275536e-03 1.235328821060357844e-02
1.000000000000000021e-08 4.951199071787464739e-03 1.000000000000000021e-08 3.710738031102079129e-03 1.169781344823283935e-02
1.000000000000000021e-08 1.109058354332028568e-02 1.000000000000000021e-08 2.197910643650957587e-03 4.419777675532341604e-03
1.000000000000000021e-08 1.787387350957503340e-02 3.772245490878122789e-04 1.000000000000000021e-08 1.000000000000000021e-08
1.000000000000000021e-08 1.504494913977129193e-02 1.790572329013603782e-04 1.000000000000000021e-08 1.000000000000000021e-08
1.000000000000000021e-08 8.045431212992781855e-03 1.000000000000000021e-08 1.000000000000000021e-08 6.068155933031242101e-04
1.000000000000000021e-08 5.470884702582283661e-03 1.000000000000000021e-08 1.000000000000000021e-08 5.971935570995483365e-04
1.000000000000000021e-08 2.695499897761896146e-03 1.000000000000000021e-08 1.000000000000000021e-08 6.527729373910143426e-04
1.000000000000000021e-08 1.166045183948352529e-03 1.000000000000000021e-08 1.000000000000000021e-08 7.237664345541551742e-04
5.434878075487028712e-04 2.218900350628749446e-04 1.000000000000000021e-08 1.000000000000000021e-08 9.840160119533639636e-04
3.983883897928924703e-04 6.948353155304674877e-05 1.000000000000000021e-08 1.000000000000000021e-08 6.092597478622961953e-04
0.000000000000000000e+00 -0.000000000000000000e+00 0.000000000000000000e+00 -0.000000000000000000e+00 0.000000000000000000e+00
0.000000000000000000e+00 -0.000000000000000000e+00 0.000000000000000000e+00 -0.000000000000000000e+00 0.000000000000000000e+00
0.000000000000000000e+00 -0.000000000000000000e+00 0.000000000000000000e+00 -0.000000000000000000e+00 0.000000000000000000e+00
0.000000000000000000e+00 -0.000000000000000000e+00 0.000000000000000000e+00 -0.000000000000000000e+00 0.000000000000000000e+00
0.000000000000000000e+00 -0.000000000000000000e+00 0.000000000000000000e+00 -0.000000000000000000e+00 0.000000000000000000e+00
