0.000000 -0.000000 0.000000 -0.000000 -0.000000
0.000000 -0.000000 0.000000 -0.000000 -0.000000
0.000000 -0.000000 0.000000 -0.000000 -0.000000
0.000000 -0.000000 0.000000 -0.000000 -0.000000
0.000000 -0.000000 0.000000 -0.000000 0.000000
0.000000 -0.000000 0.000000 -0.000000 0.000000
0.000000 -0.000000 0.000000 -0.000000 0.000000
0.000000 -0.000000 0.000000 -0.000000 0.000000
0.000000 -0.000000 0.000000 -0.000000 0.000000
0.000000 -0.000000 0.000000 -0.000000 0.000000
0.000000 -0.000000 0.000000 -0.000000 0.000000
0.000000 -0.000000 0.000000 -0.000000 0.000000
0.000000 -0.000000 0.000000 -0.000000 0.000000
0.000000 -0.000000 0.000000 -0.000000 0.000000
0.000000 -0.000000 0.000000 -0.000000 0.000000
0.000000 -0.000000 0.000000 -0.000000 0.000000
0.000000 -0.000000 0.000000 -0.000000 0.000000
0.000000 -0.000000 0.000000 -0.000000 0.000000
0.000000 -0.000000 0.000000 -0.000000 0.000000
0.000000 -0.000000 0.000000 -0.000000 0.000000
0.000000 -0.000000 0.000000 -0.000000 0.000000
0.000000 -0.000000 0.000000 -0.000000 0.000000
0.000000 -0.000000 0.000000 -0.000000 0.000000
0.000000 -0.000000 0.000000 -0.000000 0.000000
0.000000 -0.000000 0.000000 -0.000000 0.000000
0.000000 -0.000000 0.000000 -0.000000 0.000000
0.000000 -0.000000 0.000000 -0.000000 0.000000
0.000000 -0.000000 0.000000 -0.000000 0.000000
0.000000 -0.000000 0.000000 -0.000000 0.000000
0.000000 -0.000000 0.000000 -0.000000 0.000000
0.000000 -0.000000 0.000000 -0.000000 0.000000
0.000000 -0.000000 0.000000 -0.000000 0.000000
0.000000 -0.000000 0.000000 -0.000000 0.000000
0.000000 -0.000000 0.000000 -0.000000 0.000000
0.000000 -0.000000 0.000000 -0.000000 0.000000
0.000000 -0.000000 0.000000 -0.000000 0.000000
0.000000 -0.000000 0.000000 -0.000000 0.000000
0.000000 -0.000000 0.000000 -0.000000 0.000000
0.000000 -0.000000 0.000000 -0.000000 0.000000
0.000000 -0.000000 0.000000 -0.000000 0.000000
0.000000 -0.000000 0.000000 -0.000000 0.000000
0.000000 -0.000000 0.000000 -0.000000 0.000000
0.000000 -0.000000 0.000000 -0.000000 0.000000
0.000000 -0.000000 0.000000 -0.000000 0.000000
0.000000 -0.000000 0.000000 -0.000000 0.000000
0.000000 -0.000000 0.000000 -0.000000 0.000000
0.000000 -0.000000 0.000000 -0.000000 0.000000
0.000000 -0.000000 0.000000 -0.000000 0.000000
0.000000 -0.000000 0.000000 -0.000000 0.000000
0.000000 -0.000000 0.000000 -0.000000 0.000000
0.000000 -0.000000 0.000000 -0.000000 0.000000
0.000000 -0.000000 0.000000 -0.000000 0.000000
0.000000 -0.000000 0.000000 -0.000000 0.000000
0.000000 -0.000000 0.000000 -0.000000 0.000000
0.000000 -0.000000 0.000000 -0.000000 0.000000
0.000000 -0.000000 0.000000 -0.000000 0.000000
0.000000 -0.000000 0.000000 -0.000000 0.000000
0.000000 -0.000000 0.000000 -0.000000 0.000000
0.000000 -0.000000 0.000000 -0.000000 0.000000
0.000000 -0.000000 0.000000 -0.000000 0.000000
0.000000 -0.000000 0.000000 -0.000000 0.000000
0.000000 -0.000000 0.000000 -0.000000 0.000000
0.000000 -0.000000 0.000000 -0.000000 0.000000
0.000000 -0.000000 0.000000 -0.000000 0.000000
0.000000 -0.000000 0.000000 -0.000000 0.000000
0.000000 -0.000000 0.000000 -0.000000 0.000000
0.000000 -0.000000 0.000000 -0.000000 0.000000
0.000000 -0.000000 0.000000 -0.000000 0.000000
0.000000 -0.000000 0.000000 -0.000000 0.000000
0.000000 -0.000000 0.000000 -0.000000 0.000000
0.000000 -0.000000 0.000000 -0.000000 0.000000
0.000000 -0.000000 0.000000 -0.000000 0.000000
0.000000 -0.000000 0.000000 -0.000000 0.000000
0.000000 -0.000000 0.000000 -0.000000 0.000000
0.000000 -0.000000 0.000000 -0.000000 0.000000
0.000000 -0.000000 0.000000 -0.000000 0.000000
0.000000 -0.000000 0.000000 -0.000000 0.000000
0.000000 -0.000000 0.000000 -0.000000 0.000000
0.000000 -0.000000 0.000000 -0.000000 0.000000
0.000000 -0.000000 0.000000 -0.000000 0.000000
0.000000 -0.000000 0.000000 -0.000000 0.000000
0.000000 -0.000000 0.000000 -0.000000 0.000000
0.000000 -0.000000 0.000000 -0.000000 0.000000
0.000000 -0.000000 0.000000 -0.000000 0.000000
0.000000 -0.000000 0.000000 -0.000000 0.000000
0.000000 -0.000000 0.000000 -0.000000 0.000000
0.000000 -0.000000 0.000000 -0.000000 0.000000
0.000000 -0.000000 0.000000 -0.000000 0.000000
0.000000 -0.000000 0.000000 -0.000000 0.000000
0.000000 -0.000000 0.000000 -0.000000 0.000000
0.000000 -0.000000 0.000000 -0.000000 0.000000
0.000000 -0.000000 0.000000 -0.000000 0.000000
0.000000 -0.000000 0.000000 -0.000000 0.000000
0.000000 -0.000000 0.000000 -0.000000 0.000000
0.000000 -0.000000 0.000000 -0.000000 0.000000
0.000000 -0.000000 0.000000 -0.000000 0.000000
0.000000 -0.000000 0.000000 -0.000000 0.000000
0.000000 -0.000000 0.000000 -0.000000 0.000000
0.000000 -0.000000 0.000000 -0.000000 0.000000
0.000000 -0.000000 0.000000 -0.000000 0.000000
0.000000 -0.000000 0.000000 -0.000000 0.000000
0.000000 -0.000000 0.000000 -0.000000 0.000000
0.000000 -0.000000 0.000000 -0.000000 0.000000
0.000000 -0.000000 0.000000 -0.000000 0.000000
0.000000 -0.000000 0.000000 -0.000000 0.000000
0.000000 -0.000000 0.000000 -0.000000 0.000000
0.000000 -0.000000 0.000000 -0.000000 0.000000
0.000000 -0.000000 0.000000 -0.000000 0.000000
0.000000 -0.000000 0.000000 -0.000000 0.000000
0.000000 -0.000000 0.000000 -0.000000 0.000000
0.000000 -0.000000 0.000000 -0.000000 0.000000
0.000000 -0.000000 0.000000 -0.000000 0.000000
0.000000 -0.000000 0.000000 -0.000000 0.000000
0.000000 -0.000000 0.000000 -0.000000 0.000000
0.000000 -0.000000 0.000000 -0.000000 0.000000
0.000000 -0.000000 0.000000 -0.000000 0.000000
0.000000 -0.000000 0.000000 -0.000000 0.000000
0.000000 -0.000000 0.000000 -0.000000 0.000000
0.000000 -0.000000 0.000000 -0.000000 0.000000
0.000000 -0.000000 0.000000 -0.000000 0.000000
0.000000 -0.000000 0.000000 -0.000000 0.000000
0.000000 -0.000000 0.000000 -0.000000 0.000000
0.000000 -0.000000 0.000000 -0.000000 0.000000
0.000000 -0.000000 0.000000 -0.000000 0.000000
0.000000 -0.000000 0.000000 -0.000000 0.000000
0.000000 -0.000000 0.000000 -0.000000 0.000000
0.000000 -0.000000 0.000000 -0.000000 0.000000
0.000000 -0.000000 0.000000 -0.000000 0.000000
0.000000 -0.000000 0.000000 -0.000000 0.000000
0.000000 -0.000000 0.000000 -0.000000 0.000000
0.000000 -0.000000 0.000000 -0.000000 0.000000
0.000000 -0.000000 0.000000 -0.000000 0.000000
0.000000 -0.000000 0.000000 -0.000000 0.000000
0.000000 -0.000000 0.000000 -0.000000 0.000000
0.000000 -0.000000 0.000000 -0.000000 0.000000
0.000000 -0.000000 0.000000 -0.000000 0.000000
0.000000 -0.000000 0.000000 -0.000000 0.000000
0.000000 -0.000000 0.000000 -0.000000 0.000000
0.000000 -0.000000 0.000000 -0.000000 0.000000
0.000000 -0.000000 0.000000 -0.000000 0.000000
0.000000 -0.000000 0.000000 -0.000000 0.000000
0.000000 -0.000000 0.000000 -0.000000 0.000000
0.000000 -0.000000 0.000000 -0.000000 0.000000
0.000000 -0.000000 0.000000 -0.000000 0.000000
0.000000 -0.000000 0.000000 -0.000000 0.000000
0.000000 -0.000000 0.000000 -0.000000 0.000000
0.000000 -0.000000 0.000000 -0.000000 0.000000
0.001008 0.000063 0.000000 0.001511 0.000000
0.003375 0.000000 0.000000 0.005846 0.000000
0.003174 0.000000 0.000000 0.006415 0.000000
0.002434 0.000000 0.000000 0.005305 0.000000
0.000968 0.000000 0.000000 0.002745 0.000000
0.000000 0.000000 0.002013 0.005165 0.000000
0.000000 0.000000 0.002488 0.007337 0.000000
0.000000 0.000000 0.003345 0.010907 0.000049
0.000000 0.000000 0.002781 0.011896 0.000000
0.000000 0.000000 0.001730 0.008280 0.000000
0.000000 0.000000 0.000238 0.001148 0.000000
0.000000 -0.000000 0.000000 -0.000000 0.000000
0.000000 -0.000000 0.000000 -0.000000 0.000000
0.000000 -0.000000 0.000000 -0.000000 0.000000
0.000000 -0.000000 0.000000 -0.000000 0.000000
0.000000 -0.000000 0.000000 -0.000000 0.000000
0.000000 -0.000000 0.000000 -0.000000 0.000000
0.000000 -0.000000 0.000000 -0.000000 0.000000
0.000000 -0.000000 0.000000 -0.000000 0.000000
0.000000 -0.000000 0.000000 -0.000000 0.000000
0.000000 -0.000000 0.000000 -0.000000 0.000000
0.000000 -0.000000 0.000000 -0.000000 0.000000
0.000000 -0.000000 0.000000 -0.000000 0.000000
0.000000 -0.000000 0.000000 -0.000000 0.000000
0.000000 -0.000000 0.000000 -0.000000 0.000000
0.000000 -0.000000 0.000000 -0.000000 0.000000
0.000183 0.000424 0.000000 0.000031 0.000000
0.002066 0.009823 0.000000 0.000431 0.000000
0.003099 0.009887 0.000000 0.009348 0.000000
0.000702 0.000000 0.010550 0.022029 0.000000
0.000787 0.000000 0.014695 0.018885 0.000000
0.003542 0.000000 0.013020 0.019771 0.000000
0.005455 0.000000 0.021730 0.020845 0.000000
0.003954 0.000000 0.027991 0.032154 0.000000
0.001728 0.000000 0.025564 0.044833 0.000000
0.000000 0.000000 0.030925 0.052422 0.005978
0.000000 0.000000 0.031315 0.047333 0.001268
0.000000 0.000000 0.029539 0.045532 0.002537
0.000000 0.000000 0.025540 0.038380 0.000000
0.000000 0.000000 0.020030 0.028983 0.001134
0.000000 0.000000 0.008701 0.010993 0.001401
0.000000 0.000000 0.002076 0.000329 0.000000
0.000000 -0.000000 0.000000 -0.000000 0.000000
0.000000 -0.000000 0.000000 -0.000000 0.000000
0.000000 -0.000000 0.000000 -0.000000 0.000000
0.000000 -0.000000 0.000000 -0.000000 0.000000
0.000000 -0.000000 0.000000 -0.000000 0.000000
0.000000 -0.000000 0.000000 -0.000000 0.000000
0.000000 -0.000000 0.000000 -0.000000 0.000000
0.000000 -0.000000 0.000000 -0.000000 0.000000
0.000000 -0.000000 0.000000 -0.000000 0.000000
0.000000 0.004682 0.000000 0.000000 0.000687
0.000000 0.008550 0.000000 0.000000 0.000934
0.000233 0.011951 0.000000 0.000000 0.000000
0.000539 0.021319 0.000000 0.000000 0.000000
0.002159 0.040159 0.000000 0.007685 0.000000
0.010456 0.057926 0.000000 0.011763 0.000000
0.016935 0.056658 0.001023 0.021696 0.000000
0.045168 0.058730 0.002599 0.035331 0.000000
0.068913 0.049946 0.008228 0.065192 0.000000
0.081354 0.045962 0.024215 0.073343 0.000000
0.070749 0.034055 0.052417 0.081280 0.000000
0.059525 0.046051 0.067599 0.076733 0.000000
0.048812 0.055480 0.068096 0.084387 0.000000
0.036125 0.052590 0.088666 0.088870 0.000000
0.030696 0.048839 0.098782 0.094463 0.000000
0.026608 0.027280 0.098099 0.104266 0.000000
0.026633 0.009194 0.098667 0.084919 0.000000
0.029724 0.000000 0.096169 0.039562 0.000000
0.041810 0.000000 0.066229 0.000000 0.013832
0.034798 0.000000 0.033043 0.000000 0.007125
0.014092 0.000000 0.003066 0.000000 0.009675
0.000848 0.000000 0.000000 0.000000 0.002109
0.000000 -0.000000 0.000000 -0.000000 0.000000
0.000000 -0.000000 0.000000 -0.000000 0.000000
0.000000 -0.000000 0.000000 -0.000000 0.000000
0.000000 -0.000000 0.000000 -0.000000 0.000000
0.000000 -0.000000 0.000000 -0.000000 0.000000
0.000000 -0.000000 0.000000 -0.000000 0.000000
0.000000 0.003663 0.000000 0.000000 0.000537
0.000000 0.016287 0.001030 0.000000 0.000000
0.000120 0.024484 0.000000 0.003400 0.000000
0.000000 0.053450 0.000000 0.012338 0.000000
0.000755 0.083467 0.000000 0.015997 0.000000
0.012418 0.120900 0.002870 0.017831 0.000000
0.038493 0.124331 0.003021 0.035700 0.000000
0.063892 0.123405 0.015982 0.065365 0.000000
0.078462 0.115233 0.039089 0.088886 0.000000
0.100250 0.117106 0.057207 0.100103 0.000000
0.102435 0.121793 0.062169 0.100313 0.000000
0.102067 0.125757 0.064845 0.095296 0.000000
0.105667 0.122275 0.063590 0.097624 0.000000
0.105632 0.117382 0.077988 0.099956 0.000000
0.097295 0.105720 0.089790 0.104808 0.000000
0.097542 0.088782 0.096291 0.105313 0.000000
0.103417 0.070574 0.105146 0.072789 0.000000
0.111007 0.032891 0.102142 0.047700 0.007563
0.101838 0.001551 0.082462 0.000000 0.044453
0.071564 0.000000 0.054930 0.000000 0.049794
0.036758 0.000000 0.016022 0.000000 0.014931
0.005536 0.000000 0.000000 0.000000 0.016872
0.000000 -0.000000 0.000000 -0.000000 0.000000
0.000000 -0.000000 0.000000 -0.000000 0.000000
0.000000 -0.000000 0.000000 -0.000000 0.000000
0.000000 -0.000000 0.000000 -0.000000 0.000000
0.000000 -0.000000 0.000000 -0.000000 0.000000
0.000000 0.000000 0.002943 0.000085 0.002296
0.000000 0.003393 0.000000 0.000000 0.000000
0.000000 0.014204 0.000000 0.000000 0.009383
0.000000 0.035989 0.000000 0.004059 0.024822
0.000000 0.075333 0.000000 0.013457 0.016114
0.000000 0.100842 0.000000 0.024638 0.007009
0.018890 0.135197 0.000000 0.031577 0.000000
0.047319 0.149077 0.002362 0.037515 0.000000
0.080792 0.136180 0.011343 0.056687 0.000000
0.096668 0.117827 0.032783 0.084913 0.000000
0.091213 0.105092 0.047419 0.085637 0.000000
0.072246 0.108634 0.061203 0.073588 0.039328
0.066067 0.102908 0.050419 0.060055 0.071861
0.070753 0.095565 0.043750 0.059580 0.093524
0.075128 0.087271 0.039645 0.071533 0.097214
0.080325 0.083845 0.051362 0.083620 0.094755
0.083969 0.082265 0.071106 0.104386 0.081920
0.099955 0.090002 0.081633 0.068431 0.061213
0.108270 0.074822 0.096507 0.024733 0.049115
0.112296 0.039452 0.086468 0.000000 0.058402
0.088349 0.003581 0.049757 0.000000 0.068170
0.038305 0.000000 0.015800 0.000000 0.032914
0.005999 0.000000 0.000000 0.000000 0.013374
0.000000 -0.000000 0.000000 -0.000000 0.000000
0.000000 -0.000000 0.000000 -0.000000 0.000000
0.000000 -0.000000 0.000000 -0.000000 0.000000
0.000000 -0.000000 0.000000 -0.000000 0.000000
0.000000 -0.000000 0.000000 -0.000000 0.000000
0.000000 0.000000 0.000340 0.000010 0.000265
0.000000 0.000164 0.000000 0.000000 0.000000
0.000000 0.015442 0.000000 0.000000 0.036747
0.000000 0.036766 0.000000 0.000000 0.062634
0.000000 0.070277 0.000000 0.002749 0.068338
0.001743 0.085309 0.000000 0.011216 0.067785
0.030214 0.090848 0.000000 0.014575 0.057437
0.074192 0.100149 0.000000 0.014795 0.043794
0.094689 0.067008 0.000000 0.024103 0.053339
0.083356 0.043892 0.019654 0.038049 0.094672
0.045620 0.034854 0.037763 0.024342 0.149634
0.020777 0.032763 0.025548 0.009895 0.174225
0.001799 0.030770 0.020164 0.003640 0.190080
0.000237 0.026634 0.016306 0.011877 0.182418
0.000867 0.028449 0.018051 0.039787 0.179870
0.000000 0.040891 0.019897 0.085292 0.164567
0.008603 0.064173 0.043688 0.127322 0.136001
0.067869 0.097829 0.071758 0.078005 0.077073
0.103743 0.101269 0.084923 0.000000 0.066295
0.102813 0.067308 0.077936 0.000000 0.085149
0.075718 0.018810 0.020153 0.000000 0.088212
0.022476 0.004346 0.012802 0.000000 0.034001
0.001318 0.001972 0.004704 0.000000 0.003686
0.000000 0.001540 0.002729 0.000000 0.000000
0.000000 -0.000000 0.000000 -0.000000 0.000000
0.000000 -0.000000 0.000000 -0.000000 0.000000
0.000000 -0.000000 0.000000 -0.000000 0.000000
0.000000 -0.000000 0.000000 -0.000000 0.000000
0.000000 -0.000000 0.000000 -0.000000 0.000000
0.000000 -0.000000 0.000000 -0.000000 0.000000
0.000000 0.010021 0.000000 0.000000 0.046184
0.000000 0.024612 0.000000 0.000000 0.081224
0.000000 0.026776 0.000000 0.000000 0.092847
0.006282 0.037527 0.000000 0.000000 0.100087
0.044800 0.041399 0.000000 0.000000 0.108763
0.074664 0.049014 0.000000 0.000000 0.109474
0.070864 0.021987 0.012583 0.000000 0.131527
0.055425 0.000000 0.014110 0.016525 0.161332
0.024554 0.000000 0.016355 0.002643 0.175591
0.000000 0.000000 0.013203 0.000000 0.179287
0.000000 0.000000 0.016820 0.000000 0.173944
0.000000 0.000000 0.020968 0.023069 0.159469
0.000000 0.000000 0.017064 0.043072 0.132926
0.000000 0.000000 0.033852 0.120794 0.107011
0.000000 0.043634 0.076884 0.140650 0.061064
0.069160 0.096083 0.085466 0.064223 0.018104
0.102599 0.106111 0.081343 0.000000 0.056141
0.097635 0.070032 0.041899 0.000000 0.084902
0.050991 0.025886 0.001730 0.000000 0.093636
0.009666 0.009058 0.003469 0.000000 0.032790
0.001361 0.005963 0.007820 0.000000 0.000000
0.000000 0.003809 0.006751 0.000000 0.000000
0.000000 -0.000000 0.000000 -0.000000 0.000000
0.000000 -0.000000 0.000000 -0.000000 0.000000
0.000000 -0.000000 0.000000 -0.000000 0.000000
0.000000 -0.000000 0.000000 -0.000000 0.000000
0.000000 -0.000000 0.000000 -0.000000 0.000000
0.000000 -0.000000 0.000000 -0.000000 0.000000
0.000000 0.003071 0.000000 0.000000 0.027567
0.000000 0.011051 0.000000 0.000000 0.076684
0.000000 0.012111 0.000000 0.000000 0.097780
0.009228 0.018194 0.000000 0.000000 0.113823
0.041325 0.027658 0.000000 0.000000 0.128036
0.048365 0.036399 0.000000 0.000000 0.132350
0.043353 0.024529 0.006671 0.000000 0.143060
0.025230 0.000000 0.008494 0.001760 0.154017
0.001899 0.000000 0.010454 0.009978 0.128149
0.000000 0.000000 0.011485 0.000000 0.101440
0.000000 0.000000 0.015487 0.010363 0.074089
0.000000 0.000000 0.016861 0.031918 0.055470
0.000000 0.000000 0.032794 0.063563 0.044529
0.000000 0.000000 0.081575 0.143958 0.046937
0.029827 0.045834 0.103514 0.132787 0.000000
0.097073 0.090304 0.085658 0.039799 0.005368
0.111931 0.103766 0.052438 0.000000 0.056368
0.076443 0.071872 0.003052 0.000000 0.091628
0.024120 0.030547 0.000000 0.000000 0.075431
0.003411 0.010319 0.002483 0.000000 0.028370
0.001405 0.006002 0.007473 0.000000 0.000000
0.000000 0.001750 0.003103 0.000000 0.000000
0.000000 -0.000000 0.000000 -0.000000 0.000000
0.000000 -0.000000 0.000000 -0.000000 0.000000
0.000000 -0.000000 0.000000 -0.000000 0.000000
0.000000 -0.000000 0.000000 -0.000000 0.000000
0.000000 -0.000000 0.000000 -0.000000 0.000000
0.000000 -0.000000 0.000000 -0.000000 0.000000
0.000000 0.000505 0.000000 0.000418 0.005276
0.000405 0.003008 0.000000 0.000378 0.034737
0.002531 0.000441 0.000000 0.000000 0.058683
0.008958 0.004272 0.000000 0.000000 0.068588
0.019430 0.012277 0.000000 0.000000 0.087494
0.022811 0.023800 0.002683 0.000000 0.089554
0.021634 0.031401 0.000000 0.000000 0.073560
0.007902 0.004768 0.000000 0.004323 0.060812
0.000641 0.000000 0.000000 0.010194 0.039162
0.000000 0.000000 0.000000 0.001198 0.021390
0.000000 0.000000 0.007286 0.016442 0.015066
0.000000 0.000000 0.021058 0.039087 0.023460
0.000000 0.000000 0.066777 0.097887 0.026424
0.008118 0.000000 0.118945 0.153205 0.002851
0.078781 0.049971 0.104511 0.113601 0.000000
0.116276 0.098297 0.062301 0.005412 0.027074
0.101581 0.113856 0.004008 0.000000 0.059382
0.038463 0.064022 0.000000 0.000000 0.103545
0.003290 0.023555 0.000000 0.000000 0.051134
0.000000 0.009643 0.007235 0.000000 0.012634
0.000172 0.002530 0.003998 0.000000 0.000000
0.000000 -0.000000 0.000000 -0.000000 0.000000
0.000000 -0.000000 0.000000 -0.000000 0.000000
0.000000 -0.000000 0.000000 -0.000000 0.000000
0.000000 -0.000000 0.000000 -0.000000 0.000000
0.000000 -0.000000 0.000000 -0.000000 0.000000
0.000000 -0.000000 0.000000 -0.000000 0.000000
0.000000 -0.000000 0.000000 -0.000000 0.000000
0.000000 0.000000 0.000000 0.000712 0.008613
0.000089 0.000000 0.000000 0.000820 0.016223
0.000549 0.000000 0.000000 0.000000 0.025389
0.003441 0.000000 0.000000 0.000169 0.026300
0.005393 0.011872 0.001987 0.000000 0.026255
0.004913 0.032389 0.000000 0.000000 0.027436
0.003269 0.031167 0.000000 0.000000 0.014297
0.001495 0.009526 0.000000 0.000256 0.007665
0.000000 0.000000 0.000000 0.008097 0.002482
0.000000 0.000000 0.003383 0.006115 0.000625
0.000000 0.000000 0.019606 0.029916 0.003619
0.000000 0.000000 0.058671 0.056050 0.013749
0.000000 0.000000 0.120018 0.121231 0.008075
0.058372 0.000000 0.121831 0.149626 0.000000
0.103106 0.068360 0.078060 0.086019 0.005038
0.118287 0.119376 0.017132 0.000000 0.036228
0.064427 0.115847 0.000000 0.000000 0.085578
0.006308 0.053989 0.000000 0.000000 0.074108
0.000000 0.016598 0.005021 0.005355 0.021380
0.000000 0.006440 0.004290 0.006992 0.009234
0.000000 0.002025 0.001393 0.001221 0.000000
0.000000 0.001942 0.000056 0.003983 0.000000
0.000000 0.000500 0.000000 0.002166 0.000000
0.000000 -0.000000 0.000000 -0.000000 0.000000
0.000000 -0.000000 0.000000 -0.000000 0.000000
0.000000 -0.000000 0.000000 -0.000000 0.000000
0.000000 -0.000000 0.000000 -0.000000 0.000000
0.000000 -0.000000 0.000000 -0.000000 0.000000
0.000000 0.000000 0.000000 0.000008 0.000103
0.000000 0.000000 0.000000 0.000314 0.003794
0.000000 0.000000 0.000000 0.000000 0.005454
0.000000 0.000206 0.000000 0.000000 0.007805
0.000000 0.012040 0.000000 0.001615 0.013495
0.000000 0.027730 0.000000 0.002442 0.006302
0.000000 0.027023 0.000000 0.002065 0.003132
0.000000 0.010469 0.000000 0.014648 0.002728
0.000000 0.000000 0.003406 0.027358 0.001767
0.000000 0.000000 0.014223 0.035862 0.001934
0.000000 0.000000 0.048299 0.054906 0.009663
0.000000 0.000000 0.121084 0.084158 0.012048
0.034368 0.000000 0.144551 0.147268 0.000000
0.098230 0.015923 0.090044 0.131711 0.000000
0.120489 0.103202 0.032552 0.053453 0.017533
0.084743 0.132488 0.000000 0.010407 0.066912
0.020095 0.110237 0.000000 0.001029 0.077751
0.000000 0.056029 0.000001 0.012719 0.029205
0.000000 0.013314 0.005815 0.024134 0.009937
0.000000 0.005152 0.000960 0.016517 0.004589
0.000000 0.003482 0.000750 0.011292 0.000901
0.000000 0.003459 0.000000 0.009058 0.000000
0.000000 0.001430 0.000000 0.006189 0.000000
0.000000 -0.000000 0.000000 -0.000000 0.000000
0.000000 -0.000000 0.000000 -0.000000 0.000000
0.000000 -0.000000 0.000000 -0.000000 0.000000
0.000000 -0.000000 0.000000 -0.000000 0.000000
0.000000 -0.000000 0.000000 -0.000000 0.000000
0.000000 -0.000000 0.000000 -0.000000 0.000000
0.000000 -0.000000 0.000000 -0.000000 0.000000
0.000000 0.000050 0.000000 0.000000 0.000795
0.000000 0.001806 0.000000 0.000747 0.007219
0.000000 0.014057 0.000000 0.005984 0.006083
0.000000 0.029808 0.000000 0.010610 0.002161
0.000000 0.026978 0.000000 0.021300 0.002457
0.000000 0.011596 0.000000 0.042083 0.001849
0.000000 0.000624 0.006473 0.051940 0.001794
0.000000 0.000000 0.040760 0.066088 0.005182
0.000000 0.000000 0.105708 0.076051 0.012133
0.004193 0.000000 0.154757 0.118183 0.000000
0.085674 0.000000 0.111627 0.155712 0.000000
0.122308 0.047922 0.048982 0.109348 0.000000
0.103640 0.116901 0.000000 0.041945 0.044874
0.037259 0.130355 0.000000 0.010488 0.079545
0.000000 0.103897 0.000000 0.005193 0.060337
0.000000 0.021283 0.004190 0.019361 0.012769
0.000000 0.003277 0.002263 0.019473 0.011067
0.000000 0.001482 0.000897 0.012019 0.007469
0.000000 0.000279 0.000204 0.002804 0.000293
0.000000 0.000000 0.000359 0.000041 0.000000
0.000000 -0.000000 0.000000 -0.000000 0.000000
0.000000 -0.000000 0.000000 -0.000000 0.000000
0.000000 -0.000000 0.000000 -0.000000 0.000000
0.000000 -0.000000 0.000000 -0.000000 0.000000
0.000000 -0.000000 0.000000 -0.000000 0.000000
0.000000 -0.000000 0.000000 -0.000000 0.000000
0.000000 -0.000000 0.000000 -0.000000 0.000000
0.000000 -0.000000 0.000000 -0.000000 0.000000
0.000000 -0.000000 0.000000 -0.000000 0.000000
0.000000 0.000026 0.000000 0.003676 0.001014
0.000000 0.011413 0.000088 0.009668 0.000000
0.000000 0.019254 0.000000 0.020923 0.000000
0.000000 0.017981 0.000000 0.024007 0.000000
0.000000 0.006063 0.000698 0.027580 0.000000
0.000000 0.000000 0.034194 0.046800 0.005018
0.000000 0.000000 0.095038 0.049678 0.013097
0.000000 0.000000 0.161989 0.068783 0.000000
0.063367 0.000000 0.137429 0.126671 0.000000
0.113944 0.000000 0.070647 0.146640 0.008431
0.120445 0.077126 0.000000 0.077580 0.021860
0.059117 0.130178 0.000000 0.003393 0.085464
0.000000 0.125068 0.000000 0.000000 0.062087
0.000000 0.066415 0.000000 0.000000 0.026419
0.000000 0.005790 0.001935 0.010545 0.011896
0.000000 0.001084 0.003113 0.009171 0.007368
0.000000 0.000000 0.002729 0.005116 0.001381
0.000000 0.000000 0.002915 0.002821 0.000000
0.000000 0.000000 0.002626 0.001347 0.000000
0.000000 -0.000000 0.000000 -0.000000 0.000000
0.000000 -0.000000 0.000000 -0.000000 0.000000
0.000000 -0.000000 0.000000 -0.000000 0.000000
0.000000 -0.000000 0.000000 -0.000000 0.000000
0.000000 -0.000000 0.000000 -0.000000 0.000000
0.000000 0.000130 0.001857 0.000000 0.000000
0.000000 -0.000000 0.000000 -0.000000 0.000000
0.000000 -0.000000 0.000000 -0.000000 0.000000
0.000000 -0.000000 0.000000 -0.000000 0.000000
0.000000 0.000171 0.000021 0.000395 0.000000
0.000000 0.010446 0.000271 0.002834 0.000000
0.000000 0.010911 0.000000 0.010376 0.000000
0.000000 0.003452 0.000307 0.004464 0.000000
0.000000 0.000000 0.022597 0.008058 0.000639
0.000000 0.000000 0.077003 0.016873 0.007776
0.000000 0.000000 0.151621 0.016291 0.001649
0.045655 0.000000 0.159286 0.051708 0.000000
0.114750 0.000000 0.079354 0.119544 0.000000
0.123359 0.020906 0.000000 0.135613 0.018764
0.082178 0.099359 0.000000 0.054351 0.064003
0.021362 0.130781 0.000000 0.000000 0.073368
0.000000 0.108541 0.000000 0.000000 0.044157
0.000000 0.046035 0.000000 0.000000 0.008237
0.000000 0.003293 0.000000 0.000000 0.009239
0.000000 0.000177 0.000622 0.000784 0.004496
0.000000 0.000000 0.000684 0.001142 0.000019
0.000000 0.000000 0.000684 0.001142 0.000019
0.000000 0.000000 0.000684 0.001142 0.000019
0.000000 -0.000000 0.000000 -0.000000 0.000000
0.000000 -0.000000 0.000000 -0.000000 0.000000
0.000000 -0.000000 0.000000 -0.000000 0.000000
0.000000 -0.000000 0.000000 -0.000000 0.000000
0.000000 -0.000000 0.000000 -0.000000 0.000000
0.000000 0.000157 0.002237 0.000000 0.000000
0.000000 -0.000000 0.000000 -0.000000 0.000000
0.000000 -0.000000 0.000000 -0.000000 0.000000
0.000000 -0.000000 0.000000 -0.000000 0.000000
0.000000 -0.000000 0.000000 -0.000000 0.000000
0.000376 0.005947 0.000000 0.000000 0.000987
0.000000 0.002294 0.001835 0.001223 0.000000
0.000000 0.000189 0.013458 0.000246 0.000000
0.000000 0.000000 0.061470 0.008674 0.006511
0.000000 0.000000 0.138792 0.007025 0.004071
0.029028 0.000000 0.177042 0.013262 0.000000
0.107963 0.000000 0.095556 0.073771 0.000000
0.131834 0.000000 0.016217 0.127098 0.001108
0.100977 0.048217 0.000000 0.123431 0.045822
0.023817 0.113991 0.000000 0.031605 0.074128
0.000000 0.121456 0.000000 0.000000 0.058185
0.000000 0.088111 0.000000 0.000000 0.030838
0.000000 0.030906 0.000000 0.000000 0.007271
0.000000 0.003214 0.000000 0.000000 0.010994
0.000000 0.000045 0.000000 0.000000 0.000715
0.000000 -0.000000 0.000000 -0.000000 0.000000
0.000000 -0.000000 0.000000 -0.000000 0.000000
0.000000 -0.000000 0.000000 -0.000000 0.000000
0.000000 -0.000000 0.000000 -0.000000 0.000000
0.000000 -0.000000 0.000000 -0.000000 0.000000
0.000000 -0.000000 0.000000 -0.000000 0.000000
0.000000 -0.000000 0.000000 -0.000000 0.000000
0.000000 -0.000000 0.000000 -0.000000 0.000000
0.000000 -0.000000 0.000000 -0.000000 0.000000
0.000000 -0.000000 0.000000 -0.000000 0.000000
0.000000 -0.000000 0.000000 -0.000000 0.000000
0.000000 -0.000000 0.000000 -0.000000 0.000000
0.000000 -0.000000 0.000000 -0.000000 0.000000
0.000000 0.000881 0.001563 0.000000 0.000000
0.000000 0.000513 0.014320 0.000000 0.000000
0.000000 0.000000 0.056301 0.001901 0.006224
0.000000 0.000000 0.127504 0.002418 0.000224
0.017622 0.000000 0.168053 0.002847 0.000000
0.092770 0.000000 0.113215 0.026944 0.000000
0.132198 0.000000 0.034577 0.102429 0.000000
0.114742 0.008570 0.000000 0.131042 0.028987
0.051309 0.066963 0.000000 0.099172 0.065157
0.000000 0.116621 0.000000 0.010443 0.064056
0.000000 0.100186 0.000000 0.000000 0.034130
0.000000 0.061706 0.000000 0.000000 0.011099
0.000000 0.019025 0.000000 0.000000 0.010790
0.000000 0.003102 0.000000 0.000000 0.009219
0.000000 -0.000000 0.000000 -0.000000 0.000000
0.000000 -0.000000 0.000000 -0.000000 0.000000
0.000000 -0.000000 0.000000 -0.000000 0.000000
0.000000 -0.000000 0.000000 -0.000000 0.000000
0.000000 -0.000000 0.000000 -0.000000 0.000000
0.000000 -0.000000 0.000000 -0.000000 0.000000
0.000000 -0.000000 0.000000 -0.000000 0.000000
0.000000 -0.000000 0.000000 -0.000000 0.000000
0.000000 -0.000000 0.000000 -0.000000 0.000000
0.000000 -0.000000 0.000000 -0.000000 0.000000
0.000000 -0.000000 0.000000 -0.000000 0.000000
0.000000 -0.000000 0.000000 -0.000000 0.000000
0.000000 -0.000000 0.000000 -0.000000 0.000000
0.000000 0.000180 0.002918 0.000000 0.000000
0.000000 0.001491 0.013642 0.000000 0.000000
0.000000 0.002578 0.043592 0.000000 0.000368
0.000000 0.000000 0.118062 0.000000 0.005951
0.007194 0.000000 0.158279 0.000000 0.000000
0.074132 0.000000 0.123955 0.006497 0.000000
0.132000 0.000000 0.048569 0.053402 0.000000
0.126492 0.000000 0.000000 0.122991 0.008289
0.072892 0.031393 0.000000 0.126882 0.036255
0.000125 0.090578 0.000000 0.069298 0.054406
0.000000 0.115976 0.000000 0.000000 0.053933
0.000000 0.089146 0.000000 0.000000 0.023708
0.000000 0.046610 0.000000 0.000000 0.000000
0.000000 0.009355 0.000000 0.000000 0.011013
0.000000 0.001545 0.000000 0.000000 0.005805
0.000000 -0.000000 0.000000 -0.000000 0.000000
0.000000 -0.000000 0.000000 -0.000000 0.000000
0.000000 -0.000000 0.000000 -0.000000 0.000000
0.000000 -0.000000 0.000000 -0.000000 0.000000
0.000000 -0.000000 0.000000 -0.000000 0.000000
0.000000 -0.000000 0.000000 -0.000000 0.000000
0.000000 -0.000000 0.000000 -0.000000 0.000000
0.000000 -0.000000 0.000000 -0.000000 0.000000
0.000000 -0.000000 0.000000 -0.000000 0.000000
0.000000 -0.000000 0.000000 -0.000000 0.000000
0.000000 -0.000000 0.000000 -0.000000 0.000000
0.000000 -0.000000 0.000000 -0.000000 0.000000
0.000000 0.000126 0.001348 0.000000 0.000000
0.000000 0.002390 0.014092 0.000000 0.000000
0.000000 0.004642 0.029334 0.000000 0.000000
0.000000 0.006920 0.097263 0.000000 0.000000
0.003017 0.003700 0.155203 0.000000 0.000000
0.060958 0.000000 0.126477 0.000000 0.006989
0.118048 0.000000 0.069906 0.018799 0.000000
0.134432 0.000000 0.000000 0.079457 0.000000
0.090274 0.007886 0.000000 0.127534 0.009244
0.022542 0.052743 0.000000 0.114322 0.037330
0.000000 0.092083 0.000000 0.044557 0.067334
0.000000 0.108473 0.000000 0.000000 0.039590
0.000000 0.077123 0.000000 0.000000 0.016519
0.000000 0.035801 0.000000 0.000000 0.001664
0.000000 0.002829 0.000000 0.000000 0.009019
0.000000 0.001235 0.000000 0.000000 0.004423
0.000000 -0.000000 0.000000 -0.000000 0.000000
0.000000 -0.000000 0.000000 -0.000000 0.000000
0.000000 -0.000000 0.000000 -0.000000 0.000000
0.000000 -0.000000 0.000000 -0.000000 0.000000
0.000000 -0.000000 0.000000 -0.000000 0.000000
0.000000 -0.000000 0.000000 -0.000000 0.000000
0.000000 -0.000000 0.000000 -0.000000 0.000000
0.000000 -0.000000 0.000000 -0.000000 0.000000
0.000000 -0.000000 0.000000 -0.000000 0.000000
0.000000 -0.000000 0.000000 -0.000000 0.000000
0.000000 -0.000000 0.000000 -0.000000 0.000000
0.000000 0.000015 0.000237 0.000000 0.000000
0.000000 0.001376 0.009229 0.000000 0.000000
0.000000 0.004879 0.027309 0.000000 0.000000
0.000000 0.007482 0.072877 0.000000 0.000000
0.000524 0.007668 0.137059 0.000000 0.000000
0.045701 0.000000 0.117261 0.000000 0.007594
0.103266 0.000000 0.065340 0.000000 0.000294
0.133358 0.000000 0.000764 0.033266 0.000000
0.110443 0.000000 0.000000 0.105389 0.000000
0.045958 0.029082 0.000000 0.125699 0.016459
0.000000 0.061460 0.000000 0.099798 0.043197
0.000000 0.094171 0.000000 0.027397 0.058260
0.000000 0.106292 0.000000 0.000000 0.033291
0.000000 0.074998 0.000000 0.000000 0.017397
0.000000 0.027768 0.000000 0.000000 0.000962
0.000000 0.003117 0.000000 0.000000 0.005367
0.000000 0.000864 0.000000 0.000000 0.003094
0.000000 -0.000000 0.000000 -0.000000 0.000000
0.000000 -0.000000 0.000000 -0.000000 0.000000
0.000000 -0.000000 0.000000 -0.000000 0.000000
0.000000 -0.000000 0.000000 -0.000000 0.000000
0.000000 -0.000000 0.000000 -0.000000 0.000000
0.000000 -0.000000 0.000000 -0.000000 0.000000
0.000000 -0.000000 0.000000 -0.000000 0.000000
0.000000 -0.000000 0.000000 -0.000000 0.000000
0.000000 -0.000000 0.000000 -0.000000 0.000000
0.000000 -0.000000 0.000000 -0.000000 0.000000
0.000000 -0.000000 0.000000 -0.000000 0.000000
0.000000 0.000085 0.001650 0.000000 0.000000
0.000000 0.004693 0.022250 0.000000 0.000000
0.000000 0.007211 0.038802 0.000000 0.000000
0.000000 0.009382 0.116055 0.000000 0.000000
0.026422 0.000000 0.122251 0.000000 0.011486
0.084999 0.000000 0.075628 0.000000 0.006989
0.124239 0.000000 0.013372 0.009257 0.000000
0.124114 0.000000 0.000000 0.044063 0.000000
0.074850 0.000000 0.000000 0.114356 0.000000
0.011666 0.034507 0.000000 0.119178 0.033205
0.000000 0.062161 0.000000 0.091408 0.048799
0.000000 0.093921 0.000000 0.016639 0.046195
0.000000 0.105953 0.000000 0.000000 0.034245
0.000000 0.067431 0.000000 0.000000 0.017752
0.000000 0.026426 0.000000 0.000000 0.000000
0.000000 0.001533 0.000000 0.000000 0.005491
0.000000 0.000620 0.000000 0.000000 0.002223
0.000000 -0.000000 0.000000 -0.000000 0.000000
0.000000 -0.000000 0.000000 -0.000000 0.000000
0.000000 -0.000000 0.000000 -0.000000 0.000000
0.000000 -0.000000 0.000000 -0.000000 0.000000
0.000000 -0.000000 0.000000 -0.000000 0.000000
0.000000 -0.000000 0.000000 -0.000000 0.000000
0.000000 -0.000000 0.000000 -0.000000 0.000000
0.000000 -0.000000 0.000000 -0.000000 0.000000
0.000000 -0.000000 0.000000 -0.000000 0.000000
0.000000 -0.000000 0.000000 -0.000000 0.000000
0.000000 -0.000000 0.000000 -0.000000 0.000000
0.000000 0.000083 0.004981 0.000000 0.000279
0.000000 0.003878 0.026746 0.000000 0.000000
0.000000 0.009574 0.064266 0.000000 0.000000
0.005031 0.005556 0.106604 0.000000 0.006229
0.045732 0.000000 0.094431 0.000000 0.009990
0.099679 0.000000 0.031759 0.000000 0.000000
0.123244 0.000000 0.000000 0.002618 0.000000
0.098631 0.000000 0.000000 0.039129 0.000000
0.037579 0.003845 0.000000 0.093968 0.013174
0.000000 0.032641 0.000000 0.105515 0.038473
0.000000 0.074963 0.000000 0.064006 0.031783
0.000000 0.101767 0.000000 0.003772 0.030594
0.000000 0.100660 0.000000 0.000000 0.026012
0.000000 0.049611 0.000000 0.000000 0.002132
0.000000 0.018881 0.000000 0.000000 0.000000
0.000000 0.001539 0.000000 0.000000 0.005513
0.000000 -0.000000 0.000000 -0.000000 0.000000
0.000000 -0.000000 0.000000 -0.000000 0.000000
0.000000 -0.000000 0.000000 -0.000000 0.000000
0.000000 -0.000000 0.000000 -0.000000 0.000000
0.000000 -0.000000 0.000000 -0.000000 0.000000
0.000000 -0.000000 0.000000 -0.000000 0.000000
0.000000 -0.000000 0.000000 -0.000000 0.000000
0.000000 -0.000000 0.000000 -0.000000 0.000000
0.000000 -0.000000 0.000000 -0.000000 0.000000
0.000000 -0.000000 0.000000 -0.000000 0.000000
0.000000 -0.000000 0.000000 -0.000000 0.000000
0.000000 -0.000000 0.000000 -0.000000 0.000000
0.000000 0.000037 0.004232 0.000000 0.000403
0.000000 0.000000 0.021400 0.000000 0.005511
0.000873 0.000855 0.043939 0.000000 0.017748
0.013476 0.000505 0.052272 0.000000 0.018325
0.039729 0.000372 0.033893 0.000000 0.000000
0.074878 0.002146 0.000000 0.000000 0.000000
0.085000 0.000000 0.000000 0.000000 0.000000
0.051780 0.000000 0.000000 0.011188 0.007391
0.006323 0.005955 0.000000 0.046412 0.018904
0.000000 0.029525 0.000000 0.049849 0.016082
0.000000 0.060824 0.000000 0.017277 0.011133
0.000000 0.080028 0.000000 0.000000 0.011548
0.000000 0.060064 0.000000 0.000000 0.011983
0.000000 0.028106 0.000000 0.000000 0.009418
0.000000 0.009567 0.000000 0.000000 0.002533
0.000000 0.001290 0.000000 0.000000 0.004620
0.000000 -0.000000 0.000000 -0.000000 0.000000
0.000000 -0.000000 0.000000 -0.000000 0.000000
0.000000 -0.000000 0.000000 -0.000000 0.000000
0.000000 -0.000000 0.000000 -0.000000 0.000000
0.000000 -0.000000 0.000000 -0.000000 0.000000
0.000000 -0.000000 0.000000 -0.000000 0.000000
0.000000 -0.000000 0.000000 -0.000000 0.000000
0.000000 -0.000000 0.000000 -0.000000 0.000000
0.000000 -0.000000 0.000000 -0.000000 0.000000
0.000000 -0.000000 0.000000 -0.000000 0.000000
0.000000 -0.000000 0.000000 -0.000000 0.000000
0.000000 -0.000000 0.000000 -0.000000 0.000000
0.000000 -0.000000 0.000000 -0.000000 0.000000
0.001081 0.000000 0.000000 0.000000 0.007719
0.001519 0.000000 0.002104 0.000000 0.013948
0.001842 0.000000 0.006971 0.000000 0.010508
0.001924 0.000000 0.003869 0.000000 0.004163
0.000000 -0.000000 0.000000 -0.000000 0.000000
0.000000 0.000000 0.000000 0.000000 0.000743
0.000000 0.000000 0.000000 0.000000 0.012572
0.000000 0.000000 0.000000 0.002802 0.015447
0.000000 0.000000 0.000000 0.006425 0.013400
0.000000 0.003015 0.000000 0.001350 0.010529
0.000000 0.010191 0.000000 0.000000 0.014207
0.000000 0.014032 0.000000 0.000000 0.018498
0.000000 0.007812 0.000000 0.000000 0.014151
0.000000 0.001380 0.000000 0.000000 0.005124
0.000000 -0.000000 0.000000 -0.000000 0.000000
0.000000 -0.000000 0.000000 -0.000000 0.000000
0.000000 -0.000000 0.000000 -0.000000 0.000000
0.000000 -0.000000 0.000000 -0.000000 0.000000
0.000000 -0.000000 0.000000 -0.000000 0.000000
0.000000 -0.000000 0.000000 -0.000000 0.000000
0.000000 -0.000000 0.000000 -0.000000 0.000000
0.000000 -0.000000 0.000000 -0.000000 0.000000
0.000000 -0.000000 0.000000 -0.000000 0.000000
