0.000000 0.000000 -0.000000 -0.000000 0.000000 -0.000000 0.000000 0.000000 -0.000000 0.000000
0.000000 0.000000 -0.000000 -0.000000 0.000000 -0.000000 0.000000 0.000000 -0.000000 0.000000
0.000000 0.000000 -0.000000 -0.000000 0.000000 -0.000000 0.000000 0.000000 -0.000000 0.000000
0.000000 0.000000 -0.000000 -0.000000 0.000000 -0.000000 0.000000 0.000000 -0.000000 0.000000
0.000000 0.000000 -0.000000 -0.000000 -0.000000 -0.000000 0.000000 0.000000 -0.000000 0.000000
0.000000 0.000000 -0.000000 -0.000000 -0.000000 0.000000 0.000000 0.000000 -0.000000 0.000000
0.000000 0.000000 -0.000000 -0.000000 -0.000000 0.000000 0.000000 0.000000 -0.000000 0.000000
0.000000 0.000000 -0.000000 -0.000000 -0.000000 0.000000 0.000000 0.000000 -0.000000 0.000000
0.000000 0.000000 -0.000000 -0.000000 -0.000000 0.000000 0.000000 0.000000 -0.000000 0.000000
0.000000 0.000000 -0.000000 -0.000000 -0.000000 0.000000 0.000000 0.000000 -0.000000 -0.000000
0.000000 0.000000 -0.000000 -0.000000 -0.000000 0.000000 0.000000 0.000000 -0.000000 -0.000000
0.000000 0.000000 -0.000000 -0.000000 -0.000000 0.000000 0.000000 0.000000 -0.000000 -0.000000
0.000000 0.000000 -0.000000 -0.000000 -0.000000 0.000000 0.000000 0.000000 -0.000000 -0.000000
0.000000 0.000000 -0.000000 -0.000000 -0.000000 0.000000 0.000000 0.000000 -0.000000 -0.000000
0.000000 0.000000 -0.000000 -0.000000 -0.000000 0.000000 0.000000 0.000000 -0.000000 -0.000000
0.000000 0.000000 -0.000000 -0.000000 -0.000000 0.000000 0.000000 0.000000 -0.000000 -0.000000
0.000000 0.000000 -0.000000 -0.000000 -0.000000 0.000000 0.000000 0.000000 -0.000000 -0.000000
0.000000 0.000000 -0.000000 -0.000000 -0.000000 0.000000 0.000000 0.000000 -0.000000 -0.000000
0.000000 0.000000 -0.000000 -0.000000 -0.000000 0.000000 0.000000 0.000000 -0.000000 -0.000000
0.000000 0.000000 -0.000000 -0.000000 -0.000000 0.000000 0.000000 0.000000 -0.000000 -0.000000
0.000000 0.000000 -0.000000 -0.000000 -0.000000 0.000000 0.000000 0.000000 -0.000000 -0.000000
0.000000 0.000000 -0.000000 -0.000000 -0.000000 0.000000 0.000000 0.000000 -0.000000 -0.000000
0.000000 0.000000 -0.000000 -0.000000 -0.000000 0.000000 0.000000 0.000000 -0.000000 -0.000000
0.000000 0.000000 -0.000000 -0.000000 -0.000000 0.000000 0.000000 0.000000 -0.000000 -0.000000
0.000000 0.000000 -0.000000 -0.000000 -0.000000 0.000000 0.000000 0.000000 -0.000000 -0.000000
0.000000 0.000000 -0.000000 -0.000000 -0.000000 0.000000 0.000000 0.000000 -0.000000 -0.000000
0.000000 0.000000 -0.000000 -0.000000 -0.000000 0.000000 0.000000 0.000000 -0.000000 -0.000000
0.000000 0.000000 -0.000000 -0.000000 -0.000000 0.000000 0.000000 0.000000 -0.000000 -0.000000
0.000000 0.000000 -0.000000 -0.000000 -0.000000 0.000000 0.000000 0.000000 -0.000000 -0.000000
0.000000 0.000000 -0.000000 -0.000000 -0.000000 0.000000 0.000000 0.000000 -0.000000 -0.000000
0.000000 0.000000 -0.000000 -0.000000 -0.000000 0.000000 0.000000 0.000000 -0.000000 -0.000000
0.000000 0.000000 -0.000000 -0.000000 -0.000000 0.000000 0.000000 0.000000 -0.000000 -0.000000
0.000000 0.000000 -0.000000 -0.000000 -0.000000 0.000000 0.000000 0.000000 -0.000000 -0.000000
0.000000 0.000000 -0.000000 -0.000000 -0.000000 0.000000 0.000000 0.000000 -0.000000 -0.000000
0.000000 0.000000 -0.000000 -0.000000 -0.000000 0.000000 0.000000 0.000000 -0.000000 -0.000000
0.000000 0.000000 -0.000000 -0.000000 -0.000000 0.000000 0.000000 0.000000 -0.000000 -0.000000
0.000000 0.000000 -0.000000 -0.000000 -0.000000 0.000000 0.000000 0.000000 -0.000000 -0.000000
0.000000 0.000000 -0.000000 -0.000000 -0.000000 0.000000 0.000000 0.000000 -0.000000 -0.000000
0.000000 0.000000 -0.000000 -0.000000 -0.000000 0.000000 0.000000 0.000000 -0.000000 -0.000000
0.000000 0.000000 -0.000000 -0.000000 -0.000000 0.000000 0.000000 0.000000 -0.000000 -0.000000
0.000000 0.000000 -0.000000 -0.000000 -0.000000 0.000000 0.000000 0.000000 -0.000000 -0.000000
0.000000 0.000000 -0.000000 -0.000000 -0.000000 0.000000 0.000000 0.000000 -0.000000 -0.000000
0.000000 0.000000 -0.000000 -0.000000 -0.000000 0.000000 0.000000 0.000000 -0.000000 -0.000000
0.000000 0.000000 -0.000000 -0.000000 -0.000000 0.000000 0.000000 0.000000 -0.000000 -0.000000
0.000000 0.000000 -0.000000 -0.000000 -0.000000 0.000000 0.000000 0.000000 -0.000000 -0.000000
0.000000 0.000000 -0.000000 -0.000000 -0.000000 0.000000 0.000000 0.000000 -0.000000 -0.000000
0.000000 0.000000 -0.000000 -0.000000 -0.000000 0.000000 0.000000 0.000000 -0.000000 -0.000000
0.000000 0.000000 -0.000000 -0.000000 -0.000000 0.000000 0.000000 0.000000 -0.000000 -0.000000
0.000000 0.000000 -0.000000 -0.000000 -0.000000 0.000000 0.000000 0.000000 -0.000000 -0.000000
0.000000 0.000000 -0.000000 -0.000000 -0.000000 0.000000 0.000000 0.000000 -0.000000 -0.000000
0.000000 0.000000 -0.000000 -0.000000 -0.000000 0.000000 0.000000 0.000000 -0.000000 -0.000000
0.000000 0.000000 -0.000000 -0.000000 -0.000000 0.000000 0.000000 0.000000 -0.000000 -0.000000
0.000000 0.000000 -0.000000 -0.000000 -0.000000 0.000000 0.000000 0.000000 -0.000000 -0.000000
0.000000 0.000000 -0.000000 -0.000000 -0.000000 0.000000 0.000000 0.000000 -0.000000 -0.000000
0.000000 0.000000 -0.000000 -0.000000 -0.000000 0.000000 0.000000 0.000000 -0.000000 -0.000000
0.000000 0.000000 -0.000000 -0.000000 -0.000000 0.000000 0.000000 0.000000 -0.000000 -0.000000
0.000000 0.000000 -0.000000 -0.000000 -0.000000 0.000000 0.000000 0.000000 -0.000000 -0.000000
0.000000 0.000000 -0.000000 -0.000000 -0.000000 0.000000 0.000000 0.000000 -0.000000 -0.000000
0.000000 0.000000 -0.000000 -0.000000 -0.000000 0.000000 0.000000 0.000000 -0.000000 -0.000000
0.000000 0.000000 -0.000000 -0.000000 -0.000000 0.000000 0.000000 0.000000 -0.000000 -0.000000
0.000000 0.000000 -0.000000 -0.000000 -0.000000 0.000000 0.000000 0.000000 -0.000000 -0.000000
0.000000 0.000000 -0.000000 -0.000000 -0.000000 0.000000 0.000000 0.000000 -0.000000 -0.000000
0.000000 0.000000 -0.000000 -0.000000 -0.000000 0.000000 0.000000 0.000000 -0.000000 -0.000000
0.000000 0.000000 -0.000000 -0.000000 -0.000000 0.000000 0.000000 0.000000 -0.000000 -0.000000
0.000000 0.000000 -0.000000 -0.000000 -0.000000 0.000000 0.000000 0.000000 -0.000000 -0.000000
0.000000 0.000000 -0.000000 -0.000000 -0.000000 0.000000 0.000000 0.000000 -0.000000 -0.000000
0.000000 0.000000 -0.000000 -0.000000 -0.000000 0.000000 0.000000 0.000000 -0.000000 -0.000000
0.000000 0.000000 -0.000000 -0.000000 -0.000000 0.000000 0.000000 0.000000 -0.000000 -0.000000
0.000000 0.000000 -0.000000 -0.000000 -0.000000 0.000000 0.000000 0.000000 -0.000000 -0.000000
0.000000 0.000000 -0.000000 -0.000000 -0.000000 0.000000 0.000000 0.000000 -0.000000 -0.000000
0.000000 0.000000 -0.000000 -0.000000 -0.000000 0.000000 0.000000 0.000000 -0.000000 -0.000000
0.000000 0.000000 -0.000000 -0.000000 -0.000000 0.000000 0.000000 0.000000 -0.000000 -0.000000
0.000000 0.000000 -0.000000 -0.000000 -0.000000 0.000000 0.000000 0.000000 -0.000000 -0.000000
0.000064 0.000000 0.000006 0.000000 0.000000 0.000051 0.000000 0.000000 0.000000 0.000026
0.000226 0.000000 0.000021 0.000000 0.000000 0.000180 0.000000 0.000000 0.000000 0.000092
0.000011 0.000000 0.000001 0.000000 0.000000 0.000009 0.000000 0.000000 0.000000 0.000005
0.000000 0.000000 -0.000000 -0.000000 -0.000000 0.000000 0.000000 0.000000 -0.000000 -0.000000
0.000000 0.000000 -0.000000 -0.000000 -0.000000 0.000000 0.000000 0.000000 -0.000000 -0.000000
0.000000 0.000000 -0.000000 -0.000000 -0.000000 0.000000 0.000000 0.000000 -0.000000 -0.000000
0.000000 0.000000 -0.000000 -0.000000 -0.000000 0.000000 0.000000 0.000000 -0.000000 -0.000000
0.000000 0.000000 -0.000000 -0.000000 -0.000000 0.000000 0.000000 0.000000 -0.000000 -0.000000
0.000000 0.000000 -0.000000 -0.000000 -0.000000 0.000000 0.000000 0.000000 -0.000000 -0.000000
0.000000 0.000000 -0.000000 -0.000000 -0.000000 0.000000 0.000000 0.000000 -0.000000 -0.000000
0.000000 0.000000 -0.000000 -0.000000 -0.000000 0.000000 0.000000 0.000000 -0.000000 -0.000000
0.000000 0.000000 -0.000000 -0.000000 -0.000000 0.000000 0.000000 0.000000 -0.000000 -0.000000
0.000000 0.000000 -0.000000 -0.000000 -0.000000 0.000000 0.000000 0.000000 -0.000000 -0.000000
0.000000 0.000000 -0.000000 -0.000000 -0.000000 0.000000 0.000000 0.000000 -0.000000 -0.000000
0.000000 0.000000 -0.000000 -0.000000 -0.000000 0.000000 0.000000 0.000000 -0.000000 -0.000000
0.000000 0.000000 -0.000000 -0.000000 -0.000000 0.000000 0.000000 0.000000 -0.000000 -0.000000
0.000000 0.000000 -0.000000 -0.000000 -0.000000 0.000000 0.000000 0.000000 -0.000000 -0.000000
0.000000 0.000000 -0.000000 -0.000000 -0.000000 0.000000 0.000000 0.000000 -0.000000 -0.000000
0.000000 0.000000 -0.000000 -0.000000 -0.000000 0.000000 0.000000 0.000000 -0.000000 -0.000000
0.000045 0.000000 0.000033 0.000000 0.000058 0.000113 0.000000 0.000000 0.000011 0.000037
0.000097 0.000000 0.000069 0.000000 0.000122 0.000241 0.000000 0.000000 0.000024 0.000078
0.000177 0.000000 0.000259 0.000000 0.000147 0.000371 0.000000 0.000000 0.000082 0.000044
0.000294 0.000000 0.000463 0.000000 0.000219 0.000585 0.000000 0.000000 0.000095 0.000047
0.000354 0.000000 0.000582 0.000000 0.000416 0.000668 0.000000 0.000000 0.000315 0.000037
0.000545 0.000000 0.000717 0.000000 0.000895 0.001079 0.000000 0.000000 0.000770 0.000174
0.000568 0.000000 0.000735 0.000000 0.001147 0.002107 0.000000 0.000000 0.001683 0.000569
0.001408 0.000000 0.000912 0.000000 0.001408 0.003412 0.000000 0.000000 0.001958 0.001446
0.001417 0.000000 0.000720 0.000000 0.001460 0.003991 0.000000 0.000000 0.001730 0.000909
0.001236 0.000000 0.000587 0.000000 0.001606 0.004005 0.000000 0.000000 0.001161 0.000255
0.000877 0.000000 0.000121 0.000000 0.000638 0.003315 0.000000 0.000000 0.000368 0.000000
0.000765 0.000000 0.000000 0.000005 0.000131 0.001952 0.000000 0.000000 0.000000 0.000000
0.000595 0.000000 0.000000 0.000000 0.000314 0.001058 0.000000 0.000000 0.000479 0.000026
0.000295 0.000163 0.000000 0.000000 0.000264 0.000661 0.000000 0.000000 0.000444 0.000151
0.000425 0.000119 0.000184 0.000000 0.000281 0.000436 0.000000 0.000000 0.000000 0.000000
0.000492 0.000083 0.000141 0.000101 0.000277 0.000221 0.000000 0.000000 0.000000 0.000000
0.000058 0.000011 0.000013 0.000016 0.000033 0.000022 0.000000 0.000000 0.000000 0.000000
0.000000 0.000000 -0.000000 -0.000000 -0.000000 0.000000 0.000000 0.000000 -0.000000 -0.000000
0.000000 0.000000 -0.000000 -0.000000 -0.000000 0.000000 0.000000 0.000000 -0.000000 -0.000000
0.000000 0.000000 -0.000000 -0.000000 -0.000000 0.000000 0.000000 0.000000 -0.000000 -0.000000
0.000000 0.000000 -0.000000 -0.000000 -0.000000 0.000000 0.000000 0.000000 -0.000000 -0.000000
0.000000 0.000000 -0.000000 -0.000000 -0.000000 0.000000 0.000000 0.000000 -0.000000 -0.000000
0.000007 0.000000 0.000044 0.000011 0.000011 0.000022 0.000000 0.000007 0.000000 0.000000
0.000000 0.000000 -0.000000 -0.000000 -0.000000 0.000000 0.000000 0.000000 -0.000000 -0.000000
0.000000 0.000000 -0.000000 -0.000000 -0.000000 0.000000 0.000000 0.000000 -0.000000 -0.000000
0.000001 0.000000 0.000000 0.000000 0.000023 0.000069 0.000007 0.000000 0.000005 0.000000
0.000084 0.000000 0.000152 0.000000 0.000086 0.000000 0.000000 0.000182 0.000106 0.000000
0.000574 0.000000 0.001030 0.000000 0.000344 0.000455 0.000000 0.000429 0.000557 0.000010
0.001870 0.000000 0.004394 0.000000 0.000722 0.002046 0.000000 0.000093 0.000000 0.000000
0.002638 0.000000 0.009728 0.000000 0.001134 0.002964 0.000000 0.000000 0.000212 0.000000
0.003490 0.000000 0.019242 0.000000 0.002969 0.004294 0.000000 0.000000 0.000550 0.001132
0.003537 0.000000 0.030975 0.000000 0.009259 0.005488 0.000000 0.000000 0.001730 0.005400
0.003276 0.000000 0.039751 0.000000 0.022655 0.010500 0.000000 0.000000 0.005908 0.013619
0.005355 0.000000 0.043511 0.000000 0.042621 0.019551 0.000000 0.000000 0.019852 0.022188
0.007230 0.000000 0.040152 0.000000 0.061420 0.031690 0.000000 0.000000 0.039705 0.027245
0.005449 0.000000 0.027482 0.000000 0.072137 0.048135 0.000000 0.000000 0.051060 0.028824
0.002151 0.000000 0.012682 0.000000 0.069423 0.063570 0.000000 0.000000 0.056830 0.022517
0.001220 0.000000 0.004683 0.000000 0.052861 0.065087 0.000000 0.000000 0.045707 0.013085
0.001164 0.000000 0.000997 0.000000 0.031881 0.057109 0.000000 0.000000 0.028521 0.004103
0.001906 0.004380 0.000471 0.000000 0.014939 0.041856 0.000000 0.000000 0.016430 0.000000
0.000566 0.008001 0.000000 0.000000 0.005999 0.024800 0.000000 0.000000 0.008334 0.000000
0.000076 0.007127 0.000000 0.000000 0.001453 0.012342 0.000000 0.004363 0.002802 0.000000
0.000698 0.004025 0.000288 0.000000 0.000000 0.005041 0.000000 0.003281 0.000000 0.000000
0.000000 0.002678 0.000000 0.000000 0.000000 0.000411 0.000098 0.002241 0.000000 0.000000
0.000332 0.000793 0.000123 0.000000 0.000053 0.000030 0.000000 0.000726 0.000000 0.000037
0.000515 0.000032 0.000115 0.000000 0.000183 0.000430 0.000000 0.000000 0.000000 0.000052
0.000315 0.000000 0.000113 0.000000 0.000000 0.000376 0.000000 0.000000 0.000000 0.000000
0.000042 0.000000 0.000018 0.000001 0.000000 0.000055 0.000013 0.000000 0.000000 0.000000
0.000000 0.000000 -0.000000 -0.000000 -0.000000 0.000000 0.000000 0.000000 -0.000000 -0.000000
0.000000 0.000000 -0.000000 -0.000000 -0.000000 0.000000 0.000000 0.000000 -0.000000 -0.000000
0.000000 0.000000 -0.000000 -0.000000 -0.000000 0.000000 0.000000 0.000000 -0.000000 -0.000000
0.000000 0.000000 -0.000000 -0.000000 -0.000000 0.000000 0.000000 0.000000 -0.000000 -0.000000
0.000033 0.000000 0.000075 0.000000 0.000000 0.000030 0.000000 0.000031 0.000000 0.000003
0.000459 0.000000 0.000877 0.000000 0.000000 0.000455 0.000000 0.000291 0.000000 0.000000
0.001003 0.000000 0.003665 0.000000 0.000000 0.001299 0.000000 0.000739 0.000000 0.000235
0.001729 0.000000 0.011108 0.000000 0.000000 0.003342 0.000000 0.001099 0.000000 0.001621
0.001912 0.000000 0.028088 0.000000 0.000125 0.004863 0.000000 0.001632 0.000000 0.003668
0.001077 0.000000 0.057359 0.000000 0.002396 0.006948 0.000000 0.001517 0.000000 0.011054
0.000000 0.000000 0.086175 0.000000 0.012843 0.008749 0.000000 0.000000 0.000000 0.028521
0.000000 0.000000 0.115028 0.000000 0.040392 0.008231 0.000000 0.000000 0.000000 0.055965
0.000000 0.000000 0.121312 0.000000 0.079960 0.017253 0.000000 0.000000 0.014166 0.087953
0.000000 0.000000 0.105529 0.000000 0.116901 0.034240 0.000000 0.000000 0.033055 0.108437
0.000000 0.000000 0.078751 0.000000 0.133101 0.050621 0.016683 0.000000 0.048576 0.110272
0.000000 0.000000 0.051949 0.000000 0.117942 0.061960 0.054411 0.000000 0.058458 0.096977
0.000000 0.006363 0.028697 0.000000 0.089264 0.068351 0.086050 0.000000 0.057403 0.073678
0.000000 0.036282 0.007990 0.000000 0.053593 0.065680 0.103122 0.000000 0.050579 0.039381
0.000000 0.067798 0.000000 0.000000 0.023119 0.058576 0.091400 0.000000 0.033486 0.008741
0.000000 0.085428 0.000000 0.000000 0.006515 0.049818 0.060786 0.000000 0.009392 0.000000
0.000000 0.088617 0.001749 0.000070 0.000000 0.033552 0.029669 0.000000 0.000000 0.000000
0.005153 0.072962 0.003865 0.001990 0.000000 0.018634 0.008869 0.000000 0.000000 0.000000
0.005658 0.048656 0.001845 0.004026 0.000000 0.004565 0.001079 0.005832 0.000000 0.000000
0.004275 0.024898 0.000681 0.002536 0.000000 0.000000 0.000248 0.004390 0.000000 0.000000
0.002454 0.008092 0.000150 0.000832 0.000000 0.000000 0.000000 0.001736 0.000000 0.000000
0.002057 0.001611 0.000069 0.000333 0.000000 0.000296 0.000030 0.000000 0.000000 0.000000
0.000881 0.000348 0.000085 0.000047 0.000000 0.000152 0.000000 0.000000 0.000000 0.000000
0.000021 0.000000 0.000003 0.000000 0.000000 0.000034 0.000026 0.000000 0.000000 0.000000
0.000000 0.000000 -0.000000 -0.000000 -0.000000 0.000000 0.000000 0.000000 -0.000000 -0.000000
0.000000 0.000000 -0.000000 -0.000000 -0.000000 0.000000 0.000000 0.000000 -0.000000 -0.000000
0.000000 0.000000 -0.000000 -0.000000 -0.000000 0.000000 0.000000 0.000000 -0.000000 -0.000000
0.000000 0.000000 -0.000000 -0.000000 -0.000000 0.000000 0.000000 0.000000 -0.000000 -0.000000
0.000292 0.000010 0.000843 0.000000 0.000000 0.000504 0.000000 0.000164 0.000000 0.000260
0.001026 0.000000 0.004868 0.000000 0.000000 0.001929 0.000000 0.000631 0.000000 0.000383
0.001804 0.000000 0.016166 0.000000 0.000000 0.003733 0.000000 0.001657 0.000000 0.002209
0.000999 0.000000 0.042571 0.000000 0.000000 0.006106 0.000000 0.002659 0.000000 0.006377
0.000000 0.000854 0.086861 0.000000 0.000000 0.007462 0.000000 0.001414 0.000000 0.018113
0.000000 0.003324 0.123560 0.000000 0.007133 0.004163 0.000000 0.000000 0.000000 0.043492
0.000000 0.003950 0.142622 0.005718 0.039763 0.000000 0.000000 0.000000 0.000000 0.074068
0.000000 0.000000 0.135511 0.017848 0.090545 0.000000 0.000000 0.000000 0.013550 0.104075
0.003814 0.000000 0.107611 0.030030 0.126407 0.024706 0.001881 0.000000 0.031886 0.108983
0.027971 0.000000 0.075637 0.043930 0.121999 0.062353 0.029472 0.000000 0.042244 0.094899
0.039761 0.000000 0.054650 0.054250 0.091789 0.082049 0.061970 0.000000 0.033793 0.071916
0.038991 0.020650 0.045582 0.056662 0.058817 0.076967 0.086145 0.001137 0.025023 0.053499
0.026155 0.046833 0.033236 0.050218 0.038107 0.053168 0.104639 0.022399 0.025519 0.047820
0.004480 0.070877 0.015395 0.044250 0.020192 0.024251 0.125854 0.026738 0.034499 0.040300
0.000000 0.093029 0.000000 0.040785 0.000000 0.008355 0.136582 0.012292 0.044142 0.019626
0.000000 0.115115 0.000000 0.031389 0.000000 0.003434 0.115043 0.003136 0.035735 0.000000
0.000000 0.132102 0.000000 0.023519 0.000000 0.006543 0.070111 0.000000 0.012288 0.000000
0.006069 0.134246 0.000000 0.019005 0.000000 0.002127 0.027584 0.000000 0.000000 0.000000
0.006128 0.106717 0.001728 0.016536 0.000000 0.000000 0.005609 0.005568 0.000000 0.000000
0.007954 0.062291 0.000638 0.008682 0.000000 0.000000 0.000000 0.007425 0.000000 0.000000
0.006558 0.023486 0.000000 0.002459 0.000000 0.000000 0.000000 0.004665 0.000000 0.000000
0.004611 0.005682 0.000000 0.000004 0.000000 0.000190 0.000000 0.001177 0.000000 0.000000
0.001588 0.000828 0.000000 0.000205 0.000000 0.000011 0.000000 0.000332 0.000000 0.000000
0.000410 0.000000 0.000043 0.000000 0.000000 0.000048 0.000000 0.000000 0.000000 0.000045
0.000000 0.000000 -0.000000 -0.000000 -0.000000 0.000000 0.000000 0.000000 -0.000000 -0.000000
0.000000 0.000000 -0.000000 -0.000000 -0.000000 0.000000 0.000000 0.000000 -0.000000 -0.000000
0.000000 0.000000 -0.000000 -0.000000 -0.000000 0.000000 0.000000 0.000000 -0.000000 -0.000000
0.000000 0.000002 0.000167 0.000000 0.000000 0.000027 0.000011 0.000033 0.000000 0.000011
0.000096 0.000289 0.004250 0.000000 0.000000 0.000817 0.000000 0.000408 0.000000 0.000488
0.001595 0.000000 0.015604 0.000000 0.000000 0.003534 0.000000 0.001616 0.000000 0.001202
0.000696 0.000000 0.038679 0.000000 0.000000 0.006058 0.000000 0.002591 0.000000 0.004675
0.000000 0.002257 0.083021 0.001924 0.000000 0.008799 0.000000 0.000000 0.000000 0.016200
0.000000 0.007263 0.127087 0.017846 0.000000 0.003972 0.000000 0.000000 0.000000 0.038861
0.000000 0.009494 0.144003 0.042161 0.025125 0.000000 0.000000 0.000000 0.000000 0.066102
0.000000 0.003996 0.120604 0.064244 0.080240 0.000000 0.000000 0.000000 0.012267 0.082467
0.044547 0.000000 0.072816 0.079795 0.119399 0.000000 0.003090 0.000000 0.032908 0.068544
0.091136 0.000000 0.032188 0.087281 0.105615 0.051395 0.025390 0.000000 0.044645 0.034366
0.110857 0.000532 0.011087 0.092020 0.054943 0.091257 0.051023 0.000000 0.037662 0.000000
0.105056 0.032927 0.010458 0.093066 0.008212 0.089738 0.058407 0.040027 0.021469 0.000000
0.094959 0.049831 0.020824 0.085971 0.000000 0.061746 0.050856 0.101271 0.008355 0.000000
0.079452 0.049123 0.026151 0.078310 0.000000 0.032755 0.045960 0.138112 0.013469 0.000000
0.050847 0.043931 0.018117 0.069489 0.000000 0.001619 0.069313 0.134980 0.036418 0.009280
0.013680 0.045205 0.000000 0.067675 0.000000 0.000000 0.114026 0.102972 0.064763 0.014776
0.000000 0.068446 0.000000 0.064400 0.000000 0.000000 0.136170 0.050014 0.066031 0.000684
0.000000 0.116939 0.000000 0.058043 0.000000 0.000000 0.103486 0.010889 0.037829 0.000000
0.000000 0.152851 0.000000 0.047374 0.000000 0.000000 0.047611 0.000063 0.006087 0.000000
0.005041 0.141448 0.000000 0.033281 0.000000 0.000000 0.007387 0.003268 0.000000 0.000000
0.009798 0.091812 0.000000 0.016906 0.000000 0.000000 0.000000 0.013589 0.000000 0.000000
0.009152 0.037768 0.000000 0.005064 0.000000 0.000000 0.000000 0.014166 0.005997 0.000088
0.006146 0.008954 0.000000 0.000830 0.000000 0.000273 0.000000 0.003118 0.002282 0.000000
0.002503 0.000401 0.000000 0.000661 0.000000 0.001083 0.000000 0.000000 0.000490 0.000099
0.000347 0.000000 0.000028 0.000000 0.000000 0.000025 0.000000 0.000003 0.000000 0.000209
0.000000 0.000000 -0.000000 -0.000000 -0.000000 0.000000 0.000000 0.000000 -0.000000 -0.000000
0.000000 0.000000 -0.000000 -0.000000 -0.000000 0.000000 0.000000 0.000000 -0.000000 -0.000000
0.000000 0.000000 -0.000000 -0.000000 -0.000000 0.000000 0.000000 0.000000 -0.000000 -0.000000
0.000117 0.000136 0.001639 0.000000 0.000000 0.000171 0.000000 0.000214 0.000000 0.000000
0.000896 0.000000 0.009520 0.000000 0.000000 0.001903 0.000000 0.001736 0.000000 0.000000
0.001642 0.000000 0.026675 0.000404 0.000000 0.005483 0.000000 0.001760 0.000000 0.001176
0.000000 0.000961 0.059323 0.006923 0.000000 0.008520 0.000000 0.000000 0.000000 0.007523
0.000000 0.005340 0.102952 0.029167 0.000000 0.007279 0.000000 0.000000 0.000000 0.021292
0.000000 0.011574 0.130093 0.064558 0.000417 0.000000 0.000000 0.000000 0.000000 0.041239
0.004167 0.009933 0.116443 0.094246 0.048921 0.000000 0.000000 0.000000 0.002934 0.053515
0.075236 0.000000 0.061301 0.102929 0.107160 0.000000 0.000000 0.000000 0.024618 0.032865
0.135491 0.000000 0.000000 0.090984 0.112165 0.006243 0.013435 0.000000 0.045440 0.000000
0.144194 0.000000 0.000000 0.075831 0.054476 0.073353 0.039231 0.017983 0.050489 0.000000
0.113782 0.028397 0.000000 0.068711 0.000000 0.104069 0.048081 0.080117 0.037967 0.000000
0.086505 0.048165 0.000000 0.068271 0.000000 0.073214 0.031031 0.141706 0.025009 0.000000
0.081647 0.037030 0.000956 0.063087 0.000000 0.042598 0.000282 0.184015 0.011983 0.000000
0.086961 0.005612 0.022960 0.062302 0.000000 0.031646 0.000000 0.209823 0.006509 0.000000
0.069733 0.000000 0.024502 0.065982 0.016683 0.013796 0.009813 0.199640 0.024818 0.000000
0.029809 0.000000 0.007918 0.073859 0.005824 0.004503 0.086279 0.143036 0.056647 0.000000
0.000000 0.012905 0.000000 0.085345 0.000000 0.000000 0.144217 0.055882 0.068314 0.000000
0.000000 0.094499 0.000000 0.081198 0.000000 0.000000 0.118356 0.000000 0.037120 0.000000
0.000000 0.159426 0.000000 0.061808 0.000000 0.000000 0.048241 0.000000 0.009872 0.000000
0.004878 0.153682 0.000000 0.038598 0.000000 0.000000 0.000000 0.000000 0.005256 0.004733
0.009939 0.099554 0.000000 0.017480 0.000000 0.000000 0.000000 0.020921 0.016000 0.011451
0.010898 0.042635 0.000000 0.003944 0.000000 0.000000 0.000000 0.021856 0.018908 0.009655
0.009986 0.008354 0.000000 0.000232 0.000000 0.000000 0.000000 0.004247 0.007208 0.002774
0.003062 0.000000 0.000000 0.000000 0.000000 0.000487 0.000000 0.000424 0.002287 0.001839
0.000403 0.000000 0.000110 0.000000 0.000000 0.000078 0.000000 0.000000 0.000000 0.000602
0.000000 0.000000 -0.000000 -0.000000 -0.000000 0.000000 0.000000 0.000000 -0.000000 -0.000000
0.000000 0.000000 -0.000000 -0.000000 -0.000000 0.000000 0.000000 0.000000 -0.000000 -0.000000
0.000000 0.000000 -0.000000 -0.000000 -0.000000 0.000000 0.000000 0.000000 -0.000000 -0.000000
0.000604 0.000000 0.002358 0.000000 0.000000 0.000491 0.000000 0.000596 0.000000 0.000000
0.000743 0.000000 0.012605 0.000781 0.000000 0.002310 0.000000 0.001901 0.000000 0.000000
0.000000 0.000000 0.033728 0.004372 0.000000 0.007371 0.000000 0.000016 0.000000 0.001748
0.000000 0.001059 0.064332 0.023897 0.000000 0.010769 0.000000 0.000000 0.000000 0.008538
0.000000 0.007729 0.097836 0.063790 0.000000 0.003595 0.000000 0.000000 0.001093 0.020734
0.000000 0.010971 0.116121 0.107116 0.003358 0.000000 0.000000 0.000000 0.001455 0.029875
0.069437 0.004345 0.090635 0.113673 0.060366 0.000000 0.000000 0.000000 0.006420 0.020960
0.155629 0.000000 0.034149 0.078435 0.111559 0.000000 0.000000 0.000000 0.016288 0.000000
0.162605 0.001245 0.000000 0.034690 0.095124 0.008716 0.026801 0.022100 0.032985 0.000000
0.091855 0.021769 0.000000 0.011948 0.024318 0.076458 0.052822 0.093751 0.047218 0.000000
0.029690 0.040167 0.000000 0.013348 0.000000 0.099854 0.044092 0.151920 0.044648 0.000000
0.017784 0.037371 0.000000 0.021890 0.000000 0.067611 0.007884 0.177516 0.032690 0.000000
0.041123 0.006244 0.005404 0.030217 0.000000 0.039687 0.000000 0.190292 0.008470 0.000000
0.065727 0.000000 0.029734 0.041737 0.030664 0.045376 0.000000 0.202566 0.000000 0.000000
0.058549 0.000000 0.034704 0.060307 0.047542 0.052059 0.009280 0.175010 0.000000 0.000000
0.024978 0.000000 0.024247 0.083073 0.022902 0.043502 0.098471 0.094122 0.016673 0.000000
0.000000 0.018083 0.004424 0.102266 0.000000 0.018817 0.144944 0.002125 0.031294 0.000000
0.000000 0.112809 0.000000 0.086703 0.000000 0.000685 0.102574 0.000000 0.016414 0.013287
0.000000 0.166682 0.000000 0.055479 0.000000 0.000000 0.022981 0.000000 0.013342 0.034822
0.008054 0.140334 0.000000 0.024217 0.000000 0.000000 0.000000 0.007132 0.026653 0.042942
0.012686 0.081104 0.000000 0.003819 0.000000 0.000000 0.000000 0.032823 0.045287 0.038204
0.015772 0.027756 0.000000 0.000000 0.000000 0.000000 0.000000 0.024669 0.038964 0.020555
0.010945 0.003628 0.000000 0.000000 0.000000 0.000000 0.000000 0.005803 0.014344 0.007105
0.003183 0.000000 0.000000 0.000000 0.000000 0.000271 0.000000 0.000686 0.003265 0.002220
0.000477 0.000000 0.000067 0.000000 0.000000 0.000092 0.000000 0.000000 0.000336 0.000151
0.000000 0.000000 -0.000000 -0.000000 -0.000000 0.000000 0.000000 0.000000 -0.000000 -0.000000
0.000000 0.000000 -0.000000 -0.000000 -0.000000 0.000000 0.000000 0.000000 -0.000000 -0.000000
0.000000 0.000000 -0.000000 -0.000000 -0.000000 0.000000 0.000000 0.000000 -0.000000 -0.000000
0.000570 0.000000 0.002010 0.000000 0.000000 0.000391 0.000000 0.000515 0.000000 0.000000
0.000475 0.000000 0.011446 0.002641 0.000000 0.003073 0.000000 0.001282 0.000000 0.000000
0.000000 0.000000 0.030661 0.009799 0.000000 0.007359 0.000000 0.000000 0.000000 0.001582
0.000000 0.002623 0.058546 0.039250 0.000000 0.009956 0.000000 0.000000 0.006097 0.005186
0.000000 0.008487 0.082366 0.093549 0.000000 0.001085 0.000000 0.000000 0.015741 0.009012
0.019329 0.009593 0.100310 0.131755 0.000000 0.000000 0.000000 0.000000 0.011081 0.010159
0.123564 0.000000 0.092693 0.103459 0.047831 0.000000 0.000000 0.000000 0.000000 0.000884
0.200848 0.000000 0.053008 0.026861 0.098641 0.000000 0.000000 0.000000 0.000000 0.000000
0.138383 0.014616 0.000000 0.000000 0.091491 0.000000 0.036981 0.061730 0.002434 0.000000
0.013154 0.035288 0.000000 0.000000 0.034011 0.067346 0.063085 0.134772 0.028928 0.022037
0.000000 0.036845 0.000000 0.000000 0.000000 0.105518 0.038044 0.161691 0.040934 0.023786
0.000000 0.012798 0.000000 0.000000 0.000000 0.082897 0.000000 0.158386 0.034205 0.003345
0.031375 0.000000 0.029647 0.018806 0.036702 0.065135 0.000000 0.160597 0.000000 0.000000
0.056428 0.000000 0.046525 0.045403 0.071854 0.080783 0.000000 0.152112 0.000000 0.000000
0.046440 0.000000 0.042611 0.076547 0.064256 0.089790 0.052547 0.093999 0.000000 0.000000
0.010303 0.000000 0.030674 0.100802 0.025185 0.065836 0.124382 0.009215 0.000000 0.000000
0.000000 0.080045 0.017696 0.097182 0.000000 0.030434 0.123810 0.000000 0.000000 0.005012
0.000000 0.147007 0.005792 0.060143 0.000000 0.001738 0.052870 0.000000 0.009485 0.065438
0.002375 0.151156 0.000000 0.024184 0.000000 0.000000 0.000000 0.000000 0.038447 0.084446
0.012254 0.097602 0.000000 0.000144 0.000000 0.000000 0.000000 0.023093 0.065076 0.073056
0.016366 0.038580 0.000000 0.000000 0.000000 0.000000 0.000000 0.035075 0.074636 0.046929
0.016416 0.005390 0.000000 0.000000 0.000000 0.000000 0.000000 0.022418 0.055341 0.023343
0.010295 0.000000 0.000000 0.000000 0.000000 0.000000 0.000000 0.005244 0.020975 0.008419
0.002670 0.000000 0.000000 0.000000 0.000000 0.000963 0.000000 0.000215 0.004712 0.002308
0.000359 0.000000 0.000000 0.000000 0.000000 0.000104 0.000000 0.000000 0.000444 0.000010
0.000000 0.000000 -0.000000 -0.000000 -0.000000 0.000000 0.000000 0.000000 -0.000000 -0.000000
0.000000 0.000000 -0.000000 -0.000000 -0.000000 0.000000 0.000000 0.000000 -0.000000 -0.000000
0.000000 0.000000 -0.000000 -0.000000 -0.000000 0.000000 0.000000 0.000000 -0.000000 -0.000000
0.000225 0.000000 0.000613 0.000000 0.000000 0.000219 0.000000 0.000040 0.000000 0.000000
0.000816 0.000000 0.008330 0.003437 0.000000 0.003792 0.000000 0.000163 0.000000 0.000060
0.000000 0.000000 0.022648 0.013830 0.000000 0.006258 0.000000 0.000665 0.001764 0.001024
0.000000 0.002613 0.043949 0.045134 0.000000 0.006866 0.000000 0.000000 0.017088 0.003923
0.000000 0.007650 0.062065 0.103809 0.000000 0.001115 0.000000 0.000000 0.029367 0.003038
0.026738 0.006932 0.084394 0.143712 0.000000 0.000000 0.000000 0.000000 0.024066 0.000000
0.142317 0.000000 0.102326 0.103678 0.021370 0.000000 0.000000 0.000000 0.000000 0.000000
0.219623 0.000000 0.091497 0.006770 0.068206 0.000000 0.000000 0.005157 0.000000 0.000000
0.138991 0.019083 0.040158 0.000000 0.084475 0.000000 0.033712 0.070541 0.000000 0.014455
0.000000 0.040749 0.000000 0.000000 0.068908 0.052145 0.061975 0.128562 0.003118 0.047276
0.000000 0.030814 0.000000 0.000000 0.052655 0.109943 0.034567 0.141258 0.032328 0.035920
0.000000 0.000000 0.029252 0.000000 0.059279 0.111359 0.000000 0.129963 0.029462 0.000000
0.033411 0.000000 0.058156 0.031697 0.086821 0.109156 0.000000 0.116134 0.000000 0.000000
0.047467 0.000000 0.057723 0.073791 0.089494 0.118038 0.034275 0.073895 0.000000 0.000000
0.020761 0.007184 0.043478 0.099483 0.053963 0.098013 0.102670 0.002292 0.000000 0.000000
0.000000 0.076923 0.026503 0.090397 0.008844 0.052061 0.119582 0.000000 0.000000 0.006909
0.000000 0.132545 0.010105 0.054829 0.000000 0.008216 0.065066 0.000000 0.022315 0.091061
0.000000 0.139139 0.000000 0.016029 0.000000 0.000000 0.000000 0.000000 0.057576 0.121947
0.010620 0.093228 0.000000 0.000000 0.000000 0.000000 0.000000 0.007752 0.089094 0.108087
0.018767 0.036220 0.000000 0.000000 0.000000 0.000000 0.000000 0.030808 0.101324 0.070552
0.015568 0.003891 0.000000 0.000000 0.000000 0.000000 0.000000 0.032284 0.084789 0.037633
0.011333 0.000000 0.000000 0.000000 0.000000 0.000000 0.000000 0.019065 0.054835 0.018723
0.006731 0.000000 0.000000 0.000000 0.000000 0.000000 0.000000 0.004353 0.019816 0.005940
0.002302 0.000000 0.000000 0.000000 0.000000 0.000295 0.000000 0.001241 0.005455 0.001318
0.000184 0.000000 0.000000 0.000000 0.000000 0.000057 0.000000 0.000020 0.000238 0.000058
0.000000 0.000000 -0.000000 -0.000000 -0.000000 0.000000 0.000000 0.000000 -0.000000 -0.000000
0.000000 0.000000 -0.000000 -0.000000 -0.000000 0.000000 0.000000 0.000000 -0.000000 -0.000000
0.000000 0.000000 -0.000000 -0.000000 -0.000000 0.000000 0.000000 0.000000 -0.000000 -0.000000
0.000053 0.000000 0.000089 0.000000 0.000062 0.000042 0.000000 0.000029 0.000073 0.000080
0.001111 0.000000 0.004271 0.002067 0.000000 0.003325 0.000000 0.000000 0.000046 0.000457
0.000000 0.000000 0.012655 0.012551 0.000000 0.005732 0.000000 0.000000 0.006427 0.001438
0.000000 0.000649 0.025221 0.042229 0.000000 0.004895 0.000000 0.000000 0.026178 0.002792
0.000000 0.005676 0.037910 0.094901 0.000000 0.000863 0.000123 0.000000 0.043220 0.000000
0.014073 0.006800 0.059864 0.143155 0.000000 0.000000 0.000000 0.000000 0.042897 0.000000
0.116757 0.000000 0.090932 0.126506 0.000000 0.000000 0.000000 0.000000 0.019902 0.000000
0.206840 0.000000 0.108370 0.042655 0.024159 0.000000 0.000000 0.000000 0.000000 0.000000
0.171368 0.013360 0.090531 0.000000 0.055217 0.000000 0.022795 0.048720 0.000000 0.005194
0.040746 0.035734 0.056500 0.000000 0.080562 0.038926 0.054640 0.095383 0.000000 0.031640
0.000000 0.029790 0.049281 0.000000 0.101572 0.106438 0.042387 0.108368 0.021118 0.020747
0.000000 0.000000 0.069937 0.007007 0.115965 0.134985 0.015426 0.094274 0.020973 0.000000
0.026569 0.000000 0.079715 0.056558 0.110885 0.134207 0.037391 0.063667 0.000000 0.000000
0.028222 0.026322 0.065652 0.085337 0.071953 0.112413 0.088356 0.006399 0.000000 0.000000
0.008567 0.082957 0.037654 0.074280 0.019859 0.060338 0.105069 0.000000 0.005129 0.021197
0.000819 0.119237 0.014305 0.040316 0.000000 0.006669 0.064071 0.000000 0.055092 0.117652
0.000556 0.114252 0.000000 0.001010 0.000000 0.000000 0.006579 0.000000 0.105973 0.157261
0.009248 0.071259 0.000000 0.000000 0.000000 0.000000 0.000000 0.007418 0.135064 0.135416
0.015232 0.024596 0.000000 0.000000 0.000000 0.000000 0.000000 0.024849 0.132299 0.084105
0.012396 0.000000 0.000000 0.000000 0.000000 0.000000 0.000000 0.029297 0.106723 0.044509
0.010601 0.000000 0.000000 0.000000 0.000000 0.000000 0.000000 0.023390 0.070460 0.022113
0.006330 0.000000 0.000000 0.000000 0.000000 0.000000 0.000000 0.012512 0.037776 0.010454
0.003710 0.000000 0.000000 0.000000 0.000000 0.000000 0.000000 0.003303 0.014413 0.003482
0.001374 0.000000 0.000000 0.000000 0.000000 0.000000 0.000000 0.001554 0.005120 0.001057
0.000084 0.000000 0.000000 0.000000 0.000000 0.000000 0.000055 0.000029 0.000298 0.000215
0.000000 0.000000 -0.000000 -0.000000 -0.000000 0.000000 0.000000 0.000000 -0.000000 -0.000000
0.000000 0.000000 -0.000000 -0.000000 -0.000000 0.000000 0.000000 0.000000 -0.000000 -0.000000
0.000000 0.000000 -0.000000 -0.000000 -0.000000 0.000000 0.000000 0.000000 -0.000000 -0.000000
0.000015 0.000000 0.000010 0.000000 0.000018 0.000007 0.000000 0.000017 0.000012 0.000025
0.000414 0.000000 0.001732 0.000765 0.000000 0.001818 0.000000 0.000000 0.000471 0.000399
0.000000 0.000000 0.004679 0.007933 0.000000 0.003315 0.000000 0.000000 0.007907 0.001516
0.000000 0.000000 0.008496 0.030507 0.000000 0.003236 0.000000 0.000000 0.027893 0.001905
0.000000 0.002089 0.016225 0.071240 0.000000 0.000194 0.000475 0.000000 0.051051 0.000000
0.000000 0.003066 0.029346 0.123527 0.000000 0.000000 0.000465 0.000000 0.070544 0.000000
0.064576 0.000000 0.051974 0.142129 0.000000 0.000000 0.000000 0.000000 0.071799 0.000000
0.155538 0.000000 0.081422 0.102448 0.000000 0.000000 0.000000 0.000000 0.058319 0.000000
0.180064 0.005694 0.096871 0.037268 0.018347 0.000000 0.014919 0.023918 0.036761 0.000000
0.099516 0.028342 0.092123 0.000000 0.063026 0.039437 0.047323 0.063547 0.021053 0.001126
0.020206 0.033740 0.086145 0.000000 0.107254 0.110209 0.052697 0.076780 0.011444 0.000000
0.012911 0.027336 0.088315 0.030027 0.118785 0.134292 0.054504 0.064261 0.002397 0.000000
0.026311 0.045510 0.079443 0.057554 0.089374 0.114077 0.077449 0.042859 0.000000 0.000000
0.013257 0.083208 0.054554 0.052420 0.038701 0.056028 0.091376 0.005835 0.024658 0.046713
0.008648 0.099177 0.031593 0.016216 0.000000 0.002422 0.057556 0.000000 0.081543 0.142150
0.007591 0.081056 0.012575 0.000000 0.000000 0.000000 0.007879 0.000000 0.145281 0.180004
0.013727 0.039162 0.000000 0.000000 0.000000 0.000000 0.000000 0.010190 0.177349 0.143776
0.011617 0.007519 0.000000 0.000000 0.000000 0.000000 0.000000 0.018217 0.165978 0.081871
0.006983 0.000000 0.000000 0.000000 0.000000 0.000000 0.000000 0.019830 0.125336 0.040078
0.005160 0.000000 0.000000 0.000000 0.000000 0.000000 0.000000 0.014560 0.081724 0.019026
0.004536 0.000000 0.000000 0.000000 0.000000 0.000000 0.000000 0.009305 0.046113 0.008217
0.003381 0.000000 0.000000 0.000000 0.000000 0.000000 0.000000 0.004803 0.021470 0.003974
0.001793 0.000000 0.000000 0.000000 0.000000 0.000000 0.000000 0.001962 0.007579 0.001445
0.000271 0.000000 0.000000 0.000000 0.000000 0.000000 0.000048 0.000644 0.002093 0.000348
0.000000 0.000000 0.000000 0.000000 0.000000 0.000000 0.000031 0.000030 0.000139 0.000066
0.000000 0.000000 -0.000000 -0.000000 -0.000000 0.000000 0.000000 0.000000 -0.000000 -0.000000
0.000000 0.000000 -0.000000 -0.000000 -0.000000 0.000000 0.000000 0.000000 -0.000000 -0.000000
0.000000 0.000000 -0.000000 -0.000000 -0.000000 0.000000 0.000000 0.000000 -0.000000 -0.000000
0.000000 0.000000 -0.000000 -0.000000 -0.000000 0.000000 0.000000 0.000000 -0.000000 -0.000000
0.000143 0.000000 0.000355 0.000000 0.000032 0.000533 0.000000 0.000063 0.000146 0.000083
0.000000 0.000000 0.001679 0.003048 0.000000 0.002260 0.000000 0.000089 0.005699 0.001099
0.000000 0.000000 0.001272 0.015463 0.000000 0.001340 0.000000 0.002210 0.020735 0.000820
0.000000 0.000000 0.001840 0.042589 0.000000 0.000000 0.000133 0.001310 0.053665 0.001668
0.000000 0.000000 0.007472 0.083519 0.000000 0.000000 0.000114 0.000000 0.089320 0.000000
0.021875 0.000000 0.016979 0.121717 0.000000 0.000000 0.000000 0.000000 0.130737 0.000000
0.086580 0.000098 0.034647 0.129407 0.000000 0.000000 0.000000 0.000000 0.155814 0.000000
0.138877 0.014346 0.065645 0.100346 0.007238 0.010283 0.012017 0.011518 0.127619 0.000000
0.113881 0.037229 0.083837 0.058421 0.040779 0.056195 0.047468 0.051773 0.053518 0.000000
0.059672 0.048164 0.080879 0.041125 0.075710 0.107687 0.065949 0.068671 0.001604 0.002266
0.042772 0.056084 0.075250 0.049458 0.081340 0.116249 0.069881 0.060262 0.000000 0.017036
0.031080 0.071716 0.059229 0.045437 0.071650 0.079480 0.067857 0.049574 0.000000 0.067432
0.011589 0.079092 0.049657 0.012061 0.049381 0.009727 0.044174 0.040390 0.048853 0.144106
0.007351 0.056446 0.046843 0.000000 0.017648 0.000000 0.004938 0.036203 0.118698 0.173418
0.011729 0.020185 0.038301 0.000000 0.000000 0.000000 0.000000 0.022706 0.164114 0.130570
0.011567 0.000000 0.025134 0.000000 0.000000 0.000000 0.000000 0.011474 0.166833 0.067511
0.005134 0.000000 0.011440 0.000000 0.000000 0.000000 0.000296 0.006268 0.135541 0.028732
0.000271 0.000000 0.002330 0.000000 0.000000 0.000000 0.004075 0.003668 0.095761 0.012300
0.000000 0.000000 0.000000 0.000192 0.000000 0.000000 0.003308 0.001174 0.061167 0.005279
0.000195 0.000000 0.000000 0.000228 0.000000 0.000000 0.001045 0.000531 0.031183 0.003130
0.000756 0.000000 0.000000 0.000080 0.000000 0.000000 0.000300 0.000446 0.011630 0.001126
0.000329 0.000000 0.000000 0.000041 0.000000 0.000000 0.000063 0.000000 0.003244 0.000000
0.000018 0.000000 0.000000 0.000000 0.000000 0.000011 0.000000 0.000013 0.000097 0.000004
0.000000 0.000000 -0.000000 -0.000000 -0.000000 0.000000 0.000000 0.000000 -0.000000 -0.000000
0.000000 0.000000 -0.000000 -0.000000 -0.000000 0.000000 0.000000 0.000000 -0.000000 -0.000000
0.000000 0.000000 -0.000000 -0.000000 -0.000000 0.000000 0.000000 0.000000 -0.000000 -0.000000
0.000000 0.000000 -0.000000 -0.000000 -0.000000 0.000000 0.000000 0.000000 -0.000000 -0.000000
0.000000 0.000000 -0.000000 -0.000000 -0.000000 0.000000 0.000000 0.000000 -0.000000 -0.000000
0.000121 0.000000 0.000241 0.000000 0.000010 0.000315 0.000000 0.000090 0.000096 0.000049
0.000000 0.000000 0.000000 0.000768 0.000000 0.000340 0.000000 0.001647 0.006114 0.000903
0.000000 0.000000 0.000000 0.006172 0.000000 0.000000 0.000000 0.003740 0.022342 0.000966
0.000000 0.000000 0.000000 0.020018 0.000000 0.000000 0.000000 0.001648 0.060445 0.000000
0.000000 0.000000 0.000000 0.045917 0.000000 0.000000 0.000000 0.000000 0.124477 0.000000
0.002741 0.005431 0.000000 0.076354 0.001618 0.009369 0.000000 0.000000 0.196407 0.000000
0.031134 0.027015 0.011258 0.100430 0.013947 0.019240 0.000000 0.000000 0.219263 0.000000
0.067552 0.056869 0.038778 0.096449 0.022801 0.030261 0.031911 0.026768 0.143603 0.000000
0.072392 0.066195 0.050991 0.074720 0.031208 0.058960 0.070965 0.071362 0.032506 0.000000
0.060351 0.059688 0.041833 0.060993 0.038036 0.093230 0.073818 0.085170 0.000000 0.056801
0.062532 0.054291 0.030984 0.059689 0.043847 0.109354 0.055235 0.068003 0.000000 0.093256
0.052651 0.046193 0.027940 0.050361 0.077563 0.087089 0.023368 0.049176 0.000000 0.121522
0.021559 0.036629 0.043122 0.022277 0.104317 0.021830 0.000000 0.042499 0.021689 0.134821
0.004190 0.021366 0.070706 0.000000 0.079507 0.000000 0.000000 0.042861 0.063150 0.097259
0.005194 0.004258 0.084060 0.000000 0.028722 0.000000 0.000000 0.023163 0.087048 0.044765
0.006990 0.000000 0.071402 0.000000 0.000000 0.000000 0.005653 0.001871 0.100512 0.014195
0.002241 0.000000 0.046013 0.000000 0.000000 0.000000 0.008452 0.000000 0.089737 0.004337
0.000000 0.000000 0.023783 0.000000 0.000000 0.000000 0.007758 0.000000 0.072578 0.000377
0.000000 0.000000 0.010894 0.003420 0.000000 0.000000 0.005905 0.000000 0.051413 0.000400
0.000000 0.000000 0.004766 0.002733 0.000000 0.000000 0.002686 0.000000 0.026923 0.000235
0.000000 0.000000 0.000994 0.001737 0.000000 0.000000 0.000906 0.000000 0.009387 0.000000
0.000000 0.000000 0.000656 0.000254 0.000000 0.000081 0.000173 0.000000 0.002235 0.000000
0.000000 0.000000 -0.000000 -0.000000 -0.000000 0.000000 0.000000 0.000000 -0.000000 -0.000000
0.000000 0.000000 -0.000000 -0.000000 -0.000000 0.000000 0.000000 0.000000 -0.000000 -0.000000
0.000000 0.000000 -0.000000 -0.000000 -0.000000 0.000000 0.000000 0.000000 -0.000000 -0.000000
0.000000 0.000000 -0.000000 -0.000000 -0.000000 0.000000 0.000000 0.000000 -0.000000 -0.000000
0.000000 0.000000 -0.000000 -0.000000 -0.000000 0.000000 0.000000 0.000000 -0.000000 -0.000000
0.000000 0.000000 -0.000000 -0.000000 -0.000000 0.000000 0.000000 0.000000 -0.000000 -0.000000
0.000047 0.000012 0.000207 0.000000 0.000000 0.000000 0.000000 0.000000 0.000376 0.000031
0.000000 0.000000 0.000000 0.000009 0.000000 0.000000 0.000000 0.002504 0.009738 0.001346
0.000000 0.000363 0.000000 0.002793 0.000000 0.000000 0.000000 0.003735 0.035648 0.001716
0.000000 0.003003 0.000000 0.010682 0.000158 0.001959 0.000000 0.000000 0.093175 0.000000
0.000000 0.012795 0.000000 0.023508 0.009357 0.013253 0.000000 0.000000 0.173054 0.000000
0.000000 0.040084 0.004653 0.039213 0.026642 0.028383 0.000000 0.000000 0.222566 0.000000
0.004509 0.083596 0.024911 0.050212 0.037102 0.028505 0.025827 0.000651 0.177149 0.000000
0.017079 0.101043 0.032699 0.048325 0.027243 0.023273 0.082083 0.062708 0.058675 0.000000
0.029772 0.077328 0.017826 0.041284 0.011016 0.033265 0.100177 0.122443 0.000000 0.054797
0.058978 0.045299 0.000983 0.046403 0.000000 0.073530 0.065000 0.116136 0.000000 0.127993
0.088052 0.021713 0.000000 0.059223 0.000000 0.130280 0.027114 0.068656 0.000000 0.132389
0.086252 0.000900 0.000000 0.074524 0.066219 0.139625 0.000000 0.021369 0.000000 0.103327
0.037580 0.000859 0.014156 0.073154 0.141109 0.069744 0.000000 0.017874 0.000000 0.064784
0.000803 0.013309 0.063728 0.040308 0.137357 0.000000 0.000000 0.034364 0.000000 0.026766
0.000000 0.016014 0.106791 0.003138 0.076156 0.000000 0.000000 0.023373 0.000000 0.003565
0.004998 0.007696 0.110723 0.000000 0.015857 0.000000 0.003776 0.001066 0.027384 0.000000
0.002532 0.000000 0.082119 0.000000 0.000000 0.000000 0.009451 0.000000 0.051471 0.000000
0.000000 0.000000 0.045060 0.000000 0.000000 0.000000 0.008695 0.000000 0.055780 0.000000
0.000000 0.000000 0.020546 0.003814 0.000000 0.000000 0.007535 0.000000 0.052094 0.000000
0.000000 0.000000 0.009073 0.003013 0.000000 0.000000 0.004362 0.000000 0.033963 0.000000
0.000000 0.000000 0.002370 0.001693 0.000000 0.000000 0.001517 0.000000 0.012171 0.000000
0.000000 0.000000 0.000529 0.000206 0.000000 0.000147 0.000245 0.000000 0.001758 0.000000
0.000000 0.000000 -0.000000 -0.000000 -0.000000 0.000000 0.000000 0.000000 -0.000000 -0.000000
0.000000 0.000000 -0.000000 -0.000000 -0.000000 0.000000 0.000000 0.000000 -0.000000 -0.000000
0.000000 0.000000 -0.000000 -0.000000 -0.000000 0.000000 0.000000 0.000000 -0.000000 -0.000000
0.000000 0.000000 -0.000000 -0.000000 -0.000000 0.000000 0.000000 0.000000 -0.000000 -0.000000
0.000000 0.000000 -0.000000 -0.000000 -0.000000 0.000000 0.000000 0.000000 -0.000000 -0.000000
0.000000 0.000058 0.000001 0.000000 0.000000 0.000000 0.000011 0.000042 0.000000 0.000000
0.000000 0.000227 0.000016 0.000000 0.000000 0.000038 0.000000 0.000043 0.001295 0.000233
0.000000 0.001896 0.000000 0.000255 0.000000 0.000000 0.000000 0.004055 0.017763 0.002378
0.000000 0.006771 0.000000 0.002222 0.000000 0.000363 0.000000 0.006336 0.062711 0.003738
0.000000 0.023588 0.000000 0.007953 0.007189 0.005346 0.000000 0.000000 0.137250 0.000000
0.000000 0.057916 0.000000 0.014287 0.022744 0.022697 0.000000 0.000000 0.199710 0.000000
0.000000 0.105676 0.018917 0.014794 0.039625 0.025833 0.015698 0.000000 0.178363 0.000000
0.000000 0.124506 0.036634 0.011045 0.032230 0.007139 0.085164 0.016689 0.070961 0.000000
0.000000 0.090439 0.021759 0.002530 0.006776 0.000000 0.128522 0.111015 0.000000 0.039736
0.019458 0.036530 0.000000 0.009397 0.000000 0.005799 0.093375 0.170181 0.000000 0.147090
0.067512 0.007955 0.000000 0.024253 0.000000 0.068929 0.027805 0.139987 0.000000 0.171934
0.117071 0.000000 0.000000 0.042819 0.000000 0.160887 0.000288 0.053988 0.000000 0.113363
0.117234 0.000000 0.000000 0.074311 0.028499 0.183238 0.000000 0.000000 0.000000 0.059462
0.057728 0.000000 0.000000 0.104901 0.134208 0.107430 0.000000 0.000000 0.000000 0.021267
0.001082 0.010657 0.021205 0.085562 0.170844 0.008547 0.000000 0.015150 0.000000 0.001812
0.000000 0.019870 0.091757 0.035638 0.117841 0.000000 0.000000 0.025628 0.000000 0.000000
0.003608 0.013367 0.128804 0.000000 0.040532 0.000000 0.000000 0.006940 0.000000 0.000000
0.005145 0.003250 0.110105 0.000000 0.000000 0.000000 0.006847 0.000000 0.025305 0.000000
0.000000 0.000000 0.068398 0.000000 0.000000 0.000000 0.008034 0.000000 0.044847 0.000000
0.000000 0.000000 0.034560 0.001824 0.000000 0.000000 0.006354 0.000000 0.050677 0.000000
0.000000 0.000000 0.013826 0.002864 0.000000 0.000000 0.004771 0.000000 0.037161 0.000000
0.000000 0.000000 0.003856 0.001748 0.000000 0.000000 0.001863 0.000000 0.015303 0.000000
0.000000 0.000000 0.000287 0.000124 0.000000 0.000126 0.000181 0.000000 0.000791 0.000000
0.000000 0.000141 0.000000 0.000099 0.000091 0.000000 0.000022 0.000000 0.000000 0.000000
0.000000 0.000000 -0.000000 -0.000000 -0.000000 0.000000 0.000000 0.000000 -0.000000 -0.000000
0.000000 0.000000 -0.000000 -0.000000 -0.000000 0.000000 0.000000 0.000000 -0.000000 -0.000000
0.000000 0.000000 -0.000000 -0.000000 -0.000000 0.000000 0.000000 0.000000 -0.000000 -0.000000
0.000000 0.000000 -0.000000 -0.000000 -0.000000 0.000000 0.000000 0.000000 -0.000000 -0.000000
0.000000 0.000056 0.000005 0.000000 0.000015 0.000004 0.000000 0.000006 0.000000 0.000000
0.000000 0.000750 0.000000 0.000179 0.000278 0.000538 0.000000 0.000151 0.002582 0.000548
0.000000 0.007045 0.000000 0.000876 0.000000 0.000000 0.000000 0.005797 0.032465 0.003883
0.000000 0.023882 0.000000 0.001861 0.000000 0.002218 0.000000 0.010966 0.089409 0.006076
0.000000 0.062978 0.000000 0.004641 0.013540 0.012082 0.000000 0.000000 0.156660 0.000000
0.000000 0.115993 0.003938 0.003660 0.030489 0.021109 0.000000 0.000000 0.170810 0.000000
0.000000 0.140083 0.030537 0.000000 0.031807 0.006143 0.066323 0.000000 0.100588 0.000000
0.000000 0.100648 0.032611 0.000000 0.008830 0.000000 0.140533 0.044727 0.000000 0.006757
0.000000 0.026107 0.004481 0.000000 0.000000 0.000000 0.131407 0.154048 0.000000 0.124326
0.021257 0.000000 0.000000 0.004036 0.000000 0.003335 0.042044 0.195542 0.000000 0.192306
0.070603 0.000000 0.000000 0.017384 0.000000 0.082144 0.000000 0.133681 0.000000 0.151584
0.126697 0.000000 0.000000 0.019417 0.000000 0.179240 0.000000 0.036619 0.000000 0.062232
0.143564 0.000000 0.000000 0.039601 0.000000 0.203280 0.000000 0.000000 0.000000 0.025769
0.083652 0.000000 0.000000 0.093117 0.108118 0.122941 0.000000 0.000000 0.000000 0.009904
0.007428 0.005387 0.000000 0.113308 0.176396 0.013136 0.000000 0.002859 0.000000 0.000000
0.000000 0.019686 0.055140 0.071234 0.142722 0.000000 0.000000 0.021980 0.000000 0.000000
0.000000 0.015047 0.127598 0.017027 0.059360 0.000000 0.000000 0.011052 0.000000 0.000000
0.005529 0.005090 0.129117 0.000000 0.000552 0.000000 0.004279 0.000000 0.008571 0.000000
0.000000 0.000000 0.085235 0.000000 0.000000 0.000000 0.007924 0.000000 0.039717 0.000000
0.000000 0.000000 0.047273 0.000000 0.000000 0.000000 0.005043 0.000000 0.047672 0.000000
0.000000 0.000000 0.017616 0.002191 0.000000 0.000000 0.004608 0.000000 0.035328 0.000000
0.000000 0.000000 0.003894 0.001472 0.000000 0.000000 0.002050 0.000000 0.012465 0.000000
0.000000 0.000000 0.000224 0.000203 0.000000 0.000022 0.000235 0.000000 0.000739 0.000000
0.000000 0.000060 0.000000 0.000042 0.000038 0.000000 0.000009 0.000000 0.000000 0.000000
0.000000 0.000000 -0.000000 -0.000000 -0.000000 0.000000 0.000000 0.000000 -0.000000 -0.000000
0.000000 0.000000 -0.000000 -0.000000 -0.000000 0.000000 0.000000 0.000000 -0.000000 -0.000000
0.000000 0.000000 -0.000000 -0.000000 -0.000000 0.000000 0.000000 0.000000 -0.000000 -0.000000
0.000000 0.000000 -0.000000 -0.000000 -0.000000 0.000000 0.000000 0.000000 -0.000000 -0.000000
0.000000 0.000178 0.000060 0.000076 0.000247 0.000176 0.000000 0.000000 0.000085 0.000000
0.000000 0.002358 0.000000 0.000032 0.000715 0.001626 0.000000 0.000195 0.005151 0.001297
0.000000 0.017213 0.000000 0.000000 0.000000 0.000000 0.000000 0.013496 0.043352 0.007536
0.000000 0.052346 0.000000 0.000000 0.002224 0.001652 0.000000 0.018078 0.099530 0.008533
0.000000 0.108614 0.000000 0.000000 0.016901 0.012446 0.000000 0.000000 0.146412 0.000000
0.000000 0.146037 0.007744 0.000000 0.025882 0.017073 0.024642 0.000000 0.131006 0.000000
0.001190 0.114361 0.026586 0.000000 0.010636 0.000000 0.117654 0.000000 0.063634 0.000000
0.000000 0.030952 0.015409 0.000000 0.000000 0.000000 0.165004 0.076791 0.000000 0.062004
0.000000 0.000000 0.000000 0.000000 0.000000 0.000000 0.091896 0.179167 0.000000 0.161942
0.024819 0.000000 0.000000 0.014303 0.000000 0.027951 0.000000 0.194674 0.000000 0.173687
0.067859 0.000000 0.010779 0.009206 0.000000 0.106536 0.000000 0.114345 0.000000 0.099951
0.124480 0.000000 0.010295 0.000000 0.000000 0.188094 0.000000 0.023901 0.000000 0.031070
0.158958 0.000000 0.000000 0.000000 0.000000 0.207584 0.000770 0.000000 0.000000 0.006899
0.106371 0.000000 0.000000 0.064689 0.101089 0.118084 0.000000 0.000000 0.000000 0.003416
0.019015 0.000000 0.000000 0.121790 0.175787 0.008310 0.000000 0.000000 0.000000 0.000000
0.000000 0.017702 0.030330 0.101385 0.148742 0.000000 0.000000 0.013331 0.000000 0.000000
0.000000 0.014667 0.122559 0.038858 0.061326 0.000000 0.000000 0.006959 0.000000 0.000000
0.001417 0.004078 0.139182 0.003277 0.000000 0.000000 0.003496 0.000000 0.010777 0.000000
0.000000 0.000000 0.096495 0.000000 0.000000 0.000000 0.007450 0.000000 0.040247 0.000000
0.000000 0.000000 0.051524 0.000000 0.000000 0.000450 0.005045 0.000000 0.042613 0.000000
0.000000 0.000000 0.020400 0.001122 0.000000 0.000000 0.003768 0.000000 0.027780 0.000000
0.000000 0.000000 0.003413 0.000702 0.000000 0.000000 0.001370 0.000000 0.007440 0.000000
0.000000 0.000000 0.000073 0.000070 0.000000 0.000000 0.000056 0.000000 0.000306 0.000031
0.000000 0.000000 -0.000000 -0.000000 -0.000000 0.000000 0.000000 0.000000 -0.000000 -0.000000
0.000000 0.000000 -0.000000 -0.000000 -0.000000 0.000000 0.000000 0.000000 -0.000000 -0.000000
0.000000 0.000000 -0.000000 -0.000000 -0.000000 0.000000 0.000000 0.000000 -0.000000 -0.000000
0.000000 0.000000 -0.000000 -0.000000 -0.000000 0.000000 0.000000 0.000000 -0.000000 -0.000000
0.000000 0.000000 -0.000000 -0.000000 -0.000000 0.000000 0.000000 0.000000 -0.000000 -0.000000
0.000000 0.000278 0.000061 0.000180 0.000281 0.000320 0.000000 0.000000 0.000097 0.000000
0.000000 0.003726 0.000000 0.000000 0.000738 0.001669 0.000000 0.000874 0.005687 0.002253
0.000000 0.029883 0.000000 0.000000 0.000000 0.000000 0.000000 0.018801 0.039124 0.009758
0.000000 0.084393 0.000000 0.000000 0.003695 0.000000 0.000000 0.022661 0.083989 0.010525
0.000000 0.140035 0.000000 0.000000 0.012646 0.011714 0.000000 0.000000 0.121695 0.000000
0.003501 0.140569 0.000020 0.000000 0.011481 0.011183 0.054187 0.000000 0.121205 0.000000
0.000000 0.061140 0.004074 0.000000 0.000000 0.000000 0.151881 0.000000 0.095650 0.004229
0.000000 0.000000 0.000000 0.000000 0.000000 0.000000 0.159088 0.092580 0.040482 0.088899
0.000000 0.000000 0.001849 0.001994 0.010147 0.000000 0.044039 0.178332 0.000000 0.160337
0.032695 0.000000 0.020464 0.008706 0.016285 0.069080 0.000000 0.177383 0.000000 0.136067
0.084939 0.002732 0.038843 0.000000 0.000000 0.153976 0.000000 0.087851 0.000000 0.064768
0.140840 0.002475 0.031383 0.000000 0.000000 0.211882 0.000000 0.000000 0.000000 0.012507
0.171716 0.000000 0.001035 0.000000 0.031354 0.198255 0.000000 0.000000 0.000000 0.000000
0.114139 0.000000 0.000000 0.052087 0.125079 0.089504 0.000000 0.000000 0.000000 0.000000
0.020352 0.000000 0.000000 0.122501 0.175627 0.000000 0.000000 0.000000 0.005642 0.000000
0.000000 0.013212 0.044377 0.114142 0.133289 0.000000 0.000000 0.006980 0.001950 0.000000
0.000000 0.010050 0.130737 0.052314 0.044442 0.000000 0.000000 0.003273 0.000000 0.000000
0.000000 0.000101 0.141110 0.012761 0.000000 0.000000 0.003605 0.000000 0.020433 0.000000
0.000144 0.000000 0.095440 0.000289 0.000000 0.002736 0.005203 0.000000 0.034882 0.000000
0.000798 0.000000 0.048204 0.000000 0.000000 0.002897 0.002466 0.000000 0.028517 0.000000
0.000284 0.000000 0.017528 0.000235 0.000000 0.000764 0.001423 0.000000 0.015224 0.000000
0.000000 0.000000 0.002055 0.000417 0.000000 0.000000 0.000409 0.000000 0.004132 0.000299
0.000050 0.000000 0.000060 0.000000 0.000000 0.000000 0.000000 0.000000 0.000230 0.000150
0.000000 0.000000 -0.000000 -0.000000 -0.000000 0.000000 0.000000 0.000000 -0.000000 -0.000000
0.000000 0.000000 -0.000000 -0.000000 -0.000000 0.000000 0.000000 0.000000 -0.000000 -0.000000
0.000000 0.000000 -0.000000 -0.000000 -0.000000 0.000000 0.000000 0.000000 -0.000000 -0.000000
0.000000 0.000000 -0.000000 -0.000000 -0.000000 0.000000 0.000000 0.000000 -0.000000 -0.000000
0.000000 0.000000 -0.000000 -0.000000 -0.000000 0.000000 0.000000 0.000000 -0.000000 -0.000000
0.000000 0.000251 0.000116 0.000000 0.000077 0.000049 0.000000 0.000000 0.000000 0.000000
0.000000 0.004069 0.000000 0.000000 0.000772 0.001389 0.000000 0.000617 0.003421 0.002184
0.000000 0.038330 0.000000 0.000000 0.000000 0.000000 0.000000 0.021692 0.027335 0.010903
0.000000 0.104817 0.000000 0.000000 0.001480 0.000000 0.000000 0.025735 0.054696 0.014094
0.000000 0.156623 0.000000 0.000000 0.006221 0.009065 0.000000 0.000000 0.084249 0.000000
0.001929 0.136310 0.000000 0.000000 0.000000 0.009920 0.064386 0.000000 0.124094 0.000000
0.000000 0.046989 0.000000 0.000000 0.000000 0.000000 0.153858 0.000000 0.148758 0.014483
0.000000 0.000000 0.000000 0.000000 0.000000 0.000000 0.147428 0.072174 0.126483 0.084987
0.000000 0.000000 0.002151 0.001592 0.038552 0.032312 0.038999 0.141246 0.073185 0.139071
0.046821 0.000000 0.042815 0.000000 0.053104 0.120777 0.000000 0.127726 0.025765 0.111150
0.118697 0.005004 0.070052 0.000000 0.045237 0.200218 0.000000 0.042732 0.000000 0.047245
0.166631 0.000000 0.062886 0.000000 0.056001 0.221085 0.000000 0.000000 0.000000 0.000000
0.166566 0.000000 0.031198 0.000000 0.099765 0.153828 0.000000 0.000000 0.000000 0.000000
0.092641 0.000000 0.003513 0.070738 0.153957 0.039473 0.002786 0.000000 0.015251 0.000000
0.004936 0.000000 0.026797 0.127084 0.155673 0.000000 0.000000 0.000000 0.022092 0.000000
0.000000 0.007018 0.092641 0.113335 0.089837 0.000000 0.000000 0.007747 0.011248 0.001589
0.000000 0.000327 0.145563 0.053173 0.013942 0.000000 0.000000 0.004778 0.008491 0.000000
0.000627 0.000000 0.134026 0.015555 0.000000 0.006413 0.000870 0.000000 0.016370 0.000000
0.004201 0.000000 0.080519 0.001755 0.000000 0.009403 0.000000 0.000000 0.016613 0.000000
0.002984 0.000000 0.038155 0.000327 0.000000 0.005794 0.000000 0.000000 0.013131 0.000000
0.001094 0.000000 0.012040 0.000000 0.000000 0.001239 0.000123 0.000533 0.005518 0.000000
0.000217 0.000000 0.000906 0.000120 0.000000 0.000226 0.000000 0.000000 0.001469 0.000090
0.000141 0.000000 0.000026 0.000000 0.000047 0.000008 0.000000 0.000000 0.000014 0.000062
0.000000 0.000000 -0.000000 -0.000000 -0.000000 0.000000 0.000000 0.000000 -0.000000 -0.000000
0.000000 0.000000 -0.000000 -0.000000 -0.000000 0.000000 0.000000 0.000000 -0.000000 -0.000000
0.000000 0.000000 -0.000000 -0.000000 -0.000000 0.000000 0.000000 0.000000 -0.000000 -0.000000
0.000000 0.000000 -0.000000 -0.000000 -0.000000 0.000000 0.000000 0.000000 -0.000000 -0.000000
0.000000 0.000000 -0.000000 -0.000000 -0.000000 0.000000 0.000000 0.000000 -0.000000 -0.000000
0.000071 0.000336 0.000242 0.000000 0.000086 0.000000 0.000000 0.000000 0.000000 0.000004
0.000000 0.003339 0.000041 0.000000 0.000510 0.000636 0.000000 0.000002 0.001274 0.001313
0.000000 0.035002 0.000000 0.000000 0.000000 0.000000 0.000000 0.016752 0.008892 0.009693
0.000000 0.101699 0.000000 0.000000 0.000000 0.000000 0.000000 0.024236 0.023118 0.016043
0.000000 0.160665 0.000000 0.000000 0.000165 0.005820 0.000000 0.003248 0.035003 0.003353
0.002768 0.158797 0.000000 0.000000 0.000000 0.011120 0.049946 0.000000 0.081552 0.000000
0.000000 0.101786 0.000000 0.000000 0.000000 0.000000 0.129227 0.000000 0.130331 0.006783
0.000000 0.052650 0.000000 0.002488 0.000000 0.000000 0.153167 0.029140 0.140336 0.051831
0.000000 0.031647 0.000000 0.005877 0.041086 0.034371 0.097759 0.069759 0.104294 0.093966
0.041056 0.026272 0.042402 0.000046 0.075494 0.102999 0.031958 0.061220 0.047756 0.083886
0.107215 0.011312 0.076969 0.000000 0.093192 0.153589 0.007126 0.008199 0.007651 0.034516
0.138525 0.000000 0.081529 0.017452 0.112210 0.137380 0.011371 0.000000 0.000000 0.000000
0.107402 0.000000 0.068178 0.066253 0.135975 0.063005 0.018028 0.000000 0.003478 0.000000
0.038845 0.000000 0.069420 0.119035 0.138580 0.000000 0.009299 0.006025 0.007034 0.000000
0.000000 0.000000 0.097152 0.135314 0.095927 0.000000 0.001870 0.019015 0.005842 0.001921
0.000000 0.000000 0.132313 0.096491 0.032028 0.000000 0.000000 0.015850 0.000000 0.006297
0.000000 0.000000 0.138516 0.042537 0.000000 0.006450 0.000000 0.008033 0.000000 0.000153
0.007024 0.000000 0.103207 0.012156 0.000000 0.015553 0.000000 0.003540 0.000000 0.000000
0.008553 0.000000 0.056522 0.001436 0.000000 0.013789 0.000000 0.002191 0.000376 0.000000
0.004520 0.000000 0.024770 0.000747 0.000000 0.007118 0.000000 0.001173 0.001174 0.000000
0.001648 0.000000 0.006139 0.000155 0.000000 0.002266 0.000000 0.000881 0.000664 0.000000
0.000381 0.000000 0.000445 0.000259 0.000000 0.000261 0.000000 0.000245 0.000252 0.000000
0.000162 0.000026 0.000004 0.000000 0.000051 0.000000 0.000000 0.000000 0.000000 0.000086
0.000000 0.000000 -0.000000 -0.000000 -0.000000 0.000000 0.000000 0.000000 -0.000000 -0.000000
0.000000 0.000000 -0.000000 -0.000000 -0.000000 0.000000 0.000000 0.000000 -0.000000 -0.000000
0.000000 0.000000 -0.000000 -0.000000 -0.000000 0.000000 0.000000 0.000000 -0.000000 -0.000000
0.000000 0.000000 -0.000000 -0.000000 -0.000000 0.000000 0.000000 0.000000 -0.000000 -0.000000
0.000000 0.000000 -0.000000 -0.000000 -0.000000 0.000000 0.000000 0.000000 -0.000000 -0.000000
0.000048 0.000158 0.000127 0.000000 0.000030 0.000000 0.000000 0.000000 0.000000 0.000000
0.000000 0.001524 0.000129 0.000000 0.000020 0.000152 0.000000 0.000072 0.000720 0.000966
0.000000 0.019194 0.000000 0.000000 0.000000 0.000000 0.000000 0.007530 0.000569 0.005258
0.000000 0.068324 0.000000 0.000000 0.000000 0.000000 0.000000 0.019236 0.000000 0.011570
0.000000 0.130651 0.001365 0.000000 0.000000 0.000000 0.000000 0.012590 0.000000 0.006831
0.006024 0.167179 0.000000 0.000000 0.000000 0.001124 0.025604 0.000000 0.007690 0.000000
0.004971 0.157421 0.000000 0.000000 0.000000 0.000000 0.089041 0.000000 0.042570 0.000000
0.000000 0.126403 0.000000 0.005503 0.000000 0.000000 0.146405 0.000000 0.065535 0.012889
0.000000 0.088869 0.000000 0.029231 0.000514 0.000000 0.157355 0.009046 0.065364 0.038429
0.013087 0.049863 0.002281 0.050201 0.040242 0.011854 0.134375 0.016277 0.038009 0.047042
0.042032 0.010768 0.036619 0.072212 0.074173 0.023106 0.100704 0.015859 0.010359 0.033546
0.045252 0.000000 0.058624 0.104349 0.093416 0.007806 0.068002 0.020813 0.000000 0.022412
0.020687 0.000000 0.078610 0.137145 0.091877 0.000000 0.038183 0.035316 0.000000 0.014451
0.000000 0.000000 0.095466 0.146834 0.065579 0.000000 0.013150 0.043169 0.000000 0.013391
0.000000 0.000000 0.114764 0.117664 0.025261 0.000000 0.000000 0.032889 0.000000 0.009606
0.000000 0.000000 0.117002 0.065602 0.000000 0.011220 0.000000 0.017062 0.000000 0.002793
0.009051 0.000000 0.094293 0.023941 0.000000 0.018614 0.000000 0.009994 0.000000 0.000000
0.010336 0.000000 0.058441 0.007701 0.000000 0.016777 0.000000 0.004438 0.000000 0.000000
0.006827 0.000000 0.028656 0.002183 0.000000 0.009785 0.000000 0.002725 0.000000 0.000000
0.003051 0.000000 0.010534 0.001084 0.000000 0.004300 0.000000 0.001623 0.000000 0.000000
0.000616 0.000000 0.001897 0.000530 0.000000 0.001444 0.000000 0.000464 0.000075 0.000000
0.000124 0.000000 0.000092 0.000232 0.000000 0.000176 0.000000 0.000200 0.000000 0.000000
0.000012 0.000000 0.000000 0.000015 0.000000 0.000008 0.000000 0.000014 0.000000 0.000000
0.000000 0.000000 -0.000000 -0.000000 -0.000000 0.000000 0.000000 0.000000 -0.000000 -0.000000
0.000000 0.000000 -0.000000 -0.000000 -0.000000 0.000000 0.000000 0.000000 -0.000000 -0.000000
0.000000 0.000000 -0.000000 -0.000000 -0.000000 0.000000 0.000000 0.000000 -0.000000 -0.000000
0.000000 0.000000 -0.000000 -0.000000 -0.000000 0.000000 0.000000 0.000000 -0.000000 -0.000000
0.000000 0.000000 -0.000000 -0.000000 -0.000000 0.000000 0.000000 0.000000 -0.000000 -0.000000
0.000000 0.000000 -0.000000 -0.000000 -0.000000 0.000000 0.000000 0.000000 -0.000000 -0.000000
0.000000 0.000244 0.000032 0.000029 0.000000 0.000050 0.000000 0.000041 0.000031 0.000000
0.000000 0.004535 0.000000 0.000000 0.000000 0.000000 0.000000 0.002906 0.000000 0.001328
0.000000 0.024542 0.000000 0.000000 0.000000 0.000000 0.000000 0.011319 0.000000 0.004552
0.000000 0.058748 0.000668 0.000000 0.000000 0.000000 0.000000 0.014091 0.000000 0.005330
0.008519 0.098464 0.002930 0.000000 0.000000 0.000000 0.006843 0.008404 0.000000 0.000000
0.020485 0.118093 0.000000 0.000000 0.000000 0.000000 0.036774 0.000180 0.000000 0.000000
0.026477 0.109176 0.000000 0.009543 0.000000 0.000000 0.081627 0.000000 0.000000 0.000000
0.022450 0.077017 0.000000 0.041677 0.000000 0.000000 0.116402 0.008034 0.000000 0.000000
0.007755 0.039596 0.000000 0.084276 0.000000 0.000000 0.125455 0.026880 0.000000 0.006923
0.000000 0.007040 0.000000 0.125574 0.000000 0.000000 0.103508 0.046752 0.000000 0.016770
0.000000 0.000000 0.000000 0.146240 0.003788 0.000000 0.066357 0.054817 0.000000 0.019788
0.000000 0.000000 0.028874 0.137459 0.007244 0.000000 0.027490 0.049155 0.000000 0.015612
0.000000 0.000000 0.052883 0.104996 0.000607 0.000000 0.002782 0.033050 0.000000 0.009109
0.000000 0.000000 0.060174 0.061590 0.000000 0.009875 0.000000 0.014231 0.000000 0.003125
0.006906 0.000000 0.049636 0.029715 0.000000 0.015313 0.000000 0.004931 0.000000 0.000000
0.008828 0.000000 0.034139 0.012461 0.000000 0.013841 0.000000 0.003137 0.000000 0.000000
0.005339 0.000000 0.018164 0.005241 0.000000 0.007913 0.000000 0.001803 0.000000 0.000000
0.001555 0.000000 0.006225 0.002194 0.000000 0.002654 0.000000 0.001625 0.000000 0.000000
0.000478 0.000000 0.001826 0.000692 0.000000 0.001163 0.000000 0.000189 0.000000 0.000000
0.000112 0.000000 0.000207 0.000093 0.000001 0.000238 0.000000 0.000000 0.000000 0.000000
0.000000 0.000000 -0.000000 -0.000000 -0.000000 0.000000 0.000000 0.000000 -0.000000 -0.000000
0.000000 0.000000 -0.000000 -0.000000 -0.000000 0.000000 0.000000 0.000000 -0.000000 -0.000000
0.000000 0.000000 -0.000000 -0.000000 -0.000000 0.000000 0.000000 0.000000 -0.000000 -0.000000
0.000000 0.000000 -0.000000 -0.000000 -0.000000 0.000000 0.000000 0.000000 -0.000000 -0.000000
0.000000 0.000000 -0.000000 -0.000000 -0.000000 0.000000 0.000000 0.000000 -0.000000 -0.000000
0.000000 0.000000 -0.000000 -0.000000 -0.000000 0.000000 0.000000 0.000000 -0.000000 -0.000000
0.000000 0.000000 -0.000000 -0.000000 -0.000000 0.000000 0.000000 0.000000 -0.000000 -0.000000
0.000000 0.000000 -0.000000 -0.000000 -0.000000 0.000000 0.000000 0.000000 -0.000000 -0.000000
0.000000 0.000000 -0.000000 -0.000000 -0.000000 0.000000 0.000000 0.000000 -0.000000 -0.000000
0.000000 0.000325 0.000000 0.000000 0.000000 0.000000 0.000000 0.000303 0.000000 0.000087
0.000148 0.002235 0.000000 0.000000 0.000000 0.000000 0.000000 0.002510 0.000000 0.000498
0.001251 0.004731 0.000000 0.000000 0.000000 0.000000 0.000000 0.004628 0.000000 0.000386
0.005204 0.006867 0.000000 0.000206 0.000000 0.000000 0.000000 0.005934 0.000000 0.000000
0.009575 0.008353 0.000000 0.002864 0.000000 0.000000 0.000000 0.008291 0.000000 0.000000
0.013047 0.008039 0.000000 0.008984 0.000000 0.000000 0.000100 0.011513 0.000000 0.000000
0.012507 0.005014 0.000000 0.018449 0.000000 0.000000 0.002480 0.012934 0.000000 0.000000
0.011152 0.001712 0.000000 0.025786 0.000000 0.000000 0.003027 0.013924 0.000000 0.000000
0.009718 0.000000 0.000000 0.032921 0.000000 0.000000 0.001265 0.015614 0.000000 0.000000
0.008622 0.000000 0.000000 0.035831 0.000000 0.000000 0.000000 0.013340 0.000000 0.000000
0.006745 0.000000 0.000000 0.031006 0.000000 0.004218 0.000000 0.008621 0.000000 0.000000
0.005304 0.000000 0.001706 0.020831 0.000000 0.005983 0.000000 0.005118 0.000000 0.000000
0.004042 0.000000 0.004691 0.011617 0.000000 0.005743 0.000000 0.002126 0.000000 0.000000
0.002647 0.000000 0.004135 0.005981 0.000000 0.003758 0.000000 0.001110 0.000000 0.000000
0.002262 0.000000 0.002862 0.003073 0.000000 0.002646 0.000000 0.000480 0.000000 0.000000
0.000996 0.000000 0.001538 0.001320 0.000000 0.001207 0.000000 0.000489 0.000000 0.000000
0.000215 0.000000 0.000244 0.000238 0.000011 0.000307 0.000000 0.000000 0.000000 0.000000
0.000008 0.000000 0.000007 0.000005 0.000001 0.000009 0.000000 0.000000 0.000000 0.000000
0.000000 0.000000 -0.000000 -0.000000 -0.000000 0.000000 0.000000 0.000000 -0.000000 -0.000000
0.000000 0.000000 -0.000000 -0.000000 -0.000000 0.000000 0.000000 0.000000 -0.000000 -0.000000
0.000000 0.000000 -0.000000 -0.000000 -0.000000 0.000000 0.000000 0.000000 -0.000000 -0.000000
0.000000 0.000000 -0.000000 -0.000000 -0.000000 0.000000 0.000000 0.000000 -0.000000 -0.000000
0.000000 0.000000 -0.000000 -0.000000 -0.000000 0.000000 0.000000 0.000000 -0.000000 -0.000000
0.000000 0.000000 -0.000000 -0.000000 -0.000000 0.000000 0.000000 0.000000 -0.000000 -0.000000
0.000000 0.000000 -0.000000 -0.000000 -0.000000 0.000000 0.000000 0.000000 -0.000000 -0.000000
0.000000 0.000000 -0.000000 -0.000000 -0.000000 0.000000 0.000000 0.000000 -0.000000 -0.000000
0.000000 0.000000 -0.000000 -0.000000 -0.000000 0.000000 0.000000 0.000000 -0.000000 -0.000000
0.000000 0.000000 -0.000000 -0.000000 -0.000000 0.000000 0.000000 0.000000 -0.000000 -0.000000
0.000000 0.000000 -0.000000 -0.000000 -0.000000 0.000000 0.000000 0.000000 -0.000000 -0.000000
0.000000 0.000000 -0.000000 -0.000000 -0.000000 0.000000 0.000000 0.000000 -0.000000 -0.000000
0.000000 0.000000 -0.000000 -0.000000 -0.000000 0.000000 0.000000 0.000000 -0.000000 -0.000000
0.000050 0.000049 0.000000 0.000081 0.000000 0.000000 0.000000 0.000073 0.000000 0.000000
0.000152 0.000105 0.000000 0.000250 0.000000 0.000000 0.000000 0.000128 0.000000 0.000000
0.000355 0.000128 0.000000 0.000444 0.000000 0.000000 0.000000 0.000172 0.000000 0.000000
0.000911 0.000000 0.000000 0.000850 0.000000 0.000132 0.000000 0.000139 0.000000 0.000000
0.000834 0.000000 0.000000 0.000838 0.000000 0.000114 0.000000 0.000209 0.000000 0.000000
0.000475 0.000044 0.000000 0.001023 0.000000 0.000000 0.000000 0.000511 0.000115 0.000000
0.000061 0.000041 0.000000 0.000787 0.000000 0.000000 0.000008 0.000702 0.000201 0.000000
0.000000 0.000016 0.000000 0.000142 0.000000 0.000000 0.000019 0.000162 0.000033 0.000000
0.000000 0.000017 0.000000 0.000108 0.000000 0.000000 0.000025 0.000147 0.000000 0.000000
0.000000 0.000005 0.000000 0.000034 0.000000 0.000000 0.000008 0.000046 0.000000 0.000000
0.000000 0.000000 -0.000000 -0.000000 -0.000000 0.000000 0.000000 0.000000 -0.000000 -0.000000
0.000000 0.000000 -0.000000 -0.000000 -0.000000 0.000000 0.000000 0.000000 -0.000000 -0.000000
0.000000 0.000000 -0.000000 -0.000000 -0.000000 0.000000 0.000000 0.000000 -0.000000 -0.000000
0.000015 0.000000 0.000000 0.000000 0.000002 0.000010 0.000000 0.000010 0.000000 0.000000
0.000025 0.000000 0.000000 0.000000 0.000004 0.000017 0.000000 0.000016 0.000000 0.000000
0.000020 0.000000 0.000000 0.000000 0.000003 0.000014 0.000000 0.000013 0.000000 0.000000
0.000000 0.000000 -0.000000 -0.000000 -0.000000 0.000000 0.000000 0.000000 -0.000000 -0.000000
0.000000 0.000000 -0.000000 -0.000000 -0.000000 0.000000 0.000000 0.000000 -0.000000 -0.000000
0.000000 0.000000 -0.000000 -0.000000 -0.000000 0.000000 0.000000 0.000000 -0.000000 -0.000000
0.000000 0.000000 -0.000000 -0.000000 -0.000000 0.000000 0.000000 0.000000 -0.000000 -0.000000
0.000000 0.000000 -0.000000 -0.000000 -0.000000 0.000000 0.000000 0.000000 -0.000000 -0.000000
0.000000 0.000000 -0.000000 -0.000000 -0.000000 0.000000 0.000000 0.000000 -0.000000 -0.000000
0.000000 0.000000 -0.000000 -0.000000 -0.000000 0.000000 0.000000 0.000000 -0.000000 -0.000000
0.000000 0.000000 -0.000000 -0.000000 -0.000000 0.000000 0.000000 0.000000 -0.000000 -0.000000
0.000000 0.000000 -0.000000 -0.000000 -0.000000 0.000000 0.000000 0.000000 -0.000000 -0.000000
0.000000 0.000000 -0.000000 -0.000000 -0.000000 0.000000 0.000000 0.000000 -0.000000 -0.000000
0.000000 0.000000 -0.000000 -0.000000 -0.000000 0.000000 0.000000 0.000000 -0.000000 -0.000000
0.000000 0.000000 -0.000000 -0.000000 -0.000000 0.000000 0.000000 0.000000 -0.000000 -0.000000
0.000000 0.000000 -0.000000 -0.000000 -0.000000 0.000000 0.000000 0.000000 -0.000000 -0.000000
0.000000 0.000000 -0.000000 -0.000000 -0.000000 0.000000 0.000000 0.000000 -0.000000 -0.000000
0.000000 0.000000 -0.000000 -0.000000 -0.000000 0.000000 0.000000 0.000000 -0.000000 -0.000000
0.000000 0.000000 -0.000000 -0.000000 -0.000000 0.000000 0.000000 0.000000 -0.000000 -0.000000
0.000000 0.000000 -0.000000 -0.000000 -0.000000 0.000000 0.000000 0.000000 -0.000000 -0.000000
0.000000 0.000000 -0.000000 -0.000000 -0.000000 0.000000 0.000000 0.000000 -0.000000 -0.000000
0.000000 0.000000 -0.000000 -0.000000 -0.000000 0.000000 0.000000 0.000000 -0.000000 -0.000000
0.000000 0.000000 -0.000000 -0.000000 -0.000000 0.000000 0.000000 0.000000 -0.000000 -0.000000
0.000000 0.000000 -0.000000 -0.000000 -0.000000 0.000000 0.000000 0.000000 -0.000000 -0.000000
0.000000 0.000000 -0.000000 -0.000000 -0.000000 0.000000 0.000000 0.000000 -0.000000 -0.000000
0.000000 0.000000 -0.000000 -0.000000 -0.000000 0.000000 0.000000 0.000000 -0.000000 -0.000000
0.000000 0.000000 -0.000000 -0.000000 -0.000000 0.000000 0.000000 0.000000 -0.000000 -0.000000
0.000000 0.000000 -0.000000 -0.000000 -0.000000 0.000000 0.000000 0.000000 -0.000000 -0.000000
0.000000 0.000000 -0.000000 -0.000000 -0.000000 0.000000 0.000000 0.000000 -0.000000 -0.000000
0.000000 0.000000 -0.000000 -0.000000 -0.000000 0.000000 0.000000 0.000000 -0.000000 -0.000000
0.000000 0.000000 -0.000000 -0.000000 -0.000000 0.000000 0.000000 0.000000 -0.000000 -0.000000
0.000000 0.000000 -0.000000 -0.000000 -0.000000 0.000000 0.000000 0.000000 -0.000000 -0.000000
0.000000 0.000000 -0.000000 -0.000000 -0.000000 0.000000 0.000000 0.000000 -0.000000 -0.000000
0.000000 0.000000 -0.000000 -0.000000 -0.000000 0.000000 0.000000 0.000000 -0.000000 -0.000000
0.000000 0.000000 -0.000000 -0.000000 -0.000000 0.000000 0.000000 0.000000 -0.000000 -0.000000
