0.000000 -0.000000 -0.000000 -0.000000 0.000000
0.000000 -0.000000 -0.000000 -0.000000 0.000000
0.000000 -0.000000 0.000000 -0.000000 0.000000
0.000000 -0.000000 0.000000 -0.000000 0.000000
0.000000 -0.000000 0.000000 -0.000000 -0.000000
0.000000 -0.000000 0.000000 -0.000000 -0.000000
0.000000 -0.000000 0.000000 -0.000000 -0.000000
0.000000 -0.000000 0.000000 -0.000000 -0.000000
0.000000 -0.000000 0.000000 -0.000000 -0.000000
0.000000 -0.000000 0.000000 -0.000000 -0.000000
0.000000 -0.000000 0.000000 -0.000000 -0.000000
0.000000 -0.000000 0.000000 -0.000000 -0.000000
0.000000 -0.000000 0.000000 -0.000000 -0.000000
0.000000 -0.000000 0.000000 -0.000000 -0.000000
0.000000 -0.000000 0.000000 -0.000000 -0.000000
0.000000 -0.000000 0.000000 -0.000000 -0.000000
0.000000 -0.000000 0.000000 -0.000000 -0.000000
0.000000 -0.000000 0.000000 -0.000000 -0.000000
0.000000 -0.000000 0.000000 -0.000000 -0.000000
0.000000 -0.000000 0.000000 -0.000000 -0.000000
0.000000 -0.000000 0.000000 -0.000000 -0.000000
0.000000 -0.000000 0.000000 -0.000000 -0.000000
0.000000 -0.000000 0.000000 -0.000000 -0.000000
0.000000 -0.000000 0.000000 -0.000000 -0.000000
0.000000 -0.000000 0.000000 -0.000000 -0.000000
0.000000 -0.000000 0.000000 -0.000000 -0.000000
0.000000 -0.000000 0.000000 -0.000000 -0.000000
0.000000 -0.000000 0.000000 -0.000000 -0.000000
0.000000 -0.000000 0.000000 -0.000000 -0.000000
0.000000 -0.000000 0.000000 -0.000000 -0.000000
0.000000 -0.000000 0.000000 -0.000000 -0.000000
0.000000 -0.000000 0.000000 -0.000000 -0.000000
0.000000 -0.000000 0.000000 -0.000000 -0.000000
0.000000 -0.000000 0.000000 -0.000000 -0.000000
0.000000 -0.000000 0.000000 -0.000000 -0.000000
0.000000 -0.000000 0.000000 -0.000000 -0.000000
0.000000 -0.000000 0.000000 -0.000000 -0.000000
0.000000 -0.000000 0.000000 -0.000000 -0.000000
0.000000 -0.000000 0.000000 -0.000000 -0.000000
0.000000 -0.000000 0.000000 -0.000000 -0.000000
0.000000 -0.000000 0.000000 -0.000000 -0.000000
0.000000 -0.000000 0.000000 -0.000000 -0.000000
0.000000 -0.000000 0.000000 -0.000000 -0.000000
0.000000 -0.000000 0.000000 -0.000000 -0.000000
0.000000 -0.000000 0.000000 -0.000000 -0.000000
0.000000 -0.000000 0.000000 -0.000000 -0.000000
0.000000 -0.000000 0.000000 -0.000000 -0.000000
0.000000 -0.000000 0.000000 -0.000000 -0.000000
0.000000 -0.000000 0.000000 -0.000000 -0.000000
0.000000 -0.000000 0.000000 -0.000000 -0.000000
0.000000 -0.000000 0.000000 -0.000000 -0.000000
0.000000 -0.000000 0.000000 -0.000000 -0.000000
0.000000 -0.000000 0.000000 -0.000000 -0.000000
0.000000 -0.000000 0.000000 -0.000000 -0.000000
0.000000 -0.000000 0.000000 -0.000000 -0.000000
0.000000 -0.000000 0.000000 -0.000000 -0.000000
0.000000 -0.000000 0.000000 -0.000000 -0.000000
0.000000 -0.000000 0.000000 -0.000000 -0.000000
0.000000 -0.000000 0.000000 -0.000000 -0.000000
0.000000 -0.000000 0.000000 -0.000000 -0.000000
0.000000 -0.000000 0.000000 -0.000000 -0.000000
0.000000 -0.000000 0.000000 -0.000000 -0.000000
0.000000 -0.000000 0.000000 -0.000000 -0.000000
0.000000 -0.000000 0.000000 -0.000000 -0.000000
0.000000 -0.000000 0.000000 -0.000000 -0.000000
0.000000 -0.000000 0.000000 -0.000000 -0.000000
0.000000 -0.000000 0.000000 -0.000000 -0.000000
0.000000 -0.000000 0.000000 -0.000000 -0.000000
0.000000 -0.000000 0.000000 -0.000000 -0.000000
0.000000 -0.000000 0.000000 -0.000000 -0.000000
0.000000 -0.000000 0.000000 -0.000000 -0.000000
0.000000 -0.000000 0.000000 -0.000000 -0.000000
0.000000 -0.000000 0.000000 -0.000000 -0.000000
0.000040 0.000016 0.000000 0.000000 0.000000
0.000142 0.000056 0.000000 0.000000 0.000000
0.000007 0.000003 0.000000 0.000000 0.000000
0.000000 -0.000000 0.000000 -0.000000 -0.000000
0.000000 -0.000000 0.000000 -0.000000 -0.000000
0.000000 -0.000000 0.000000 -0.000000 -0.000000
0.000000 -0.000000 0.000000 -0.000000 -0.000000
0.000000 -0.000000 0.000000 -0.000000 -0.000000
0.000000 -0.000000 0.000000 -0.000000 -0.000000
0.000000 -0.000000 0.000000 -0.000000 -0.000000
0.000000 -0.000000 0.000000 -0.000000 -0.000000
0.000000 -0.000000 0.000000 -0.000000 -0.000000
0.000000 -0.000000 0.000000 -0.000000 -0.000000
0.000000 -0.000000 0.000000 -0.000000 -0.000000
0.000000 -0.000000 0.000000 -0.000000 -0.000000
0.000000 -0.000000 0.000000 -0.000000 -0.000000
0.000000 -0.000000 0.000000 -0.000000 -0.000000
0.000000 -0.000000 0.000000 -0.000000 -0.000000
0.000000 -0.000000 0.000000 -0.000000 -0.000000
0.000058 0.000000 0.000000 0.000004 0.000019
0.000124 0.000000 0.000000 0.000007 0.000041
0.000125 0.000000 0.000000 0.000066 0.000087
0.000184 0.000000 0.000000 0.000119 0.000136
0.000146 0.000000 0.000024 0.000134 0.000299
0.000314 0.000000 0.000031 0.000087 0.000676
0.000647 0.000000 0.000175 0.000115 0.000958
0.001349 0.000000 0.000000 0.000342 0.000857
0.001451 0.000000 0.000000 0.000290 0.001038
0.001208 0.000000 0.000000 0.000000 0.001596
0.001344 0.000000 0.000000 0.000000 0.001034
0.001011 0.000038 0.000000 0.000000 0.000430
0.000427 0.000000 0.000220 0.000000 0.000213
0.000338 0.000000 0.000440 0.000000 0.000190
0.000000 0.000000 0.000211 0.000000 0.000142
0.000000 0.000039 0.000147 0.000000 0.000086
0.000000 0.000006 0.000016 0.000000 0.000007
0.000000 -0.000000 0.000000 -0.000000 -0.000000
0.000000 -0.000000 0.000000 -0.000000 -0.000000
0.000000 -0.000000 0.000000 -0.000000 -0.000000
0.000000 -0.000000 0.000000 -0.000000 -0.000000
0.000000 -0.000000 0.000000 -0.000000 -0.000000
0.000012 0.000000 0.000000 0.000023 0.000015
0.000000 -0.000000 0.000000 -0.000000 -0.000000
0.000000 -0.000000 0.000000 -0.000000 -0.000000
0.000000 0.000000 0.000000 0.000000 0.000035
0.000092 0.000000 0.000006 0.000102 0.000068
0.000514 0.000000 0.000000 0.000565 0.000298
0.001380 0.000000 0.000000 0.002051 0.000684
0.001897 0.000000 0.000000 0.004751 0.001852
0.002554 0.000000 0.000000 0.009183 0.004862
0.002495 0.000000 0.000000 0.014306 0.011840
0.003331 0.000000 0.000000 0.016798 0.023935
0.002238 0.000000 0.000000 0.015226 0.042254
0.000000 0.000000 0.000000 0.010187 0.059649
0.000000 0.000000 0.002210 0.000000 0.071133
0.000000 0.000000 0.008419 0.000000 0.071449
0.000000 0.000000 0.014425 0.000000 0.056625
0.000186 0.000000 0.018474 0.000000 0.037547
0.003415 0.000000 0.018363 0.000000 0.020820
0.006235 0.000000 0.014877 0.000000 0.010504
0.007234 0.000000 0.009516 0.000000 0.004812
0.004335 0.000000 0.004348 0.000000 0.001338
0.001353 0.000000 0.002210 0.000000 0.000322
0.000488 0.000019 0.000589 0.000039 0.000040
0.000197 0.000121 0.000055 0.000000 0.000043
0.000142 0.000022 0.000012 0.000000 0.000047
0.000020 0.000004 0.000000 0.000000 0.000006
0.000000 -0.000000 0.000000 -0.000000 -0.000000
0.000000 -0.000000 0.000000 -0.000000 -0.000000
0.000000 -0.000000 0.000000 -0.000000 -0.000000
0.000000 -0.000000 0.000000 -0.000000 -0.000000
0.000049 0.000000 0.000000 0.000047 0.000000
0.000537 0.000000 0.000000 0.000461 0.000000
0.001396 0.000000 0.000000 0.002002 0.000034
0.002958 0.000000 0.000000 0.006044 0.000659
0.004665 0.000000 0.000000 0.015717 0.003212
0.005539 0.000000 0.000000 0.034219 0.008918
0.004625 0.000000 0.000000 0.054569 0.019707
0.000168 0.000000 0.000000 0.076774 0.043321
0.000000 0.000000 0.000000 0.085004 0.075051
0.000000 0.011335 0.000000 0.075450 0.108050
0.000000 0.032381 0.000000 0.053094 0.129300
0.000000 0.052222 0.014762 0.026041 0.132504
0.000000 0.064864 0.037446 0.000742 0.121165
0.000000 0.064035 0.061531 0.000000 0.097718
0.000000 0.052263 0.081114 0.000000 0.063642
0.000000 0.035045 0.085562 0.000000 0.033085
0.000000 0.016025 0.076633 0.000000 0.013417
0.004229 0.006235 0.057486 0.000000 0.002445
0.005856 0.002530 0.035505 0.000000 0.000000
0.002563 0.002114 0.016732 0.000000 0.000000
0.001099 0.001333 0.005331 0.000000 0.000000
0.000000 0.000945 0.001330 0.000000 0.000000
0.000000 0.000292 0.000296 0.000000 0.000000
0.000015 0.000008 0.000000 0.000000 0.000007
0.000000 -0.000000 0.000000 -0.000000 -0.000000
0.000000 -0.000000 0.000000 -0.000000 -0.000000
0.000000 -0.000000 0.000000 -0.000000 -0.000000
0.000000 -0.000000 0.000000 -0.000000 -0.000000
0.000520 0.000000 0.000046 0.000467 0.000000
0.001809 0.000000 0.000000 0.002562 0.000000
0.003887 0.000000 0.000000 0.009484 0.000000
0.005525 0.000000 0.000000 0.026518 0.001458
0.005028 0.000000 0.000000 0.057600 0.008049
0.000978 0.000000 0.000000 0.093321 0.017496
0.000000 0.000000 0.000000 0.121323 0.040632
0.000000 0.018723 0.000000 0.128328 0.072248
0.000000 0.047604 0.000000 0.108045 0.099532
0.000000 0.076513 0.001121 0.080964 0.105365
0.001223 0.094082 0.022609 0.059247 0.094673
0.018512 0.098383 0.044289 0.047776 0.080800
0.021431 0.098017 0.061012 0.034530 0.073028
0.008633 0.095600 0.076321 0.019149 0.068286
0.000000 0.089022 0.093856 0.001844 0.054125
0.000000 0.071303 0.108921 0.000000 0.033762
0.000000 0.046064 0.113834 0.000000 0.010862
0.000000 0.023564 0.103024 0.000000 0.000000
0.000000 0.010465 0.075809 0.000000 0.000000
0.000821 0.005327 0.042980 0.000000 0.000000
0.002106 0.002682 0.016560 0.000000 0.000000
0.001330 0.001283 0.004751 0.000000 0.000000
0.000500 0.000364 0.000792 0.000000 0.000000
0.000000 0.000085 0.000060 0.000018 0.000000
0.000000 -0.000000 0.000000 -0.000000 -0.000000
0.000000 -0.000000 0.000000 -0.000000 -0.000000
0.000000 -0.000000 0.000000 -0.000000 -0.000000
0.000055 0.000000 0.000000 0.000086 0.000000
0.000978 0.000000 0.000000 0.002371 0.000000
0.003623 0.000000 0.000000 0.009226 0.000000
0.005904 0.000000 0.000000 0.025717 0.000000
0.004172 0.000000 0.000000 0.061807 0.000888
0.000000 0.000000 0.000000 0.108506 0.006788
0.000000 0.003743 0.000000 0.143624 0.023188
0.000000 0.033046 0.000000 0.143240 0.049308
0.000000 0.071501 0.000000 0.106757 0.072433
0.000000 0.098204 0.010856 0.063014 0.072330
0.033737 0.104324 0.038088 0.036358 0.049616
0.071848 0.093649 0.060465 0.035674 0.019493
0.103040 0.078603 0.063644 0.046175 0.004606
0.111880 0.065804 0.056961 0.050710 0.013461
0.089278 0.066927 0.051528 0.045688 0.031252
0.051415 0.076582 0.055547 0.029943 0.043623
0.008516 0.081697 0.075496 0.009813 0.034594
0.000000 0.067022 0.103283 0.001705 0.013500
0.000000 0.041451 0.116517 0.003191 0.000000
0.000000 0.020366 0.100778 0.004417 0.000000
0.000000 0.008438 0.066302 0.002487 0.000000
0.005655 0.001698 0.030421 0.000859 0.000000
0.002055 0.000687 0.008581 0.000172 0.000000
0.000240 0.000579 0.001089 0.000363 0.000000
0.000000 0.000096 0.000058 0.000001 0.000000
0.000000 -0.000000 0.000000 -0.000000 -0.000000
0.000000 -0.000000 0.000000 -0.000000 -0.000000
0.000000 -0.000000 0.000000 -0.000000 -0.000000
0.000405 0.000000 0.000000 0.000919 0.000000
0.002670 0.000000 0.000000 0.005482 0.000000
0.004948 0.000000 0.000000 0.018452 0.000000
0.004769 0.000000 0.000000 0.047159 0.000000
0.000000 0.000000 0.000000 0.095265 0.000000
0.000000 0.004016 0.000000 0.141073 0.001899
0.000000 0.033055 0.000000 0.152073 0.021052
0.000000 0.074676 0.000000 0.107715 0.047783
0.000000 0.102600 0.013398 0.038025 0.059061
0.051197 0.099500 0.041273 0.000000 0.042514
0.108524 0.071591 0.066377 0.000000 0.010922
0.140792 0.042880 0.068846 0.005830 0.000000
0.158251 0.022824 0.047032 0.032130 0.000000
0.167993 0.013495 0.016824 0.048406 0.000000
0.148533 0.021350 0.000000 0.046492 0.034982
0.103001 0.047514 0.000000 0.031453 0.061433
0.032000 0.077618 0.030836 0.017317 0.050603
0.000000 0.077886 0.083215 0.015329 0.016455
0.000000 0.051910 0.121107 0.015799 0.000000
0.000000 0.026176 0.113581 0.012982 0.000000
0.001374 0.008425 0.078109 0.008630 0.000000
0.008376 0.000427 0.039036 0.004590 0.000000
0.002584 0.001075 0.010439 0.002063 0.000000
0.000412 0.000623 0.001143 0.000763 0.000000
0.000018 0.000165 0.000000 0.000102 0.000000
0.000000 -0.000000 0.000000 -0.000000 -0.000000
0.000000 -0.000000 0.000000 -0.000000 -0.000000
0.000000 -0.000000 0.000000 -0.000000 -0.000000
0.000859 0.000000 0.000000 0.001324 0.000000
0.002800 0.000000 0.000000 0.008281 0.000000
0.004129 0.000000 0.000000 0.026431 0.000000
0.003302 0.000000 0.000000 0.062996 0.000000
0.000000 0.000000 0.000308 0.115102 0.000000
0.000000 0.019241 0.000000 0.155555 0.000000
0.000000 0.057143 0.000000 0.136603 0.014491
0.000000 0.093235 0.006759 0.058437 0.046236
0.036195 0.094822 0.026956 0.000000 0.062056
0.105265 0.062002 0.055700 0.000000 0.046635
0.146811 0.019393 0.068784 0.000000 0.016127
0.147359 0.000000 0.053818 0.000000 0.000000
0.145293 0.000000 0.016027 0.021628 0.000959
0.160253 0.000000 0.000000 0.031361 0.031797
0.153699 0.004437 0.000000 0.023616 0.072769
0.099412 0.043257 0.000000 0.015987 0.086782
0.017353 0.081772 0.023554 0.019351 0.057466
0.000000 0.082851 0.090409 0.028212 0.008585
0.000000 0.052140 0.127837 0.030929 0.000000
0.000000 0.023882 0.112498 0.022828 0.000000
0.006917 0.005853 0.075575 0.014908 0.000000
0.008941 0.000834 0.035642 0.006930 0.000000
0.003365 0.000918 0.009572 0.002470 0.000000
0.000733 0.000393 0.001229 0.000585 0.000000
0.000000 0.000096 0.000096 0.000041 0.000000
0.000000 -0.000000 0.000000 -0.000000 -0.000000
0.000000 -0.000000 0.000000 -0.000000 -0.000000
0.000000 -0.000000 0.000000 -0.000000 -0.000000
0.000630 0.000000 0.000000 0.001124 0.000000
0.002605 0.000000 0.000000 0.009222 0.000000
0.003407 0.000000 0.000000 0.028433 0.000000
0.002297 0.000000 0.002042 0.069105 0.000000
0.000000 0.004456 0.003035 0.120780 0.000000
0.000000 0.028831 0.001430 0.155023 0.000000
0.000000 0.067264 0.000538 0.127015 0.000404
0.007002 0.092741 0.008183 0.037202 0.041975
0.060643 0.077385 0.028679 0.000000 0.075719
0.122176 0.030132 0.051028 0.000000 0.075400
0.140693 0.000000 0.055068 0.000000 0.051328
0.125917 0.000000 0.031276 0.000000 0.034319
0.129394 0.000000 0.000000 0.014219 0.047432
0.146630 0.000000 0.000000 0.010216 0.084382
0.125371 0.019738 0.000000 0.000000 0.108496
0.054819 0.066154 0.000000 0.007238 0.089227
0.000000 0.093238 0.061827 0.028132 0.035579
0.000000 0.077911 0.115764 0.039910 0.000000
0.000000 0.042355 0.127452 0.038952 0.000000
0.000000 0.015813 0.096189 0.027240 0.000000
0.009025 0.003182 0.055392 0.016011 0.000000
0.007383 0.001164 0.024063 0.008829 0.000000
0.002351 0.000844 0.007236 0.003120 0.000000
0.000485 0.000177 0.000907 0.000443 0.000000
0.000084 0.000000 0.000066 0.000028 0.000000
0.000000 -0.000000 0.000000 -0.000000 -0.000000
0.000000 -0.000000 0.000000 -0.000000 -0.000000
0.000000 -0.000000 0.000000 -0.000000 -0.000000
0.000153 0.000000 0.000000 0.000333 0.000020
0.002091 0.000000 0.000000 0.007809 0.000000
0.002916 0.000000 0.000504 0.026032 0.000000
0.000774 0.000000 0.003996 0.064317 0.000000
0.000000 0.005611 0.005861 0.112779 0.000000
0.000000 0.029917 0.005124 0.149033 0.000000
0.000000 0.066599 0.003701 0.129789 0.000000
0.016290 0.088472 0.005894 0.055003 0.025707
0.060475 0.072635 0.023384 0.000000 0.072824
0.108729 0.025203 0.039934 0.000000 0.103343
0.123937 0.000000 0.040810 0.000000 0.103232
0.117000 0.000000 0.016159 0.000000 0.094267
0.124091 0.000000 0.000000 0.006204 0.110143
0.120763 0.007514 0.000000 0.000000 0.125807
0.067414 0.057632 0.002378 0.000000 0.107021
0.000000 0.093698 0.059004 0.021631 0.050930
0.000000 0.090459 0.110949 0.046851 0.000000
0.000000 0.056126 0.126656 0.049820 0.000000
0.000000 0.023641 0.103078 0.040376 0.000000
0.004112 0.006568 0.063567 0.024905 0.000000
0.010011 0.000105 0.031855 0.013741 0.000000
0.006410 0.000000 0.014232 0.007365 0.000000
0.001941 0.000267 0.003686 0.002172 0.000000
0.000708 0.000000 0.000613 0.000357 0.000000
0.000056 0.000000 0.000018 0.000020 0.000000
0.000000 -0.000000 0.000000 -0.000000 -0.000000
0.000000 -0.000000 0.000000 -0.000000 -0.000000
0.000000 -0.000000 0.000000 -0.000000 -0.000000
0.000038 0.000000 0.000000 0.000042 0.000094
0.001390 0.000000 0.000000 0.004767 0.000000
0.002256 0.000000 0.001147 0.019085 0.000000
0.000164 0.000000 0.005071 0.050624 0.000000
0.000000 0.003914 0.009180 0.091800 0.000000
0.000000 0.023083 0.009940 0.132219 0.000000
0.000000 0.055519 0.008782 0.137120 0.000000
0.006845 0.082602 0.012193 0.095575 0.000000
0.040357 0.078581 0.023890 0.034083 0.045070
0.083387 0.040263 0.035986 0.000000 0.105369
0.104841 0.000000 0.035938 0.000000 0.143824
0.110915 0.000000 0.017100 0.000000 0.154127
0.108409 0.000000 0.004907 0.004508 0.152802
0.072009 0.049963 0.026289 0.008426 0.120381
0.011904 0.089628 0.071988 0.027700 0.057259
0.000000 0.092370 0.111671 0.056913 0.000000
0.000000 0.060669 0.123386 0.066162 0.000000
0.000000 0.027025 0.100694 0.053717 0.000000
0.000000 0.007303 0.063346 0.036224 0.000000
0.006747 0.000000 0.033890 0.018898 0.000000
0.008055 0.000000 0.016717 0.009390 0.000000
0.003899 0.000000 0.006800 0.004044 0.000000
0.001258 0.000033 0.001908 0.001331 0.000000
0.000640 0.000000 0.000517 0.000258 0.000000
0.000000 0.000044 0.000027 0.000000 0.000000
0.000000 -0.000000 0.000000 -0.000000 -0.000000
0.000000 -0.000000 0.000000 -0.000000 -0.000000
0.000000 -0.000000 0.000000 -0.000000 -0.000000
0.000016 0.000000 0.000000 0.000006 0.000016
0.000447 0.000000 0.000003 0.002019 0.000000
0.000541 0.000000 0.001651 0.010651 0.000000
0.000000 0.000000 0.005082 0.031380 0.000000
0.000000 0.001507 0.009905 0.064877 0.000000
0.000000 0.012044 0.013973 0.104536 0.000000
0.000000 0.036071 0.018764 0.129452 0.000000
0.000000 0.064728 0.028406 0.125399 0.000000
0.016941 0.077300 0.038167 0.088813 0.017555
0.059838 0.059265 0.047442 0.040445 0.087051
0.092567 0.028882 0.045222 0.013857 0.142271
0.100286 0.020882 0.037653 0.012641 0.157367
0.084480 0.048378 0.049862 0.020673 0.131345
0.030911 0.082824 0.080611 0.043110 0.071625
0.000000 0.086358 0.106282 0.071344 0.005805
0.000000 0.056612 0.109991 0.085140 0.000000
0.000000 0.022789 0.087800 0.072252 0.000000
0.000000 0.003377 0.056992 0.049872 0.000000
0.000000 0.000000 0.032981 0.028524 0.000000
0.001032 0.000000 0.017755 0.015632 0.000000
0.000712 0.000000 0.009030 0.008281 0.000000
0.000847 0.000000 0.003521 0.002794 0.000000
0.000792 0.000000 0.000996 0.000758 0.000000
0.000407 0.000000 0.000230 0.000000 0.000000
0.000018 0.000000 0.000015 0.000000 0.000006
0.000000 -0.000000 0.000000 -0.000000 -0.000000
0.000000 -0.000000 0.000000 -0.000000 -0.000000
0.000000 -0.000000 0.000000 -0.000000 -0.000000
0.000000 -0.000000 0.000000 -0.000000 -0.000000
0.000278 0.000000 0.000000 0.000304 0.000020
0.000830 0.000000 0.001049 0.004949 0.000000
0.001032 0.000000 0.003324 0.015476 0.000000
0.000000 0.000000 0.009581 0.038973 0.000000
0.000000 0.002086 0.017077 0.070861 0.000000
0.000000 0.012873 0.030138 0.101124 0.000000
0.000000 0.033005 0.050718 0.115657 0.000000
0.007294 0.054328 0.069289 0.103893 0.023546
0.050327 0.064631 0.071792 0.066263 0.073414
0.086263 0.067066 0.062766 0.038733 0.108008
0.090430 0.072407 0.061976 0.036170 0.107921
0.066044 0.085821 0.071077 0.046298 0.084693
0.019741 0.080449 0.081935 0.073830 0.046316
0.000000 0.046733 0.081830 0.096997 0.012028
0.000000 0.014566 0.067029 0.092654 0.000000
0.000000 0.000000 0.045306 0.069189 0.000000
0.000000 0.000000 0.030304 0.045669 0.000000
0.000000 0.000000 0.019388 0.029029 0.000000
0.000000 0.000000 0.012183 0.016667 0.000000
0.000000 0.000000 0.006036 0.008372 0.000000
0.000000 0.000000 0.002029 0.002835 0.000000
0.000000 0.000000 0.000647 0.000763 0.000000
0.000020 0.000000 0.000014 0.000000 0.000000
0.000000 -0.000000 0.000000 -0.000000 -0.000000
0.000000 -0.000000 0.000000 -0.000000 -0.000000
0.000000 -0.000000 0.000000 -0.000000 -0.000000
0.000000 -0.000000 0.000000 -0.000000 -0.000000
0.000000 -0.000000 0.000000 -0.000000 -0.000000
0.000189 0.000000 0.000000 0.000180 0.000007
0.000862 0.000000 0.001050 0.002233 0.000000
0.000725 0.000000 0.004608 0.008929 0.000000
0.000000 0.000000 0.012744 0.024090 0.000000
0.000000 0.000000 0.028397 0.046493 0.001682
0.000000 0.000000 0.054505 0.067160 0.014847
0.000000 0.000000 0.087252 0.077615 0.037741
0.011106 0.027205 0.104182 0.070361 0.061258
0.054621 0.070419 0.087695 0.050945 0.072611
0.091361 0.098263 0.067393 0.042060 0.061697
0.095291 0.107714 0.060706 0.043110 0.046413
0.071441 0.099911 0.049283 0.051378 0.049306
0.030636 0.062442 0.038701 0.073788 0.058658
0.003042 0.015464 0.032805 0.090140 0.054700
0.000000 0.000000 0.027838 0.087477 0.035827
0.000000 0.000000 0.025229 0.073242 0.016785
0.000000 0.000000 0.019413 0.052475 0.006261
0.000000 0.000000 0.014821 0.034730 0.001955
0.000000 0.000000 0.010300 0.021758 0.001089
0.000000 0.000000 0.005449 0.011157 0.000237
0.000000 0.000000 0.001818 0.003595 0.000066
0.000000 0.000000 0.000373 0.000845 0.000267
0.000000 -0.000000 0.000000 -0.000000 -0.000000
0.000000 -0.000000 0.000000 -0.000000 -0.000000
0.000000 -0.000000 0.000000 -0.000000 -0.000000
0.000000 -0.000000 0.000000 -0.000000 -0.000000
0.000000 -0.000000 0.000000 -0.000000 -0.000000
0.000000 -0.000000 0.000000 -0.000000 -0.000000
0.000000 0.000000 0.000131 0.000219 0.000020
0.000213 0.000000 0.002381 0.002131 0.000000
0.000000 0.000000 0.009385 0.008350 0.000027
0.000000 0.000000 0.026687 0.019377 0.004693
0.000000 0.000000 0.056521 0.032636 0.020040
0.000000 0.000000 0.095291 0.040363 0.049499
0.000000 0.000000 0.124571 0.038950 0.078668
0.022045 0.035884 0.112936 0.025373 0.084451
0.079794 0.089487 0.069931 0.022330 0.054009
0.116747 0.115486 0.043778 0.031800 0.008004
0.117751 0.117515 0.037510 0.031161 0.000000
0.086711 0.102681 0.016746 0.028839 0.020686
0.047730 0.061245 0.000000 0.041878 0.069916
0.015722 0.013375 0.000000 0.065110 0.084637
0.000000 0.000000 0.006137 0.079672 0.064768
0.000000 0.000000 0.012936 0.080374 0.032334
0.000000 0.000000 0.014265 0.065031 0.013223
0.000000 0.000000 0.012862 0.043697 0.004474
0.000000 0.000000 0.011032 0.028002 0.001641
0.000000 0.000000 0.006745 0.015445 0.000924
0.000000 0.000000 0.002221 0.004990 0.000333
0.000000 0.000000 0.000280 0.000654 0.000219
0.000000 -0.000000 0.000000 -0.000000 -0.000000
0.000000 -0.000000 0.000000 -0.000000 -0.000000
0.000000 -0.000000 0.000000 -0.000000 -0.000000
0.000000 -0.000000 0.000000 -0.000000 -0.000000
0.000000 -0.000000 0.000000 -0.000000 -0.000000
0.000028 0.000000 0.000032 0.000000 0.000000
0.000000 0.000000 0.000522 0.000288 0.000082
0.000000 0.000000 0.005849 0.002828 0.000000
0.000000 0.000000 0.021784 0.008684 0.001581
0.000000 0.000000 0.055462 0.017064 0.011782
0.000000 0.000000 0.103055 0.023372 0.037081
0.000000 0.000000 0.140794 0.019561 0.071987
0.000000 0.019239 0.130760 0.009210 0.091887
0.041795 0.075671 0.072801 0.002114 0.069778
0.112851 0.107299 0.018641 0.016446 0.015416
0.148827 0.100942 0.014179 0.031497 0.000000
0.133357 0.096564 0.026940 0.016834 0.000000
0.093305 0.100330 0.004979 0.000000 0.000000
0.051119 0.076345 0.000000 0.002120 0.059885
0.019008 0.030967 0.000000 0.033873 0.092653
0.000684 0.000000 0.000000 0.069254 0.081660
0.000000 0.000000 0.003691 0.086682 0.045602
0.000000 0.000000 0.010700 0.077604 0.019634
0.000000 0.000000 0.011402 0.055360 0.006917
0.000000 0.000000 0.010954 0.036354 0.001873
0.000000 0.000000 0.007332 0.019350 0.001111
0.000000 0.000000 0.002741 0.006796 0.000317
0.000000 0.000000 0.000157 0.000328 0.000077
0.000000 0.000000 0.000056 0.000000 0.000047
0.000000 -0.000000 0.000000 -0.000000 -0.000000
0.000000 -0.000000 0.000000 -0.000000 -0.000000
0.000000 -0.000000 0.000000 -0.000000 -0.000000
0.000000 -0.000000 0.000000 -0.000000 -0.000000
0.000010 0.000000 0.000035 0.000000 0.000009
0.000096 0.000000 0.001241 0.000198 0.000274
0.000440 0.000000 0.013829 0.004113 0.000000
0.000000 0.000000 0.042339 0.009390 0.002434
0.000000 0.000000 0.093546 0.013351 0.017164
0.000000 0.000000 0.145061 0.012357 0.047463
0.000000 0.008256 0.149579 0.003113 0.080446
0.000000 0.064246 0.088594 0.000000 0.082421
0.068255 0.102750 0.007180 0.006133 0.041117
0.144136 0.088572 0.000000 0.031775 0.000000
0.162352 0.058395 0.006271 0.036908 0.000000
0.135838 0.061003 0.034915 0.003413 0.000000
0.092840 0.091394 0.013757 0.000000 0.000000
0.047446 0.090784 0.000000 0.000000 0.047460
0.014341 0.051484 0.000000 0.007496 0.087521
0.000787 0.007424 0.000000 0.059635 0.085381
0.000000 0.000000 0.000000 0.090832 0.053362
0.000000 0.000000 0.007816 0.088678 0.024410
0.000000 0.000000 0.010899 0.065742 0.008319
0.000000 0.000000 0.009963 0.043547 0.002328
0.000000 0.000000 0.006906 0.021367 0.000816
0.000000 0.000000 0.002328 0.006059 0.000141
0.000000 0.000000 0.000146 0.000387 0.000000
0.000000 0.000000 0.000024 0.000000 0.000020
0.000000 -0.000000 0.000000 -0.000000 -0.000000
0.000000 -0.000000 0.000000 -0.000000 -0.000000
0.000000 -0.000000 0.000000 -0.000000 -0.000000
0.000000 -0.000000 0.000000 -0.000000 -0.000000
0.000000 0.000000 0.000159 0.000000 0.000138
0.000390 0.000000 0.003262 0.000000 0.000434
0.002982 0.000000 0.024023 0.004073 0.000000
0.001124 0.000000 0.067017 0.008289 0.002703
0.000000 0.000000 0.129256 0.009430 0.019031
0.000000 0.000000 0.162183 0.000602 0.050394
0.000000 0.043954 0.121015 0.000000 0.078011
0.007489 0.092095 0.027317 0.000000 0.068247
0.098232 0.092368 0.000000 0.021992 0.026730
0.164760 0.047567 0.000000 0.046387 0.000000
0.163922 0.016507 0.018974 0.034747 0.000000
0.131004 0.035182 0.049034 0.000000 0.000000
0.089089 0.079427 0.024719 0.000000 0.000167
0.041013 0.093913 0.000000 0.000000 0.050624
0.006515 0.063397 0.000000 0.000000 0.085179
0.000000 0.017930 0.000000 0.061004 0.083627
0.000000 0.000000 0.000000 0.101768 0.053715
0.000000 0.000000 0.006951 0.101168 0.023784
0.000000 0.000000 0.010556 0.074381 0.008501
0.000000 0.000000 0.008868 0.045563 0.001377
0.000000 0.000000 0.005169 0.021503 0.000000
0.000000 0.000000 0.001423 0.004411 0.000000
0.000000 0.000000 0.000056 0.000170 0.000000
0.000000 -0.000000 0.000000 -0.000000 -0.000000
0.000000 -0.000000 0.000000 -0.000000 -0.000000
0.000000 -0.000000 0.000000 -0.000000 -0.000000
0.000000 -0.000000 0.000000 -0.000000 -0.000000
0.000000 -0.000000 0.000000 -0.000000 -0.000000
0.000000 0.000000 0.000249 0.000000 0.000152
0.000733 0.000000 0.004392 0.000034 0.000341
0.005203 0.000000 0.032117 0.002609 0.000000
0.000697 0.000000 0.087384 0.005602 0.000000
0.000000 0.000000 0.149294 0.004739 0.014890
0.000000 0.016461 0.158245 0.000000 0.046248
0.000000 0.063570 0.087482 0.000000 0.074993
0.025088 0.091028 0.000000 0.005769 0.069745
0.113598 0.062074 0.000000 0.035882 0.035101
0.173621 0.011556 0.000000 0.049151 0.001945
0.166661 0.000000 0.035379 0.027413 0.000000
0.124535 0.028674 0.057576 0.000000 0.000000
0.077058 0.076322 0.027840 0.000000 0.029600
0.026242 0.090246 0.000000 0.000000 0.071568
0.000000 0.061144 0.000000 0.014402 0.092705
0.000000 0.017155 0.000000 0.083321 0.080789
0.000000 0.000000 0.000000 0.120347 0.045824
0.000000 0.000000 0.006522 0.110119 0.017514
0.000000 0.000000 0.008000 0.074428 0.005501
0.000000 0.000000 0.005965 0.040659 0.000000
0.000000 0.000000 0.002638 0.016349 0.000000
0.000000 0.000000 0.000815 0.002800 0.000000
0.000000 0.000060 0.000085 0.000135 0.000000
0.000000 -0.000000 0.000000 -0.000000 -0.000000
0.000000 -0.000000 0.000000 -0.000000 -0.000000
0.000000 -0.000000 0.000000 -0.000000 -0.000000
0.000000 -0.000000 0.000000 -0.000000 -0.000000
0.000000 -0.000000 0.000000 -0.000000 -0.000000
0.000000 0.000000 0.000175 0.000033 0.000007
0.000612 0.000000 0.004017 0.000000 0.000218
0.006125 0.000000 0.034995 0.001111 0.000000
0.001987 0.000000 0.095412 0.001759 0.000000
0.000000 0.000000 0.151736 0.000000 0.006692
0.000000 0.024817 0.156636 0.000000 0.034942
0.000000 0.062424 0.092772 0.000000 0.071076
0.016689 0.075253 0.021062 0.004251 0.086731
0.100711 0.041030 0.000000 0.029628 0.075418
0.156981 0.005564 0.023427 0.039857 0.052412
0.150998 0.007306 0.053290 0.021632 0.042023
0.101536 0.042031 0.052935 0.000000 0.053467
0.050087 0.076446 0.017532 0.000000 0.078492
0.006553 0.078384 0.000000 0.003117 0.099652
0.000000 0.044527 0.000000 0.068511 0.095244
0.000000 0.008885 0.000000 0.123554 0.064791
0.000000 0.000000 0.000000 0.135814 0.028736
0.000000 0.000000 0.002879 0.107453 0.007722
0.002183 0.000000 0.003131 0.062195 0.000000
0.001551 0.000000 0.002433 0.030449 0.000000
0.000796 0.000000 0.000859 0.010030 0.000000
0.000000 0.000000 0.000320 0.001180 0.000000
0.000000 0.000072 0.000024 0.000035 0.000000
0.000000 -0.000000 0.000000 -0.000000 -0.000000
0.000000 -0.000000 0.000000 -0.000000 -0.000000
0.000000 -0.000000 0.000000 -0.000000 -0.000000
0.000000 -0.000000 0.000000 -0.000000 -0.000000
0.000000 -0.000000 0.000000 -0.000000 -0.000000
0.000000 0.000002 0.000235 0.000099 0.000000
0.000067 0.000000 0.002859 0.000265 0.000000
0.004917 0.000000 0.027593 0.000000 0.000000
0.004055 0.000000 0.084247 0.000000 0.000000
0.000000 0.000181 0.139596 0.000000 0.000000
0.000000 0.024897 0.161643 0.000000 0.014090
0.000000 0.057117 0.132988 0.000000 0.047353
0.000000 0.074764 0.090291 0.000000 0.080577
0.043861 0.064873 0.063733 0.008198 0.099340
0.086778 0.050691 0.057190 0.024355 0.100108
0.086085 0.056193 0.048759 0.025536 0.098081
0.053042 0.074656 0.023345 0.026978 0.101654
0.016129 0.082100 0.000000 0.043661 0.105824
0.000000 0.060207 0.000000 0.085048 0.096418
0.000000 0.025597 0.000000 0.131236 0.067721
0.000000 0.000000 0.000000 0.147876 0.031192
0.005041 0.000000 0.000000 0.124476 0.006192
0.009496 0.000000 0.000000 0.080168 0.000000
0.008245 0.000000 0.000000 0.041568 0.000000
0.004382 0.000000 0.000000 0.018164 0.000000
0.001661 0.000000 0.000037 0.004637 0.000000
0.000270 0.000025 0.000000 0.000549 0.000000
0.000000 0.000089 0.000041 0.000008 0.000000
0.000000 -0.000000 0.000000 -0.000000 -0.000000
0.000000 -0.000000 0.000000 -0.000000 -0.000000
0.000000 -0.000000 0.000000 -0.000000 -0.000000
0.000000 -0.000000 0.000000 -0.000000 -0.000000
0.000000 -0.000000 0.000000 -0.000000 -0.000000
0.000000 0.000000 0.000116 0.000060 0.000000
0.000000 0.000000 0.001377 0.000329 0.000000
0.002081 0.000000 0.013929 0.000000 0.000000
0.005509 0.000000 0.050362 0.000000 0.000000
0.001118 0.002721 0.100749 0.000000 0.000000
0.000000 0.021624 0.140411 0.000000 0.000000
0.000000 0.053418 0.148069 0.000000 0.008481
0.000000 0.083922 0.128127 0.000000 0.033045
0.000000 0.104490 0.094366 0.000000 0.060675
0.001522 0.109968 0.055282 0.012574 0.082511
0.011875 0.107425 0.016153 0.039775 0.092321
0.011403 0.097492 0.000000 0.070614 0.087415
0.011265 0.073472 0.000000 0.106027 0.071551
0.014675 0.041075 0.000000 0.133445 0.045325
0.015536 0.012200 0.000000 0.141474 0.017865
0.015920 0.000000 0.000000 0.117469 0.000000
0.016632 0.000000 0.000000 0.078117 0.000000
0.012838 0.000000 0.000000 0.043167 0.000000
0.007210 0.000000 0.000000 0.020435 0.000000
0.003358 0.000000 0.000000 0.007451 0.000000
0.000902 0.000000 0.000000 0.001589 0.000000
0.000243 0.000000 0.000000 0.000138 0.000000
0.000011 0.000006 0.000000 0.000005 0.000000
0.000000 -0.000000 0.000000 -0.000000 -0.000000
0.000000 -0.000000 0.000000 -0.000000 -0.000000
0.000000 -0.000000 0.000000 -0.000000 -0.000000
0.000000 -0.000000 0.000000 -0.000000 -0.000000
0.000000 -0.000000 0.000000 -0.000000 -0.000000
0.000000 -0.000000 0.000000 -0.000000 -0.000000
0.000001 0.000000 0.000210 0.000031 0.000000
0.000908 0.000000 0.003007 0.000000 0.000000
0.003667 0.000000 0.015903 0.000000 0.000000
0.004241 0.002279 0.039857 0.000000 0.000000
0.000001 0.012717 0.068524 0.000000 0.000000
0.000000 0.035357 0.084932 0.000000 0.000000
0.000000 0.065124 0.081305 0.000000 0.000000
0.000000 0.091686 0.055045 0.000000 0.000000
0.000000 0.105270 0.018667 0.010884 0.000000
0.000000 0.099274 0.000000 0.040878 0.002697
0.008390 0.075933 0.000000 0.069504 0.002791
0.019677 0.045160 0.000000 0.087331 0.000000
0.021587 0.020125 0.000000 0.089537 0.000000
0.016182 0.004997 0.000000 0.072851 0.000000
0.013466 0.000000 0.000000 0.047609 0.000000
0.011184 0.000000 0.000000 0.027464 0.000000
0.006178 0.000000 0.000000 0.013334 0.000000
0.002573 0.000000 0.000000 0.004860 0.000000
0.000667 0.000000 0.000000 0.001462 0.000000
0.000031 0.000000 0.000000 0.000139 0.000000
0.000000 -0.000000 0.000000 -0.000000 -0.000000
0.000000 -0.000000 0.000000 -0.000000 -0.000000
0.000000 -0.000000 0.000000 -0.000000 -0.000000
0.000000 -0.000000 0.000000 -0.000000 -0.000000
0.000000 -0.000000 0.000000 -0.000000 -0.000000
0.000000 -0.000000 0.000000 -0.000000 -0.000000
0.000000 -0.000000 0.000000 -0.000000 -0.000000
0.000000 -0.000000 0.000000 -0.000000 -0.000000
0.000000 -0.000000 0.000000 -0.000000 -0.000000
0.000121 0.000000 0.000179 0.000000 0.000000
0.000712 0.000000 0.001415 0.000000 0.000000
0.001604 0.000074 0.003200 0.000000 0.000000
0.002761 0.001185 0.005082 0.000023 0.000000
0.004079 0.003250 0.006153 0.000232 0.000000
0.005995 0.006631 0.005371 0.001118 0.000000
0.006801 0.009843 0.001829 0.003202 0.000000
0.007869 0.011415 0.000000 0.005644 0.000000
0.010856 0.011422 0.000000 0.008550 0.000000
0.012087 0.010014 0.000000 0.010932 0.000000
0.011192 0.006373 0.000000 0.011762 0.000000
0.008865 0.002557 0.000000 0.010241 0.000000
0.006007 0.000636 0.000000 0.007742 0.000000
0.003625 0.000129 0.000000 0.004663 0.000000
0.002254 0.000000 0.000000 0.002512 0.000000
0.001228 0.000000 0.000000 0.001082 0.000000
0.000205 0.000000 0.000000 0.000160 0.000000
0.000004 0.000000 0.000000 0.000003 0.000000
0.000000 -0.000000 0.000000 -0.000000 -0.000000
0.000000 -0.000000 0.000000 -0.000000 -0.000000
0.000000 -0.000000 0.000000 -0.000000 -0.000000
0.000000 -0.000000 0.000000 -0.000000 -0.000000
0.000000 -0.000000 0.000000 -0.000000 -0.000000
0.000000 -0.000000 0.000000 -0.000000 -0.000000
0.000000 -0.000000 0.000000 -0.000000 -0.000000
0.000000 -0.000000 0.000000 -0.000000 -0.000000
0.000000 -0.000000 0.000000 -0.000000 -0.000000
0.000000 -0.000000 0.000000 -0.000000 -0.000000
0.000000 -0.000000 0.000000 -0.000000 -0.000000
0.000000 -0.000000 0.000000 -0.000000 -0.000000
0.000000 -0.000000 0.000000 -0.000000 -0.000000
0.000077 0.000002 0.000012 0.000000 0.000000
0.000153 0.000035 0.000007 0.000019 0.000000
0.000275 0.000089 0.000000 0.000042 0.000000
0.000528 0.000261 0.000000 0.000143 0.000000
0.000552 0.000219 0.000000 0.000135 0.000000
0.000515 0.000115 0.000015 0.000247 0.000000
0.000410 0.000015 0.000023 0.000263 0.000000
0.000077 0.000000 0.000004 0.000053 0.000000
0.000075 0.000000 0.000000 0.000040 0.000000
0.000024 0.000000 0.000000 0.000013 0.000000
0.000000 -0.000000 0.000000 -0.000000 -0.000000
0.000000 -0.000000 0.000000 -0.000000 -0.000000
0.000000 -0.000000 0.000000 -0.000000 -0.000000
0.000017 0.000004 0.000000 0.000000 0.000001
0.000028 0.000006 0.000000 0.000000 0.000002
0.000022 0.000005 0.000000 0.000000 0.000002
0.000000 -0.000000 0.000000 -0.000000 -0.000000
0.000000 -0.000000 0.000000 -0.000000 -0.000000
0.000000 -0.000000 0.000000 -0.000000 -0.000000
0.000000 -0.000000 0.000000 -0.000000 -0.000000
0.000000 -0.000000 0.000000 -0.000000 -0.000000
0.000000 -0.000000 0.000000 -0.000000 -0.000000
0.000000 -0.000000 0.000000 -0.000000 -0.000000
0.000000 -0.000000 0.000000 -0.000000 -0.000000
0.000000 -0.000000 0.000000 -0.000000 -0.000000
0.000000 -0.000000 0.000000 -0.000000 -0.000000
0.000000 -0.000000 0.000000 -0.000000 -0.000000
0.000000 -0.000000 0.000000 -0.000000 -0.000000
0.000000 -0.000000 0.000000 -0.000000 -0.000000
0.000000 -0.000000 0.000000 -0.000000 -0.000000
0.000000 -0.000000 0.000000 -0.000000 -0.000000
0.000000 -0.000000 0.000000 -0.000000 -0.000000
0.000000 -0.000000 0.000000 -0.000000 -0.000000
0.000000 -0.000000 0.000000 -0.000000 -0.000000
0.000000 -0.000000 0.000000 -0.000000 -0.000000
0.000000 -0.000000 0.000000 -0.000000 -0.000000
0.000000 -0.000000 0.000000 -0.000000 -0.000000
0.000000 -0.000000 0.000000 -0.000000 -0.000000
0.000000 -0.000000 0.000000 -0.000000 -0.000000
0.000000 -0.000000 0.000000 -0.000000 -0.000000
0.000000 -0.000000 0.000000 -0.000000 -0.000000
0.000000 -0.000000 0.000000 -0.000000 -0.000000
0.000000 -0.000000 0.000000 -0.000000 -0.000000
0.000000 -0.000000 0.000000 -0.000000 -0.000000
0.000000 -0.000000 0.000000 -0.000000 -0.000000
0.000000 -0.000000 0.000000 -0.000000 -0.000000
0.000000 -0.000000 0.000000 -0.000000 -0.000000
0.000000 -0.000000 0.000000 -0.000000 -0.000000
