0.000000000000000000e+00 0.000000000000000000e+00 -0.000000000000000000e+00 0.000000000000000000e+00 -0.000000000000000000e+00
0.000000000000000000e+00 0.000000000000000000e+00 -0.000000000000000000e+00 0.000000000000000000e+00 -0.000000000000000000e+00
0.000000000000000000e+00 0.000000000000000000e+00 -0.000000000000000000e+00 0.000000000000000000e+00 -0.000000000000000000e+00
0.000000000000000000e+00 0.000000000000000000e+00 -0.000000000000000000e+00 0.000000000000000000e+00 -0.000000000000000000e+00
0.000000000000000000e+00 0.000000000000000000e+00 -0.000000000000000000e+00 0.000000000000000000e+00 -0.000000000000000000e+00
0.000000000000000000e+00 0.000000000000000000e+00 -0.000000000000000000e+00 0.000000000000000000e+00 -0.000000000000000000e+00
0.000000000000000000e+00 0.000000000000000000e+00 -0.000000000000000000e+00 0.000000000000000000e+00 -0.000000000000000000e+00
0.000000000000000000e+00 0.000000000000000000e+00 -0.000000000000000000e+00 0.000000000000000000e+00 -0.000000000000000000e+00
0.000000000000000000e+00 0.000000000000000000e+00 -0.000000000000000000e+00 0.000000000000000000e+00 -0.000000000000000000e+00
0.000000000000000000e+00 0.000000000000000000e+00 -0.000000000000000000e+00 0.000000000000000000e+00 -0.000000000000000000e+00
0.000000000000000000e+00 0.000000000000000000e+00 -0.000000000000000000e+00 0.000000000000000000e+00 -0.000000000000000000e+00
0.000000000000000000e+00 0.000000000000000000e+00 -0.000000000000000000e+00 0.000000000000000000e+00 -0.000000000000000000e+00
0.000000000000000000e+00 0.000000000000000000e+00 -0.000000000000000000e+00 0.000000000000000000e+00 -0.000000000000000000e+00
0.000000000000000000e+00 0.000000000000000000e+00 -0.000000000000000000e+00 0.000000000000000000e+00 -0.000000000000000000e+00
0.000000000000000000e+00 0.000000000000000000e+00 -0.000000000000000000e+00 0.000000000000000000e+00 -0.000000000000000000e+00
0.000000000000000000e+00 0.000000000000000000e+00 -0.000000000000000000e+00 0.000000000000000000e+00 -0.000000000000000000e+00
0.000000000000000000e+00 0.000000000000000000e+00 -0.000000000000000000e+00 0.000000000000000000e+00 -0.000000000000000000e+00
0.000000000000000000e+00 0.000000000000000000e+00 -0.000000000000000000e+00 0.000000000000000000e+00 -0.000000000000000000e+00
0.000000000000000000e+00 0.000000000000000000e+00 -0.000000000000000000e+00 0.000000000000000000e+00 -0.000000000000000000e+00
0.000000000000000000e+00 0.000000000000000000e+00 -0.000000000000000000e+00 0.000000000000000000e+00 -0.000000000000000000e+00
0.000000000000000000e+00 0.000000000000000000e+00 -0.000000000000000000e+00 0.000000000000000000e+00 -0.000000000000000000e+00
0.000000000000000000e+00 0.000000000000000000e+00 -0.000000000000000000e+00 0.000000000000000000e+00 -0.000000000000000000e+00
0.000000000000000000e+00 0.000000000000000000e+00 -0.000000000000000000e+00 0.000000000000000000e+00 -0.000000000000000000e+00
0.000000000000000000e+00 0.000000000000000000e+00 -0.000000000000000000e+00 0.000000000000000000e+00 -0.000000000000000000e+00
0.000000000000000000e+00 0.000000000000000000e+00 -0.000000000000000000e+00 0.000000000000000000e+00 -0.000000000000000000e+00
0.000000000000000000e+00 0.000000000000000000e+00 -0.000000000000000000e+00 0.000000000000000000e+00 -0.000000000000000000e+00
0.000000000000000000e+00 0.000000000000000000e+00 -0.000000000000000000e+00 0.000000000000000000e+00 -0.000000000000000000e+00
0.000000000000000000e+00 0.000000000000000000e+00 -0.000000000000000000e+00 0.000000000000000000e+00 -0.000000000000000000e+00
0.000000000000000000e+00 0.000000000000000000e+00 -0.000000000000000000e+00 0.000000000000000000e+00 -0.000000000000000000e+00
0.000000000000000000e+00 0.000000000000000000e+00 -0.000000000000000000e+00 0.000000000000000000e+00 -0.000000000000000000e+00
0.000000000000000000e+00 0.000000000000000000e+00 -0.000000000000000000e+00 0.000000000000000000e+00 -0.000000000000000000e+00
0.000000000000000000e+00 0.000000000000000000e+00 -0.000000000000000000e+00 0.000000000000000000e+00 -0.000000000000000000e+00
0.000000000000000000e+00 0.000000000000000000e+00 -0.000000000000000000e+00 0.000000000000000000e+00 -0.000000000000000000e+00
0.000000000000000000e+00 0.000000000000000000e+00 -0.000000000000000000e+00 0.000000000000000000e+00 -0.000000000000000000e+00
0.000000000000000000e+00 0.000000000000000000e+00 -0.000000000000000000e+00 0.000000000000000000e+00 -0.000000000000000000e+00
0.000000000000000000e+00 0.000000000000000000e+00 -0.000000000000000000e+00 0.000000000000000000e+00 -0.000000000000000000e+00
0.000000000000000000e+00 0.000000000000000000e+00 -0.000000000000000000e+00 0.000000000000000000e+00 -0.000000000000000000e+00
0.000000000000000000e+00 0.000000000000000000e+00 -0.000000000000000000e+00 0.000000000000000000e+00 -0.000000000000000000e+00
0.000000000000000000e+00 0.000000000000000000e+00 -0.000000000000000000e+00 0.000000000000000000e+00 -0.000000000000000000e+00
0.000000000000000000e+00 0.000000000000000000e+00 -0.000000000000000000e+00 0.000000000000000000e+00 -0.000000000000000000e+00
0.000000000000000000e+00 0.000000000000000000e+00 -0.000000000000000000e+00 0.000000000000000000e+00 -0.000000000000000000e+00
0.000000000000000000e+00 0.000000000000000000e+00 -0.000000000000000000e+00 0.000000000000000000e+00 -0.000000000000000000e+00
0.000000000000000000e+00 0.000000000000000000e+00 -0.000000000000000000e+00 0.000000000000000000e+00 -0.000000000000000000e+00
0.000000000000000000e+00 0.000000000000000000e+00 -0.000000000000000000e+00 0.000000000000000000e+00 -0.000000000000000000e+00
0.000000000000000000e+00 0.000000000000000000e+00 -0.000000000000000000e+00 0.000000000000000000e+00 -0.000000000000000000e+00
0.000000000000000000e+00 0.000000000000000000e+00 -0.000000000000000000e+00 0.000000000000000000e+00 -0.000000000000000000e+00
0.000000000000000000e+00 0.000000000000000000e+00 -0.000000000000000000e+00 0.000000000000000000e+00 -0.000000000000000000e+00
0.000000000000000000e+00 0.000000000000000000e+00 -0.000000000000000000e+00 0.000000000000000000e+00 -0.000000000000000000e+00
0.000000000000000000e+00 0.000000000000000000e+00 -0.000000000000000000e+00 0.000000000000000000e+00 -0.000000000000000000e+00
0.000000000000000000e+00 0.000000000000000000e+00 -0.000000000000000000e+00 0.000000000000000000e+00 -0.000000000000000000e+00
0.000000000000000000e+00 0.000000000000000000e+00 -0.000000000000000000e+00 0.000000000000000000e+00 -0.000000000000000000e+00
0.000000000000000000e+00 0.000000000000000000e+00 -0.000000000000000000e+00 0.000000000000000000e+00 -0.000000000000000000e+00
0.000000000000000000e+00 0.000000000000000000e+00 -0.000000000000000000e+00 0.000000000000000000e+00 -0.000000000000000000e+00
0.000000000000000000e+00 0.000000000000000000e+00 -0.000000000000000000e+00 0.000000000000000000e+00 -0.000000000000000000e+00
0.000000000000000000e+00 0.000000000000000000e+00 -0.000000000000000000e+00 0.000000000000000000e+00 -0.000000000000000000e+00
0.000000000000000000e+00 0.000000000000000000e+00 -0.000000000000000000e+00 0.000000000000000000e+00 -0.000000000000000000e+00
0.000000000000000000e+00 0.000000000000000000e+00 -0.000000000000000000e+00 0.000000000000000000e+00 -0.000000000000000000e+00
0.000000000000000000e+00 0.000000000000000000e+00 -0.000000000000000000e+00 0.000000000000000000e+00 -0.000000000000000000e+00
0.000000000000000000e+00 0.000000000000000000e+00 -0.000000000000000000e+00 0.000000000000000000e+00 -0.000000000000000000e+00
0.000000000000000000e+00 0.000000000000000000e+00 -0.000000000000000000e+00 0.000000000000000000e+00 -0.000000000000000000e+00
0.000000000000000000e+00 0.000000000000000000e+00 -0.000000000000000000e+00 0.000000000000000000e+00 -0.000000000000000000e+00
0.000000000000000000e+00 0.000000000000000000e+00 -0.000000000000000000e+00 0.000000000000000000e+00 -0.000000000000000000e+00
0.000000000000000000e+00 0.000000000000000000e+00 -0.000000000000000000e+00 0.000000000000000000e+00 -0.000000000000000000e+00
0.000000000000000000e+00 0.000000000000000000e+00 -0.000000000000000000e+00 0.000000000000000000e+00 -0.000000000000000000e+00
0.000000000000000000e+00 0.000000000000000000e+00 -0.000000000000000000e+00 0.000000000000000000e+00 -0.000000000000000000e+00
0.000000000000000000e+00 0.000000000000000000e+00 -0.000000000000000000e+00 0.000000000000000000e+00 -0.000000000000000000e+00
0.000000000000000000e+00 0.000000000000000000e+00 -0.000000000000000000e+00 0.000000000000000000e+00 -0.000000000000000000e+00
0.000000000000000000e+00 0.000000000000000000e+00 -0.000000000000000000e+00 0.000000000000000000e+00 -0.000000000000000000e+00
0.000000000000000000e+00 0.000000000000000000e+00 -0.000000000000000000e+00 0.000000000000000000e+00 -0.000000000000000000e+00
0.000000000000000000e+00 0.000000000000000000e+00 -0.000000000000000000e+00 0.000000000000000000e+00 -0.000000000000000000e+00
0.000000000000000000e+00 0.000000000000000000e+00 -0.000000000000000000e+00 0.000000000000000000e+00 -0.000000000000000000e+00
0.000000000000000000e+00 0.000000000000000000e+00 -0.000000000000000000e+00 0.000000000000000000e+00 -0.000000000000000000e+00
0.000000000000000000e+00 0.000000000000000000e+00 -0.000000000000000000e+00 0.000000000000000000e+00 -0.000000000000000000e+00
0.000000000000000000e+00 0.000000000000000000e+00 -0.000000000000000000e+00 0.000000000000000000e+00 -0.000000000000000000e+00
0.000000000000000000e+00 0.000000000000000000e+00 -0.000000000000000000e+00 0.000000000000000000e+00 -0.000000000000000000e+00
0.000000000000000000e+00 0.000000000000000000e+00 -0.000000000000000000e+00 0.000000000000000000e+00 -0.000000000000000000e+00
0.000000000000000000e+00 0.000000000000000000e+00 -0.000000000000000000e+00 0.000000000000000000e+00 -0.000000000000000000e+00
0.000000000000000000e+00 0.000000000000000000e+00 -0.000000000000000000e+00 0.000000000000000000e+00 -0.000000000000000000e+00
0.000000000000000000e+00 0.000000000000000000e+00 -0.000000000000000000e+00 0.000000000000000000e+00 -0.000000000000000000e+00
0.000000000000000000e+00 0.000000000000000000e+00 -0.000000000000000000e+00 0.000000000000000000e+00 -0.000000000000000000e+00
0.000000000000000000e+00 0.000000000000000000e+00 -0.000000000000000000e+00 0.000000000000000000e+00 -0.000000000000000000e+00
0.000000000000000000e+00 0.000000000000000000e+00 -0.000000000000000000e+00 0.000000000000000000e+00 -0.000000000000000000e+00
0.000000000000000000e+00 0.000000000000000000e+00 -0.000000000000000000e+00 0.000000000000000000e+00 -0.000000000000000000e+00
0.000000000000000000e+00 0.000000000000000000e+00 -0.000000000000000000e+00 0.000000000000000000e+00 -0.000000000000000000e+00
0.000000000000000000e+00 0.000000000000000000e+00 -0.000000000000000000e+00 0.000000000000000000e+00 -0.000000000000000000e+00
0.000000000000000000e+00 0.000000000000000000e+00 -0.000000000000000000e+00 0.000000000000000000e+00 -0.000000000000000000e+00
0.000000000000000000e+00 0.000000000000000000e+00 -0.000000000000000000e+00 0.000000000000000000e+00 -0.000000000000000000e+00
0.000000000000000000e+00 0.000000000000000000e+00 -0.000000000000000000e+00 0.000000000000000000e+00 -0.000000000000000000e+00
0.000000000000000000e+00 0.000000000000000000e+00 -0.000000000000000000e+00 0.000000000000000000e+00 -0.000000000000000000e+00
0.000000000000000000e+00 0.000000000000000000e+00 -0.000000000000000000e+00 0.000000000000000000e+00 -0.000000000000000000e+00
0.000000000000000000e+00 0.000000000000000000e+00 -0.000000000000000000e+00 0.000000000000000000e+00 -0.000000000000000000e+00
0.000000000000000000e+00 0.000000000000000000e+00 -0.000000000000000000e+00 0.000000000000000000e+00 -0.000000000000000000e+00
0.000000000000000000e+00 0.000000000000000000e+00 -0.000000000000000000e+00 0.000000000000000000e+00 -0.000000000000000000e+00
0.000000000000000000e+00 0.000000000000000000e+00 -0.000000000000000000e+00 0.000000000000000000e+00 -0.000000000000000000e+00
0.000000000000000000e+00 0.000000000000000000e+00 -0.000000000000000000e+00 0.000000000000000000e+00 -0.000000000000000000e+00
0.000000000000000000e+00 0.000000000000000000e+00 -0.000000000000000000e+00 0.000000000000000000e+00 -0.000000000000000000e+00
0.000000000000000000e+00 0.000000000000000000e+00 -0.000000000000000000e+00 0.000000000000000000e+00 -0.000000000000000000e+00
0.000000000000000000e+00 0.000000000000000000e+00 -0.000000000000000000e+00 0.000000000000000000e+00 -0.000000000000000000e+00
0.000000000000000000e+00 0.000000000000000000e+00 -0.000000000000000000e+00 0.000000000000000000e+00 -0.000000000000000000e+00
0.000000000000000000e+00 0.000000000000000000e+00 -0.000000000000000000e+00 0.000000000000000000e+00 -0.000000000000000000e+00
0.000000000000000000e+00 0.000000000000000000e+00 -0.000000000000000000e+00 0.000000000000000000e+00 -0.000000000000000000e+00
6.904783541053448897e-07 1.000000000000000021e-08 1.000000000000000021e-08 2.045682867419845982e-05 1.000000000000000021e-08
5.115816896326256434e-06 1.000000000000000021e-08 1.000000000000000021e-08 1.515665033588327294e-04 1.000000000000000021e-08
8.474052527656905976e-07 1.000000000000000021e-08 1.000000000000000021e-08 2.510610791833426227e-05 1.000000000000000021e-08
0.000000000000000000e+00 0.000000000000000000e+00 -0.000000000000000000e+00 0.000000000000000000e+00 -0.000000000000000000e+00
0.000000000000000000e+00 0.000000000000000000e+00 -0.000000000000000000e+00 0.000000000000000000e+00 -0.000000000000000000e+00
0.000000000000000000e+00 0.000000000000000000e+00 -0.000000000000000000e+00 0.000000000000000000e+00 -0.000000000000000000e+00
0.000000000000000000e+00 0.000000000000000000e+00 -0.000000000000000000e+00 0.000000000000000000e+00 -0.000000000000000000e+00
0.000000000000000000e+00 0.000000000000000000e+00 -0.000000000000000000e+00 0.000000000000000000e+00 -0.000000000000000000e+00
0.000000000000000000e+00 0.000000000000000000e+00 -0.000000000000000000e+00 0.000000000000000000e+00 -0.000000000000000000e+00
0.000000000000000000e+00 0.000000000000000000e+00 -0.000000000000000000e+00 0.000000000000000000e+00 -0.000000000000000000e+00
0.000000000000000000e+00 0.000000000000000000e+00 -0.000000000000000000e+00 0.000000000000000000e+00 -0.000000000000000000e+00
0.000000000000000000e+00 0.000000000000000000e+00 -0.000000000000000000e+00 0.000000000000000000e+00 -0.000000000000000000e+00
0.000000000000000000e+00 0.000000000000000000e+00 -0.000000000000000000e+00 0.000000000000000000e+00 -0.000000000000000000e+00
0.000000000000000000e+00 0.000000000000000000e+00 -0.000000000000000000e+00 0.000000000000000000e+00 -0.000000000000000000e+00
0.000000000000000000e+00 0.000000000000000000e+00 -0.000000000000000000e+00 0.000000000000000000e+00 -0.000000000000000000e+00
0.000000000000000000e+00 0.000000000000000000e+00 -0.000000000000000000e+00 0.000000000000000000e+00 -0.000000000000000000e+00
0.000000000000000000e+00 0.000000000000000000e+00 -0.000000000000000000e+00 0.000000000000000000e+00 -0.000000000000000000e+00
0.000000000000000000e+00 0.000000000000000000e+00 -0.000000000000000000e+00 0.000000000000000000e+00 -0.000000000000000000e+00
0.000000000000000000e+00 0.000000000000000000e+00 -0.000000000000000000e+00 0.000000000000000000e+00 -0.000000000000000000e+00
0.000000000000000000e+00 0.000000000000000000e+00 -0.000000000000000000e+00 0.000000000000000000e+00 -0.000000000000000000e+00
1.000000000000000021e-08 1.000000000000000021e-08 1.752255135508906932e-05 3.951558430121195775e-06 1.000000000000000021e-08
1.000000000000000021e-08 1.315862464708581274e-05 2.877900168495796818e-04 7.656660886750781556e-05 1.000000000000000021e-08
1.000000000000000021e-08 1.000000000000000021e-08 5.029563261936710735e-04 4.123469893778491371e-04 1.000000000000000021e-08
1.000000000000000021e-08 1.000000000000000021e-08 7.843024160533734615e-04 6.396009791629821833e-04 1.000000000000000021e-08
1.000000000000000021e-08 2.975686112984203926e-05 8.704068859908827656e-04 6.419513904672696086e-04 1.000000000000000021e-08
1.000000000000000021e-08 1.000000000000000021e-08 8.391896888906258097e-04 9.000535898943238687e-04 1.000000000000000021e-08
1.000000000000000021e-08 4.961168083872262907e-05 8.212012475766266532e-04 7.529979522574631367e-04 5.786295410777136862e-05
1.000000000000000021e-08 1.206166110513269947e-04 6.264022448350894555e-04 4.761883279875634345e-04 2.020498614464943412e-04
1.000000000000000021e-08 2.586861006737780125e-04 4.064828489663209108e-04 1.000000000000000021e-08 2.879748206077089321e-04
1.000000000000000021e-08 3.213149706192167348e-04 1.344552949767970703e-04 1.000000000000000021e-08 3.282919493551004239e-04
1.000000000000000021e-08 2.456543500134387406e-04 1.598028983703649823e-04 1.000000000000000021e-08 9.709016839125655300e-05
1.000000000000000021e-08 2.144967642363387916e-04 1.368699179436471671e-04 1.000000000000000021e-08 7.731668511450544106e-05
1.000000000000000021e-08 1.187747020584762970e-05 7.589966447444165560e-06 1.000000000000000021e-08 4.283941653141540878e-06
0.000000000000000000e+00 0.000000000000000000e+00 -0.000000000000000000e+00 0.000000000000000000e+00 -0.000000000000000000e+00
0.000000000000000000e+00 0.000000000000000000e+00 -0.000000000000000000e+00 0.000000000000000000e+00 -0.000000000000000000e+00
0.000000000000000000e+00 0.000000000000000000e+00 -0.000000000000000000e+00 0.000000000000000000e+00 -0.000000000000000000e+00
0.000000000000000000e+00 0.000000000000000000e+00 -0.000000000000000000e+00 0.000000000000000000e+00 -0.000000000000000000e+00
0.000000000000000000e+00 0.000000000000000000e+00 -0.000000000000000000e+00 0.000000000000000000e+00 -0.000000000000000000e+00
0.000000000000000000e+00 0.000000000000000000e+00 -0.000000000000000000e+00 0.000000000000000000e+00 -0.000000000000000000e+00
0.000000000000000000e+00 0.000000000000000000e+00 -0.000000000000000000e+00 0.000000000000000000e+00 -0.000000000000000000e+00
0.000000000000000000e+00 0.000000000000000000e+00 -0.000000000000000000e+00 0.000000000000000000e+00 -0.000000000000000000e+00
0.000000000000000000e+00 0.000000000000000000e+00 -0.000000000000000000e+00 0.000000000000000000e+00 -0.000000000000000000e+00
0.000000000000000000e+00 0.000000000000000000e+00 -0.000000000000000000e+00 0.000000000000000000e+00 -0.000000000000000000e+00
0.000000000000000000e+00 0.000000000000000000e+00 -0.000000000000000000e+00 0.000000000000000000e+00 -0.000000000000000000e+00
0.000000000000000000e+00 0.000000000000000000e+00 -0.000000000000000000e+00 0.000000000000000000e+00 -0.000000000000000000e+00
1.000000000000000021e-08 1.000000000000000021e-08 1.227170089814084490e-05 1.548557735417098062e-05 1.000000000000000021e-08
1.000000000000000021e-08 1.000000000000000021e-08 2.332081337241239446e-04 1.915707602201288293e-04 1.000000000000000021e-08
1.000000000000000021e-08 1.000000000000000021e-08 8.963226285515815120e-04 7.533579558730084218e-04 1.000000000000000021e-08
1.000000000000000021e-08 1.000000000000000021e-08 2.482149306815190342e-03 1.917494626349593341e-03 1.000000000000000021e-08
1.000000000000000021e-08 1.000000000000000021e-08 5.850764774671473288e-03 4.252376059719022681e-03 1.000000000000000021e-08
1.000000000000000021e-08 1.000000000000000021e-08 1.076436302756366044e-02 7.108496162512786820e-03 1.000000000000000021e-08
1.000000000000000021e-08 1.000000000000000021e-08 1.385793692569264011e-02 8.591142755710393097e-03 2.066027763566929097e-03
1.000000000000000021e-08 1.000000000000000021e-08 1.347395568142391309e-02 9.171980648215893872e-03 5.498727017394771516e-03
1.000000000000000021e-08 2.633542448613027695e-04 1.153055896713758854e-02 6.922547829366467245e-03 7.588067802103745825e-03
1.000000000000000021e-08 2.673329841140782356e-03 9.867083999294980548e-03 4.179610643138486313e-03 6.679321209948722686e-03
1.355235166594265933e-03 5.498637185011141619e-03 8.061118327338091458e-03 1.059766892942591793e-03 4.229090151284394319e-03
1.306026116358279844e-03 7.597458063165820306e-03 6.450367055960264454e-03 1.000000000000000021e-08 1.565244121045619632e-03
9.484248196756046379e-04 7.384761868260885168e-03 3.976027940252885133e-03 1.000000000000000021e-08 2.728986433536271421e-04
6.913816471138320560e-04 5.192813170866008091e-03 1.906698983657018759e-03 1.000000000000000021e-08 1.000000000000000021e-08
3.594497453695815067e-04 2.995292579751883313e-03 7.815197593651139170e-04 1.000000000000000021e-08 6.433725685047717068e-05
3.065277302276810177e-04 1.266370575853246116e-03 3.060592649253830819e-04 1.000000000000000021e-08 2.788090944940082279e-06
1.682408442572147858e-04 4.109244918006950149e-04 1.123689018078033789e-04 1.000000000000000021e-08 5.514807563221800370e-06
7.204447635799953274e-06 3.943319267686259694e-05 1.336147453816153391e-05 1.000000000000000021e-08 5.835198562830309259e-06
0.000000000000000000e+00 0.000000000000000000e+00 -0.000000000000000000e+00 0.000000000000000000e+00 -0.000000000000000000e+00
0.000000000000000000e+00 0.000000000000000000e+00 -0.000000000000000000e+00 0.000000000000000000e+00 -0.000000000000000000e+00
0.000000000000000000e+00 0.000000000000000000e+00 -0.000000000000000000e+00 0.000000000000000000e+00 -0.000000000000000000e+00
0.000000000000000000e+00 0.000000000000000000e+00 -0.000000000000000000e+00 0.000000000000000000e+00 -0.000000000000000000e+00
0.000000000000000000e+00 0.000000000000000000e+00 -0.000000000000000000e+00 0.000000000000000000e+00 -0.000000000000000000e+00
0.000000000000000000e+00 0.000000000000000000e+00 -0.000000000000000000e+00 0.000000000000000000e+00 -0.000000000000000000e+00
0.000000000000000000e+00 0.000000000000000000e+00 -0.000000000000000000e+00 0.000000000000000000e+00 -0.000000000000000000e+00
0.000000000000000000e+00 0.000000000000000000e+00 -0.000000000000000000e+00 0.000000000000000000e+00 -0.000000000000000000e+00
0.000000000000000000e+00 0.000000000000000000e+00 -0.000000000000000000e+00 0.000000000000000000e+00 -0.000000000000000000e+00
1.000000000000000021e-08 7.776730810059713251e-07 6.216688545921414356e-05 1.324413461068744680e-05 2.544720319937985396e-05
1.000000000000000021e-08 1.000000000000000021e-08 1.305455495770454274e-03 6.143630576760660033e-04 1.000000000000000021e-08
1.000000000000000021e-08 1.000000000000000021e-08 3.959936639772701668e-03 2.001436559893672758e-03 1.000000000000000021e-08
1.000000000000000021e-08 1.000000000000000021e-08 1.223402302806596460e-02 6.348456343311446697e-03 1.000000000000000021e-08
1.000000000000000021e-08 1.000000000000000021e-08 2.789466308712845038e-02 1.240020073310282682e-02 1.000000000000000021e-08
1.000000000000000021e-08 1.000000000000000021e-08 4.579032274977083011e-02 1.889338608080767812e-02 5.901737390114729365e-03
1.000000000000000021e-08 1.000000000000000021e-08 5.635241451539659691e-02 2.588133977992348317e-02 2.332085616596030891e-02
1.000000000000000021e-08 1.000000000000000021e-08 5.894615420902676178e-02 2.820811952580627724e-02 4.718005262327022720e-02
1.524698236538832297e-02 1.000000000000000021e-08 5.120848000626136015e-02 2.730528107120052533e-02 6.905528319204236321e-02
3.780739693512363137e-02 1.283437758803188111e-02 3.960876144726936665e-02 2.336629469583001092e-02 7.473272138564575340e-02
5.530762227758780764e-02 4.139541755761378533e-02 2.786578567027776787e-02 1.639496390049084706e-02 6.241052705961974006e-02
6.223508810835803179e-02 7.438855673686149694e-02 1.956686241579567651e-02 1.042758752401802286e-03 3.880403626950298251e-02
5.443761869864536390e-02 9.738133846187080334e-02 1.495315329395097322e-02 1.000000000000000021e-08 1.441103035762803485e-02
3.790346884869694177e-02 9.976802887889001104e-02 1.195080778891458202e-02 1.000000000000000021e-08 1.877279508330067853e-03
1.971664836723097808e-02 7.612318456841317416e-02 9.374976218407859649e-03 1.000000000000000021e-08 1.000000000000000021e-08
8.747698253660118883e-03 4.538594174739581100e-02 5.309838754044138645e-03 1.000000000000000021e-08 1.000000000000000021e-08
2.801353672266329760e-03 2.026263529387028334e-02 3.004352247470455217e-03 1.000000000000000021e-08 1.000000000000000021e-08
8.199942990706011797e-04 5.812176461966884512e-03 1.657511956935587161e-03 1.000000000000000021e-08 1.000000000000000021e-08
2.306994142288287092e-04 1.119303520027893021e-03 4.856448272648988644e-04 1.000000000000000021e-08 1.000000000000000021e-08
8.321115641710604029e-06 2.491868047732887902e-04 4.937749545332177322e-05 1.000000000000000021e-08 1.000000000000000021e-08
1.457656887239041450e-05 8.322775004193247396e-05 1.034857501647782093e-05 1.000000000000000021e-08 1.000000000000000021e-08
0.000000000000000000e+00 0.000000000000000000e+00 -0.000000000000000000e+00 0.000000000000000000e+00 -0.000000000000000000e+00
0.000000000000000000e+00 0.000000000000000000e+00 -0.000000000000000000e+00 0.000000000000000000e+00 -0.000000000000000000e+00
0.000000000000000000e+00 0.000000000000000000e+00 -0.000000000000000000e+00 0.000000000000000000e+00 -0.000000000000000000e+00
0.000000000000000000e+00 0.000000000000000000e+00 -0.000000000000000000e+00 0.000000000000000000e+00 -0.000000000000000000e+00
0.000000000000000000e+00 0.000000000000000000e+00 -0.000000000000000000e+00 0.000000000000000000e+00 -0.000000000000000000e+00
3.594452814887319394e-05 1.000000000000000021e-08 1.000000000000000021e-08 1.000000000000000021e-08 1.121852137511997413e-05
1.000000000000000021e-08 1.000000000000000021e-08 1.851543696127403533e-04 9.772942788691018809e-05 1.000000000000000021e-08
1.000000000000000021e-08 1.000000000000000021e-08 1.835196439708279429e-03 8.017284144416942119e-04 1.000000000000000021e-08
1.000000000000000021e-08 1.000000000000000021e-08 8.086209191652374978e-03 3.558484601083026014e-03 1.000000000000000021e-08
1.000000000000000021e-08 1.000000000000000021e-08 2.335618115732956968e-02 8.318502854083670295e-03 1.000000000000000021e-08
1.000000000000000021e-08 1.000000000000000021e-08 5.149077005455326289e-02 1.723257252892194599e-02 1.000000000000000021e-08
1.000000000000000021e-08 1.000000000000000021e-08 7.955486250123999792e-02 2.557984861285225037e-02 1.222318562369967797e-02
1.000000000000000021e-08 1.000000000000000021e-08 9.647400841278128136e-02 3.040760598193090539e-02 4.240994982047282397e-02
1.276962712241740301e-02 1.000000000000000021e-08 9.057275279808925383e-02 3.448758950458691297e-02 8.260862905766275244e-02
4.603466351891918884e-02 1.000000000000000021e-08 7.601303260417868746e-02 4.277537631054521144e-02 1.077961716641804568e-01
7.541022567369916330e-02 2.502068670203255393e-02 6.488576705907242448e-02 5.613265847063553249e-02 1.084819581494119167e-01
9.333583318692788289e-02 5.939554357262995243e-02 5.558718672097985591e-02 6.302359724794381890e-02 9.912180175776617863e-02
9.950053843833973899e-02 8.857201827118099668e-02 4.706294657420195815e-02 5.899139518783243913e-02 8.740783904346335897e-02
1.045127506235055403e-01 1.083043447460916298e-01 3.725519900909541465e-02 3.826155962112221670e-02 6.894275744122134453e-02
1.012849156716707499e-01 1.243068465609191986e-01 3.330025398289764016e-02 5.846941945922585517e-03 4.024567569949022428e-02
8.301666372988748821e-02 1.344022827951463495e-01 3.147473726385746629e-02 1.000000000000000021e-08 1.146569421317866766e-02
5.459273387957499363e-02 1.222879801644813080e-01 2.398789178066708383e-02 1.000000000000000021e-08 1.000000000000000021e-08
2.881824713817546582e-02 8.647521116474904401e-02 1.798029068640046718e-02 1.000000000000000021e-08 1.000000000000000021e-08
1.100677450161216021e-02 4.748426327940323544e-02 1.009136661465587746e-02 1.000000000000000021e-08 1.000000000000000021e-08
3.015571576346169017e-03 1.713747554035124562e-02 5.049668882239063267e-03 1.000000000000000021e-08 1.000000000000000021e-08
6.037914644639298884e-04 4.943545890636705589e-03 1.792360750750301122e-03 1.000000000000000021e-08 1.000000000000000021e-08
5.992738295209897736e-05 1.038473511787927619e-03 2.769505887934968513e-04 1.000000000000000021e-08 1.000000000000000021e-08
1.239961783627471624e-05 1.078054968240024726e-04 2.380219549422732977e-05 1.000000000000000021e-08 1.000000000000000021e-08
0.000000000000000000e+00 0.000000000000000000e+00 -0.000000000000000000e+00 0.000000000000000000e+00 -0.000000000000000000e+00
0.000000000000000000e+00 0.000000000000000000e+00 -0.000000000000000000e+00 0.000000000000000000e+00 -0.000000000000000000e+00
0.000000000000000000e+00 0.000000000000000000e+00 -0.000000000000000000e+00 0.000000000000000000e+00 -0.000000000000000000e+00
0.000000000000000000e+00 0.000000000000000000e+00 -0.000000000000000000e+00 0.000000000000000000e+00 -0.000000000000000000e+00
0.000000000000000000e+00 0.000000000000000000e+00 -0.000000000000000000e+00 0.000000000000000000e+00 -0.000000000000000000e+00
1.201942821176444598e-05 1.000000000000000021e-08 1.088337785611528236e-04 3.212786901062656672e-05 1.000000000000000021e-08
1.000000000000000021e-08 1.000000000000000021e-08 1.693269814106130233e-03 6.605891414726978690e-04 1.000000000000000021e-08
1.000000000000000021e-08 1.000000000000000021e-08 7.803206290907807423e-03 2.833623726943911274e-03 1.000000000000000021e-08
1.000000000000000021e-08 1.000000000000000021e-08 2.746139593644473728e-02 8.383350970715398170e-03 1.000000000000000021e-08
1.000000000000000021e-08 1.000000000000000021e-08 6.081300510752846167e-02 1.648031800473945610e-02 1.000000000000000021e-08
1.000000000000000021e-08 1.000000000000000021e-08 9.871363419284183427e-02 2.652897786122759491e-02 1.124702698843189040e-02
1.000000000000000021e-08 1.000000000000000021e-08 1.159703660271828030e-01 2.281934566561225064e-02 4.640202842204589617e-02
3.323313776926237889e-02 1.000000000000000021e-08 9.747080332396300395e-02 2.159546926448760798e-02 9.216186505493356718e-02
7.522351257862724960e-02 1.159311813668687310e-02 6.914448170635122126e-02 3.163827977991109930e-02 1.107300408156799976e-01
1.016953682663106068e-01 4.948142361990599813e-02 5.286760395421088304e-02 5.285982827306880127e-02 9.198332994437975751e-02
1.008739196862932924e-01 8.139716534232592504e-02 5.312933219591536860e-02 7.125372670452759238e-02 6.568010057477641217e-02
8.506846500661394139e-02 9.000111999958089470e-02 5.661385111423555133e-02 8.007330459060774119e-02 5.574461824494764128e-02
7.174169248543171840e-02 7.628896302505193405e-02 5.987326180233876194e-02 8.888413414123289003e-02 6.230280717261108686e-02
7.424211729248401948e-02 5.856321949790498776e-02 5.538001058944787280e-02 8.507233114354487147e-02 7.155575782420513231e-02
8.745883260313520868e-02 6.137901121339299493e-02 4.940090497486004234e-02 5.614008234159494765e-02 6.300923278773040703e-02
9.336063970486503660e-02 9.126091334687488899e-02 4.716412554591401657e-02 7.717947357314193166e-03 3.464662308042995575e-02
7.817340412949005946e-02 1.129878847922744095e-01 4.444665840425610775e-02 1.000000000000000021e-08 3.033997294733053150e-03
4.931305768389695338e-02 9.821428271331571203e-02 3.485139952495570209e-02 1.000000000000000021e-08 1.000000000000000021e-08
2.221288929158463099e-02 6.250618898721134464e-02 2.234108030208967199e-02 1.000000000000000021e-08 1.000000000000000021e-08
6.466807441634309615e-03 2.741925672458184540e-02 1.035658598179327143e-02 1.000000000000000021e-08 1.000000000000000021e-08
9.049999565110029712e-04 8.319723611822696027e-03 2.913700994479607141e-03 1.000000000000000021e-08 1.000000000000000021e-08
1.524548272470334896e-04 2.134061539302619954e-03 5.974030744631937890e-04 1.000000000000000021e-08 1.000000000000000021e-08
4.760974039470661992e-07 2.554259374136469115e-04 9.872067732940129645e-05 1.000000000000000021e-08 1.000000000000000021e-08
0.000000000000000000e+00 0.000000000000000000e+00 -0.000000000000000000e+00 0.000000000000000000e+00 -0.000000000000000000e+00
0.000000000000000000e+00 0.000000000000000000e+00 -0.000000000000000000e+00 0.000000000000000000e+00 -0.000000000000000000e+00
0.000000000000000000e+00 0.000000000000000000e+00 -0.000000000000000000e+00 0.000000000000000000e+00 -0.000000000000000000e+00
0.000000000000000000e+00 0.000000000000000000e+00 -0.000000000000000000e+00 0.000000000000000000e+00 -0.000000000000000000e+00
0.000000000000000000e+00 0.000000000000000000e+00 -0.000000000000000000e+00 0.000000000000000000e+00 -0.000000000000000000e+00
1.000000000000000021e-08 1.000000000000000021e-08 5.688666739022493367e-04 3.264430453307168734e-04 1.000000000000000021e-08
1.000000000000000021e-08 1.000000000000000021e-08 4.795772993202219482e-03 1.604635743962522102e-03 1.000000000000000021e-08
1.000000000000000021e-08 1.000000000000000021e-08 2.174849491018032016e-02 5.575358481460330681e-03 1.000000000000000021e-08
1.000000000000000021e-08 1.000000000000000021e-08 5.993459736546800920e-02 1.379934735113503598e-02 1.000000000000000021e-08
1.000000000000000021e-08 1.000000000000000021e-08 1.047947044993865068e-01 2.303292005905269169e-02 1.003517371084736284e-03
2.890026886497897192e-03 1.000000000000000021e-08 1.268603594261440703e-01 1.782625193549808654e-02 3.565992801185747380e-02
4.246162997288602248e-02 1.000000000000000021e-08 1.013222231602778217e-01 2.788687319818391585e-03 8.802634084365455747e-02
8.792328422805582855e-02 2.274602330060634947e-02 5.110948053621878345e-02 1.489991189773483098e-02 1.088434538310778243e-01
1.100638488854663727e-01 6.487855100570021072e-02 2.212564875222003749e-02 4.611540002637409125e-02 7.697457536845116188e-02
9.508557352811057573e-02 9.749102870756364003e-02 1.806720172138408242e-02 6.709881342892741463e-02 3.328374449021336695e-02
6.306955525698908216e-02 9.590993835223672603e-02 2.690689389061114503e-02 6.747669549197411742e-02 1.227928092294274832e-02
3.455325003079639384e-02 6.470467605293474256e-02 3.676222732039786945e-02 7.615354609722037316e-02 1.435591142218752350e-02
1.769834848706183794e-02 2.417353730822888527e-02 4.365135706294351325e-02 1.007767590049071793e-01 3.452718870861633260e-02
1.830978983271095914e-02 1.000000000000000021e-08 4.585716998983906806e-02 1.236541500037841163e-01 6.150011309430468420e-02
4.256066335323182431e-02 4.314528524141687284e-03 4.594241169312135442e-02 1.089994514093750450e-01 7.607986472483004026e-02
7.642019681156733690e-02 5.012221511656592826e-02 5.061608800421379950e-02 4.511987936191079462e-02 5.504849185897564556e-02
8.373933140949860188e-02 9.379957237782794721e-02 6.136455628831202769e-02 1.000000000000000021e-08 1.475539912076061048e-02
6.043401838975444307e-02 9.501234068556514700e-02 5.282946882150033746e-02 1.000000000000000021e-08 1.000000000000000021e-08
3.068407102119114632e-02 6.371167362210125584e-02 3.431147808770072111e-02 1.000000000000000021e-08 1.000000000000000021e-08
9.982973193278442750e-03 2.972175167719204314e-02 1.607177793683416123e-02 1.000000000000000021e-08 1.000000000000000021e-08
2.080172935785034021e-03 9.498964009036802922e-03 4.851543305110546898e-03 1.000000000000000021e-08 1.000000000000000021e-08
3.296765155222283056e-04 2.098159367657741973e-03 1.023904991564136748e-03 1.000000000000000021e-08 1.000000000000000021e-08
1.000000000000000021e-08 3.259292565233625318e-04 1.095730370176120416e-04 1.000000000000000021e-08 1.000000000000000021e-08
0.000000000000000000e+00 0.000000000000000000e+00 -0.000000000000000000e+00 0.000000000000000000e+00 -0.000000000000000000e+00
0.000000000000000000e+00 0.000000000000000000e+00 -0.000000000000000000e+00 0.000000000000000000e+00 -0.000000000000000000e+00
0.000000000000000000e+00 0.000000000000000000e+00 -0.000000000000000000e+00 0.000000000000000000e+00 -0.000000000000000000e+00
0.000000000000000000e+00 0.000000000000000000e+00 -0.000000000000000000e+00 0.000000000000000000e+00 -0.000000000000000000e+00
4.474808302431837157e-07 1.000000000000000021e-08 8.947231557369081568e-06 3.117179388111439620e-08 1.000000000000000021e-08
1.000000000000000021e-08 1.000000000000000021e-08 1.557553535908341290e-03 6.987124611734919603e-04 1.000000000000000021e-08
1.000000000000000021e-08 1.000000000000000021e-08 1.244258276023591826e-02 3.135493743870705098e-03 1.000000000000000021e-08
1.000000000000000021e-08 1.000000000000000021e-08 4.529719955779476503e-02 9.072728216134791010e-03 1.000000000000000021e-08
1.000000000000000021e-08 1.000000000000000021e-08 9.357770859159683652e-02 1.671053314499645198e-02 1.000000000000000021e-08
1.612413730774725279e-03 1.000000000000000021e-08 1.306182582239789891e-01 1.340869196003472395e-02 1.518615655159088682e-02
3.738968239178439013e-02 1.000000000000000021e-08 1.141944611904659457e-01 1.000000000000000021e-08 6.837945872196267427e-02
8.659966449546156742e-02 2.274076702888762000e-02 4.894317313064871361e-02 1.000000000000000021e-08 1.082747624355319127e-01
1.099192697809492636e-01 6.579621533251242549e-02 1.000000000000000021e-08 3.474248861719673315e-02 8.422073219754232232e-02
8.625678147419039987e-02 9.878848044670349160e-02 1.000000000000000021e-08 7.516492155700522926e-02 2.941144068586730095e-02
4.490345840355246254e-02 9.414504429384373818e-02 1.000000000000000021e-08 7.295826750409149797e-02 1.000000000000000021e-08
1.473883099149774466e-02 5.893429865234810217e-02 1.213024023739820920e-02 5.777236655374812929e-02 1.000000000000000021e-08
1.000000000000000021e-08 2.015516921868871700e-02 2.010167116009430391e-02 6.700427940906623914e-02 1.869374114935957922e-03
1.000000000000000021e-08 1.000000000000000021e-08 2.386514023071230339e-02 1.128381214555869150e-01 2.326376894239150922e-02
1.000000000000000021e-08 1.000000000000000021e-08 2.349073067597307052e-02 1.613414222252657626e-01 5.553847760195533556e-02
2.291611431695915121e-02 1.000000000000000021e-08 2.596501516391473696e-02 1.471576185805321679e-01 8.082405622725591376e-02
6.793769508034447346e-02 5.346166179522192363e-02 4.566384671191751898e-02 5.967869316990673939e-02 6.693275462817765975e-02
8.724485875752545361e-02 9.674673049620156895e-02 7.122100110114491789e-02 1.000000000000000021e-08 2.600633874622660865e-02
6.683733061087303307e-02 9.249194269633380372e-02 6.968528024239717400e-02 1.000000000000000021e-08 1.000000000000000021e-08
3.312768144119487834e-02 5.910460412057864238e-02 4.726978120871228040e-02 1.000000000000000021e-08 1.000000000000000021e-08
1.195446790612072173e-02 2.663901768944247281e-02 2.228785835843271126e-02 1.000000000000000021e-08 1.000000000000000021e-08
2.984428030131323559e-03 8.224671589014530965e-03 6.409664583789462765e-03 1.000000000000000021e-08 1.000000000000000021e-08
1.988412413076367710e-04 2.102208193668997881e-03 1.213427471918877452e-03 1.000000000000000021e-08 1.000000000000000021e-08
1.000000000000000021e-08 6.679806857873693679e-04 2.272832183582974255e-04 1.000000000000000021e-08 1.000000000000000021e-08
0.000000000000000000e+00 0.000000000000000000e+00 -0.000000000000000000e+00 0.000000000000000000e+00 -0.000000000000000000e+00
0.000000000000000000e+00 0.000000000000000000e+00 -0.000000000000000000e+00 0.000000000000000000e+00 -0.000000000000000000e+00
0.000000000000000000e+00 0.000000000000000000e+00 -0.000000000000000000e+00 0.000000000000000000e+00 -0.000000000000000000e+00
0.000000000000000000e+00 0.000000000000000000e+00 -0.000000000000000000e+00 0.000000000000000000e+00 -0.000000000000000000e+00
3.068439978810369648e-06 1.000000000000000021e-08 6.135244496481625923e-05 2.137494437560886701e-07 1.000000000000000021e-08
1.000000000000000021e-08 1.000000000000000021e-08 3.930276515464727234e-03 1.079410762024315441e-03 1.000000000000000021e-08
1.000000000000000021e-08 1.000000000000000021e-08 2.302190467980688368e-02 5.127005315502739836e-03 1.000000000000000021e-08
1.000000000000000021e-08 1.000000000000000021e-08 6.841410271145932642e-02 1.149707276431373611e-02 1.000000000000000021e-08
1.000000000000000021e-08 1.000000000000000021e-08 1.189582924166607131e-01 1.218326955613457940e-02 1.000000000000000021e-08
2.272095202599322405e-02 1.000000000000000021e-08 1.350099363884857684e-01 1.000000000000000021e-08 3.405583163693056553e-02
7.122787287199469630e-02 1.338933125973106042e-02 7.860274456704313684e-02 1.000000000000000021e-08 9.236039599218449914e-02
1.066128489046120620e-01 5.483944032631390963e-02 1.000000000000000021e-08 1.000000000000000021e-08 1.068597769126261449e-01
8.837501364463033748e-02 8.991215863981633083e-02 1.000000000000000021e-08 7.112200526881365392e-02 5.350033819656890843e-02
3.951506150868108747e-02 8.928438508212585556e-02 1.000000000000000021e-08 1.021322056334073164e-01 1.000000000000000021e-08
6.299108863923577085e-03 5.486924213875908618e-02 1.000000000000000021e-08 7.409198404060134135e-02 1.000000000000000021e-08
1.000000000000000021e-08 1.973750914093470171e-02 6.154260402898317946e-03 5.700345897537936746e-02 1.000000000000000021e-08
1.000000000000000021e-08 1.000000000000000021e-08 9.568769365352655654e-03 8.311443554127820321e-02 3.347865028843021069e-03
1.000000000000000021e-08 1.000000000000000021e-08 8.591083825582015304e-03 1.527516721590325421e-01 2.101717552002585129e-02
1.000000000000000021e-08 1.000000000000000021e-08 1.762754181998642559e-03 1.990057834628519151e-01 5.568620490931226741e-02
3.393087168922474806e-02 2.605421977284739371e-02 1.129627111652619677e-02 1.531972285767381758e-01 8.725075511747766577e-02
7.997038148921968570e-02 8.319917288020876878e-02 4.585831444379231264e-02 4.301630641983003600e-02 7.522009053778121179e-02
9.333596031395109682e-02 1.078850727982809815e-01 8.636523604941506727e-02 1.000000000000000021e-08 2.966966626465751544e-02
6.794748820228567465e-02 8.755859433135558534e-02 8.961607055264482480e-02 1.000000000000000021e-08 1.000000000000000021e-08
3.042975272185719296e-02 4.908198493122845757e-02 5.930242415838286874e-02 1.000000000000000021e-08 1.000000000000000021e-08
1.082362795468472944e-02 1.894673923604481627e-02 2.781059768270310872e-02 1.000000000000000021e-08 1.000000000000000021e-08
2.761150315386914911e-03 5.601793213287192472e-03 7.542314623804673331e-03 1.000000000000000021e-08 1.000000000000000021e-08
1.680112281378191570e-04 1.267248299501716946e-03 1.202449729212667212e-03 1.000000000000000021e-08 1.000000000000000021e-08
1.000000000000000021e-08 4.011408453410533672e-04 1.027685310726848952e-04 3.575365653120079123e-05 1.000000000000000021e-08
0.000000000000000000e+00 0.000000000000000000e+00 -0.000000000000000000e+00 0.000000000000000000e+00 -0.000000000000000000e+00
0.000000000000000000e+00 0.000000000000000000e+00 -0.000000000000000000e+00 0.000000000000000000e+00 -0.000000000000000000e+00
0.000000000000000000e+00 0.000000000000000000e+00 -0.000000000000000000e+00 0.000000000000000000e+00 -0.000000000000000000e+00
0.000000000000000000e+00 0.000000000000000000e+00 -0.000000000000000000e+00 0.000000000000000000e+00 -0.000000000000000000e+00
3.068439978810369648e-06 1.000000000000000021e-08 6.135244496481625923e-05 2.137494437560886701e-07 1.000000000000000021e-08
1.000000000000000021e-08 1.000000000000000021e-08 7.139501629939295525e-03 1.382045812193063604e-03 1.000000000000000021e-08
1.000000000000000021e-08 1.000000000000000021e-08 3.291739679979932554e-02 5.831695795394648170e-03 1.000000000000000021e-08
1.000000000000000021e-08 1.000000000000000021e-08 8.118800528101910441e-02 9.135336639963796343e-03 1.000000000000000021e-08
5.791562720500544742e-03 1.000000000000000021e-08 1.307622927164693027e-01 9.280352489912180661e-04 1.000000000000000021e-08
4.256155838901817812e-02 4.610349189224607902e-03 1.257370006108301519e-01 1.000000000000000021e-08 4.638259543673130952e-02
8.968311801586090204e-02 3.111961340792204073e-02 4.512267810059957668e-02 1.000000000000000021e-08 1.037667734676767511e-01
9.779371455367563692e-02 6.774085892740606962e-02 1.000000000000000021e-08 2.355428955576733749e-02 9.956540015382096820e-02
5.288942945961508380e-02 8.349289352667153830e-02 1.000000000000000021e-08 1.183042936694174013e-01 3.108644295083319922e-02
6.735252371681251481e-03 6.147858887025962893e-02 1.000000000000000021e-08 1.338591625791238360e-01 1.000000000000000021e-08
1.000000000000000021e-08 2.728520371414350568e-02 1.000000000000000021e-08 1.037746749246476197e-01 1.000000000000000021e-08
1.000000000000000021e-08 8.373079449566746962e-03 6.313350057090792722e-04 1.091647289502386681e-01 1.000000000000000021e-08
1.000000000000000021e-08 1.000000000000000021e-08 1.000000000000000021e-08 1.556090589548820291e-01 1.681764477523175387e-03
1.000000000000000021e-08 1.000000000000000021e-08 1.000000000000000021e-08 2.074452084040377398e-01 2.534374882644482505e-02
1.692830071061854694e-02 2.650976180812612132e-02 1.000000000000000021e-08 1.994375405330807149e-01 6.726035859424644991e-02
6.181426997015689040e-02 7.203209135979614375e-02 1.259115897777923071e-02 1.170661092791896313e-01 9.755000820603072775e-02
9.537078433004417266e-02 1.072570799892896276e-01 6.309801034854481405e-02 7.512236480479122028e-03 7.769071804242448642e-02
9.302343647558461437e-02 1.040201831773425734e-01 1.077660950518016802e-01 1.000000000000000021e-08 2.666187331887918607e-02
5.798346787311413342e-02 6.671164958661171540e-02 1.043696236961487028e-01 1.000000000000000021e-08 1.000000000000000021e-08
2.403825965446233781e-02 3.058930696367091057e-02 6.364529795910840726e-02 1.000000000000000021e-08 1.000000000000000021e-08
7.686011958784278938e-03 1.126017035287330513e-02 2.782052509811742610e-02 1.000000000000000021e-08 1.000000000000000021e-08
1.783693293083743296e-03 2.985244002365053211e-03 8.318708313413520142e-03 1.000000000000000021e-08 1.000000000000000021e-08
2.264111764519184092e-04 3.641608968981932298e-04 7.616775565819728852e-04 1.976198946915523623e-06 1.000000000000000021e-08
1.035792599573932628e-06 2.079047021774499946e-05 1.000000000000000021e-08 1.000000000000000021e-08 3.230623842863774468e-06
0.000000000000000000e+00 0.000000000000000000e+00 -0.000000000000000000e+00 0.000000000000000000e+00 -0.000000000000000000e+00
0.000000000000000000e+00 0.000000000000000000e+00 -0.000000000000000000e+00 0.000000000000000000e+00 -0.000000000000000000e+00
0.000000000000000000e+00 0.000000000000000000e+00 -0.000000000000000000e+00 0.000000000000000000e+00 -0.000000000000000000e+00
0.000000000000000000e+00 0.000000000000000000e+00 -0.000000000000000000e+00 0.000000000000000000e+00 -0.000000000000000000e+00
3.068439978810369648e-06 1.000000000000000021e-08 6.135244496481625923e-05 2.137494437560886701e-07 1.000000000000000021e-08
1.000000000000000021e-08 1.000000000000000021e-08 8.115956666683321954e-03 9.981274731829968203e-04 1.000000000000000021e-08
1.000000000000000021e-08 1.000000000000000021e-08 3.652749407959764855e-02 4.761588110472742691e-03 1.000000000000000021e-08
1.000000000000000021e-08 1.000000000000000021e-08 8.568302764884462575e-02 4.067101587033046355e-03 1.000000000000000021e-08
1.441923293864487074e-02 3.801792091385686255e-04 1.339104938443025083e-01 1.000000000000000021e-08 3.503732532087534585e-04
5.546810082952718240e-02 1.201853103002131426e-02 1.220880791912236779e-01 1.000000000000000021e-08 4.809556673043920150e-02
9.490587213671657085e-02 4.114669070538476414e-02 3.632797577880668427e-02 1.000000000000000021e-08 1.052603172638840040e-01
8.492619692728775593e-02 6.560042781792152500e-02 1.000000000000000021e-08 3.336767258130451941e-02 9.951724995510775884e-02
3.638841843391435460e-02 6.409963828067208325e-02 1.000000000000000021e-08 1.446410571153732838e-01 3.082789705974170805e-02
9.451118641441781957e-04 4.296685120650117762e-02 1.000000000000000021e-08 1.764726413389439696e-01 1.000000000000000021e-08
1.000000000000000021e-08 2.496942580614406465e-02 1.000000000000000021e-08 1.718735226678920203e-01 1.000000000000000021e-08
1.000000000000000021e-08 2.129834008058248407e-02 1.000000000000000021e-08 1.827940564114179378e-01 1.000000000000000021e-08
2.220316212383543434e-03 2.729329629456848233e-02 1.000000000000000021e-08 1.945311531698533103e-01 1.469948569772829526e-02
2.594783828864588929e-02 4.615145488331803131e-02 1.000000000000000021e-08 1.822794144176947129e-01 4.812476206674123208e-02
5.921707749286054395e-02 7.523935656610027112e-02 1.000000000000000021e-08 1.442446301552908206e-01 8.618897998692411078e-02
8.926939050737721371e-02 1.006355403732909215e-01 2.847475773170338870e-02 6.810786355483418320e-02 1.075043053709021784e-01
1.032295009003437458e-01 1.090820870418418714e-01 8.620504904739417773e-02 1.000000000000000021e-08 7.736465570745212905e-02
8.145970452507679538e-02 7.883175588678721646e-02 1.277793693280182830e-01 1.000000000000000021e-08 2.078153301759816038e-02
3.938209359421182554e-02 3.988270924026956349e-02 1.105257076528136373e-01 1.000000000000000021e-08 1.000000000000000021e-08
1.336615494211844044e-02 1.499908183383652852e-02 5.947536397807457603e-02 1.000000000000000021e-08 1.000000000000000021e-08
3.144644445594156883e-03 4.298996043046904823e-03 2.420122920479256604e-02 1.000000000000000021e-08 1.000000000000000021e-08
5.922129715997742150e-04 9.621012785527045938e-04 7.143528403904855426e-03 4.563620132933573332e-04 1.000000000000000021e-08
1.186901598266633417e-04 1.989157751136465415e-05 8.108416633557781559e-04 3.881795901908415090e-04 1.000000000000000021e-08
1.425335925997186813e-05 1.840476484530224335e-04 1.000000000000000021e-08 1.000000000000000021e-08 3.217654954143746646e-05
3.633209223130077474e-06 4.691410646841742086e-05 1.000000000000000021e-08 1.000000000000000021e-08 8.201865569386010830e-06
0.000000000000000000e+00 0.000000000000000000e+00 -0.000000000000000000e+00 0.000000000000000000e+00 -0.000000000000000000e+00
0.000000000000000000e+00 0.000000000000000000e+00 -0.000000000000000000e+00 0.000000000000000000e+00 -0.000000000000000000e+00
0.000000000000000000e+00 0.000000000000000000e+00 -0.000000000000000000e+00 0.000000000000000000e+00 -0.000000000000000000e+00
3.835549973512962060e-07 1.000000000000000021e-08 7.669055620602032404e-06 2.671868046951108377e-08 1.000000000000000021e-08
1.000000000000000021e-08 7.646918618991830339e-05 7.224239655559751803e-03 5.808015048818885055e-04 1.000000000000000021e-08
1.000000000000000021e-08 3.655601774100819762e-04 3.315549613539280766e-02 2.079857484631389766e-03 1.000000000000000021e-08
1.620904982802346284e-03 6.921077974055989818e-04 7.758543984767242441e-02 1.000000000000000021e-08 1.000000000000000021e-08
1.814286652237664943e-02 4.465763970125923368e-03 1.269358517748220561e-01 1.000000000000000021e-08 1.000000000000000021e-08
5.562624133447703623e-02 1.679870299985473936e-02 1.263758988267363881e-01 1.000000000000000021e-08 3.825344379959234875e-02
9.050146395300832924e-02 4.002688881102931667e-02 5.700676932349882375e-02 1.000000000000000021e-08 9.609027840105691110e-02
8.588624924256978155e-02 5.666998738203109232e-02 1.000000000000000021e-08 3.328736659340194529e-03 1.068883812585360721e-01
5.397018603941289988e-02 5.318535722657581621e-02 1.000000000000000021e-08 1.025518110626194301e-01 6.223458256158842516e-02
3.316519668884880534e-02 4.548476615513529636e-02 1.000000000000000021e-08 1.519303222773860929e-01 2.624632154372070689e-02
3.209681571942964162e-02 4.447280743024122768e-02 1.000000000000000021e-08 1.549184196157707138e-01 2.080323535281578332e-02
4.138604134203161672e-02 5.060025501369205120e-02 1.000000000000000021e-08 1.370389007060362208e-01 3.411267188407294398e-02
6.057615681065329355e-02 6.753498392873281964e-02 1.000000000000000021e-08 1.017295474665351473e-01 5.634715923780753144e-02
7.400715053568107660e-02 8.792776265858778806e-02 3.226040257564085408e-03 8.949142601465376323e-02 7.689891183744719527e-02
8.753373882477975820e-02 1.003472917703038120e-01 1.262849777050052864e-02 9.015424252594270160e-02 9.849862871265699371e-02
1.023161655971140671e-01 1.040721337808031416e-01 4.430958000591324331e-02 3.105643680383920330e-02 1.130811097777788821e-01
1.000002631945199755e-01 8.423125894609162501e-02 1.060138406299697827e-01 1.000000000000000021e-08 7.489212472597284176e-02
6.000530538379070244e-02 4.422467331308932437e-02 1.422497429577654904e-01 1.000000000000000021e-08 1.277423655101968779e-02
2.043036747157219585e-02 1.599500766670935992e-02 1.062808212907857819e-01 1.000000000000000021e-08 1.000000000000000021e-08
4.402075999010210579e-03 3.582096751735035656e-03 5.076575188946429867e-02 1.058188922991655598e-03 1.000000000000000021e-08
5.227563645424292095e-04 5.381847529754246696e-04 1.970896694289383383e-02 2.660958690508173369e-03 1.000000000000000021e-08
8.631179706039202038e-05 1.763594900845578798e-04 5.743128601092086817e-03 1.218168072824786941e-03 1.000000000000000021e-08
2.140818185916094877e-05 2.465912211642272970e-05 4.192951099077828290e-04 2.059849141244230874e-04 1.000000000000000021e-08
1.579048623898841386e-05 2.038959242665833518e-04 1.000000000000000021e-08 1.000000000000000021e-08 3.564656959002377134e-05
4.331903304501231005e-06 5.593605002003626406e-05 1.000000000000000021e-08 1.000000000000000021e-08 9.779147409652563103e-06
0.000000000000000000e+00 0.000000000000000000e+00 -0.000000000000000000e+00 0.000000000000000000e+00 -0.000000000000000000e+00
0.000000000000000000e+00 0.000000000000000000e+00 -0.000000000000000000e+00 0.000000000000000000e+00 -0.000000000000000000e+00
0.000000000000000000e+00 0.000000000000000000e+00 -0.000000000000000000e+00 0.000000000000000000e+00 -0.000000000000000000e+00
0.000000000000000000e+00 0.000000000000000000e+00 -0.000000000000000000e+00 0.000000000000000000e+00 -0.000000000000000000e+00
1.000000000000000021e-08 1.674272667531716567e-04 5.048885355646107534e-03 2.947043247708453786e-04 1.000000000000000021e-08
1.000000000000000021e-08 8.979242656348350145e-04 2.502669043257033099e-02 4.301234365986689764e-04 1.000000000000000021e-08
2.449784348136061635e-03 2.236873502748931795e-03 6.190636867917733571e-02 1.000000000000000021e-08 1.000000000000000021e-08
1.657394743911731749e-02 6.923454941875620793e-03 1.088945485538430624e-01 1.000000000000000021e-08 1.000000000000000021e-08
4.498462629460877465e-02 1.877686512552468462e-02 1.270986827295528254e-01 1.000000000000000021e-08 2.035363878625116169e-02
8.050190061911817463e-02 3.505150622926323650e-02 9.086574588913276518e-02 1.000000000000000021e-08 7.121051589391398651e-02
9.308439796682276002e-02 4.796055925410284970e-02 4.112740098888909707e-02 1.000000000000000021e-08 1.034697831577182092e-01
8.708379812196061220e-02 5.090989501235999859e-02 1.745880627272642163e-02 1.000000000000000021e-08 9.742624680176484309e-02
8.186850420625065017e-02 5.259975124592002754e-02 1.419696612232207097e-02 2.479961976189207565e-02 8.056163305835264965e-02
8.460593104986227631e-02 5.688720641892484886e-02 1.636183936009737855e-02 2.286179890523611438e-02 7.615136839140002056e-02
8.866993587781435426e-02 6.669922221379340210e-02 2.290036687730654524e-02 4.793411025846110976e-04 8.047278831623415341e-02
8.341641554706832884e-02 8.796013506049329966e-02 2.999294438190648615e-02 1.000000000000000021e-08 8.207496365896056745e-02
7.952628274916452578e-02 1.054971512148490248e-01 2.754661237229440868e-02 5.162322587256474443e-02 7.649976166622826645e-02
9.638617794716572429e-02 1.045659551931502895e-01 2.211489140002655118e-02 7.036040578715362093e-02 9.518512882590958457e-02
1.087512616091127204e-01 8.353753651733167307e-02 5.345049291176291739e-02 1.967200572349033297e-03 1.165252882596118505e-01
8.266194213145440506e-02 4.721323287893989390e-02 1.218676270576833504e-01 1.000000000000000021e-08 7.191787906522426055e-02
3.340355601209606118e-02 1.451298244990921818e-02 1.456065503775255954e-01 1.000000000000000021e-08 5.770603393211391416e-03
5.432117202642966838e-03 1.485928403596553388e-03 9.731119711038346831e-02 3.722276464415913769e-03 1.000000000000000021e-08
1.000000000000000021e-08 1.000000000000000021e-08 4.201921472968550564e-02 7.085197693163910494e-03 1.000000000000000021e-08
1.000000000000000021e-08 3.124241685012904514e-04 1.621873437032726045e-02 3.286614260496094082e-03 1.000000000000000021e-08
1.000000000000000021e-08 2.183928174646460562e-04 3.981469894684478913e-03 9.897716909874783569e-04 1.000000000000000021e-08
1.000000000000000021e-08 1.578205362312726863e-04 1.686008331075849586e-04 1.313858881577377880e-04 1.000000000000000021e-08
1.579048623898841386e-05 2.038959242665833518e-04 1.000000000000000021e-08 1.000000000000000021e-08 3.564656959002377134e-05
1.000000000000000021e-08 9.028753612999493002e-05 1.000000000000000021e-08 1.000000000000000021e-08 1.220848095216968402e-05
0.000000000000000000e+00 0.000000000000000000e+00 -0.000000000000000000e+00 0.000000000000000000e+00 -0.000000000000000000e+00
0.000000000000000000e+00 0.000000000000000000e+00 -0.000000000000000000e+00 0.000000000000000000e+00 -0.000000000000000000e+00
0.000000000000000000e+00 0.000000000000000000e+00 -0.000000000000000000e+00 0.000000000000000000e+00 -0.000000000000000000e+00
0.000000000000000000e+00 0.000000000000000000e+00 -0.000000000000000000e+00 0.000000000000000000e+00 -0.000000000000000000e+00
1.000000000000000021e-08 1.479477770597417458e-04 2.847403346641195435e-03 9.162981104388957278e-05 1.000000000000000021e-08
2.897048247916348958e-05 1.067526489598372760e-03 1.451610267928773838e-02 1.000000000000000021e-08 1.000000000000000021e-08
1.695229462035443896e-03 3.255301256053238449e-03 4.137715655739541282e-02 1.000000000000000021e-08 1.000000000000000021e-08
1.070826523538381467e-02 7.047819313688142608e-03 7.969501192988905081e-02 1.000000000000000021e-08 1.000000000000000021e-08
2.896091516053653572e-02 1.629743172823287442e-02 1.094213184032672287e-01 1.000000000000000021e-08 4.084191206120368206e-03
5.603208364276029974e-02 2.812656587722839677e-02 1.096723741402149538e-01 1.000000000000000021e-08 3.562515451178204645e-02
7.693626949573324769e-02 3.725613351697629888e-02 8.681112764706926110e-02 1.000000000000000021e-08 7.210160388546341115e-02
8.607832884963820264e-02 4.254936435671672484e-02 6.720859320614279431e-02 1.000000000000000021e-08 9.100394517517922111e-02
8.817764618872679649e-02 4.560546075280918349e-02 5.902219718149954997e-02 1.000000000000000021e-08 9.443442338059641894e-02
8.625723245224764524e-02 4.934549682292422440e-02 5.971961903968723423e-02 1.000000000000000021e-08 9.167362040031926118e-02
7.156261705752044178e-02 6.752850633673460057e-02 6.287597805482081359e-02 1.000000000000000021e-08 8.298150203851728524e-02
5.267605684303742347e-02 1.045526954046817614e-01 5.632088803173553732e-02 1.000000000000000021e-08 6.164296180436310002e-02
7.212644153737168828e-02 1.142744035443901685e-01 3.498468621713838461e-02 7.255782899582807755e-02 4.601400712447772240e-02
1.097316812620474646e-01 8.936659405255896471e-02 1.854067206840628521e-02 5.853158639747542413e-02 8.531131129049013273e-02
1.079622138380480906e-01 4.720716314445325135e-02 5.542761000410183908e-02 1.000000000000000021e-08 1.198065129124997186e-01
5.421874007216142405e-02 1.347809127169498009e-02 1.277212943168717363e-01 1.000000000000000021e-08 7.122362580319303860e-02
9.527986819379758929e-03 1.000000000000000021e-08 1.384917422092976913e-01 1.000000000000000021e-08 3.900019235087304019e-03
1.000000000000000021e-08 1.000000000000000021e-08 8.778564353524408170e-02 1.340231167633732304e-02 1.000000000000000021e-08
1.000000000000000021e-08 1.000000000000000021e-08 3.642377620490720724e-02 8.571533166091866926e-03 1.000000000000000021e-08
1.000000000000000021e-08 1.264469461295265873e-04 1.407376678254456358e-02 3.363689681023838886e-03 1.000000000000000021e-08
1.000000000000000021e-08 1.407632784368209025e-04 3.292365904646580091e-03 9.265541308132889181e-04 1.000000000000000021e-08
1.000000000000000021e-08 1.715524901472952556e-04 2.277336827578986219e-04 1.055321080647583868e-04 1.000000000000000021e-08
3.842817447541457499e-06 4.962068953390304807e-05 1.000000000000000021e-08 1.000000000000000021e-08 8.675050121465962112e-06
2.445429284799087757e-06 3.157680243066561239e-05 1.000000000000000021e-08 1.000000000000000021e-08 5.520486440932906695e-06
0.000000000000000000e+00 0.000000000000000000e+00 -0.000000000000000000e+00 0.000000000000000000e+00 -0.000000000000000000e+00
0.000000000000000000e+00 0.000000000000000000e+00 -0.000000000000000000e+00 0.000000000000000000e+00 -0.000000000000000000e+00
0.000000000000000000e+00 0.000000000000000000e+00 -0.000000000000000000e+00 0.000000000000000000e+00 -0.000000000000000000e+00
1.000000000000000021e-08 3.190164703943368141e-05 1.000000000000000021e-08 3.938329372364561585e-06 1.000000000000000021e-08
1.000000000000000021e-08 6.447366535721820531e-05 1.197275700747138733e-03 1.141272150457776262e-04 1.000000000000000021e-08
1.000000000000000021e-08 7.006672718674470442e-04 6.456157687856179696e-03 1.000000000000000021e-08 1.000000000000000021e-08
6.257168931318580866e-04 2.339311483581586401e-03 2.126608548758348455e-02 1.000000000000000021e-08 1.000000000000000021e-08
4.257977880139617033e-03 5.125250852648367307e-03 4.614403288850197488e-02 1.000000000000000021e-08 1.000000000000000021e-08
1.371087773633051718e-02 1.080966856620951128e-02 7.289586069520312406e-02 1.000000000000000021e-08 1.000000000000000021e-08
2.611905612118768996e-02 1.786477858629226603e-02 9.097506346056942472e-02 1.000000000000000021e-08 9.091725238221815691e-03
3.866639242925085096e-02 2.343927954043699760e-02 9.351279546647997543e-02 1.000000000000000021e-08 2.947237158668244636e-02
4.722767007570174980e-02 2.606003253009865628e-02 8.881730668024774566e-02 1.000000000000000021e-08 4.733070820708733251e-02
4.756647515221908845e-02 2.906591361342156926e-02 8.385729690114046564e-02 1.000000000000000021e-08 5.370263919932046631e-02
3.868032863534433263e-02 4.078744733907713194e-02 7.781523584680449801e-02 1.000000000000000021e-08 5.230436748608825737e-02
1.783171717079171797e-02 8.464598477884263672e-02 6.596852377418470359e-02 1.000000000000000021e-08 4.213025481721068694e-02
2.391791683579370942e-02 1.258903730832978407e-01 4.536658076785622662e-02 4.278501405968335863e-02 1.428480727203343750e-02
8.710525731785054293e-02 1.067934969028202369e-01 1.505873069349114059e-02 9.057726863176400467e-02 1.600421996967664809e-02
1.284895029874721373e-01 5.212390422327815853e-02 7.391419718377952594e-04 3.738661978667796870e-02 8.558208746990025872e-02
9.154719088267680716e-02 1.290174506167811493e-02 4.764054625086795725e-02 1.000000000000000021e-08 1.276664253299685803e-01
2.213898419974766330e-02 1.000000000000000021e-08 1.243432754222659753e-01 1.000000000000000021e-08 6.974465024488875342e-02
1.000000000000000021e-08 1.000000000000000021e-08 1.319021940774281476e-01 1.311440087212728013e-02 9.742392945283706671e-04
1.000000000000000021e-08 1.000000000000000021e-08 8.209535479660920454e-02 1.676790300587661930e-02 1.000000000000000021e-08
1.000000000000000021e-08 1.000000000000000021e-08 3.331840139934819783e-02 8.909378507359970792e-03 1.000000000000000021e-08
1.000000000000000021e-08 1.000000000000000021e-08 1.137020090458988608e-02 3.244263144424423210e-03 1.000000000000000021e-08
1.000000000000000021e-08 6.392654174195106041e-05 3.387334806776518947e-03 8.970474420574156213e-04 1.000000000000000021e-08
1.000000000000000021e-08 1.568775132089818855e-04 3.010336529120173415e-04 5.909559773966107450e-05 1.000000000000000021e-08
1.000000000000000021e-08 3.485825564228510226e-05 1.000000000000000021e-08 1.000000000000000021e-08 3.506323389690627710e-06
0.000000000000000000e+00 0.000000000000000000e+00 -0.000000000000000000e+00 0.000000000000000000e+00 -0.000000000000000000e+00
0.000000000000000000e+00 0.000000000000000000e+00 -0.000000000000000000e+00 0.000000000000000000e+00 -0.000000000000000000e+00
1.000000000000000021e-08 2.543041562579558915e-05 1.000000000000000021e-08 5.966203635202482357e-05 1.000000000000000021e-08
0.000000000000000000e+00 0.000000000000000000e+00 -0.000000000000000000e+00 0.000000000000000000e+00 -0.000000000000000000e+00
1.000000000000000021e-08 7.366380316378323180e-05 1.000000000000000021e-08 9.093960550732709680e-06 1.000000000000000021e-08
1.000000000000000021e-08 4.211899462278608175e-05 6.543800839580870979e-04 6.295583705064499347e-05 1.000000000000000021e-08
1.000000000000000021e-08 4.446160974423456419e-04 2.854982191472410676e-03 1.000000000000000021e-08 1.000000000000000021e-08
1.000000000000000021e-08 1.451233288957943634e-03 9.255175664992709370e-03 1.000000000000000021e-08 1.000000000000000021e-08
8.726811179950855332e-04 3.081743710126171910e-03 2.156139747992900924e-02 1.000000000000000021e-08 1.000000000000000021e-08
3.998267585496809683e-03 5.606540598101621316e-03 3.522471159005276936e-02 1.000000000000000021e-08 1.000000000000000021e-08
8.643646558061442164e-03 9.559753294724058353e-03 4.883228601222336374e-02 1.000000000000000021e-08 1.000000000000000021e-08
1.215691022183503639e-02 1.249448791474003402e-02 5.875839142023975281e-02 1.000000000000000021e-08 5.365329522592747133e-03
1.305595960389877887e-02 1.531622711365357610e-02 6.374660863989616011e-02 1.000000000000000021e-08 1.243405303031764296e-02
9.721981386781142903e-03 2.490431323606153574e-02 6.136426181058943219e-02 1.000000000000000021e-08 1.723222018793387281e-02
1.000000000000000021e-08 5.828619772630157930e-02 5.053044345193372783e-02 1.000000000000000021e-08 1.767790518407826375e-02
1.000000000000000021e-08 1.184878775423969660e-01 3.551240982100868637e-02 1.524218231256140726e-02 4.281590889408709924e-03
4.000417231432988607e-02 1.295680719677348436e-01 1.607673848688056725e-02 7.774001343096241523e-02 1.000000000000000021e-08
1.200593907576931879e-01 7.167699175532693534e-02 1.000000000000000021e-08 8.597509763819340123e-02 3.983409965557932475e-03
1.342097271962999216e-01 1.162073575814204403e-02 1.000000000000000021e-08 1.544913850627569613e-02 9.397227839685846906e-02
6.013574008664644699e-02 1.000000000000000021e-08 4.201546912143300921e-02 1.000000000000000021e-08 1.347368516448485543e-01
1.000000000000000021e-08 1.000000000000000021e-08 1.173968078631243556e-01 1.000000000000000021e-08 6.819668168225952176e-02
1.000000000000000021e-08 1.000000000000000021e-08 1.254768693236534560e-01 1.928067685855432145e-02 7.428028642822918470e-05
1.000000000000000021e-08 1.000000000000000021e-08 8.009018578815496614e-02 1.907212619869916304e-02 1.000000000000000021e-08
1.000000000000000021e-08 1.000000000000000021e-08 3.321200970209065018e-02 9.761340409069913654e-03 1.000000000000000021e-08
1.000000000000000021e-08 1.000000000000000021e-08 1.140338361224156084e-02 3.890688311631857257e-03 1.000000000000000021e-08
1.000000000000000021e-08 1.682053123745208285e-04 3.658777500056602672e-03 9.438540646283248743e-04 1.000000000000000021e-08
1.000000000000000021e-08 1.304595847312184202e-04 4.997898644095198151e-04 9.522288624266277027e-05 1.000000000000000021e-08
5.313388676459165536e-05 1.529467502413771026e-04 2.033563620626579809e-04 1.000000000000000021e-08 1.000000000000000021e-08
0.000000000000000000e+00 0.000000000000000000e+00 -0.000000000000000000e+00 0.000000000000000000e+00 -0.000000000000000000e+00
0.000000000000000000e+00 0.000000000000000000e+00 -0.000000000000000000e+00 0.000000000000000000e+00 -0.000000000000000000e+00
0.000000000000000000e+00 0.000000000000000000e+00 -0.000000000000000000e+00 0.000000000000000000e+00 -0.000000000000000000e+00
0.000000000000000000e+00 0.000000000000000000e+00 -0.000000000000000000e+00 0.000000000000000000e+00 -0.000000000000000000e+00
0.000000000000000000e+00 0.000000000000000000e+00 -0.000000000000000000e+00 0.000000000000000000e+00 -0.000000000000000000e+00
1.000000000000000021e-08 4.961851217598095310e-05 5.283377636387701992e-04 3.877506438268122090e-05 1.000000000000000021e-08
1.000000000000000021e-08 1.851404361007577797e-04 1.085231312866443559e-03 1.138473102700343653e-04 1.000000000000000021e-08
1.000000000000000021e-08 7.205366344587743914e-04 3.286275005381437010e-03 4.600596106194807270e-05 1.000000000000000021e-08
1.000000000000000021e-08 1.718361432425723765e-03 8.463096085812091621e-03 1.000000000000000021e-08 1.000000000000000021e-08
1.000000000000000021e-08 2.602808716652235243e-03 1.499856450439056819e-02 1.000000000000000021e-08 1.000000000000000021e-08
5.108508132835630836e-04 4.626953659129006205e-03 2.148867099068758890e-02 1.000000000000000021e-08 1.000000000000000021e-08
1.238139816520130885e-03 7.821107733764223746e-03 2.535181238857589156e-02 1.000000000000000021e-08 1.000000000000000021e-08
1.000000000000000021e-08 1.615678239373869937e-02 2.680208288152386570e-02 1.000000000000000021e-08 2.067903649872494636e-03
1.000000000000000021e-08 4.024650508186143616e-02 2.486361406273389363e-02 1.000000000000000021e-08 3.069639774691049466e-03
1.000000000000000021e-08 9.462679543139425331e-02 1.650535482003571974e-02 6.483767027236224216e-03 1.000000000000000021e-08
1.192846685009633445e-03 1.379117953856807133e-01 6.704901419374305338e-03 4.337588660653576844e-02 1.000000000000000021e-08
8.106955681619958110e-02 1.025200658789390679e-01 1.000000000000000021e-08 8.575360510569605965e-02 1.000000000000000021e-08
1.471419191327242582e-01 2.338209942721378859e-02 1.000000000000000021e-08 6.813190560930199036e-02 1.076109080252026472e-02
1.160716413543506909e-01 1.000000000000000021e-08 1.000000000000000021e-08 8.465798509513606726e-04 1.077097525770371045e-01
2.796090541259146564e-02 1.000000000000000021e-08 3.519600870294371797e-02 1.000000000000000021e-08 1.380549482281080986e-01
1.000000000000000021e-08 1.000000000000000021e-08 1.072756470301842180e-01 2.774600462862112683e-03 6.545820245775790802e-02
1.000000000000000021e-08 1.000000000000000021e-08 1.194396690168913477e-01 2.236248824745606933e-02 2.746091919257609144e-04
1.000000000000000021e-08 1.000000000000000021e-08 7.816317345519145643e-02 2.036481993195232709e-02 1.000000000000000021e-08
1.000000000000000021e-08 1.000000000000000021e-08 3.362074830365483630e-02 1.044228613192112014e-02 1.000000000000000021e-08
1.000000000000000021e-08 1.000000000000000021e-08 1.179385580817056585e-02 4.376261290192974898e-03 1.000000000000000021e-08
1.000000000000000021e-08 4.819054645894872712e-05 4.191741047133027212e-03 1.345134734616606044e-03 1.000000000000000021e-08
1.000000000000000021e-08 9.133377132004367105e-05 1.003704352157873620e-03 1.219964581024197156e-04 1.000000000000000021e-08
5.112551189499841772e-05 1.775645207632067909e-04 3.336118551953456794e-04 1.000000000000000021e-08 1.000000000000000021e-08
0.000000000000000000e+00 0.000000000000000000e+00 -0.000000000000000000e+00 0.000000000000000000e+00 -0.000000000000000000e+00
0.000000000000000000e+00 0.000000000000000000e+00 -0.000000000000000000e+00 0.000000000000000000e+00 -0.000000000000000000e+00
0.000000000000000000e+00 0.000000000000000000e+00 -0.000000000000000000e+00 0.000000000000000000e+00 -0.000000000000000000e+00
0.000000000000000000e+00 0.000000000000000000e+00 -0.000000000000000000e+00 0.000000000000000000e+00 -0.000000000000000000e+00
2.488397422456121755e-05 1.000000000000000021e-08 9.539939587106675809e-06 1.000000000000000021e-08 1.000000000000000021e-08
1.000000000000000021e-08 3.344115618567522659e-05 2.977617415612215110e-04 1.164968652431882517e-05 1.000000000000000021e-08
1.000000000000000021e-08 9.496493333530377202e-05 6.732808042146407957e-04 2.392713018974832698e-04 1.000000000000000021e-08
1.000000000000000021e-08 6.768867613091581002e-04 1.376598759577009942e-03 2.564499463174320327e-04 1.000000000000000021e-08
1.000000000000000021e-08 1.055772412290290410e-03 3.827198720980310581e-03 3.853143526322211571e-04 1.000000000000000021e-08
1.000000000000000021e-08 1.132232045990000380e-03 6.133738998616832146e-03 1.221588397657726206e-03 1.000000000000000021e-08
1.000000000000000021e-08 3.025883348886967104e-03 8.626336760028165476e-03 1.534715971577775779e-03 1.000000000000000021e-08
1.000000000000000021e-08 9.602464446182769342e-03 9.059481847405207941e-03 2.065211791961195798e-03 1.000000000000000021e-08
1.000000000000000021e-08 2.909501499595141399e-02 7.495056569807314120e-03 3.094461429075286325e-03 1.000000000000000021e-08
1.000000000000000021e-08 7.285196816118355567e-02 4.431038076924332346e-03 4.177185529421582888e-03 1.000000000000000021e-08
1.000000000000000021e-08 1.263580930553797332e-01 1.000000000000000021e-08 2.126903899701923159e-02 1.000000000000000021e-08
3.559322780100682843e-02 1.282334218758174882e-01 1.000000000000000021e-08 5.763177919437130481e-02 1.000000000000000021e-08
1.197637120662854854e-01 5.560210106373620481e-02 1.000000000000000021e-08 8.354012791894983858e-02 1.000000000000000021e-08
1.504117403214301762e-01 1.000000000000000021e-08 1.000000000000000021e-08 5.243849181700304535e-02 2.640311549588838375e-02
8.318430357876574477e-02 1.000000000000000021e-08 1.000000000000000021e-08 1.000000000000000021e-08 1.207510002138069832e-01
3.160861829900607923e-03 1.000000000000000021e-08 3.356574457001371831e-02 1.000000000000000021e-08 1.345422596032125051e-01
1.000000000000000021e-08 1.000000000000000021e-08 9.829192581358471570e-02 5.972254563133153581e-03 6.232603134586806731e-02
1.000000000000000021e-08 1.000000000000000021e-08 1.147453165139983161e-01 2.368186135290386088e-02 1.143742662308647488e-03
1.000000000000000021e-08 1.000000000000000021e-08 7.662231539710392947e-02 2.135345459588217434e-02 1.000000000000000021e-08
1.000000000000000021e-08 1.000000000000000021e-08 3.617602754537322524e-02 1.169543892829151728e-02 1.000000000000000021e-08
1.000000000000000021e-08 1.000000000000000021e-08 1.401281264986322175e-02 5.630905814665571399e-03 1.000000000000000021e-08
1.000000000000000021e-08 1.000000000000000021e-08 4.721575819392549028e-03 1.625673693927431581e-03 1.000000000000000021e-08
1.000000000000000021e-08 7.196037051460033300e-05 1.775952129118884334e-03 3.259993653388839219e-04 1.000000000000000021e-08
2.569700458831480647e-05 1.592267160648443516e-04 5.288908519665534713e-04 1.000000000000000021e-08 1.000000000000000021e-08
0.000000000000000000e+00 0.000000000000000000e+00 -0.000000000000000000e+00 0.000000000000000000e+00 -0.000000000000000000e+00
0.000000000000000000e+00 0.000000000000000000e+00 -0.000000000000000000e+00 0.000000000000000000e+00 -0.000000000000000000e+00
0.000000000000000000e+00 0.000000000000000000e+00 -0.000000000000000000e+00 0.000000000000000000e+00 -0.000000000000000000e+00
0.000000000000000000e+00 0.000000000000000000e+00 -0.000000000000000000e+00 0.000000000000000000e+00 -0.000000000000000000e+00
0.000000000000000000e+00 0.000000000000000000e+00 -0.000000000000000000e+00 0.000000000000000000e+00 -0.000000000000000000e+00
1.000000000000000021e-08 3.931101213693385656e-05 3.481150884569335336e-05 1.000000000000000021e-08 1.313600767933830803e-05
1.000000000000000021e-08 5.593624549770834491e-05 2.367461644562662045e-04 3.702153958426691546e-04 1.000000000000000021e-08
1.000000000000000021e-08 4.067865017439939185e-04 6.042323219307278552e-04 3.906930954932871141e-04 1.000000000000000021e-08
1.000000000000000021e-08 8.110565557802439790e-04 2.043490604743948297e-03 6.769949877378617607e-04 1.000000000000000021e-08
1.000000000000000021e-08 2.089292976216622702e-03 3.736597675493853916e-03 1.539548309648717649e-03 1.000000000000000021e-08
1.000000000000000021e-08 6.698833636893446360e-03 4.789610678449931352e-03 2.998846890169492695e-03 1.000000000000000021e-08
1.000000000000000021e-08 2.291370612120543354e-02 3.662840955749357801e-03 4.626726778860733996e-03 1.000000000000000021e-08
1.000000000000000021e-08 5.732138386217393994e-02 9.788501589046052619e-05 4.995511990175720285e-03 1.000000000000000021e-08
1.000000000000000021e-08 1.063645299668379424e-01 1.000000000000000021e-08 1.247343654804854499e-02 1.000000000000000021e-08
4.702724896268131033e-03 1.354711813147357335e-01 1.000000000000000021e-08 3.353817423984661872e-02 1.000000000000000021e-08
7.360898274181279510e-02 9.410808377414478509e-02 1.000000000000000021e-08 6.767775761673011647e-02 1.000000000000000021e-08
1.408755762808253931e-01 8.400995964287246917e-03 1.000000000000000021e-08 8.004200988220849800e-02 1.000000000000000021e-08
1.314725993248102853e-01 1.000000000000000021e-08 1.000000000000000021e-08 4.038405040829639442e-02 4.292535997829779321e-02
5.032710080620654558e-02 1.000000000000000021e-08 1.000000000000000021e-08 1.000000000000000021e-08 1.272243541058146465e-01
1.000000000000000021e-08 1.000000000000000021e-08 3.007181925901101019e-02 1.000000000000000021e-08 1.299519020339101605e-01
1.000000000000000021e-08 1.000000000000000021e-08 8.833979868239119626e-02 8.252077317805294257e-03 6.127981677437163016e-02
1.000000000000000021e-08 1.000000000000000021e-08 1.064174352286720027e-01 2.448253131802060473e-02 3.112164242659327690e-03
1.000000000000000021e-08 1.000000000000000021e-08 7.796164868352266353e-02 2.185337337919305428e-02 1.000000000000000021e-08
1.000000000000000021e-08 1.000000000000000021e-08 3.940226522942423537e-02 1.295183914234306760e-02 1.000000000000000021e-08
1.000000000000000021e-08 1.000000000000000021e-08 1.784730481898516574e-02 6.689620943844678050e-03 1.000000000000000021e-08
1.000000000000000021e-08 1.000000000000000021e-08 6.487024119807072338e-03 2.300488608680952701e-03 1.000000000000000021e-08
1.000000000000000021e-08 9.731708237222470298e-06 2.716366626487257043e-03 7.943484557191186424e-04 1.000000000000000021e-08
1.000000000000000021e-08 1.540279115140347373e-04 2.045815036120504301e-04 1.000000000000000021e-08 1.000000000000000021e-08
0.000000000000000000e+00 0.000000000000000000e+00 -0.000000000000000000e+00 0.000000000000000000e+00 -0.000000000000000000e+00
0.000000000000000000e+00 0.000000000000000000e+00 -0.000000000000000000e+00 0.000000000000000000e+00 -0.000000000000000000e+00
0.000000000000000000e+00 0.000000000000000000e+00 -0.000000000000000000e+00 0.000000000000000000e+00 -0.000000000000000000e+00
0.000000000000000000e+00 0.000000000000000000e+00 -0.000000000000000000e+00 0.000000000000000000e+00 -0.000000000000000000e+00
0.000000000000000000e+00 0.000000000000000000e+00 -0.000000000000000000e+00 0.000000000000000000e+00 -0.000000000000000000e+00
1.000000000000000021e-08 6.849011004401204617e-05 6.142344732932867386e-05 2.367840430961130581e-05 1.000000000000000021e-08
1.000000000000000021e-08 8.878646989769783298e-05 8.634058096478768778e-05 1.708761473004700613e-04 1.000000000000000021e-08
1.000000000000000021e-08 3.372054416575078015e-04 1.896947577426958092e-04 3.568648338188057530e-04 1.000000000000000021e-08
1.000000000000000021e-08 1.596016756084982398e-03 7.974240939054386829e-04 6.241620602251496744e-04 1.000000000000000021e-08
1.000000000000000021e-08 5.964242362600894430e-03 2.019855027720369057e-03 1.297152209325633850e-03 1.000000000000000021e-08
1.000000000000000021e-08 1.966792937906236896e-02 2.548277564128224003e-03 3.424800416266928459e-03 1.000000000000000021e-08
1.000000000000000021e-08 4.690403014912275514e-02 7.476662021494501946e-04 3.571582976437485783e-03 1.000000000000000021e-08
1.000000000000000021e-08 8.882438826686807343e-02 1.000000000000000021e-08 7.434539536722635511e-03 1.000000000000000021e-08
1.000000000000000021e-08 1.272119034494807177e-01 1.000000000000000021e-08 2.005656485246118739e-02 1.000000000000000021e-08
3.396711553469257405e-02 1.169630489856686856e-01 1.000000000000000021e-08 4.759590600617819023e-02 1.000000000000000021e-08
1.035095552207405817e-01 4.605921660304499593e-02 1.000000000000000021e-08 7.692649562401246421e-02 1.000000000000000021e-08
1.402717294474647158e-01 1.000000000000000021e-08 1.000000000000000021e-08 7.487573471724824625e-02 1.000000000000000021e-08
1.021491508752041394e-01 1.000000000000000021e-08 1.000000000000000021e-08 3.319288612282976503e-02 5.831650138413925488e-02
2.712194470548319816e-02 1.000000000000000021e-08 1.000000000000000021e-08 1.000000000000000021e-08 1.277197650289867425e-01
1.000000000000000021e-08 1.000000000000000021e-08 2.689220336701055036e-02 1.000000000000000021e-08 1.244820871709288318e-01
1.000000000000000021e-08 1.000000000000000021e-08 7.900826631041424353e-02 9.391539046518671691e-03 6.163433639255591623e-02
1.000000000000000021e-08 1.000000000000000021e-08 9.761532876257915381e-02 2.314897840899972359e-02 7.198009559701334763e-03
1.000000000000000021e-08 1.000000000000000021e-08 7.812101718366382119e-02 2.145269630762306617e-02 1.000000000000000021e-08
1.000000000000000021e-08 1.000000000000000021e-08 4.598263844679023604e-02 1.479179763970915606e-02 1.000000000000000021e-08
1.000000000000000021e-08 1.000000000000000021e-08 2.218796139416309710e-02 7.378625898555354889e-03 1.000000000000000021e-08
1.000000000000000021e-08 1.000000000000000021e-08 9.324149355689252683e-03 2.999410439962264200e-03 1.000000000000000021e-08
1.000000000000000021e-08 1.000000000000000021e-08 3.223869086493298501e-03 1.013590560504335630e-03 1.000000000000000021e-08
1.000000000000000021e-08 1.000000000000000021e-08 4.029002438238373494e-04 1.375151712899774824e-04 1.000000000000000021e-08
0.000000000000000000e+00 0.000000000000000000e+00 -0.000000000000000000e+00 0.000000000000000000e+00 -0.000000000000000000e+00
0.000000000000000000e+00 0.000000000000000000e+00 -0.000000000000000000e+00 0.000000000000000000e+00 -0.000000000000000000e+00
0.000000000000000000e+00 0.000000000000000000e+00 -0.000000000000000000e+00 0.000000000000000000e+00 -0.000000000000000000e+00
0.000000000000000000e+00 0.000000000000000000e+00 -0.000000000000000000e+00 0.000000000000000000e+00 -0.000000000000000000e+00
0.000000000000000000e+00 0.000000000000000000e+00 -0.000000000000000000e+00 0.000000000000000000e+00 -0.000000000000000000e+00
1.000000000000000021e-08 5.370247264814565353e-05 4.816156665595108636e-05 1.856602156094520328e-05 1.000000000000000021e-08
1.000000000000000021e-08 1.981176425738697246e-04 8.502165811679788599e-05 8.196179734804671588e-05 1.000000000000000021e-08
1.000000000000000021e-08 1.129386431655824818e-03 1.017407585616388619e-04 2.722255853195300573e-04 1.000000000000000021e-08
1.000000000000000021e-08 4.670056314556532417e-03 3.511342416879556895e-04 7.442878762571798236e-05 1.000000000000000021e-08
1.000000000000000021e-08 1.579390059664440363e-02 5.744142033284483501e-04 5.290138567020645933e-04 1.000000000000000021e-08
1.000000000000000021e-08 3.778669044574035907e-02 2.732624079882453746e-04 2.500407580057873542e-04 1.000000000000000021e-08
1.000000000000000021e-08 7.193856675464053996e-02 1.000000000000000021e-08 4.596646551006082905e-04 1.000000000000000021e-08
1.000000000000000021e-08 1.107420836857603008e-01 1.000000000000000021e-08 9.539184477896190534e-03 1.000000000000000021e-08
8.824821476192045919e-03 1.230231141217561358e-01 1.000000000000000021e-08 2.889396484908650017e-02 1.000000000000000021e-08
6.292969937062622976e-02 7.954920001255109951e-02 1.000000000000000021e-08 5.800364373283786734e-02 1.000000000000000021e-08
1.178484620846742270e-01 6.753414709032882872e-03 2.088121556351510508e-03 7.796526909435090580e-02 1.000000000000000021e-08
1.275324243291927895e-01 1.000000000000000021e-08 1.000000000000000021e-08 6.442378632028962493e-02 1.000000000000000021e-08
7.586141478498825697e-02 1.000000000000000021e-08 1.000000000000000021e-08 2.885802160094167249e-02 6.730591655917227134e-02
1.442848464915697654e-02 1.000000000000000021e-08 1.000000000000000021e-08 1.000000000000000021e-08 1.249449460519618943e-01
1.000000000000000021e-08 1.000000000000000021e-08 2.035145686811089955e-02 1.000000000000000021e-08 1.186038245596923585e-01
1.000000000000000021e-08 1.000000000000000021e-08 6.947594854260341624e-02 7.636940288741308688e-03 6.370168838201992201e-02
1.000000000000000021e-08 1.000000000000000021e-08 9.076636742108909472e-02 2.043210495559793366e-02 1.350002099400807176e-02
1.000000000000000021e-08 1.000000000000000021e-08 7.877465290076840487e-02 2.070943662820074610e-02 1.000000000000000021e-08
1.000000000000000021e-08 1.000000000000000021e-08 5.045342490943839631e-02 1.500952057287242847e-02 1.000000000000000021e-08
1.000000000000000021e-08 1.000000000000000021e-08 2.636244232821325501e-02 7.538648627304106453e-03 1.000000000000000021e-08
1.000000000000000021e-08 1.000000000000000021e-08 1.171519934435112827e-02 3.348753157038998878e-03 1.000000000000000021e-08
1.000000000000000021e-08 1.000000000000000021e-08 3.259820889048295998e-03 9.960557300334438834e-04 1.000000000000000021e-08
1.000000000000000021e-08 3.508333033890466904e-06 1.640907952847421775e-04 3.179265279600878712e-05 1.000000000000000021e-08
0.000000000000000000e+00 0.000000000000000000e+00 -0.000000000000000000e+00 0.000000000000000000e+00 -0.000000000000000000e+00
0.000000000000000000e+00 0.000000000000000000e+00 -0.000000000000000000e+00 0.000000000000000000e+00 -0.000000000000000000e+00
0.000000000000000000e+00 0.000000000000000000e+00 -0.000000000000000000e+00 0.000000000000000000e+00 -0.000000000000000000e+00
0.000000000000000000e+00 0.000000000000000000e+00 -0.000000000000000000e+00 0.000000000000000000e+00 -0.000000000000000000e+00
0.000000000000000000e+00 0.000000000000000000e+00 -0.000000000000000000e+00 0.000000000000000000e+00 -0.000000000000000000e+00
0.000000000000000000e+00 0.000000000000000000e+00 -0.000000000000000000e+00 0.000000000000000000e+00 -0.000000000000000000e+00
1.000000000000000021e-08 3.166802917274548121e-04 1.255172825254348856e-05 1.457719503567634159e-04 1.000000000000000021e-08
1.000000000000000021e-08 2.170860898806482517e-03 1.000000000000000021e-08 1.159724180631159455e-05 1.000000000000000021e-08
1.000000000000000021e-08 8.243815047740375712e-03 1.000000000000000021e-08 1.000000000000000021e-08 1.000000000000000021e-08
1.000000000000000021e-08 2.404228631585401260e-02 1.000000000000000021e-08 1.000000000000000021e-08 1.002135928947675401e-04
1.000000000000000021e-08 5.164647338787840131e-02 1.000000000000000021e-08 1.000000000000000021e-08 6.393201873623971607e-04
1.000000000000000021e-08 8.657970909210169208e-02 1.000000000000000021e-08 1.000000000000000021e-08 1.000000000000000021e-08
1.000000000000000021e-08 1.136646037322177477e-01 1.000000000000000021e-08 1.092374926646799693e-02 1.000000000000000021e-08
2.797031315418697234e-02 1.020924747315099523e-01 1.000000000000000021e-08 3.047576585348685252e-02 1.000000000000000021e-08
8.098907579866469753e-02 4.354715182399929163e-02 1.000000000000000021e-08 5.645458988490437841e-02 1.000000000000000021e-08
1.178608807594780511e-01 1.000000000000000021e-08 1.309548753995745402e-03 6.527760379710699501e-02 1.000000000000000021e-08
1.094137626726063989e-01 1.000000000000000021e-08 1.000000000000000021e-08 4.858015469377451739e-02 8.115846370200748006e-03
5.797334397110139731e-02 1.000000000000000021e-08 1.000000000000000021e-08 2.301397648655231776e-02 6.699045783836879431e-02
9.420833309917909029e-03 1.000000000000000021e-08 1.000000000000000021e-08 1.000000000000000021e-08 1.152120648097197109e-01
1.000000000000000021e-08 1.000000000000000021e-08 1.351426431865087978e-02 1.000000000000000021e-08 1.110228608719358995e-01
1.000000000000000021e-08 1.000000000000000021e-08 5.639263799487347767e-02 4.550342724830130567e-03 6.454542505500360239e-02
1.000000000000000021e-08 1.000000000000000021e-08 7.981616529869317578e-02 1.656184182881878519e-02 1.715506929613312692e-02
1.000000000000000021e-08 1.000000000000000021e-08 7.355183446044341600e-02 1.755836654010700312e-02 1.000000000000000021e-08
1.000000000000000021e-08 1.000000000000000021e-08 4.816687590309855910e-02 1.262133850145489775e-02 1.000000000000000021e-08
1.000000000000000021e-08 1.000000000000000021e-08 2.526252933023893227e-02 6.631804334107040469e-03 1.000000000000000021e-08
1.000000000000000021e-08 1.000000000000000021e-08 1.157671789603190171e-02 3.549735821209891364e-03 1.000000000000000021e-08
1.000000000000000021e-08 1.000000000000000021e-08 2.014344513408911248e-03 4.531136252139572628e-04 1.000000000000000021e-08
1.000000000000000021e-08 8.276311915840923071e-07 4.838129295183012866e-06 1.000000000000000021e-08 1.000000000000000021e-08
0.000000000000000000e+00 0.000000000000000000e+00 -0.000000000000000000e+00 0.000000000000000000e+00 -0.000000000000000000e+00
0.000000000000000000e+00 0.000000000000000000e+00 -0.000000000000000000e+00 0.000000000000000000e+00 -0.000000000000000000e+00
0.000000000000000000e+00 0.000000000000000000e+00 -0.000000000000000000e+00 0.000000000000000000e+00 -0.000000000000000000e+00
0.000000000000000000e+00 0.000000000000000000e+00 -0.000000000000000000e+00 0.000000000000000000e+00 -0.000000000000000000e+00
0.000000000000000000e+00 0.000000000000000000e+00 -0.000000000000000000e+00 0.000000000000000000e+00 -0.000000000000000000e+00
0.000000000000000000e+00 0.000000000000000000e+00 -0.000000000000000000e+00 0.000000000000000000e+00 -0.000000000000000000e+00
1.000000000000000021e-08 4.361446867693620456e-04 4.329783879839054341e-05 1.277192548262205240e-04 1.000000000000000021e-08
1.000000000000000021e-08 2.254973775379509691e-03 4.082125377016192875e-05 1.000000000000000021e-08 1.000000000000000021e-08
1.000000000000000021e-08 7.752830328609561922e-03 1.000000000000000021e-08 1.000000000000000021e-08 1.000000000000000021e-08
1.000000000000000021e-08 2.182856863612240780e-02 1.000000000000000021e-08 1.000000000000000021e-08 2.035981914101535806e-04
1.000000000000000021e-08 4.694696776548253070e-02 1.000000000000000021e-08 1.000000000000000021e-08 5.366375776922465432e-04
1.000000000000000021e-08 7.411798825031244708e-02 1.000000000000000021e-08 1.000000000000000021e-08 1.000000000000000021e-08
2.015976726436924989e-03 8.679198790772217620e-02 1.000000000000000021e-08 9.621397488628960493e-03 1.000000000000000021e-08
3.314718095352903182e-02 6.558156145694003791e-02 1.000000000000000021e-08 2.630193723420514579e-02 1.000000000000000021e-08
7.546915413055478583e-02 1.601607512553309548e-02 1.000000000000000021e-08 4.406513790217420068e-02 1.000000000000000021e-08
9.732716647136357979e-02 1.000000000000000021e-08 1.000000000000000021e-08 4.515645739884119325e-02 1.000000000000000021e-08
7.963298151513574508e-02 1.000000000000000021e-08 1.000000000000000021e-08 3.241394683024514944e-02 8.685439724300426587e-03
4.161922063299106078e-02 1.000000000000000021e-08 1.000000000000000021e-08 1.198993038391958123e-02 4.960162615678526815e-02
7.215785516215714006e-03 1.000000000000000021e-08 1.000000000000000021e-08 1.000000000000000021e-08 8.513996431783410479e-02
1.000000000000000021e-08 1.000000000000000021e-08 4.508645999430249858e-03 1.000000000000000021e-08 8.290491723245205224e-02
1.000000000000000021e-08 1.000000000000000021e-08 3.360417500719577871e-02 2.340547502091144382e-03 5.100540139291130648e-02
1.000000000000000021e-08 1.000000000000000021e-08 5.337462967307946698e-02 1.195573067675455639e-02 1.536400084342412313e-02
1.000000000000000021e-08 1.000000000000000021e-08 4.943169219832514727e-02 1.255939330167517472e-02 1.000000000000000021e-08
1.000000000000000021e-08 1.000000000000000021e-08 3.248264474046001771e-02 8.704222110586109021e-03 1.000000000000000021e-08
1.000000000000000021e-08 1.000000000000000021e-08 1.524852186886755008e-02 4.197397028459075655e-03 1.000000000000000021e-08
1.000000000000000021e-08 1.000000000000000021e-08 5.680241685222940824e-03 1.300847579925641954e-03 1.000000000000000021e-08
1.000000000000000021e-08 1.000000000000000021e-08 1.073870288740979033e-03 9.440172230581298667e-05 1.000000000000000021e-08
0.000000000000000000e+00 0.000000000000000000e+00 -0.000000000000000000e+00 0.000000000000000000e+00 -0.000000000000000000e+00
0.000000000000000000e+00 0.000000000000000000e+00 -0.000000000000000000e+00 0.000000000000000000e+00 -0.000000000000000000e+00
0.000000000000000000e+00 0.000000000000000000e+00 -0.000000000000000000e+00 0.000000000000000000e+00 -0.000000000000000000e+00
0.000000000000000000e+00 0.000000000000000000e+00 -0.000000000000000000e+00 0.000000000000000000e+00 -0.000000000000000000e+00
0.000000000000000000e+00 0.000000000000000000e+00 -0.000000000000000000e+00 0.000000000000000000e+00 -0.000000000000000000e+00
0.000000000000000000e+00 0.000000000000000000e+00 -0.000000000000000000e+00 0.000000000000000000e+00 -0.000000000000000000e+00
1.000000000000000021e-08 2.290709591955738807e-05 1.157408683679152472e-06 6.417037276529556362e-06 1.000000000000000021e-08
1.000000000000000021e-08 2.293209287026207264e-04 4.679686470498591231e-06 6.366304417151912064e-05 1.000000000000000021e-08
1.000000000000000021e-08 4.058057464925945946e-04 2.179490363082783340e-05 8.692149400427934063e-05 1.000000000000000021e-08
1.000000000000000021e-08 2.026497700524430064e-03 1.000000000000000021e-08 1.000000000000000021e-08 1.000000000000000021e-08
1.000000000000000021e-08 4.829155796899199313e-03 1.000000000000000021e-08 1.000000000000000021e-08 1.000000000000000021e-08
1.000000000000000021e-08 9.767170666595425058e-03 1.000000000000000021e-08 1.000000000000000021e-08 1.000000000000000021e-08
1.000000000000000021e-08 1.523267088200221109e-02 1.000000000000000021e-08 1.654545365484829137e-03 1.000000000000000021e-08
2.283239137796910876e-03 1.654466693043326123e-02 1.000000000000000021e-08 6.034719456373975090e-03 1.000000000000000021e-08
1.317547090786774962e-02 8.529491381963611937e-03 1.000000000000000021e-08 1.205782077586736029e-02 1.000000000000000021e-08
2.455566686337392474e-02 1.000000000000000021e-08 1.264463534308224522e-04 1.850812604594301303e-02 1.000000000000000021e-08
2.876816166315647461e-02 1.000000000000000021e-08 2.211019886667645821e-04 1.809828746963043286e-02 1.000000000000000021e-08
2.320890184148408780e-02 1.000000000000000021e-08 1.000000000000000021e-08 1.214479392711931283e-02 1.829460137060011328e-03
1.051169569940322429e-02 1.000000000000000021e-08 1.000000000000000021e-08 3.296651562485942641e-03 1.335289300356252637e-02
1.785573315511845100e-03 1.000000000000000021e-08 1.000000000000000021e-08 1.000000000000000021e-08 2.168059610246630964e-02
1.000000000000000021e-08 1.000000000000000021e-08 1.000000000000000021e-08 1.000000000000000021e-08 2.174187229846928290e-02
1.000000000000000021e-08 1.000000000000000021e-08 8.460259494532865535e-03 3.842268213627245479e-03 1.350661507783777228e-02
1.000000000000000021e-08 1.000000000000000021e-08 1.479614835539944800e-02 6.256554286498229762e-03 3.545754712822656723e-03
1.000000000000000021e-08 1.000000000000000021e-08 1.473309990898055005e-02 5.760320194279222247e-03 1.000000000000000021e-08
1.000000000000000021e-08 1.000000000000000021e-08 7.918323455701240313e-03 3.044560694897239118e-03 1.000000000000000021e-08
1.000000000000000021e-08 1.000000000000000021e-08 2.241136211078799748e-03 9.156621413497449810e-04 1.000000000000000021e-08
1.000000000000000021e-08 1.000000000000000021e-08 3.661445124217554688e-04 1.542331135814382394e-04 1.000000000000000021e-08
0.000000000000000000e+00 0.000000000000000000e+00 -0.000000000000000000e+00 0.000000000000000000e+00 -0.000000000000000000e+00
0.000000000000000000e+00 0.000000000000000000e+00 -0.000000000000000000e+00 0.000000000000000000e+00 -0.000000000000000000e+00
0.000000000000000000e+00 0.000000000000000000e+00 -0.000000000000000000e+00 0.000000000000000000e+00 -0.000000000000000000e+00
0.000000000000000000e+00 0.000000000000000000e+00 -0.000000000000000000e+00 0.000000000000000000e+00 -0.000000000000000000e+00
0.000000000000000000e+00 0.000000000000000000e+00 -0.000000000000000000e+00 0.000000000000000000e+00 -0.000000000000000000e+00
0.000000000000000000e+00 0.000000000000000000e+00 -0.000000000000000000e+00 0.000000000000000000e+00 -0.000000000000000000e+00
0.000000000000000000e+00 0.000000000000000000e+00 -0.000000000000000000e+00 0.000000000000000000e+00 -0.000000000000000000e+00
0.000000000000000000e+00 0.000000000000000000e+00 -0.000000000000000000e+00 0.000000000000000000e+00 -0.000000000000000000e+00
0.000000000000000000e+00 0.000000000000000000e+00 -0.000000000000000000e+00 0.000000000000000000e+00 -0.000000000000000000e+00
0.000000000000000000e+00 0.000000000000000000e+00 -0.000000000000000000e+00 0.000000000000000000e+00 -0.000000000000000000e+00
0.000000000000000000e+00 0.000000000000000000e+00 -0.000000000000000000e+00 0.000000000000000000e+00 -0.000000000000000000e+00
0.000000000000000000e+00 0.000000000000000000e+00 -0.000000000000000000e+00 0.000000000000000000e+00 -0.000000000000000000e+00
1.000000000000000021e-08 2.869341863876658902e-06 1.000000000000000021e-08 2.636765032085675262e-07 1.937897133136224005e-07
1.000000000000000021e-08 9.181893964405308487e-05 1.000000000000000021e-08 8.437648102674160839e-06 6.201270826035916818e-06
1.000000000000000021e-08 1.743696290390724416e-04 1.000000000000000021e-08 2.059458696925409594e-04 1.000000000000000021e-08
8.775094203759313343e-05 5.231015771002192068e-05 1.000000000000000021e-08 1.388072710863217534e-04 1.000000000000000021e-08
2.985203008481995780e-04 1.000000000000000021e-08 4.093365577498597920e-05 4.845372377314585959e-04 1.000000000000000021e-08
2.340811166519614708e-04 1.000000000000000021e-08 1.000000000000000021e-08 4.926014873160962848e-04 1.000000000000000021e-08
4.654935088932965720e-04 1.000000000000000021e-08 1.000000000000000021e-08 5.451066772718867479e-04 2.056875499039583787e-05
1.406760795130393340e-04 1.000000000000000021e-08 1.000000000000000021e-08 1.399347239428828872e-04 1.292011936722946308e-04
1.000000000000000021e-08 1.000000000000000021e-08 1.364861704161624987e-04 3.239215668550742098e-05 8.928454759858661400e-05
1.000000000000000021e-08 6.890652289471427181e-06 2.203452885563549903e-04 6.291755351223003593e-05 1.213499854007872873e-04
1.000000000000000021e-08 2.057759396872335371e-05 2.659005500090871150e-04 1.417915949024321917e-04 1.255226372250394537e-04
1.000000000000000021e-08 1.000000000000000021e-08 5.607820989359309661e-04 2.179033727040441447e-04 6.844922782627028154e-05
1.000000000000000021e-08 1.000000000000000021e-08 1.134178050095463811e-03 4.895011107717689696e-04 1.000000000000000021e-08
1.000000000000000021e-08 1.000000000000000021e-08 6.125121371341834100e-04 3.845582268231976077e-04 1.000000000000000021e-08
1.000000000000000021e-08 1.000000000000000021e-08 2.332556765314624180e-04 8.368898244981766855e-05 1.000000000000000021e-08
0.000000000000000000e+00 0.000000000000000000e+00 -0.000000000000000000e+00 0.000000000000000000e+00 -0.000000000000000000e+00
0.000000000000000000e+00 0.000000000000000000e+00 -0.000000000000000000e+00 0.000000000000000000e+00 -0.000000000000000000e+00
0.000000000000000000e+00 0.000000000000000000e+00 -0.000000000000000000e+00 0.000000000000000000e+00 -0.000000000000000000e+00
0.000000000000000000e+00 0.000000000000000000e+00 -0.000000000000000000e+00 0.000000000000000000e+00 -0.000000000000000000e+00
0.000000000000000000e+00 0.000000000000000000e+00 -0.000000000000000000e+00 0.000000000000000000e+00 -0.000000000000000000e+00
