0.000000 0.000000 -0.000000 -0.000000 -0.000000 0.000000 0.000000 -0.000000 0.000000 0.000000
0.000000 0.000000 -0.000000 -0.000000 -0.000000 0.000000 0.000000 -0.000000 0.000000 0.000000
0.000000 0.000000 0.000000 -0.000000 -0.000000 0.000000 0.000000 -0.000000 0.000000 0.000000
0.000000 0.000000 0.000000 -0.000000 -0.000000 0.000000 0.000000 -0.000000 0.000000 0.000000
0.000000 0.000000 0.000000 -0.000000 -0.000000 0.000000 0.000000 -0.000000 0.000000 0.000000
0.000000 0.000000 0.000000 -0.000000 -0.000000 0.000000 0.000000 -0.000000 0.000000 0.000000
0.000000 0.000000 0.000000 -0.000000 -0.000000 0.000000 0.000000 -0.000000 0.000000 0.000000
0.000000 0.000000 0.000000 -0.000000 -0.000000 0.000000 0.000000 0.000000 0.000000 0.000000
0.000000 0.000000 0.000000 -0.000000 -0.000000 0.000000 0.000000 0.000000 0.000000 0.000000
0.000000 0.000000 0.000000 -0.000000 -0.000000 0.000000 0.000000 0.000000 0.000000 -0.000000
0.000000 0.000000 0.000000 -0.000000 -0.000000 0.000000 0.000000 0.000000 0.000000 -0.000000
0.000000 0.000000 0.000000 -0.000000 -0.000000 0.000000 0.000000 0.000000 0.000000 -0.000000
0.000000 0.000000 0.000000 -0.000000 -0.000000 0.000000 0.000000 0.000000 0.000000 -0.000000
0.000000 0.000000 0.000000 -0.000000 -0.000000 0.000000 0.000000 0.000000 0.000000 -0.000000
0.000000 0.000000 0.000000 -0.000000 -0.000000 0.000000 0.000000 0.000000 0.000000 -0.000000
0.000000 0.000000 0.000000 -0.000000 -0.000000 0.000000 0.000000 0.000000 0.000000 -0.000000
0.000000 0.000000 0.000000 -0.000000 -0.000000 0.000000 0.000000 0.000000 0.000000 -0.000000
0.000000 0.000000 0.000000 -0.000000 -0.000000 0.000000 0.000000 0.000000 0.000000 -0.000000
0.000000 0.000000 0.000000 -0.000000 -0.000000 0.000000 0.000000 0.000000 0.000000 -0.000000
0.000000 0.000000 0.000000 -0.000000 -0.000000 0.000000 0.000000 0.000000 0.000000 -0.000000
0.000000 0.000000 0.000000 -0.000000 -0.000000 0.000000 0.000000 0.000000 0.000000 -0.000000
0.000000 0.000000 0.000000 -0.000000 -0.000000 0.000000 0.000000 0.000000 0.000000 -0.000000
0.000000 0.000000 0.000000 -0.000000 -0.000000 0.000000 0.000000 0.000000 0.000000 -0.000000
0.000000 0.000000 0.000000 -0.000000 -0.000000 0.000000 0.000000 0.000000 0.000000 -0.000000
0.000000 0.000000 0.000000 -0.000000 -0.000000 0.000000 0.000000 0.000000 0.000000 -0.000000
0.000000 0.000000 0.000000 -0.000000 -0.000000 0.000000 0.000000 0.000000 0.000000 -0.000000
0.000000 0.000000 0.000000 -0.000000 -0.000000 0.000000 0.000000 0.000000 0.000000 -0.000000
0.000000 0.000000 0.000000 -0.000000 -0.000000 0.000000 0.000000 0.000000 0.000000 -0.000000
0.000000 0.000000 0.000000 -0.000000 -0.000000 0.000000 0.000000 0.000000 0.000000 -0.000000
0.000000 0.000000 0.000000 -0.000000 -0.000000 0.000000 0.000000 0.000000 0.000000 -0.000000
0.000000 0.000000 0.000000 -0.000000 -0.000000 0.000000 0.000000 0.000000 0.000000 -0.000000
0.000000 0.000000 0.000000 -0.000000 -0.000000 0.000000 0.000000 0.000000 0.000000 -0.000000
0.000000 0.000000 0.000000 -0.000000 -0.000000 0.000000 0.000000 0.000000 0.000000 -0.000000
0.000000 0.000000 0.000000 -0.000000 -0.000000 0.000000 0.000000 0.000000 0.000000 -0.000000
0.000000 0.000000 0.000000 -0.000000 -0.000000 0.000000 0.000000 0.000000 0.000000 -0.000000
0.000000 0.000000 0.000000 -0.000000 -0.000000 0.000000 0.000000 0.000000 0.000000 -0.000000
0.000000 0.000000 0.000000 -0.000000 -0.000000 0.000000 0.000000 0.000000 0.000000 -0.000000
0.000000 0.000000 0.000000 -0.000000 -0.000000 0.000000 0.000000 0.000000 0.000000 -0.000000
0.000000 0.000000 0.000000 -0.000000 -0.000000 0.000000 0.000000 0.000000 0.000000 -0.000000
0.000000 0.000000 0.000000 -0.000000 -0.000000 0.000000 0.000000 0.000000 0.000000 -0.000000
0.000000 0.000000 0.000000 -0.000000 -0.000000 0.000000 0.000000 0.000000 0.000000 -0.000000
0.000000 0.000000 0.000000 -0.000000 -0.000000 0.000000 0.000000 0.000000 0.000000 -0.000000
0.000000 0.000000 0.000000 -0.000000 -0.000000 0.000000 0.000000 0.000000 0.000000 -0.000000
0.000000 0.000000 0.000000 -0.000000 -0.000000 0.000000 0.000000 0.000000 0.000000 -0.000000
0.000000 0.000000 0.000000 -0.000000 -0.000000 0.000000 0.000000 0.000000 0.000000 -0.000000
0.000000 0.000000 0.000000 -0.000000 -0.000000 0.000000 0.000000 0.000000 0.000000 -0.000000
0.000000 0.000000 0.000000 -0.000000 -0.000000 0.000000 0.000000 0.000000 0.000000 -0.000000
0.000000 0.000000 0.000000 -0.000000 -0.000000 0.000000 0.000000 0.000000 0.000000 -0.000000
0.000000 0.000000 0.000000 -0.000000 -0.000000 0.000000 0.000000 0.000000 0.000000 -0.000000
0.000000 0.000000 0.000000 -0.000000 -0.000000 0.000000 0.000000 0.000000 0.000000 -0.000000
0.000000 0.000000 0.000000 -0.000000 -0.000000 0.000000 0.000000 0.000000 0.000000 -0.000000
0.000000 0.000000 0.000000 -0.000000 -0.000000 0.000000 0.000000 0.000000 0.000000 -0.000000
0.000000 0.000000 0.000000 -0.000000 -0.000000 0.000000 0.000000 0.000000 0.000000 -0.000000
0.000000 0.000000 0.000000 -0.000000 -0.000000 0.000000 0.000000 0.000000 0.000000 -0.000000
0.000000 0.000000 0.000000 -0.000000 -0.000000 0.000000 0.000000 0.000000 0.000000 -0.000000
0.000000 0.000000 0.000000 -0.000000 -0.000000 0.000000 0.000000 0.000000 0.000000 -0.000000
0.000000 0.000000 0.000000 -0.000000 -0.000000 0.000000 0.000000 0.000000 0.000000 -0.000000
0.000000 0.000000 0.000000 -0.000000 -0.000000 0.000000 0.000000 0.000000 0.000000 -0.000000
0.000000 0.000000 0.000000 -0.000000 -0.000000 0.000000 0.000000 0.000000 0.000000 -0.000000
0.000000 0.000000 0.000000 -0.000000 -0.000000 0.000000 0.000000 0.000000 0.000000 -0.000000
0.000000 0.000000 0.000000 -0.000000 -0.000000 0.000000 0.000000 0.000000 0.000000 -0.000000
0.000000 0.000000 0.000000 -0.000000 -0.000000 0.000000 0.000000 0.000000 0.000000 -0.000000
0.000000 0.000000 0.000000 -0.000000 -0.000000 0.000000 0.000000 0.000000 0.000000 -0.000000
0.000000 0.000000 0.000000 -0.000000 -0.000000 0.000000 0.000000 0.000000 0.000000 -0.000000
0.000000 0.000000 0.000000 -0.000000 -0.000000 0.000000 0.000000 0.000000 0.000000 -0.000000
0.000000 0.000000 0.000000 -0.000000 -0.000000 0.000000 0.000000 0.000000 0.000000 -0.000000
0.000000 0.000000 0.000000 -0.000000 -0.000000 0.000000 0.000000 0.000000 0.000000 -0.000000
0.000000 0.000000 0.000000 -0.000000 -0.000000 0.000000 0.000000 0.000000 0.000000 -0.000000
0.000000 0.000000 0.000000 -0.000000 -0.000000 0.000000 0.000000 0.000000 0.000000 -0.000000
0.000000 0.000000 0.000000 -0.000000 -0.000000 0.000000 0.000000 0.000000 0.000000 -0.000000
0.000000 0.000000 0.000000 -0.000000 -0.000000 0.000000 0.000000 0.000000 0.000000 -0.000000
0.000000 0.000000 0.000000 -0.000000 -0.000000 0.000000 0.000000 0.000000 0.000000 -0.000000
0.000000 0.000000 0.000000 -0.000000 -0.000000 0.000000 0.000000 0.000000 0.000000 -0.000000
0.000000 0.000000 0.000000 -0.000000 -0.000000 0.000000 0.000000 0.000000 0.000000 -0.000000
0.000000 0.000000 0.000000 -0.000000 -0.000000 0.000000 0.000000 0.000000 0.000000 -0.000000
0.000000 0.000000 0.000000 -0.000000 -0.000000 0.000000 0.000000 0.000000 0.000000 -0.000000
0.000000 0.000000 0.000000 -0.000000 -0.000000 0.000000 0.000000 0.000000 0.000000 -0.000000
0.000000 0.000000 0.000000 -0.000000 -0.000000 0.000000 0.000000 0.000000 0.000000 -0.000000
0.000000 0.000000 0.000000 -0.000000 -0.000000 0.000000 0.000000 0.000000 0.000000 -0.000000
0.000000 0.000000 0.000000 -0.000000 -0.000000 0.000000 0.000000 0.000000 0.000000 -0.000000
0.000000 0.000000 0.000000 -0.000000 -0.000000 0.000000 0.000000 0.000000 0.000000 -0.000000
0.000000 0.000000 0.000000 -0.000000 -0.000000 0.000000 0.000000 0.000000 0.000000 -0.000000
0.000000 0.000000 0.000000 -0.000000 -0.000000 0.000000 0.000000 0.000000 0.000000 -0.000000
0.000000 0.000000 0.000000 -0.000000 -0.000000 0.000000 0.000000 0.000000 0.000000 -0.000000
0.000000 0.000000 0.000000 -0.000000 -0.000000 0.000000 0.000000 0.000000 0.000000 -0.000000
0.000000 0.000000 0.000000 -0.000000 -0.000000 0.000000 0.000000 0.000000 0.000000 -0.000000
0.000000 0.000000 0.000000 -0.000000 -0.000000 0.000000 0.000000 0.000000 0.000000 -0.000000
0.000000 0.000000 0.000000 -0.000000 -0.000000 0.000000 0.000000 0.000000 0.000000 -0.000000
0.000000 0.000000 0.000000 -0.000000 -0.000000 0.000000 0.000000 0.000000 0.000000 -0.000000
0.000000 0.000000 0.000000 -0.000000 -0.000000 0.000000 0.000000 0.000000 0.000000 -0.000000
0.000000 0.000000 0.000000 -0.000000 -0.000000 0.000000 0.000000 0.000000 0.000000 -0.000000
0.000000 0.000000 0.000000 -0.000000 -0.000000 0.000000 0.000000 0.000000 0.000000 -0.000000
0.000000 0.000000 0.000000 -0.000000 -0.000000 0.000000 0.000000 0.000000 0.000000 -0.000000
0.000000 0.000000 0.000000 -0.000000 -0.000000 0.000000 0.000000 0.000000 0.000000 -0.000000
0.000000 0.000000 0.000000 -0.000000 -0.000000 0.000000 0.000000 0.000000 0.000000 -0.000000
0.000000 0.000000 0.000000 -0.000000 -0.000000 0.000000 0.000000 0.000000 0.000000 -0.000000
0.000000 0.000000 0.000000 -0.000000 -0.000000 0.000000 0.000000 0.000000 0.000000 -0.000000
0.000000 0.000000 0.000000 -0.000000 -0.000000 0.000000 0.000000 0.000000 0.000000 -0.000000
0.000000 0.000000 0.000000 -0.000000 -0.000000 0.000000 0.000000 0.000000 0.000000 -0.000000
0.000000 0.000000 0.000000 -0.000000 -0.000000 0.000000 0.000000 0.000000 0.000000 -0.000000
0.000000 0.000000 0.000000 -0.000000 -0.000000 0.000000 0.000000 0.000000 0.000000 -0.000000
0.000000 0.000000 0.000005 0.000000 0.000000 0.000018 0.000000 0.000021 0.000036 0.000000
0.000000 0.000000 0.000036 0.000000 0.000000 0.000136 0.000000 0.000152 0.000270 0.000000
0.000000 0.000000 0.000006 0.000000 0.000000 0.000023 0.000000 0.000025 0.000045 0.000000
0.000000 0.000000 0.000000 -0.000000 -0.000000 0.000000 0.000000 0.000000 0.000000 -0.000000
0.000000 0.000000 0.000000 -0.000000 -0.000000 0.000000 0.000000 0.000000 0.000000 -0.000000
0.000000 0.000000 0.000000 -0.000000 -0.000000 0.000000 0.000000 0.000000 0.000000 -0.000000
0.000000 0.000000 0.000000 -0.000000 -0.000000 0.000000 0.000000 0.000000 0.000000 -0.000000
0.000000 0.000000 0.000000 -0.000000 -0.000000 0.000000 0.000000 0.000000 0.000000 -0.000000
0.000000 0.000000 0.000000 -0.000000 -0.000000 0.000000 0.000000 0.000000 0.000000 -0.000000
0.000000 0.000000 0.000000 -0.000000 -0.000000 0.000000 0.000000 0.000000 0.000000 -0.000000
0.000000 0.000000 0.000000 -0.000000 -0.000000 0.000000 0.000000 0.000000 0.000000 -0.000000
0.000000 0.000000 0.000000 -0.000000 -0.000000 0.000000 0.000000 0.000000 0.000000 -0.000000
0.000000 0.000000 0.000000 -0.000000 -0.000000 0.000000 0.000000 0.000000 0.000000 -0.000000
0.000000 0.000000 0.000000 -0.000000 -0.000000 0.000000 0.000000 0.000000 0.000000 -0.000000
0.000000 0.000000 0.000000 -0.000000 -0.000000 0.000000 0.000000 0.000000 0.000000 -0.000000
0.000000 0.000000 0.000000 -0.000000 -0.000000 0.000000 0.000000 0.000000 0.000000 -0.000000
0.000000 0.000000 0.000000 -0.000000 -0.000000 0.000000 0.000000 0.000000 0.000000 -0.000000
0.000000 0.000000 0.000000 -0.000000 -0.000000 0.000000 0.000000 0.000000 0.000000 -0.000000
0.000000 0.000000 0.000000 -0.000000 -0.000000 0.000000 0.000000 0.000000 0.000000 -0.000000
0.000000 0.000000 0.000000 -0.000000 -0.000000 0.000000 0.000000 0.000000 0.000000 -0.000000
0.000011 0.000004 0.000000 0.000041 0.000015 0.000000 0.000003 0.000000 0.000000 0.000001
0.000160 0.000176 0.000000 0.000671 0.000229 0.000000 0.000118 0.000000 0.000056 0.000048
0.000132 0.000197 0.000000 0.001088 0.000216 0.000000 0.000168 0.000000 0.000648 0.000138
0.000088 0.000372 0.000000 0.001637 0.000322 0.000000 0.000327 0.000000 0.000973 0.000125
0.000082 0.000682 0.000000 0.001833 0.000551 0.000000 0.000463 0.000000 0.000862 0.000143
0.000244 0.000677 0.000000 0.001876 0.000944 0.000000 0.000510 0.000000 0.001678 0.000291
0.000241 0.000851 0.000000 0.001696 0.001179 0.000000 0.000366 0.000000 0.001285 0.000412
0.000130 0.000796 0.000000 0.001177 0.001139 0.000000 0.000193 0.000000 0.000727 0.000319
0.000198 0.000876 0.000000 0.000748 0.001154 0.000000 0.000255 0.000000 0.000000 0.000278
0.000000 0.000732 0.000175 0.000181 0.000784 0.000010 0.000197 0.000000 0.000000 0.000090
0.000000 0.000646 0.000187 0.000272 0.000329 0.000000 0.000183 0.000000 0.000000 0.000000
0.000000 0.000387 0.000336 0.000044 0.000124 0.000000 0.000185 0.000010 0.000000 0.000000
0.000000 0.000022 0.000018 0.000003 0.000007 0.000000 0.000010 0.000001 0.000000 0.000000
0.000000 0.000000 0.000000 -0.000000 -0.000000 0.000000 0.000000 0.000000 0.000000 -0.000000
0.000000 0.000000 0.000000 -0.000000 -0.000000 0.000000 0.000000 0.000000 0.000000 -0.000000
0.000000 0.000000 0.000000 -0.000000 -0.000000 0.000000 0.000000 0.000000 0.000000 -0.000000
0.000000 0.000000 0.000000 -0.000000 -0.000000 0.000000 0.000000 0.000000 0.000000 -0.000000
0.000000 0.000000 0.000000 -0.000000 -0.000000 0.000000 0.000000 0.000000 0.000000 -0.000000
0.000000 0.000000 0.000000 -0.000000 -0.000000 0.000000 0.000000 0.000000 0.000000 -0.000000
0.000000 0.000000 0.000000 -0.000000 -0.000000 0.000000 0.000000 0.000000 0.000000 -0.000000
0.000000 0.000000 0.000000 -0.000000 -0.000000 0.000000 0.000000 0.000000 0.000000 -0.000000
0.000000 0.000000 0.000000 -0.000000 -0.000000 0.000000 0.000000 0.000000 0.000000 -0.000000
0.000000 0.000000 0.000000 -0.000000 -0.000000 0.000000 0.000000 0.000000 0.000000 -0.000000
0.000000 0.000000 0.000000 -0.000000 -0.000000 0.000000 0.000000 0.000000 0.000000 -0.000000
0.000000 0.000000 0.000000 -0.000000 -0.000000 0.000000 0.000000 0.000000 0.000000 -0.000000
0.000006 0.000001 0.000000 0.000038 0.000005 0.000000 0.000000 0.000000 0.000023 0.000004
0.000036 0.000000 0.000000 0.000552 0.000041 0.000087 0.000000 0.000000 0.000286 0.000000
0.000202 0.000040 0.000000 0.002130 0.000225 0.000198 0.000000 0.000000 0.001121 0.000000
0.000750 0.000528 0.000000 0.005887 0.000791 0.000000 0.000171 0.000000 0.002247 0.000511
0.001777 0.001440 0.000000 0.012108 0.001589 0.000000 0.000506 0.000000 0.004378 0.002667
0.004703 0.004780 0.000000 0.021726 0.005656 0.000000 0.001206 0.000000 0.004990 0.007887
0.008686 0.008216 0.000000 0.029218 0.012778 0.000000 0.000572 0.000000 0.002511 0.013616
0.013222 0.010971 0.000000 0.030646 0.023086 0.000000 0.000000 0.000000 0.000000 0.018128
0.014629 0.012573 0.000000 0.026904 0.029880 0.000000 0.000000 0.000000 0.000000 0.017554
0.013565 0.013693 0.002105 0.020818 0.029502 0.000000 0.002199 0.000000 0.000000 0.013468
0.010288 0.013510 0.008253 0.013680 0.022043 0.000000 0.003515 0.000000 0.000000 0.007306
0.005024 0.013129 0.009408 0.007374 0.011737 0.000000 0.005816 0.000000 0.000000 0.002067
0.001200 0.010994 0.006235 0.002382 0.004781 0.000000 0.007011 0.000000 0.001357 0.000000
0.000063 0.007784 0.001783 0.000478 0.001794 0.000000 0.005577 0.000000 0.002463 0.000000
0.000000 0.004340 0.000364 0.000000 0.000355 0.000980 0.002978 0.000000 0.001398 0.000000
0.000000 0.001842 0.000000 0.000104 0.000268 0.000935 0.001410 0.000000 0.000529 0.000000
0.000392 0.000519 0.000000 0.000082 0.000145 0.000457 0.000370 0.000000 0.000000 0.000093
0.000039 0.000063 0.000000 0.000011 0.000008 0.000041 0.000002 0.000000 0.000000 0.000024
0.000000 0.000000 0.000000 -0.000000 -0.000000 0.000000 0.000000 0.000000 0.000000 -0.000000
0.000000 0.000000 0.000000 -0.000000 -0.000000 0.000000 0.000000 0.000000 0.000000 -0.000000
0.000000 0.000000 0.000000 -0.000000 -0.000000 0.000000 0.000000 0.000000 0.000000 -0.000000
0.000000 0.000000 0.000000 -0.000000 -0.000000 0.000000 0.000000 0.000000 0.000000 -0.000000
0.000000 0.000000 0.000000 -0.000000 -0.000000 0.000000 0.000000 0.000000 0.000000 -0.000000
0.000000 0.000000 0.000000 -0.000000 -0.000000 0.000000 0.000000 0.000000 0.000000 -0.000000
0.000000 0.000000 0.000000 -0.000000 -0.000000 0.000000 0.000000 0.000000 0.000000 -0.000000
0.000000 0.000000 0.000000 -0.000000 -0.000000 0.000000 0.000000 0.000000 0.000000 -0.000000
0.000000 0.000000 0.000000 -0.000000 -0.000000 0.000000 0.000000 0.000000 0.000000 -0.000000
0.000027 0.000031 0.000000 0.000131 0.000000 0.000021 0.000000 0.000000 0.000000 0.000083
0.000219 0.000050 0.000000 0.002785 0.000195 0.000456 0.000000 0.000000 0.000524 0.000000
0.000715 0.000000 0.000000 0.007999 0.000385 0.001295 0.000000 0.000000 0.001870 0.000195
0.001927 0.000000 0.000000 0.023366 0.000647 0.002727 0.000000 0.000000 0.005426 0.002201
0.007355 0.002175 0.000000 0.050184 0.004265 0.000164 0.000000 0.000000 0.006364 0.012575
0.018177 0.006691 0.000000 0.079307 0.015022 0.000000 0.000000 0.000000 0.003720 0.035473
0.040947 0.014815 0.000000 0.102038 0.050621 0.000000 0.000000 0.000000 0.000000 0.070652
0.077576 0.024552 0.000000 0.118681 0.114936 0.000000 0.000000 0.000000 0.000000 0.104498
0.113045 0.037102 0.000000 0.114419 0.181796 0.000000 0.000000 0.000000 0.000000 0.121203
0.135226 0.051315 0.024707 0.092066 0.212034 0.000000 0.000000 0.000000 0.000000 0.110325
0.135812 0.068662 0.066532 0.059078 0.192763 0.000000 0.000000 0.000000 0.000000 0.076525
0.114378 0.091128 0.090212 0.024785 0.135394 0.000000 0.000000 0.000000 0.000000 0.033549
0.086714 0.112431 0.075879 0.004111 0.068523 0.000000 0.024541 0.000000 0.000000 0.005679
0.060222 0.121946 0.031340 0.000000 0.027417 0.000000 0.045535 0.000000 0.000000 0.000000
0.033271 0.106792 0.000000 0.002899 0.013553 0.000000 0.048579 0.000000 0.000000 0.001542
0.011754 0.067899 0.000000 0.000289 0.004446 0.008486 0.032810 0.000000 0.000000 0.000000
0.000000 0.031862 0.000000 0.000000 0.000000 0.008620 0.015473 0.000000 0.001448 0.000000
0.000000 0.008888 0.000000 0.000028 0.000000 0.003668 0.005414 0.000000 0.001482 0.000000
0.000000 0.001481 0.000000 0.000000 0.000000 0.000738 0.001499 0.000000 0.000544 0.000000
0.000029 0.000286 0.000000 0.000000 0.000000 0.000190 0.000217 0.000000 0.000088 0.000000
0.000073 0.000090 0.000000 0.000011 0.000026 0.000076 0.000082 0.000000 0.000000 0.000016
0.000000 0.000000 0.000000 -0.000000 -0.000000 0.000000 0.000000 0.000000 0.000000 -0.000000
0.000000 0.000000 0.000000 -0.000000 -0.000000 0.000000 0.000000 0.000000 0.000000 -0.000000
0.000000 0.000000 0.000000 -0.000000 -0.000000 0.000000 0.000000 0.000000 0.000000 -0.000000
0.000000 0.000000 0.000000 -0.000000 -0.000000 0.000000 0.000000 0.000000 0.000000 -0.000000
0.000000 0.000000 0.000000 -0.000000 -0.000000 0.000000 0.000000 0.000000 0.000000 -0.000000
0.000045 0.000000 0.000000 0.000009 0.000044 0.000000 0.000000 0.000000 0.000000 0.000013
0.000000 0.000000 0.000000 0.000457 0.000006 0.000086 0.000000 0.000018 0.000054 0.000000
0.000000 0.000000 0.000000 0.003957 0.000000 0.000750 0.000000 0.000264 0.000302 0.000000
0.000574 0.000069 0.000000 0.015957 0.000339 0.002083 0.000000 0.000000 0.002254 0.000000
0.002439 0.000267 0.000000 0.043267 0.000632 0.003662 0.000000 0.000000 0.003784 0.002917
0.010442 0.002801 0.000000 0.089113 0.005712 0.000000 0.000000 0.000000 0.003926 0.020007
0.026697 0.007697 0.000000 0.128279 0.020344 0.000000 0.000000 0.000000 0.000000 0.060995
0.059786 0.017865 0.000000 0.155493 0.069991 0.000000 0.000000 0.000000 0.000000 0.118993
0.105809 0.030243 0.000000 0.157408 0.156454 0.000000 0.000000 0.000000 0.000000 0.165758
0.130170 0.041966 0.000000 0.135342 0.209963 0.000000 0.000302 0.000000 0.000000 0.168869
0.119719 0.048325 0.040217 0.094429 0.189914 0.000000 0.000154 0.000000 0.000000 0.130770
0.097488 0.056465 0.086929 0.050522 0.136877 0.007435 0.004732 0.045736 0.000000 0.088402
0.084409 0.073706 0.103789 0.023787 0.102913 0.035839 0.011073 0.064284 0.012828 0.056178
0.078238 0.088627 0.122876 0.001097 0.084170 0.034015 0.024675 0.069640 0.001221 0.022776
0.074212 0.103883 0.132513 0.000000 0.048015 0.012315 0.049356 0.062926 0.000000 0.000000
0.068865 0.125991 0.093103 0.000000 0.009411 0.004486 0.075216 0.031203 0.000000 0.000000
0.056477 0.142096 0.014170 0.000000 0.003625 0.000000 0.092954 0.000000 0.000000 0.000000
0.036411 0.123810 0.000000 0.009061 0.013084 0.000000 0.083938 0.000000 0.000000 0.004284
0.012961 0.075026 0.000000 0.006401 0.006726 0.007125 0.047094 0.000000 0.000000 0.001573
0.000000 0.027915 0.000000 0.001510 0.000000 0.006122 0.018409 0.000000 0.001360 0.000000
0.000000 0.007398 0.000000 0.000000 0.000000 0.003191 0.005659 0.000000 0.001701 0.000000
0.000000 0.001404 0.000000 0.000000 0.000000 0.000941 0.000879 0.000000 0.000445 0.000000
0.000040 0.000151 0.000000 0.000000 0.000014 0.000125 0.000098 0.000000 0.000000 0.000005
0.000000 0.000000 0.000000 -0.000000 -0.000000 0.000000 0.000000 0.000000 0.000000 -0.000000
0.000000 0.000000 0.000000 -0.000000 -0.000000 0.000000 0.000000 0.000000 0.000000 -0.000000
0.000000 0.000000 0.000000 -0.000000 -0.000000 0.000000 0.000000 0.000000 0.000000 -0.000000
0.000000 0.000000 0.000000 -0.000000 -0.000000 0.000000 0.000000 0.000000 0.000000 -0.000000
0.000000 0.000000 0.000000 -0.000000 -0.000000 0.000000 0.000000 0.000000 0.000000 -0.000000
0.000012 0.000000 0.000000 0.000266 0.000009 0.000057 0.000000 0.000035 0.000000 0.000000
0.000000 0.000000 0.000000 0.003680 0.000000 0.000921 0.000000 0.000464 0.000233 0.000000
0.000000 0.000102 0.000000 0.015891 0.000157 0.002416 0.000000 0.000446 0.000834 0.000000
0.002859 0.000778 0.000000 0.051138 0.001837 0.003450 0.000000 0.000000 0.002381 0.000884
0.008700 0.002856 0.000000 0.104236 0.004837 0.000000 0.000000 0.000000 0.000432 0.016703
0.026430 0.007239 0.000000 0.152283 0.017657 0.000000 0.000000 0.000000 0.000000 0.066410
0.059439 0.015459 0.000000 0.164711 0.060827 0.000000 0.021147 0.000000 0.000000 0.131951
0.102876 0.032627 0.000000 0.144641 0.146458 0.000000 0.040794 0.000000 0.000000 0.174682
0.106952 0.042951 0.000000 0.095367 0.179778 0.000000 0.044163 0.000000 0.000000 0.143895
0.065236 0.041483 0.074523 0.034624 0.110106 0.017461 0.041435 0.066280 0.000000 0.065270
0.012630 0.042510 0.099748 0.001726 0.011076 0.083618 0.047355 0.120706 0.083501 0.008069
0.000000 0.041852 0.070859 0.000000 0.000000 0.121801 0.057849 0.125258 0.146448 0.000000
0.000000 0.029792 0.044016 0.009097 0.000000 0.130342 0.053165 0.106779 0.166677 0.013994
0.000000 0.009515 0.060472 0.007843 0.001484 0.113519 0.040757 0.097801 0.138040 0.021577
0.007069 0.004740 0.128321 0.000000 0.012170 0.069499 0.034859 0.110253 0.067749 0.002862
0.022382 0.036286 0.163304 0.000000 0.000000 0.026115 0.057060 0.104296 0.006141 0.000000
0.041282 0.096288 0.077944 0.000000 0.000000 0.000757 0.100612 0.042753 0.000000 0.000000
0.045058 0.126835 0.000000 0.020357 0.007257 0.000000 0.116375 0.000000 0.000000 0.000428
0.028902 0.096723 0.000000 0.020042 0.015007 0.000000 0.078594 0.000000 0.000000 0.005524
0.006952 0.046293 0.000000 0.008064 0.005164 0.003468 0.034216 0.000000 0.000000 0.001671
0.000000 0.013592 0.000000 0.000410 0.000000 0.003981 0.008934 0.000000 0.001665 0.000000
0.000000 0.002803 0.000000 0.000000 0.000000 0.002027 0.001953 0.000000 0.001176 0.000000
0.000000 0.000451 0.000000 0.000000 0.000000 0.000332 0.000269 0.000000 0.000158 0.000000
0.000000 0.000000 0.000000 -0.000000 -0.000000 0.000000 0.000000 0.000000 0.000000 -0.000000
0.000000 0.000000 0.000000 -0.000000 -0.000000 0.000000 0.000000 0.000000 0.000000 -0.000000
0.000000 0.000000 0.000000 -0.000000 -0.000000 0.000000 0.000000 0.000000 0.000000 -0.000000
0.000000 0.000000 0.000000 -0.000000 -0.000000 0.000000 0.000000 0.000000 0.000000 -0.000000
0.000000 0.000000 0.000000 -0.000000 -0.000000 0.000000 0.000000 0.000000 0.000000 -0.000000
0.000000 0.000000 0.000000 0.001378 0.000000 0.000251 0.000000 0.000219 0.000189 0.000000
0.000000 0.000115 0.000000 0.009911 0.000000 0.001980 0.000000 0.000938 0.000326 0.000000
0.000000 0.000000 0.000000 0.040518 0.000484 0.003519 0.000000 0.000596 0.001034 0.000000
0.004300 0.000824 0.000000 0.102861 0.003109 0.000000 0.000000 0.000000 0.000281 0.006046
0.015514 0.004410 0.000000 0.158020 0.008762 0.000000 0.008492 0.000000 0.000000 0.044928
0.047391 0.012888 0.000000 0.165064 0.037124 0.000000 0.043720 0.000000 0.000000 0.118869
0.085985 0.029967 0.000000 0.123654 0.108267 0.000000 0.082070 0.000000 0.000000 0.169078
0.088827 0.045480 0.003401 0.054865 0.151855 0.000000 0.077827 0.007449 0.000000 0.124410
0.036931 0.044864 0.086106 0.000000 0.080463 0.041523 0.058799 0.089215 0.022444 0.015403
0.000000 0.038350 0.117669 0.000000 0.000000 0.127535 0.048835 0.141185 0.131043 0.000000
0.000000 0.025460 0.080257 0.000000 0.000000 0.162296 0.056835 0.127870 0.196210 0.000000
0.000000 0.006741 0.014725 0.000000 0.000000 0.152056 0.060254 0.082968 0.223488 0.000000
0.000000 0.000000 0.000000 0.014707 0.000000 0.135205 0.043915 0.047784 0.231537 0.008627
0.000000 0.000000 0.000000 0.027343 0.000028 0.119549 0.006554 0.055851 0.203357 0.034626
0.000000 0.000000 0.113740 0.005537 0.007831 0.086562 0.000000 0.117046 0.117545 0.023662
0.000000 0.000000 0.213638 0.000000 0.000000 0.037940 0.000025 0.159003 0.018444 0.000000
0.017439 0.053070 0.139482 0.001580 0.000000 0.001804 0.080013 0.091697 0.000000 0.000000
0.045713 0.114092 0.000000 0.036988 0.000873 0.000000 0.124815 0.000000 0.000000 0.000000
0.039571 0.097115 0.000000 0.033494 0.019941 0.000000 0.095774 0.000000 0.000000 0.007615
0.013560 0.050690 0.000000 0.015511 0.010284 0.000000 0.045339 0.000000 0.000000 0.003577
0.002221 0.016776 0.000000 0.003992 0.002270 0.001287 0.013003 0.000000 0.000000 0.000593
0.000020 0.003206 0.000000 0.000065 0.000000 0.000823 0.002702 0.000000 0.000739 0.000000
0.000000 0.000568 0.000000 0.000000 0.000000 0.000325 0.000336 0.000000 0.000429 0.000000
0.000000 0.000000 0.000000 -0.000000 -0.000000 0.000000 0.000000 0.000000 0.000000 -0.000000
0.000000 0.000000 0.000000 -0.000000 -0.000000 0.000000 0.000000 0.000000 0.000000 -0.000000
0.000000 0.000000 0.000000 -0.000000 -0.000000 0.000000 0.000000 0.000000 0.000000 -0.000000
0.000000 0.000000 0.000000 -0.000000 -0.000000 0.000000 0.000000 0.000000 0.000000 -0.000000
0.000000 0.000000 0.000000 0.000014 0.000000 0.000007 0.000002 0.000000 0.000004 0.000000
0.000000 0.000000 0.000000 0.003295 0.000000 0.000491 0.000000 0.000466 0.000424 0.000000
0.000000 0.000514 0.000000 0.024385 0.000000 0.002656 0.000000 0.001280 0.000634 0.000000
0.000000 0.000140 0.000000 0.079253 0.000941 0.001759 0.000000 0.001299 0.000031 0.000000
0.006749 0.001415 0.000000 0.145336 0.003382 0.000000 0.009873 0.000000 0.000000 0.016681
0.024524 0.005911 0.000000 0.164496 0.012770 0.000000 0.051743 0.000000 0.000000 0.079305
0.065122 0.021323 0.000000 0.120977 0.059163 0.000000 0.106591 0.000000 0.000000 0.155219
0.082337 0.044754 0.000000 0.039956 0.119435 0.000000 0.109104 0.000635 0.000000 0.139265
0.039369 0.051597 0.063918 0.000000 0.091786 0.042150 0.058798 0.081601 0.010728 0.019732
0.000000 0.043166 0.115602 0.000000 0.000000 0.133540 0.019532 0.129238 0.135736 0.000000
0.000000 0.024792 0.087200 0.000000 0.000000 0.156044 0.021403 0.105083 0.200138 0.000000
0.000000 0.010014 0.027984 0.000000 0.000000 0.118160 0.032216 0.052423 0.189636 0.000000
0.000000 0.000000 0.000000 0.001730 0.000000 0.077391 0.030927 0.008479 0.185587 0.000000
0.000000 0.000000 0.000000 0.028320 0.000000 0.067290 0.011406 0.000000 0.216769 0.030277
0.000000 0.000000 0.000000 0.027934 0.031459 0.077567 0.000000 0.032725 0.217286 0.048445
0.000000 0.000000 0.123591 0.000000 0.017788 0.074163 0.000000 0.128065 0.130676 0.033354
0.000000 0.000000 0.234161 0.000000 0.000000 0.041747 0.000000 0.182770 0.009283 0.000000
0.019006 0.062228 0.145975 0.014066 0.000000 0.000000 0.074262 0.104925 0.000000 0.000000
0.053326 0.112047 0.000000 0.055944 0.006041 0.000000 0.135949 0.000000 0.000000 0.006992
0.040137 0.094227 0.000000 0.050908 0.023997 0.000000 0.106566 0.000000 0.000000 0.008698
0.019832 0.048851 0.000000 0.026760 0.016980 0.000000 0.050988 0.000000 0.000000 0.006539
0.005013 0.015529 0.000000 0.006966 0.004544 0.000000 0.015026 0.000000 0.000000 0.001690
0.000570 0.003813 0.000000 0.000919 0.000282 0.000242 0.002307 0.000000 0.000000 0.000419
0.000000 0.001335 0.000000 0.000031 0.000000 0.000153 0.000541 0.000000 0.000413 0.000000
0.000000 0.000000 0.000000 -0.000000 -0.000000 0.000000 0.000000 0.000000 0.000000 -0.000000
0.000000 0.000000 0.000000 -0.000000 -0.000000 0.000000 0.000000 0.000000 0.000000 -0.000000
0.000000 0.000000 0.000000 -0.000000 -0.000000 0.000000 0.000000 0.000000 0.000000 -0.000000
0.000000 0.000000 0.000000 -0.000000 -0.000000 0.000000 0.000000 0.000000 0.000000 -0.000000
0.000000 0.000000 0.000000 0.000099 0.000000 0.000047 0.000012 0.000000 0.000029 0.000000
0.000000 0.000063 0.000000 0.007986 0.000081 0.000360 0.000000 0.000334 0.000406 0.000000
0.000000 0.000242 0.000000 0.042456 0.000000 0.001966 0.000000 0.002264 0.001529 0.000000
0.000000 0.000000 0.000000 0.110747 0.000000 0.000000 0.005712 0.001745 0.000000 0.000000
0.006510 0.000926 0.000000 0.160387 0.001366 0.000000 0.037695 0.000000 0.000000 0.029610
0.029838 0.009113 0.000000 0.137445 0.012266 0.000000 0.107799 0.000000 0.000000 0.107527
0.063610 0.030155 0.000000 0.056974 0.063345 0.000000 0.142022 0.000000 0.000000 0.153564
0.059104 0.056281 0.010264 0.000000 0.104025 0.019667 0.078240 0.048329 0.000000 0.077288
0.003684 0.054282 0.091865 0.000000 0.042381 0.114685 0.000000 0.109689 0.088918 0.000000
0.000000 0.033198 0.091850 0.000000 0.000000 0.134397 0.000000 0.085252 0.196434 0.000000
0.000000 0.012208 0.038042 0.000000 0.000000 0.090249 0.004860 0.025743 0.193894 0.000000
0.000000 0.001706 0.000000 0.000000 0.000000 0.035810 0.016971 0.000000 0.154321 0.000000
0.000000 0.000000 0.000000 0.017379 0.000000 0.011852 0.017363 0.000000 0.176623 0.020666
0.000000 0.000000 0.000000 0.025666 0.020260 0.019127 0.000000 0.000763 0.232705 0.039891
0.000000 0.000000 0.036221 0.004499 0.032019 0.047535 0.000000 0.075535 0.223576 0.041969
0.000000 0.000000 0.151280 0.000000 0.010974 0.066999 0.000000 0.166359 0.111609 0.030500
0.000000 0.028750 0.205513 0.000000 0.000000 0.046210 0.000000 0.178350 0.000000 0.010794
0.041306 0.092921 0.100976 0.044177 0.000000 0.000000 0.100341 0.074187 0.000000 0.014176
0.062333 0.113501 0.000000 0.085519 0.017425 0.000000 0.152815 0.000000 0.000000 0.015188
0.040544 0.083930 0.000000 0.070276 0.027876 0.000000 0.107668 0.000000 0.000000 0.010999
0.018145 0.038282 0.000000 0.036885 0.017236 0.000000 0.048117 0.000000 0.000000 0.005351
0.006833 0.012480 0.000000 0.011409 0.006548 0.000000 0.012454 0.000000 0.000000 0.002031
0.000304 0.002497 0.000000 0.001217 0.000145 0.000261 0.001815 0.000000 0.000399 0.000219
0.000000 0.000754 0.000072 0.000000 0.000000 0.000016 0.000205 0.000019 0.000312 0.000000
0.000000 0.000000 0.000000 -0.000000 -0.000000 0.000000 0.000000 0.000000 0.000000 -0.000000
0.000000 0.000000 0.000000 -0.000000 -0.000000 0.000000 0.000000 0.000000 0.000000 -0.000000
0.000000 0.000000 0.000000 -0.000000 -0.000000 0.000000 0.000000 0.000000 0.000000 -0.000000
0.000000 0.000000 0.000000 -0.000000 -0.000000 0.000000 0.000000 0.000000 0.000000 -0.000000
0.000000 0.000000 0.000000 0.000099 0.000000 0.000047 0.000012 0.000000 0.000029 0.000000
0.000000 0.000108 0.000000 0.013549 0.000128 0.000140 0.000000 0.000552 0.000464 0.000000
0.000000 0.000188 0.000434 0.056048 0.000000 0.000372 0.003854 0.003098 0.002654 0.000000
0.000000 0.000230 0.000555 0.121760 0.000000 0.000000 0.018298 0.001567 0.000000 0.000000
0.002597 0.000919 0.000000 0.152222 0.000000 0.000000 0.069803 0.000000 0.000000 0.036313
0.025533 0.010532 0.000000 0.102101 0.003816 0.000000 0.145690 0.000000 0.000000 0.110797
0.050881 0.032601 0.000000 0.009499 0.050228 0.000000 0.130696 0.020474 0.000000 0.129867
0.039406 0.057810 0.021397 0.000000 0.085785 0.078237 0.015081 0.079469 0.000000 0.039517
0.017300 0.059024 0.068879 0.000000 0.043713 0.103900 0.000000 0.087327 0.136015 0.000000
0.015079 0.039117 0.045236 0.000000 0.000000 0.055217 0.000000 0.024719 0.217948 0.000000
0.020000 0.020238 0.002390 0.000000 0.000000 0.000000 0.007744 0.000000 0.200874 0.000131
0.019774 0.012686 0.000000 0.014762 0.008300 0.000000 0.017330 0.000000 0.194202 0.022578
0.005975 0.007653 0.000000 0.017890 0.008049 0.000000 0.010310 0.009389 0.229186 0.033186
0.000000 0.001289 0.006102 0.010491 0.011804 0.000000 0.000000 0.071028 0.241802 0.039071
0.000000 0.009083 0.079390 0.000000 0.019945 0.039726 0.000000 0.144880 0.182492 0.033225
0.001068 0.034803 0.144556 0.000000 0.016207 0.071935 0.000000 0.170787 0.066831 0.038333
0.025442 0.073059 0.147344 0.006830 0.000000 0.048382 0.025431 0.134141 0.000000 0.034520
0.056965 0.104897 0.041188 0.077786 0.000000 0.000000 0.141635 0.025166 0.000000 0.033338
0.055942 0.094667 0.000000 0.110961 0.022713 0.000000 0.155418 0.000000 0.000000 0.019045
0.029619 0.056610 0.000000 0.079274 0.023928 0.000000 0.093762 0.000000 0.000000 0.007114
0.012612 0.025186 0.000000 0.039609 0.013808 0.000000 0.036219 0.000000 0.000000 0.002158
0.006311 0.008411 0.000000 0.014808 0.006143 0.000000 0.008930 0.000000 0.000000 0.001678
0.000674 0.001000 0.000000 0.001367 0.000259 0.000000 0.000824 0.000000 0.000000 0.000334
0.000000 0.000026 0.000000 0.000000 0.000000 0.000030 0.000000 0.000000 0.000001 0.000000
0.000000 0.000000 0.000000 -0.000000 -0.000000 0.000000 0.000000 0.000000 0.000000 -0.000000
0.000000 0.000000 0.000000 -0.000000 -0.000000 0.000000 0.000000 0.000000 0.000000 -0.000000
0.000000 0.000000 0.000000 -0.000000 -0.000000 0.000000 0.000000 0.000000 0.000000 -0.000000
0.000000 0.000000 0.000000 -0.000000 -0.000000 0.000000 0.000000 0.000000 0.000000 -0.000000
0.000000 0.000000 0.000000 0.000099 0.000000 0.000047 0.000012 0.000000 0.000029 0.000000
0.000000 0.000000 0.000851 0.014265 0.000000 0.000377 0.000374 0.000518 0.000732 0.000000
0.000000 0.000820 0.001749 0.059491 0.000000 0.000000 0.008248 0.001464 0.001825 0.000000
0.000000 0.001074 0.007284 0.117963 0.000000 0.000000 0.032389 0.000000 0.000000 0.000000
0.000000 0.000000 0.008063 0.138257 0.000000 0.000000 0.095512 0.000000 0.000000 0.031666
0.011096 0.003850 0.000000 0.084322 0.000000 0.000000 0.158689 0.003089 0.000000 0.090674
0.030941 0.026346 0.000000 0.000000 0.023914 0.043102 0.102811 0.048679 0.000000 0.103543
0.026902 0.058664 0.005957 0.000000 0.068429 0.099929 0.000000 0.102649 0.000000 0.039603
0.033941 0.072755 0.013745 0.000000 0.059900 0.046777 0.000000 0.088129 0.116256 0.000000
0.044022 0.067857 0.000000 0.010320 0.041567 0.000000 0.000000 0.037457 0.186936 0.012010
0.035420 0.059155 0.000000 0.028225 0.026585 0.000000 0.014259 0.024060 0.199482 0.034095
0.015179 0.054308 0.000000 0.023626 0.009957 0.000000 0.017883 0.058081 0.199720 0.038653
0.000000 0.055775 0.000000 0.016042 0.000000 0.000000 0.006195 0.114750 0.181898 0.035388
0.000000 0.056761 0.023806 0.000401 0.004039 0.006186 0.000000 0.158694 0.150557 0.030217
0.009457 0.063161 0.071466 0.000000 0.038080 0.071076 0.000000 0.154532 0.110541 0.034193
0.041306 0.075830 0.103661 0.000000 0.044774 0.080611 0.000000 0.125820 0.028621 0.060020
0.055637 0.091828 0.080323 0.040627 0.009297 0.038946 0.081714 0.071875 0.000000 0.064827
0.059989 0.087761 0.000000 0.112439 0.010968 0.000000 0.166720 0.000000 0.000000 0.048480
0.038962 0.062173 0.000000 0.124498 0.020590 0.000000 0.134358 0.000000 0.000000 0.016394
0.017061 0.031975 0.000000 0.080366 0.017881 0.000000 0.063580 0.000000 0.000000 0.001707
0.006218 0.012717 0.000000 0.038336 0.008125 0.000000 0.021069 0.000000 0.000000 0.000015
0.002997 0.003763 0.000000 0.013354 0.003295 0.000000 0.004927 0.000000 0.000000 0.000100
0.000902 0.000617 0.000000 0.001926 0.000661 0.000000 0.000728 0.000000 0.000316 0.000491
0.000000 0.000248 0.000000 0.000000 0.000000 0.000254 0.000000 0.000000 0.000000 0.000000
0.000000 0.000063 0.000000 0.000000 0.000000 0.000065 0.000000 0.000000 0.000000 0.000000
0.000000 0.000000 0.000000 -0.000000 -0.000000 0.000000 0.000000 0.000000 0.000000 -0.000000
0.000000 0.000000 0.000000 -0.000000 -0.000000 0.000000 0.000000 0.000000 0.000000 -0.000000
0.000000 0.000000 0.000000 -0.000000 -0.000000 0.000000 0.000000 0.000000 0.000000 -0.000000
0.000000 0.000000 0.000000 0.000012 0.000000 0.000006 0.000001 0.000000 0.000004 0.000000
0.000000 0.000000 0.001991 0.011775 0.000000 0.000000 0.000755 0.000654 0.000344 0.000000
0.000000 0.001444 0.002935 0.050967 0.001760 0.000000 0.012057 0.000000 0.000089 0.000000
0.000000 0.001545 0.012851 0.099520 0.000582 0.000000 0.039911 0.000000 0.000000 0.000000
0.000000 0.000000 0.021742 0.122693 0.000000 0.000000 0.103686 0.000000 0.000000 0.018081
0.000000 0.000000 0.017316 0.081730 0.000000 0.008111 0.154554 0.006718 0.000000 0.057624
0.005144 0.006876 0.002571 0.009083 0.000000 0.093000 0.090281 0.056754 0.000000 0.075430
0.006864 0.042617 0.000000 0.000000 0.034001 0.134520 0.000000 0.116999 0.000000 0.049878
0.018453 0.073701 0.000000 0.006681 0.045248 0.053221 0.000000 0.134334 0.032547 0.037199
0.022164 0.088776 0.000000 0.031175 0.027222 0.000000 0.000000 0.134987 0.079969 0.040621
0.007578 0.090606 0.000000 0.031893 0.003555 0.000000 0.013132 0.151924 0.088077 0.040454
0.000000 0.087028 0.000000 0.022680 0.000000 0.000000 0.010082 0.177338 0.067075 0.032934
0.000000 0.082893 0.000000 0.005771 0.000000 0.046823 0.000000 0.184206 0.043735 0.019094
0.008567 0.079358 0.025910 0.000000 0.023723 0.112748 0.000000 0.141625 0.066271 0.014945
0.054362 0.079465 0.066997 0.000000 0.075521 0.116634 0.000000 0.096186 0.072402 0.040705
0.071986 0.084947 0.075492 0.007250 0.071495 0.073266 0.022164 0.074806 0.003495 0.083461
0.065080 0.074844 0.022841 0.069988 0.022709 0.022186 0.128954 0.020689 0.000000 0.091470
0.041199 0.052331 0.000000 0.135305 0.010160 0.000000 0.164897 0.000000 0.000000 0.049998
0.020161 0.029383 0.000000 0.130294 0.014644 0.000000 0.093679 0.000000 0.000000 0.008759
0.007235 0.012803 0.000000 0.077900 0.010809 0.000000 0.032958 0.000000 0.000000 0.000000
0.001409 0.005400 0.000000 0.035138 0.004523 0.000000 0.009718 0.000000 0.000000 0.000000
0.001352 0.002284 0.000000 0.011417 0.002314 0.000000 0.002803 0.000000 0.000135 0.000000
0.000503 0.000380 0.000000 0.001110 0.000441 0.000000 0.000286 0.000000 0.000099 0.000255
0.000000 0.000275 0.000000 0.000000 0.000000 0.000281 0.000000 0.000000 0.000000 0.000000
0.000000 0.000075 0.000000 0.000000 0.000000 0.000077 0.000000 0.000000 0.000000 0.000000
0.000000 0.000000 0.000000 -0.000000 -0.000000 0.000000 0.000000 0.000000 0.000000 -0.000000
0.000000 0.000000 0.000000 -0.000000 -0.000000 0.000000 0.000000 0.000000 0.000000 -0.000000
0.000000 0.000000 0.000000 -0.000000 -0.000000 0.000000 0.000000 0.000000 0.000000 -0.000000
0.000000 0.000000 0.000000 -0.000000 -0.000000 0.000000 0.000000 0.000000 0.000000 -0.000000
0.000000 0.000000 0.001942 0.008032 0.000000 0.000000 0.000673 0.000353 0.000158 0.000000
0.000000 0.001097 0.004393 0.036352 0.001199 0.000000 0.010726 0.000000 0.000000 0.000000
0.000000 0.001870 0.015309 0.076474 0.002447 0.000000 0.038338 0.000000 0.000000 0.000000
0.000000 0.000000 0.036775 0.100676 0.000000 0.000000 0.095852 0.000000 0.000000 0.003502
0.000000 0.000000 0.050218 0.078932 0.000000 0.016374 0.141192 0.000000 0.000000 0.023286
0.000000 0.000000 0.039534 0.027712 0.000000 0.115145 0.103821 0.030779 0.000000 0.037308
0.000000 0.001563 0.000000 0.002937 0.000000 0.193531 0.018834 0.085135 0.000000 0.035208
0.000000 0.031661 0.000000 0.011933 0.007669 0.175769 0.000000 0.126728 0.000000 0.035197
0.000000 0.050745 0.000000 0.023478 0.000000 0.133688 0.000000 0.152211 0.000000 0.032083
0.000000 0.053798 0.000000 0.020486 0.000000 0.133972 0.001785 0.159629 0.000000 0.022918
0.000000 0.051408 0.000000 0.010254 0.000000 0.168965 0.000000 0.140856 0.000000 0.011274
0.000000 0.055759 0.017927 0.000000 0.002208 0.205249 0.000000 0.095019 0.008207 0.000000
0.048902 0.067622 0.076625 0.000000 0.054066 0.182373 0.000000 0.055113 0.064728 0.001333
0.094426 0.076726 0.083492 0.000000 0.110771 0.114898 0.000000 0.044325 0.051526 0.043968
0.092135 0.069876 0.034416 0.024433 0.096727 0.047992 0.063875 0.028347 0.000000 0.109836
0.048864 0.040579 0.000000 0.089276 0.020602 0.000020 0.160124 0.000000 0.000000 0.111549
0.016659 0.018155 0.000000 0.148915 0.001730 0.000000 0.129462 0.000000 0.000000 0.043427
0.004553 0.009129 0.000000 0.133683 0.007748 0.000000 0.052879 0.000000 0.001745 0.000428
0.000000 0.005992 0.000000 0.071000 0.005729 0.000000 0.014804 0.000000 0.002579 0.000000
0.000000 0.004225 0.000000 0.030561 0.003050 0.000000 0.004415 0.000007 0.000000 0.000000
0.000346 0.001429 0.000000 0.007837 0.001258 0.000000 0.000954 0.000000 0.000000 0.000000
0.000310 0.000342 0.000000 0.000469 0.000202 0.000000 0.000027 0.000000 0.000000 0.000075
0.000000 0.000275 0.000000 0.000000 0.000000 0.000281 0.000000 0.000000 0.000000 0.000000
0.000000 0.000111 0.000025 0.000000 0.000000 0.000138 0.000000 0.000043 0.000023 0.000000
0.000000 0.000000 0.000000 -0.000000 -0.000000 0.000000 0.000000 0.000000 0.000000 -0.000000
0.000000 0.000000 0.000000 -0.000000 -0.000000 0.000000 0.000000 0.000000 0.000000 -0.000000
0.000000 0.000000 0.000000 -0.000000 -0.000000 0.000000 0.000000 0.000000 0.000000 -0.000000
0.000000 0.000000 0.000000 -0.000000 -0.000000 0.000000 0.000000 0.000000 0.000000 -0.000000
0.000000 0.000000 0.001502 0.004450 0.000000 0.000000 0.000336 0.000245 0.000000 0.000000
0.000000 0.000705 0.005531 0.019620 0.000695 0.000000 0.007047 0.000000 0.000000 0.000000
0.000000 0.001919 0.017203 0.048614 0.002278 0.000000 0.027522 0.000000 0.000000 0.000000
0.000000 0.000000 0.041252 0.072488 0.001128 0.000000 0.072375 0.000000 0.000000 0.000000
0.000000 0.000000 0.075087 0.068187 0.000000 0.000000 0.115505 0.000000 0.000000 0.001876
0.000000 0.000000 0.098606 0.034848 0.000000 0.074324 0.112952 0.000000 0.000000 0.005141
0.000000 0.000000 0.074362 0.007725 0.000000 0.180882 0.064576 0.016230 0.000000 0.004458
0.000000 0.000000 0.027415 0.000250 0.000000 0.244863 0.024762 0.035367 0.000000 0.004798
0.000000 0.000000 0.000000 0.002826 0.003081 0.264538 0.007638 0.039499 0.000000 0.003853
0.000000 0.000000 0.012872 0.002481 0.012512 0.263887 0.000000 0.027318 0.000000 0.000000
0.000000 0.008467 0.060836 0.000000 0.013112 0.250453 0.000000 0.007669 0.000000 0.000000
0.022620 0.054446 0.125898 0.000000 0.020073 0.204223 0.000000 0.000000 0.038453 0.000000
0.097176 0.074188 0.132380 0.000000 0.080452 0.133049 0.000000 0.014340 0.060587 0.000000
0.125489 0.068365 0.066946 0.001447 0.146327 0.067352 0.000000 0.018711 0.018991 0.048679
0.089400 0.037935 0.000000 0.031299 0.109799 0.011699 0.113719 0.000000 0.000000 0.134603
0.020163 0.006648 0.000000 0.094457 0.008538 0.000000 0.152618 0.000000 0.000000 0.123515
0.000000 0.000000 0.004413 0.151211 0.000000 0.000000 0.078890 0.000000 0.005962 0.036258
0.000000 0.002564 0.000000 0.133445 0.001996 0.000000 0.022428 0.000000 0.005073 0.000000
0.000000 0.003723 0.000000 0.065105 0.002907 0.000000 0.006602 0.001632 0.003116 0.000000
0.000000 0.002637 0.000000 0.026750 0.001665 0.000000 0.002068 0.001217 0.000256 0.000000
0.000000 0.000920 0.000000 0.006444 0.000689 0.000000 0.000408 0.000257 0.000010 0.000000
0.000365 0.000401 0.000000 0.000648 0.000310 0.000000 0.000000 0.000000 0.000000 0.000093
0.000000 0.000067 0.000000 0.000000 0.000000 0.000068 0.000000 0.000000 0.000000 0.000000
0.000000 0.000043 0.000000 0.000000 0.000000 0.000044 0.000000 0.000000 0.000000 0.000000
0.000000 0.000000 0.000000 -0.000000 -0.000000 0.000000 0.000000 0.000000 0.000000 -0.000000
0.000000 0.000000 0.000000 -0.000000 -0.000000 0.000000 0.000000 0.000000 0.000000 -0.000000
0.000000 0.000000 0.000000 -0.000000 -0.000000 0.000000 0.000000 0.000000 0.000000 -0.000000
0.000000 0.000035 0.000000 0.000000 0.000000 0.000016 0.000000 0.000033 0.000006 0.000000
0.000000 0.000000 0.000908 0.001686 0.000000 0.000000 0.000295 0.000330 0.000000 0.000000
0.000000 0.000266 0.004787 0.007933 0.000101 0.000000 0.003085 0.000000 0.000000 0.000000
0.000000 0.001361 0.013657 0.023959 0.001073 0.000000 0.013989 0.000000 0.000000 0.000000
0.000000 0.001131 0.032061 0.043979 0.003485 0.000000 0.039383 0.000000 0.000000 0.000000
0.000000 0.000000 0.069376 0.048826 0.002391 0.000000 0.074477 0.000000 0.000000 0.000000
0.000000 0.000000 0.118201 0.036657 0.000000 0.000000 0.089471 0.000000 0.000000 0.000000
0.000000 0.000000 0.147653 0.016120 0.000000 0.055799 0.074339 0.000000 0.000000 0.000000
0.000000 0.000000 0.145319 0.004549 0.005427 0.114953 0.048014 0.000000 0.000000 0.000000
0.000000 0.000000 0.138458 0.002122 0.015429 0.146061 0.024648 0.000000 0.000000 0.000000
0.000000 0.000000 0.147891 0.000000 0.018688 0.142252 0.011325 0.000000 0.000000 0.000000
0.000000 0.050407 0.175667 0.000000 0.008507 0.117209 0.000000 0.000000 0.017116 0.000000
0.069558 0.095499 0.174120 0.000000 0.015165 0.084051 0.000000 0.000000 0.044384 0.000000
0.141941 0.078028 0.112556 0.000000 0.100488 0.053998 0.000000 0.013620 0.040495 0.000000
0.136643 0.036993 0.015333 0.000000 0.179316 0.017129 0.052046 0.000255 0.000000 0.060676
0.050045 0.007398 0.000000 0.015377 0.101463 0.000000 0.145883 0.000000 0.000000 0.148287
0.000000 0.000000 0.003193 0.090311 0.000000 0.000000 0.112991 0.001437 0.010734 0.123598
0.000000 0.000000 0.011545 0.154190 0.000000 0.000000 0.039192 0.005708 0.011266 0.031575
0.000000 0.000924 0.000000 0.131488 0.000000 0.001643 0.008587 0.004538 0.006571 0.000000
0.000000 0.002455 0.000000 0.061730 0.001257 0.001524 0.002315 0.002927 0.002969 0.000000
0.000000 0.001584 0.000000 0.021710 0.000562 0.000419 0.000759 0.001331 0.000794 0.000000
0.000000 0.000138 0.000830 0.006018 0.000000 0.000301 0.000115 0.000710 0.000236 0.000000
0.000182 0.000351 0.000114 0.000684 0.000245 0.000000 0.000000 0.000000 0.000000 0.000000
0.000000 0.000051 0.000000 0.000000 0.000000 0.000026 0.000010 0.000000 0.000000 0.000000
0.000000 0.000000 0.000000 -0.000000 -0.000000 0.000000 0.000000 0.000000 0.000000 -0.000000
0.000000 0.000000 0.000000 -0.000000 -0.000000 0.000000 0.000000 0.000000 0.000000 -0.000000
0.000000 0.000000 0.000066 0.000000 0.000000 0.000009 0.000000 0.000025 0.000111 0.000000
0.000000 0.000000 0.000000 -0.000000 -0.000000 0.000000 0.000000 0.000000 0.000000 -0.000000
0.000000 0.000081 0.000000 0.000000 0.000000 0.000038 0.000000 0.000075 0.000014 0.000000
0.000000 0.000000 0.000583 0.000641 0.000000 0.000000 0.000341 0.000329 0.000055 0.000000
0.000000 0.000355 0.002585 0.003486 0.000000 0.000000 0.000952 0.000262 0.000000 0.000000
0.000000 0.001300 0.007408 0.011046 0.000462 0.000000 0.005042 0.000000 0.000000 0.000000
0.000000 0.003114 0.016709 0.023159 0.003575 0.000000 0.017042 0.000000 0.000000 0.000000
0.000000 0.002088 0.036594 0.029446 0.006536 0.000000 0.034391 0.000000 0.000000 0.000000
0.000000 0.000000 0.073867 0.028770 0.009997 0.000000 0.049056 0.000000 0.000000 0.000000
0.000000 0.000000 0.114006 0.022998 0.012278 0.000000 0.050205 0.000000 0.000000 0.000000
0.000000 0.000000 0.139223 0.017821 0.013080 0.000000 0.040698 0.000000 0.000000 0.000000
0.000000 0.000000 0.150676 0.011557 0.013617 0.001165 0.028849 0.000000 0.000000 0.000000
0.000000 0.054811 0.154772 0.000000 0.005625 0.006802 0.014715 0.000000 0.005452 0.000000
0.018133 0.127072 0.146969 0.000000 0.000000 0.012932 0.000000 0.000000 0.025421 0.000000
0.133528 0.112384 0.109801 0.000000 0.012694 0.018672 0.000000 0.002826 0.038022 0.000000
0.166734 0.048064 0.038337 0.000000 0.128785 0.014363 0.003908 0.015400 0.019668 0.000000
0.101983 0.002505 0.000000 0.000000 0.193353 0.000000 0.103881 0.000000 0.000000 0.063845
0.000000 0.000000 0.000000 0.000000 0.079940 0.000000 0.139348 0.002336 0.008703 0.148980
0.000000 0.000000 0.016302 0.083157 0.000000 0.000000 0.072454 0.008732 0.018833 0.123731
0.000000 0.000000 0.013717 0.152400 0.000000 0.006324 0.014073 0.009401 0.011879 0.031186
0.000000 0.000000 0.000000 0.132843 0.000000 0.006235 0.000299 0.005788 0.007901 0.000000
0.000000 0.000500 0.000000 0.062163 0.000000 0.005074 0.000000 0.003966 0.004120 0.000000
0.000000 0.000528 0.000000 0.021320 0.000000 0.002162 0.000000 0.002074 0.001808 0.000000
0.000000 0.000000 0.001535 0.006021 0.000000 0.000730 0.000000 0.000910 0.000317 0.000000
0.000000 0.000290 0.000337 0.000880 0.000175 0.000000 0.000057 0.000000 0.000000 0.000000
0.000000 0.000096 0.000268 0.000000 0.000000 0.000165 0.000334 0.000000 0.000123 0.000000
0.000000 0.000000 0.000000 -0.000000 -0.000000 0.000000 0.000000 0.000000 0.000000 -0.000000
0.000000 0.000000 0.000000 -0.000000 -0.000000 0.000000 0.000000 0.000000 0.000000 -0.000000
0.000000 0.000000 0.000000 -0.000000 -0.000000 0.000000 0.000000 0.000000 0.000000 -0.000000
0.000000 0.000000 0.000000 -0.000000 -0.000000 0.000000 0.000000 0.000000 0.000000 -0.000000
0.000000 0.000000 0.000000 -0.000000 -0.000000 0.000000 0.000000 0.000000 0.000000 -0.000000
0.000000 0.000000 0.000450 0.000498 0.000000 0.000000 0.000301 0.000217 0.000066 0.000000
0.000000 0.000209 0.001082 0.001067 0.000000 0.000000 0.000580 0.000246 0.000002 0.000000
0.000000 0.000970 0.003065 0.003698 0.000136 0.000000 0.001905 0.000000 0.000000 0.000000
0.000000 0.003398 0.004922 0.011286 0.002064 0.000000 0.005791 0.000000 0.000000 0.000000
0.000000 0.004256 0.011838 0.018654 0.004104 0.000000 0.010756 0.000000 0.000000 0.000000
0.000000 0.004065 0.027072 0.020922 0.005922 0.000000 0.017303 0.000000 0.000000 0.000000
0.000000 0.005484 0.044638 0.019241 0.009256 0.000000 0.022109 0.000000 0.000000 0.000000
0.000000 0.016081 0.065214 0.012396 0.008641 0.000000 0.023074 0.000000 0.000000 0.000000
0.000000 0.057985 0.077218 0.006965 0.003411 0.000000 0.017029 0.000000 0.009675 0.000000
0.000000 0.134067 0.079793 0.000000 0.000000 0.000000 0.001722 0.002949 0.022551 0.000000
0.086576 0.150309 0.071717 0.000000 0.000000 0.000000 0.000000 0.000000 0.026140 0.000000
0.185009 0.074756 0.037450 0.000000 0.026850 0.007682 0.000000 0.007457 0.025606 0.000000
0.150823 0.000000 0.000000 0.000000 0.157884 0.002007 0.051975 0.017446 0.012495 0.000000
0.033145 0.000000 0.000000 0.000000 0.187332 0.000000 0.127688 0.011518 0.004550 0.058617
0.000000 0.000000 0.000000 0.000000 0.058228 0.000000 0.109165 0.009174 0.017304 0.150480
0.000000 0.000000 0.022211 0.073306 0.000000 0.000000 0.039625 0.008274 0.019141 0.124836
0.000000 0.000000 0.012453 0.149146 0.000000 0.012910 0.000000 0.009500 0.011649 0.032331
0.000000 0.000000 0.000000 0.130799 0.000000 0.011757 0.000000 0.005825 0.009605 0.000000
0.000000 0.000000 0.000000 0.062019 0.000000 0.008121 0.000000 0.004149 0.006072 0.000000
0.000000 0.000000 0.000515 0.021317 0.000000 0.003910 0.000000 0.002103 0.003114 0.000000
0.000000 0.000000 0.001280 0.006759 0.000000 0.000860 0.000264 0.001040 0.000724 0.000000
0.000000 0.000002 0.000910 0.001120 0.000000 0.000000 0.000499 0.000043 0.000188 0.000000
0.000000 0.000064 0.000436 0.000000 0.000000 0.000257 0.000460 0.000005 0.000243 0.000000
0.000000 0.000000 0.000000 -0.000000 -0.000000 0.000000 0.000000 0.000000 0.000000 -0.000000
0.000000 0.000000 0.000000 -0.000000 -0.000000 0.000000 0.000000 0.000000 0.000000 -0.000000
0.000000 0.000000 0.000000 -0.000000 -0.000000 0.000000 0.000000 0.000000 0.000000 -0.000000
0.000000 0.000000 0.000000 -0.000000 -0.000000 0.000000 0.000000 0.000000 0.000000 -0.000000
0.000000 0.000000 0.000000 0.000000 0.000000 0.000000 0.000061 0.000038 0.000000 0.000004
0.000000 0.000000 0.000338 0.000224 0.000000 0.000000 0.000162 0.000134 0.000066 0.000000
0.000000 0.000054 0.000828 0.000561 0.000000 0.000000 0.000376 0.000211 0.000283 0.000000
0.000000 0.001312 0.001302 0.001344 0.000000 0.000000 0.001106 0.000257 0.000407 0.000000
0.000000 0.003114 0.000589 0.005613 0.001199 0.000000 0.003242 0.000000 0.000000 0.000174
0.000323 0.004364 0.000270 0.010425 0.002785 0.000000 0.003909 0.000000 0.000000 0.000474
0.000000 0.007310 0.003871 0.013445 0.002554 0.000000 0.005029 0.000000 0.000695 0.000113
0.000000 0.017528 0.012652 0.010570 0.000345 0.000000 0.005439 0.000486 0.007108 0.000000
0.000000 0.052188 0.022270 0.004694 0.000000 0.000000 0.005350 0.003720 0.017745 0.000000
0.000000 0.121761 0.028145 0.000000 0.000000 0.000000 0.003011 0.006881 0.024313 0.000000
0.033661 0.169276 0.029564 0.000000 0.000000 0.000000 0.000000 0.000000 0.025630 0.000000
0.158944 0.117405 0.018881 0.000000 0.000000 0.003256 0.000000 0.000000 0.019911 0.000000
0.195215 0.015058 0.000000 0.000000 0.051503 0.005621 0.011761 0.013700 0.021964 0.000000
0.085890 0.000000 0.000000 0.000000 0.168936 0.000000 0.085067 0.038414 0.018676 0.000000
0.000000 0.000000 0.000000 0.000000 0.173147 0.000000 0.122023 0.022939 0.016831 0.057090
0.000000 0.000000 0.009911 0.000000 0.039749 0.000000 0.075241 0.008695 0.017534 0.152294
0.000000 0.000000 0.025623 0.064685 0.000000 0.003987 0.017743 0.006465 0.016467 0.124213
0.000000 0.000000 0.013691 0.142455 0.000000 0.016340 0.000000 0.009156 0.012041 0.034359
0.000000 0.000000 0.000766 0.127175 0.000000 0.015710 0.000000 0.005590 0.011399 0.000000
0.000000 0.000000 0.000200 0.065972 0.000000 0.010536 0.000000 0.003835 0.007899 0.000000
0.000000 0.000000 0.000570 0.025757 0.000000 0.004580 0.000000 0.002161 0.004411 0.000000
0.000000 0.000000 0.001109 0.007857 0.000000 0.000917 0.000094 0.000874 0.000699 0.000000
0.000000 0.000000 0.001007 0.002295 0.000000 0.000000 0.000697 0.000072 0.000195 0.000000
0.000000 0.000000 0.000612 0.000056 0.000000 0.000300 0.000594 0.000076 0.000440 0.000000
0.000000 0.000000 0.000000 -0.000000 -0.000000 0.000000 0.000000 0.000000 0.000000 -0.000000
0.000000 0.000000 0.000000 -0.000000 -0.000000 0.000000 0.000000 0.000000 0.000000 -0.000000
0.000000 0.000000 0.000000 -0.000000 -0.000000 0.000000 0.000000 0.000000 0.000000 -0.000000
0.000000 0.000000 0.000000 -0.000000 -0.000000 0.000000 0.000000 0.000000 0.000000 -0.000000
0.000000 0.000000 0.000000 -0.000000 -0.000000 0.000000 0.000000 0.000000 0.000000 -0.000000
0.000000 0.000032 0.000122 0.000000 0.000000 0.000000 0.000000 0.000000 0.000014 0.000021
0.000000 0.000000 0.000578 0.000119 0.000000 0.000000 0.000041 0.000037 0.000609 0.000000
0.000000 0.001220 0.000323 0.000748 0.000323 0.000000 0.000805 0.000000 0.000551 0.000111
0.000000 0.002800 0.000000 0.003537 0.001084 0.000000 0.001959 0.000000 0.000665 0.000296
0.000000 0.006729 0.000000 0.007231 0.002209 0.000000 0.002786 0.000000 0.001352 0.000716
0.000000 0.016527 0.000000 0.009547 0.001622 0.000000 0.002964 0.000202 0.005896 0.000000
0.000000 0.046152 0.005247 0.004732 0.000000 0.000000 0.003753 0.004444 0.017997 0.000000
0.000000 0.105704 0.007389 0.000000 0.000000 0.002650 0.002717 0.007924 0.025501 0.000000
0.000101 0.166352 0.005317 0.000000 0.000000 0.001939 0.000000 0.001140 0.028802 0.000000
0.106092 0.155164 0.000870 0.000000 0.000000 0.000000 0.000000 0.000000 0.017827 0.005721
0.203254 0.057945 0.000000 0.000000 0.000000 0.000000 0.000000 0.000000 0.017634 0.001099
0.154367 0.000000 0.000000 0.000000 0.071435 0.000418 0.041037 0.036692 0.027318 0.000000
0.013802 0.000000 0.000000 0.000000 0.175758 0.000000 0.099146 0.053241 0.028351 0.000000
0.000000 0.000000 0.000000 0.000000 0.158878 0.000000 0.100004 0.021068 0.017586 0.063606
0.000000 0.000000 0.015937 0.000000 0.028443 0.000000 0.048102 0.004018 0.014570 0.153799
0.000000 0.000000 0.028476 0.053658 0.000000 0.007170 0.003391 0.005156 0.015534 0.123581
0.000000 0.000000 0.016021 0.129906 0.000000 0.019074 0.000000 0.009500 0.012865 0.036642
0.000000 0.000000 0.002533 0.126357 0.000000 0.017971 0.000000 0.005051 0.012302 0.000000
0.000000 0.000000 0.000295 0.071076 0.000000 0.012624 0.000000 0.003236 0.009156 0.000000
0.000000 0.000000 0.001092 0.032412 0.000000 0.005713 0.000000 0.002064 0.005215 0.000000
0.000000 0.000000 0.000322 0.011532 0.000000 0.001864 0.000000 0.000704 0.001292 0.000000
0.000000 0.000005 0.000926 0.004258 0.000068 0.000000 0.000348 0.000000 0.000207 0.000000
0.000000 0.000162 0.000121 0.000139 0.000000 0.000217 0.000153 0.000020 0.000110 0.000000
0.000000 0.000000 0.000000 -0.000000 -0.000000 0.000000 0.000000 0.000000 0.000000 -0.000000
0.000000 0.000000 0.000000 -0.000000 -0.000000 0.000000 0.000000 0.000000 0.000000 -0.000000
0.000000 0.000000 0.000000 -0.000000 -0.000000 0.000000 0.000000 0.000000 0.000000 -0.000000
0.000000 0.000000 0.000000 -0.000000 -0.000000 0.000000 0.000000 0.000000 0.000000 -0.000000
0.000000 0.000000 0.000000 -0.000000 -0.000000 0.000000 0.000000 0.000000 0.000000 -0.000000
0.000076 0.000145 0.000048 0.000107 0.000104 0.000000 0.000026 0.000000 0.000052 0.000038
0.000088 0.000159 0.000212 0.000109 0.000082 0.000000 0.000002 0.000000 0.000289 0.000004
0.000000 0.001066 0.000000 0.000382 0.000162 0.000000 0.000398 0.000000 0.000689 0.000088
0.000000 0.004326 0.000000 0.001492 0.000578 0.000000 0.001299 0.000000 0.001183 0.000142
0.000000 0.014315 0.000000 0.003977 0.001447 0.000000 0.002631 0.000000 0.003970 0.000000
0.000000 0.040559 0.001298 0.003366 0.000000 0.000000 0.004708 0.002627 0.015119 0.000000
0.000000 0.090709 0.000000 0.001275 0.000000 0.001686 0.006294 0.005026 0.023134 0.000000
0.000000 0.155371 0.000000 0.003768 0.000000 0.000000 0.004592 0.001482 0.024946 0.000000
0.058747 0.176633 0.000000 0.007410 0.000000 0.000000 0.000000 0.000000 0.018486 0.007256
0.170729 0.106427 0.000000 0.010033 0.000000 0.000000 0.000000 0.000000 0.011723 0.017027
0.202726 0.000000 0.000000 0.007958 0.008505 0.000000 0.017443 0.003739 0.025397 0.000000
0.085241 0.000000 0.000000 0.000000 0.085308 0.000000 0.060267 0.062269 0.040051 0.000000
0.000000 0.000000 0.000000 0.000000 0.182411 0.000000 0.094494 0.051998 0.032181 0.000000
0.000000 0.000000 0.000000 0.000000 0.147157 0.000000 0.076677 0.011414 0.016882 0.073651
0.000000 0.000000 0.015354 0.000000 0.025090 0.000000 0.031839 0.000000 0.012796 0.154715
0.000000 0.000000 0.030803 0.042498 0.000000 0.008126 0.000000 0.002146 0.015977 0.123184
0.000000 0.000000 0.017453 0.113479 0.000000 0.020082 0.000000 0.007248 0.012884 0.042864
0.000000 0.000000 0.003273 0.123107 0.000000 0.019840 0.000000 0.005246 0.011805 0.000000
0.000000 0.000000 0.000464 0.081535 0.000000 0.013554 0.000000 0.002878 0.009337 0.000000
0.000000 0.000000 0.002829 0.039220 0.000000 0.006026 0.000000 0.001840 0.004938 0.000000
0.000000 0.000000 0.001209 0.016072 0.000000 0.001974 0.000000 0.000520 0.001402 0.000000
0.000164 0.000000 0.000942 0.005349 0.000177 0.000000 0.000000 0.000000 0.000066 0.000000
0.000000 0.000053 0.000000 0.000680 0.000056 0.000000 0.000083 0.000000 0.000071 0.000000
0.000000 0.000000 0.000000 -0.000000 -0.000000 0.000000 0.000000 0.000000 0.000000 -0.000000
0.000000 0.000000 0.000000 -0.000000 -0.000000 0.000000 0.000000 0.000000 0.000000 -0.000000
0.000000 0.000000 0.000000 -0.000000 -0.000000 0.000000 0.000000 0.000000 0.000000 -0.000000
0.000000 0.000000 0.000000 -0.000000 -0.000000 0.000000 0.000000 0.000000 0.000000 -0.000000
0.000000 0.000000 0.000000 -0.000000 -0.000000 0.000000 0.000000 0.000000 0.000000 -0.000000
0.000059 0.000114 0.000037 0.000084 0.000081 0.000000 0.000020 0.000000 0.000041 0.000030
0.000000 0.000368 0.000164 0.000077 0.000038 0.000000 0.000079 0.000000 0.000299 0.000000
0.000000 0.002264 0.000561 0.000000 0.000000 0.000000 0.000351 0.000273 0.001337 0.000000
0.000000 0.009917 0.000018 0.000136 0.000117 0.000000 0.001475 0.000000 0.002573 0.000000
0.000000 0.031417 0.002502 0.000000 0.000000 0.000842 0.003748 0.001870 0.010378 0.000000
0.000000 0.073554 0.000568 0.000000 0.000000 0.001915 0.007078 0.003495 0.017173 0.000000
0.000000 0.131802 0.000000 0.000000 0.000000 0.000000 0.007123 0.001891 0.016741 0.000000
0.023564 0.172699 0.000000 0.004701 0.000000 0.000000 0.002376 0.000000 0.014908 0.003444
0.119158 0.140053 0.000000 0.010720 0.000000 0.000000 0.000000 0.000000 0.009193 0.017345
0.200642 0.039802 0.000000 0.011188 0.000000 0.000000 0.003731 0.000000 0.011426 0.017703
0.159180 0.000000 0.000000 0.004260 0.015387 0.000000 0.034122 0.029480 0.035735 0.000000
0.025899 0.000000 0.004388 0.000000 0.098000 0.002068 0.066746 0.075952 0.042898 0.000000
0.000000 0.000000 0.000000 0.000000 0.178480 0.000000 0.081226 0.044488 0.035389 0.000000
0.000000 0.000000 0.000000 0.000000 0.134646 0.000000 0.057119 0.003742 0.016856 0.078769
0.000000 0.000000 0.017232 0.000000 0.025662 0.000786 0.019824 0.000000 0.012346 0.149409
0.000000 0.000000 0.029858 0.030576 0.000000 0.009967 0.000000 0.000000 0.015876 0.123571
0.000000 0.000000 0.017608 0.097507 0.000000 0.020190 0.000000 0.004130 0.012897 0.052233
0.000000 0.000000 0.005050 0.118926 0.000000 0.019678 0.000000 0.006450 0.010698 0.002710
0.000000 0.000000 0.001505 0.088063 0.000000 0.013295 0.000000 0.002898 0.008486 0.000000
0.000000 0.000000 0.004896 0.045555 0.000000 0.005823 0.000000 0.001635 0.003943 0.000000
0.000000 0.000000 0.002991 0.019484 0.000000 0.003132 0.000000 0.001100 0.001509 0.000000
0.000000 0.000000 0.001090 0.005443 0.000063 0.000099 0.000000 0.000175 0.000029 0.000000
0.000000 0.000015 0.000040 0.000265 0.000038 0.000000 0.000016 0.000000 0.000000 0.000000
0.000000 0.000000 0.000000 -0.000000 -0.000000 0.000000 0.000000 0.000000 0.000000 -0.000000
0.000000 0.000000 0.000000 -0.000000 -0.000000 0.000000 0.000000 0.000000 0.000000 -0.000000
0.000000 0.000000 0.000000 -0.000000 -0.000000 0.000000 0.000000 0.000000 0.000000 -0.000000
0.000000 0.000000 0.000000 -0.000000 -0.000000 0.000000 0.000000 0.000000 0.000000 -0.000000
0.000000 0.000000 0.000000 -0.000000 -0.000000 0.000000 0.000000 0.000000 0.000000 -0.000000
0.000000 0.000000 0.000000 -0.000000 -0.000000 0.000000 0.000000 0.000000 0.000000 -0.000000
0.000000 0.000506 0.000318 0.000000 0.000000 0.000125 0.000102 0.000208 0.000633 0.000000
0.000000 0.004500 0.000000 0.000000 0.000000 0.000000 0.000987 0.000049 0.001483 0.000000
0.000000 0.016122 0.001434 0.000000 0.000000 0.000977 0.001779 0.000906 0.004288 0.000000
0.000000 0.046645 0.003347 0.000000 0.000000 0.002311 0.003992 0.002719 0.011207 0.000000
0.000000 0.096668 0.000000 0.000000 0.000000 0.004291 0.006436 0.003069 0.011782 0.000000
0.000000 0.146169 0.000000 0.000000 0.000000 0.000000 0.005013 0.000000 0.007269 0.000000
0.063174 0.150981 0.000000 0.001202 0.000000 0.000000 0.000000 0.000000 0.004338 0.009248
0.155588 0.085030 0.000000 0.004219 0.000000 0.000000 0.000000 0.000000 0.000000 0.019511
0.185289 0.000000 0.000000 0.000455 0.000000 0.000000 0.011311 0.000000 0.011011 0.006949
0.099716 0.000000 0.006638 0.000000 0.014914 0.000726 0.042752 0.055518 0.032247 0.000000
0.000000 0.000000 0.013778 0.000000 0.097436 0.008247 0.062169 0.079978 0.035685 0.000000
0.000000 0.000000 0.001422 0.000000 0.161118 0.003159 0.061976 0.040709 0.029916 0.000000
0.000000 0.000000 0.001746 0.000000 0.122033 0.000190 0.041902 0.001546 0.008968 0.071684
0.000000 0.000000 0.016170 0.000000 0.028253 0.001766 0.015657 0.000000 0.007244 0.137411
0.000000 0.000000 0.024246 0.016750 0.000000 0.011129 0.000000 0.000000 0.013666 0.120498
0.000000 0.000000 0.020714 0.076413 0.000000 0.021461 0.000000 0.005600 0.013011 0.053714
0.000000 0.000000 0.008348 0.103422 0.000000 0.018231 0.000000 0.005628 0.010005 0.008371
0.000000 0.000000 0.003468 0.080806 0.000000 0.014209 0.000000 0.002823 0.007515 0.000000
0.000000 0.000000 0.004849 0.043044 0.000000 0.007412 0.000000 0.001745 0.003466 0.000000
0.000000 0.000000 0.002906 0.019502 0.000000 0.003153 0.000000 0.001476 0.002029 0.000000
0.000000 0.000000 0.001129 0.003083 0.000000 0.000179 0.000000 0.000250 0.000000 0.000000
0.000000 0.000001 0.000005 0.000007 0.000002 0.000000 0.000000 0.000000 0.000000 0.000000
0.000000 0.000000 0.000000 -0.000000 -0.000000 0.000000 0.000000 0.000000 0.000000 -0.000000
0.000000 0.000000 0.000000 -0.000000 -0.000000 0.000000 0.000000 0.000000 0.000000 -0.000000
0.000000 0.000000 0.000000 -0.000000 -0.000000 0.000000 0.000000 0.000000 0.000000 -0.000000
0.000000 0.000000 0.000000 -0.000000 -0.000000 0.000000 0.000000 0.000000 0.000000 -0.000000
0.000000 0.000000 0.000000 -0.000000 -0.000000 0.000000 0.000000 0.000000 0.000000 -0.000000
0.000000 0.000000 0.000000 -0.000000 -0.000000 0.000000 0.000000 0.000000 0.000000 -0.000000
0.000000 0.000690 0.000314 0.000000 0.000000 0.000257 0.000170 0.000270 0.000779 0.000000
0.000000 0.004407 0.000182 0.000000 0.000000 0.000000 0.000895 0.000255 0.001479 0.000000
0.000000 0.014722 0.001967 0.000000 0.000000 0.000562 0.001372 0.001362 0.003434 0.000000
0.000000 0.041737 0.001710 0.000000 0.000000 0.002595 0.003011 0.002325 0.006804 0.000000
0.000000 0.084641 0.000000 0.000000 0.000000 0.005426 0.003689 0.004163 0.006531 0.000000
0.006167 0.114585 0.000000 0.000000 0.000000 0.001690 0.000312 0.000000 0.000000 0.000000
0.075878 0.096850 0.000000 0.000000 0.000000 0.000000 0.000000 0.000000 0.000000 0.010725
0.136878 0.030225 0.000000 0.000000 0.000000 0.000000 0.000000 0.000000 0.000000 0.013118
0.127686 0.000000 0.007345 0.000000 0.000000 0.003006 0.010936 0.021223 0.011463 0.000000
0.040415 0.000000 0.024099 0.000000 0.000162 0.015201 0.035490 0.068817 0.028914 0.000000
0.000000 0.000000 0.020636 0.000000 0.065845 0.017553 0.048380 0.075183 0.033884 0.000000
0.000000 0.000000 0.009309 0.000000 0.108408 0.014280 0.042965 0.041630 0.020925 0.000000
0.000000 0.000000 0.005584 0.000000 0.081235 0.008533 0.031028 0.008803 0.004424 0.044674
0.000000 0.000000 0.009517 0.000000 0.011913 0.005642 0.015371 0.000000 0.008243 0.099015
0.000000 0.000000 0.015996 0.000000 0.000000 0.014933 0.000000 0.005152 0.013319 0.090713
0.000000 0.000000 0.015095 0.043479 0.000000 0.020010 0.000000 0.009635 0.011305 0.042180
0.000000 0.000000 0.006662 0.065391 0.000000 0.016352 0.000000 0.006751 0.010010 0.006263
0.000000 0.000000 0.003405 0.053178 0.000000 0.010623 0.000000 0.004037 0.005859 0.000000
0.000000 0.000000 0.002161 0.026029 0.000000 0.004668 0.000000 0.001586 0.002483 0.000000
0.000000 0.000000 0.002216 0.008988 0.000000 0.001294 0.000000 0.000798 0.000177 0.000000
0.000052 0.000000 0.000980 0.001366 0.000054 0.000000 0.000000 0.000000 0.000000 0.000000
0.000000 0.000000 0.000000 -0.000000 -0.000000 0.000000 0.000000 0.000000 0.000000 -0.000000
0.000000 0.000000 0.000000 -0.000000 -0.000000 0.000000 0.000000 0.000000 0.000000 -0.000000
0.000000 0.000000 0.000000 -0.000000 -0.000000 0.000000 0.000000 0.000000 0.000000 -0.000000
0.000000 0.000000 0.000000 -0.000000 -0.000000 0.000000 0.000000 0.000000 0.000000 -0.000000
0.000000 0.000000 0.000000 -0.000000 -0.000000 0.000000 0.000000 0.000000 0.000000 -0.000000
0.000000 0.000000 0.000000 -0.000000 -0.000000 0.000000 0.000000 0.000000 0.000000 -0.000000
0.000000 0.000031 0.000016 0.000000 0.000000 0.000015 0.000008 0.000012 0.000049 0.000000
0.000000 0.000290 0.000296 0.000000 0.000000 0.000137 0.000033 0.000219 0.000412 0.000000
0.000000 0.000577 0.000391 0.000000 0.000000 0.000000 0.000201 0.000279 0.000606 0.000000
0.000000 0.002948 0.001228 0.000000 0.000000 0.001012 0.000557 0.001275 0.001797 0.000000
0.000000 0.007699 0.001446 0.000000 0.000000 0.001928 0.000659 0.002513 0.002653 0.000000
0.000000 0.014629 0.001090 0.000000 0.000000 0.003207 0.000897 0.003968 0.003746 0.000000
0.000385 0.016678 0.000000 0.000000 0.000000 0.004716 0.000614 0.004799 0.004744 0.000000
0.016333 0.008360 0.000000 0.000000 0.000000 0.003391 0.000882 0.003214 0.005947 0.000000
0.029176 0.000000 0.001075 0.000000 0.000000 0.001727 0.002901 0.010332 0.006911 0.000000
0.012386 0.000000 0.007603 0.000000 0.000000 0.007899 0.011836 0.030429 0.021691 0.000000
0.000000 0.000000 0.015730 0.000000 0.000000 0.016450 0.019852 0.049337 0.032615 0.000000
0.000000 0.000000 0.013739 0.000000 0.000000 0.019298 0.023725 0.047856 0.033176 0.000000
0.000000 0.000000 0.006131 0.000000 0.002317 0.016052 0.020311 0.028671 0.023209 0.000000
0.000000 0.000000 0.002778 0.000000 0.000000 0.011076 0.016225 0.017349 0.016127 0.005365
0.000000 0.000000 0.000000 0.000000 0.000000 0.006186 0.011704 0.010899 0.014889 0.024020
0.000000 0.000000 0.000000 0.000000 0.000000 0.008287 0.002939 0.008188 0.013619 0.023691
0.000000 0.000000 0.002205 0.008061 0.000000 0.010309 0.000000 0.008202 0.009199 0.010269
0.000000 0.000000 0.001843 0.015937 0.000000 0.007443 0.000000 0.006331 0.007840 0.000331
0.000000 0.000000 0.000232 0.011691 0.000000 0.003303 0.000035 0.002869 0.003887 0.000000
0.000000 0.000000 0.000000 0.003721 0.000000 0.001218 0.000117 0.000846 0.001326 0.000000
0.000000 0.000000 0.000000 0.000609 0.000000 0.000272 0.000000 0.000114 0.000184 0.000000
0.000000 0.000000 0.000000 -0.000000 -0.000000 0.000000 0.000000 0.000000 0.000000 -0.000000
0.000000 0.000000 0.000000 -0.000000 -0.000000 0.000000 0.000000 0.000000 0.000000 -0.000000
0.000000 0.000000 0.000000 -0.000000 -0.000000 0.000000 0.000000 0.000000 0.000000 -0.000000
0.000000 0.000000 0.000000 -0.000000 -0.000000 0.000000 0.000000 0.000000 0.000000 -0.000000
0.000000 0.000000 0.000000 -0.000000 -0.000000 0.000000 0.000000 0.000000 0.000000 -0.000000
0.000000 0.000000 0.000000 -0.000000 -0.000000 0.000000 0.000000 0.000000 0.000000 -0.000000
0.000000 0.000000 0.000000 -0.000000 -0.000000 0.000000 0.000000 0.000000 0.000000 -0.000000
0.000000 0.000000 0.000000 -0.000000 -0.000000 0.000000 0.000000 0.000000 0.000000 -0.000000
0.000000 0.000000 0.000000 -0.000000 -0.000000 0.000000 0.000000 0.000000 0.000000 -0.000000
0.000000 0.000000 0.000000 -0.000000 -0.000000 0.000000 0.000000 0.000000 0.000000 -0.000000
0.000000 0.000000 0.000000 -0.000000 -0.000000 0.000000 0.000000 0.000000 0.000000 -0.000000
0.000000 0.000000 0.000000 -0.000000 -0.000000 0.000000 0.000000 0.000000 0.000000 -0.000000
0.000000 0.000000 0.000000 0.000000 0.000000 0.000008 0.000000 0.000000 0.000006 0.000000
0.000000 0.000014 0.000000 0.000000 0.000000 0.000248 0.000000 0.000000 0.000192 0.000000
0.000120 0.000000 0.000000 0.000000 0.000000 0.000307 0.000000 0.000124 0.000367 0.000000
0.000351 0.000000 0.000000 0.000014 0.000000 0.000066 0.000098 0.000000 0.000267 0.000026
0.000000 0.000000 0.000000 0.000000 0.000000 0.000806 0.000589 0.000144 0.001687 0.000000
0.000000 0.000000 0.000219 0.000000 0.000000 0.000379 0.000629 0.000789 0.001398 0.000000
0.000000 0.000000 0.000000 0.000000 0.000000 0.001356 0.001001 0.001284 0.002295 0.000000
0.000000 0.000000 0.000000 0.000000 0.000000 0.000482 0.000587 0.000397 0.000969 0.000000
0.000000 0.000000 0.000000 0.000000 0.000000 0.000000 0.000294 0.000355 0.000107 0.000095
0.000000 0.000000 0.000017 0.000000 0.000000 0.000168 0.000309 0.000639 0.000196 0.000109
0.000000 0.000000 0.000124 0.000000 0.000000 0.000747 0.000000 0.000686 0.000423 0.000015
0.000000 0.000000 0.000101 0.000082 0.000000 0.000631 0.000146 0.000774 0.000422 0.000031
0.000000 0.000000 0.000275 0.001408 0.000000 0.000467 0.000201 0.000786 0.000719 0.000000
0.000000 0.000000 0.000101 0.000984 0.000000 0.000063 0.000070 0.000411 0.000476 0.000000
0.000000 0.000000 0.000091 0.000384 0.000000 0.000008 0.000016 0.000073 0.000120 0.000000
0.000000 0.000000 0.000000 -0.000000 -0.000000 0.000000 0.000000 0.000000 0.000000 -0.000000
0.000000 0.000000 0.000000 -0.000000 -0.000000 0.000000 0.000000 0.000000 0.000000 -0.000000
0.000000 0.000000 0.000000 -0.000000 -0.000000 0.000000 0.000000 0.000000 0.000000 -0.000000
0.000000 0.000000 0.000000 -0.000000 -0.000000 0.000000 0.000000 0.000000 0.000000 -0.000000
0.000000 0.000000 0.000000 -0.000000 -0.000000 0.000000 0.000000 0.000000 0.000000 -0.000000
