0.000000 -0.000000 0.000000 0.000000 0.000000
0.000000 -0.000000 0.000000 0.000000 0.000000
0.000000 -0.000000 0.000000 0.000000 0.000000
0.000000 -0.000000 0.000000 0.000000 0.000000
0.000000 -0.000000 0.000000 0.000000 0.000000
0.000000 -0.000000 0.000000 0.000000 0.000000
0.000000 -0.000000 0.000000 0.000000 0.000000
0.000000 -0.000000 0.000000 0.000000 0.000000
0.000000 -0.000000 0.000000 0.000000 0.000000
0.000000 -0.000000 0.000000 0.000000 0.000000
0.000000 -0.000000 0.000000 0.000000 0.000000
0.000000 -0.000000 0.000000 0.000000 0.000000
0.000000 -0.000000 0.000000 0.000000 0.000000
0.000000 -0.000000 0.000000 0.000000 0.000000
0.000000 -0.000000 0.000000 0.000000 0.000000
0.000000 -0.000000 0.000000 0.000000 0.000000
0.000000 -0.000000 0.000000 0.000000 0.000000
0.000000 -0.000000 0.000000 0.000000 0.000000
0.000000 -0.000000 0.000000 0.000000 0.000000
0.000000 -0.000000 0.000000 0.000000 0.000000
0.000000 -0.000000 0.000000 0.000000 0.000000
0.000000 -0.000000 0.000000 0.000000 0.000000
0.000000 -0.000000 0.000000 0.000000 0.000000
0.000000 -0.000000 0.000000 0.000000 0.000000
0.000000 -0.000000 0.000000 0.000000 0.000000
0.000000 -0.000000 0.000000 0.000000 0.000000
0.000000 -0.000000 0.000000 0.000000 0.000000
0.000000 -0.000000 0.000000 0.000000 0.000000
0.000000 -0.000000 0.000000 0.000000 0.000000
0.000000 -0.000000 0.000000 0.000000 0.000000
0.000000 -0.000000 0.000000 0.000000 0.000000
0.000000 -0.000000 0.000000 0.000000 0.000000
0.000000 -0.000000 0.000000 0.000000 0.000000
0.000000 -0.000000 0.000000 0.000000 0.000000
0.000000 -0.000000 0.000000 0.000000 0.000000
0.000000 -0.000000 0.000000 0.000000 0.000000
0.000000 -0.000000 0.000000 0.000000 0.000000
0.000000 -0.000000 0.000000 0.000000 0.000000
0.000000 -0.000000 0.000000 0.000000 0.000000
0.000000 -0.000000 0.000000 0.000000 0.000000
0.000000 -0.000000 0.000000 0.000000 0.000000
0.000000 -0.000000 0.000000 0.000000 0.000000
0.000000 -0.000000 0.000000 0.000000 0.000000
0.000000 -0.000000 0.000000 0.000000 0.000000
0.000000 -0.000000 0.000000 0.000000 0.000000
0.000000 -0.000000 0.000000 0.000000 0.000000
0.000000 -0.000000 0.000000 0.000000 0.000000
0.000000 -0.000000 0.000000 0.000000 0.000000
0.000000 -0.000000 0.000000 0.000000 0.000000
0.000000 -0.000000 0.000000 0.000000 0.000000
0.000000 -0.000000 0.000000 0.000000 0.000000
0.000000 -0.000000 0.000000 0.000000 0.000000
0.000000 -0.000000 0.000000 0.000000 0.000000
0.000000 -0.000000 0.000000 0.000000 0.000000
0.000000 -0.000000 0.000000 0.000000 0.000000
0.000000 -0.000000 0.000000 0.000000 0.000000
0.000000 -0.000000 0.000000 0.000000 0.000000
0.000000 -0.000000 0.000000 0.000000 0.000000
0.000000 -0.000000 0.000000 0.000000 0.000000
0.000000 -0.000000 0.000000 0.000000 0.000000
0.000000 -0.000000 0.000000 0.000000 0.000000
0.000000 -0.000000 0.000000 0.000000 0.000000
0.000000 -0.000000 0.000000 0.000000 0.000000
0.000000 -0.000000 0.000000 0.000000 0.000000
0.000000 -0.000000 0.000000 0.000000 0.000000
0.000000 -0.000000 0.000000 0.000000 0.000000
0.000000 -0.000000 0.000000 0.000000 0.000000
0.000000 -0.000000 0.000000 0.000000 0.000000
0.000000 -0.000000 0.000000 0.000000 0.000000
0.000000 -0.000000 0.000000 0.000000 0.000000
0.000000 -0.000000 0.000000 0.000000 0.000000
0.000000 -0.000000 0.000000 0.000000 0.000000
0.000000 -0.000000 0.000000 0.000000 0.000000
0.000000 -0.000000 0.000000 0.000000 0.000000
0.000000 -0.000000 0.000000 0.000000 0.000000
0.000000 -0.000000 0.000000 0.000000 0.000000
0.000000 -0.000000 0.000000 0.000000 0.000000
0.000000 -0.000000 0.000000 0.000000 0.000000
0.000000 -0.000000 0.000000 0.000000 0.000000
0.000000 -0.000000 0.000000 0.000000 0.000000
0.000000 -0.000000 0.000000 0.000000 0.000000
0.000000 -0.000000 0.000000 0.000000 0.000000
0.000000 -0.000000 0.000000 0.000000 0.000000
0.000000 -0.000000 0.000000 0.000000 0.000000
0.000000 -0.000000 0.000000 0.000000 0.000000
0.000000 -0.000000 0.000000 0.000000 0.000000
0.000000 -0.000000 0.000000 0.000000 0.000000
0.000000 -0.000000 0.000000 0.000000 0.000000
0.000000 -0.000000 0.000000 0.000000 0.000000
0.000000 -0.000000 0.000000 0.000000 0.000000
0.000000 -0.000000 0.000000 0.000000 0.000000
0.000000 -0.000000 0.000000 0.000000 0.000000
0.000000 -0.000000 0.000000 0.000000 0.000000
0.000000 -0.000000 0.000000 0.000000 0.000000
0.000000 -0.000000 0.000000 0.000000 0.000000
0.000000 -0.000000 0.000000 0.000000 0.000000
0.000000 -0.000000 0.000000 0.000000 0.000000
0.000000 -0.000000 0.000000 0.000000 0.000000
0.000000 -0.000000 0.000000 0.000000 0.000000
0.000000 -0.000000 0.000000 0.000000 0.000000
0.000000 -0.000000 0.000000 0.000000 0.000000
0.000000 -0.000000 0.000000 0.000000 0.000000
0.000000 -0.000000 0.000000 0.000000 0.000000
0.000000 -0.000000 0.000000 0.000000 0.000000
0.000000 -0.000000 0.000000 0.000000 0.000000
0.000000 -0.000000 0.000000 0.000000 0.000000
0.000000 -0.000000 0.000000 0.000000 0.000000
0.000000 -0.000000 0.000000 0.000000 0.000000
0.000000 -0.000000 0.000000 0.000000 0.000000
0.000000 -0.000000 0.000000 0.000000 0.000000
0.000000 -0.000000 0.000000 0.000000 0.000000
0.000000 -0.000000 0.000000 0.000000 0.000000
0.000000 -0.000000 0.000000 0.000000 0.000000
0.000000 -0.000000 0.000000 0.000000 0.000000
0.000000 -0.000000 0.000000 0.000000 0.000000
0.000000 -0.000000 0.000000 0.000000 0.000000
0.000000 -0.000000 0.000000 0.000000 0.000000
0.000000 -0.000000 0.000000 0.000000 0.000000
0.000000 -0.000000 0.000000 0.000000 0.000000
0.000000 -0.000000 0.000000 0.000000 0.000000
0.000000 -0.000000 0.000000 0.000000 0.000000
0.000000 -0.000000 0.000000 0.000000 0.000000
0.000000 -0.000000 0.000000 0.000000 0.000000
0.000522 0.000000 0.000098 0.000022 0.000000
0.004805 0.000000 0.000900 0.000207 0.000000
0.006999 0.000000 0.001311 0.000301 0.000000
0.008810 0.000000 0.001650 0.000379 0.000000
0.008879 0.000000 0.001663 0.000382 0.000000
0.008078 0.000000 0.001513 0.000347 0.000000
0.003726 0.000000 0.000698 0.000160 0.000000
0.000174 0.000000 0.000033 0.000007 0.000000
0.000000 -0.000000 0.000000 0.000000 0.000000
0.000000 -0.000000 0.000000 0.000000 0.000000
0.000000 -0.000000 0.000000 0.000000 0.000000
0.000000 -0.000000 0.000000 0.000000 0.000000
0.000000 -0.000000 0.000000 0.000000 0.000000
0.000000 -0.000000 0.000000 0.000000 0.000000
0.000000 -0.000000 0.000000 0.000000 0.000000
0.000000 -0.000000 0.000000 0.000000 0.000000
0.000000 -0.000000 0.000000 0.000000 0.000000
0.000000 -0.000000 0.000000 0.000000 0.000000
0.000000 -0.000000 0.000000 0.000000 0.000000
0.000000 -0.000000 0.000000 0.000000 0.000000
0.000000 -0.000000 0.000000 0.000000 0.000000
0.000000 -0.000000 0.000000 0.000000 0.000000
0.000000 -0.000000 0.000000 0.000000 0.000000
0.000000 -0.000000 0.000000 0.000000 0.000000
0.000000 -0.000000 0.000000 0.000000 0.000000
0.000000 -0.000000 0.000000 0.000000 0.000000
0.000000 -0.000000 0.000000 0.000000 0.000000
0.001362 0.000562 0.000166 0.000000 0.000000
0.013440 0.004008 0.001984 0.000000 0.000000
0.035488 0.005761 0.001843 0.000000 0.000000
0.041687 0.006286 0.001852 0.000000 0.000000
0.042188 0.005236 0.002106 0.000000 0.000000
0.024621 0.004364 0.004848 0.005258 0.000000
0.010914 0.003454 0.005199 0.006359 0.000000
0.009217 0.002870 0.004955 0.006942 0.000000
0.007268 0.000624 0.000000 0.008119 0.000000
0.002916 0.000300 0.000000 0.006422 0.000000
0.000952 0.000098 0.000000 0.002097 0.000000
0.000000 -0.000000 0.000000 0.000000 0.000000
0.000000 -0.000000 0.000000 0.000000 0.000000
0.000000 -0.000000 0.000000 0.000000 0.000000
0.000000 -0.000000 0.000000 0.000000 0.000000
0.000000 -0.000000 0.000000 0.000000 0.000000
0.000000 -0.000000 0.000000 0.000000 0.000000
0.000000 -0.000000 0.000000 0.000000 0.000000
0.000000 -0.000000 0.000000 0.000000 0.000000
0.000000 -0.000000 0.000000 0.000000 0.000000
0.000000 -0.000000 0.000000 0.000000 0.000000
0.000000 -0.000000 0.000000 0.000000 0.000000
0.000000 -0.000000 0.000000 0.000000 0.000000
0.000000 -0.000000 0.000000 0.000000 0.000000
0.000000 -0.000000 0.000000 0.000000 0.000000
0.000000 -0.000000 0.000000 0.000000 0.000000
0.000306 0.000076 0.000054 0.000000 0.000000
0.004093 0.002110 0.000728 0.000000 0.000000
0.028159 0.008952 0.002854 0.000000 0.000000
0.063051 0.022054 0.003077 0.000000 0.000000
0.082188 0.041595 0.000000 0.000000 0.000000
0.066592 0.068904 0.000000 0.000000 0.014189
0.053774 0.082272 0.000000 0.005849 0.050500
0.037102 0.071292 0.000000 0.029372 0.085712
0.000000 0.048135 0.008937 0.056411 0.100223
0.000000 0.012135 0.049127 0.084769 0.071699
0.000000 0.000254 0.064085 0.091280 0.028141
0.000000 0.000000 0.058259 0.072964 0.000000
0.000000 0.000000 0.018155 0.043505 0.000000
0.002338 0.000000 0.000163 0.015384 0.000000
0.001356 0.000000 0.000000 0.004640 0.000142
0.000000 -0.000000 0.000000 0.000000 0.000000
0.000000 0.000000 0.000000 0.000000 0.000174
0.000000 -0.000000 0.000000 0.000000 0.000000
0.000000 -0.000000 0.000000 0.000000 0.000000
0.000000 -0.000000 0.000000 0.000000 0.000000
0.000000 -0.000000 0.000000 0.000000 0.000000
0.000000 -0.000000 0.000000 0.000000 0.000000
0.000000 -0.000000 0.000000 0.000000 0.000000
0.000000 -0.000000 0.000000 0.000000 0.000000
0.000000 -0.000000 0.000000 0.000000 0.000000
0.000000 -0.000000 0.000000 0.000000 0.000000
0.000000 -0.000000 0.000000 0.000000 0.000000
0.004074 0.000000 0.000255 0.000036 0.000000
0.025026 0.000000 0.000571 0.000000 0.000000
0.056307 0.008311 0.000871 0.000000 0.000000
0.097458 0.026691 0.000000 0.000000 0.000000
0.109950 0.059764 0.000000 0.001819 0.005382
0.088049 0.092081 0.000000 0.014156 0.049668
0.068653 0.110855 0.000000 0.045850 0.094209
0.054813 0.102886 0.011653 0.062443 0.124269
0.055603 0.094370 0.075943 0.063774 0.113794
0.050849 0.071090 0.105919 0.063476 0.110430
0.001746 0.039319 0.111936 0.074769 0.113461
0.000000 0.007926 0.120291 0.110215 0.060344
0.000000 0.000000 0.110812 0.121609 0.021766
0.000000 0.000000 0.062080 0.094282 0.000000
0.000000 0.000000 0.004179 0.049253 0.000425
0.005545 0.000000 0.000000 0.007655 0.005964
0.001110 0.000000 0.000000 0.000407 0.000699
0.000000 0.000000 0.000000 0.000000 0.003529
0.000000 -0.000000 0.000000 0.000000 0.000000
0.000000 -0.000000 0.000000 0.000000 0.000000
0.000000 -0.000000 0.000000 0.000000 0.000000
0.000000 -0.000000 0.000000 0.000000 0.000000
0.000000 -0.000000 0.000000 0.000000 0.000000
0.000000 -0.000000 0.000000 0.000000 0.000000
0.000000 -0.000000 0.000000 0.000000 0.000000
0.000000 -0.000000 0.000000 0.000000 0.000000
0.000000 -0.000000 0.000000 0.000000 0.000000
0.019362 0.000000 0.000000 0.000000 0.000760
0.042619 0.000000 0.000000 0.000000 0.000000
0.085042 0.001702 0.000000 0.000000 0.000000
0.126093 0.022860 0.000000 0.005294 0.000000
0.137339 0.068173 0.000000 0.013592 0.013628
0.114436 0.104767 0.000000 0.035441 0.054964
0.079834 0.090390 0.000000 0.067498 0.113537
0.052308 0.063507 0.052549 0.078437 0.116349
0.068216 0.040779 0.123592 0.068415 0.081414
0.082921 0.040835 0.128111 0.056970 0.053434
0.092720 0.065584 0.103486 0.031562 0.056412
0.054489 0.070237 0.071650 0.024824 0.102338
0.000000 0.049290 0.089391 0.076059 0.084929
0.000000 0.003062 0.101898 0.126929 0.044022
0.000000 0.000000 0.083450 0.121174 0.000000
0.000000 0.000000 0.013723 0.085512 0.000000
0.004676 0.000000 0.000000 0.027209 0.000570
0.002481 0.000000 0.000000 0.002255 0.001058
0.000000 0.000000 0.000000 0.000000 0.001331
0.000000 -0.000000 0.000000 0.000000 0.000000
0.000000 -0.000000 0.000000 0.000000 0.000000
0.000000 -0.000000 0.000000 0.000000 0.000000
0.000000 -0.000000 0.000000 0.000000 0.000000
0.000000 -0.000000 0.000000 0.000000 0.000000
0.000000 -0.000000 0.000000 0.000000 0.000000
0.000000 0.000000 0.000027 0.000015 0.000018
0.000000 0.000000 0.000327 0.000181 0.000221
0.008313 0.000000 0.000000 0.000000 0.000327
0.055845 0.000000 0.000000 0.000000 0.000473
0.097617 0.000000 0.000000 0.000000 0.000000
0.131038 0.011551 0.000000 0.006941 0.000000
0.136544 0.063847 0.000000 0.034286 0.000000
0.107206 0.104695 0.000000 0.064559 0.041965
0.053688 0.091106 0.000000 0.080524 0.105973
0.002964 0.045977 0.078813 0.095444 0.106288
0.008179 0.003091 0.143772 0.094061 0.054090
0.044267 0.004053 0.123843 0.058419 0.017806
0.076787 0.020663 0.070120 0.028100 0.001314
0.119977 0.044661 0.015308 0.000000 0.030877
0.096721 0.092184 0.006682 0.000000 0.072938
0.029696 0.083162 0.050079 0.022154 0.090036
0.000000 0.033255 0.087326 0.097119 0.041444
0.007219 0.000000 0.068675 0.104890 0.000000
0.011036 0.000000 0.032942 0.084897 0.000000
0.013520 0.000000 0.001429 0.033833 0.000000
0.001743 0.000000 0.000000 0.011449 0.000000
0.000000 -0.000000 0.000000 0.000000 0.000000
0.000000 -0.000000 0.000000 0.000000 0.000000
0.000000 -0.000000 0.000000 0.000000 0.000000
0.000000 -0.000000 0.000000 0.000000 0.000000
0.000000 -0.000000 0.000000 0.000000 0.000000
0.000000 -0.000000 0.000000 0.000000 0.000000
0.000000 -0.000000 0.000000 0.000000 0.000000
0.000000 0.000000 0.000150 0.000083 0.000101
0.007847 0.000000 0.002719 0.000520 0.002318
0.046076 0.000000 0.001975 0.000000 0.001671
0.086661 0.000000 0.000000 0.000000 0.000840
0.125604 0.000000 0.000000 0.007427 0.000000
0.133608 0.039111 0.000000 0.033304 0.000000
0.076632 0.100357 0.000000 0.080643 0.010868
0.023266 0.099775 0.000000 0.100320 0.086764
0.000000 0.060449 0.065974 0.083898 0.117848
0.000000 0.011097 0.146608 0.068760 0.057500
0.000000 0.000000 0.122035 0.042005 0.000920
0.036529 0.002015 0.037864 0.014141 0.000000
0.063799 0.017348 0.003607 0.000000 0.004583
0.122519 0.035515 0.001140 0.000000 0.032282
0.098584 0.092324 0.006692 0.000000 0.081107
0.043817 0.092009 0.060515 0.000000 0.087098
0.009945 0.050031 0.083073 0.085057 0.038434
0.035033 0.000000 0.079841 0.108082 0.000000
0.018056 0.000000 0.050332 0.078999 0.000000
0.013636 0.000000 0.012628 0.029988 0.000000
0.002047 0.000000 0.000000 0.014357 0.000000
0.000000 -0.000000 0.000000 0.000000 0.000000
0.000000 -0.000000 0.000000 0.000000 0.000000
0.000000 -0.000000 0.000000 0.000000 0.000000
0.000000 -0.000000 0.000000 0.000000 0.000000
0.000000 -0.000000 0.000000 0.000000 0.000000
0.000000 -0.000000 0.000000 0.000000 0.000000
0.000000 -0.000000 0.000000 0.000000 0.000000
0.000000 -0.000000 0.000000 0.000000 0.000000
0.021869 0.000000 0.000000 0.000000 0.000667
0.075550 0.000000 0.001195 0.000000 0.000000
0.109439 0.000000 0.000000 0.008620 0.000000
0.132236 0.001672 0.000000 0.040484 0.000000
0.105154 0.067270 0.000000 0.082843 0.000000
0.016915 0.121781 0.000000 0.104555 0.039096
0.000000 0.091588 0.029436 0.078784 0.107650
0.000000 0.023616 0.130581 0.046695 0.095777
0.000000 0.000000 0.132336 0.018802 0.022943
0.021645 0.001779 0.049754 0.002631 0.000000
0.063091 0.009768 0.000000 0.000000 0.005467
0.094410 0.024063 0.004771 0.000000 0.012126
0.122811 0.049500 0.001724 0.000000 0.065203
0.067255 0.097955 0.028031 0.000000 0.110184
0.006010 0.100485 0.074390 0.030193 0.095694
0.008764 0.056172 0.102852 0.110358 0.022398
0.020643 0.000000 0.085974 0.133637 0.000000
0.019669 0.000000 0.043628 0.086773 0.000000
0.015758 0.000000 0.004126 0.023413 0.000000
0.002047 0.000000 0.000000 0.014357 0.000000
0.000000 -0.000000 0.000000 0.000000 0.000000
0.000000 -0.000000 0.000000 0.000000 0.000000
0.000000 -0.000000 0.000000 0.000000 0.000000
0.000000 -0.000000 0.000000 0.000000 0.000000
0.000000 -0.000000 0.000000 0.000000 0.000000
0.000000 -0.000000 0.000000 0.000000 0.000000
0.000000 -0.000000 0.000000 0.000000 0.000000
0.000000 -0.000000 0.000000 0.000000 0.000000
0.027687 0.000000 0.000000 0.000000 0.000557
0.074525 0.000000 0.000000 0.003000 0.000000
0.114088 0.000000 0.000000 0.034642 0.000000
0.127307 0.015664 0.000000 0.069602 0.000000
0.073900 0.091185 0.000000 0.110840 0.000000
0.000000 0.124385 0.004134 0.087105 0.051096
0.000000 0.063049 0.085732 0.035401 0.104378
0.009786 0.000644 0.133078 0.000000 0.080010
0.037712 0.000000 0.082427 0.000000 0.020921
0.055770 0.000380 0.015803 0.000000 0.016300
0.081461 0.012413 0.014375 0.000000 0.026009
0.102304 0.038643 0.010904 0.000000 0.058524
0.086601 0.075441 0.035240 0.000000 0.116304
0.034063 0.099856 0.078687 0.008772 0.127968
0.000000 0.095938 0.123730 0.079952 0.060581
0.000000 0.052300 0.111857 0.127652 0.000000
0.002017 0.000000 0.056132 0.125318 0.000000
0.017978 0.000000 0.008862 0.065043 0.000000
0.014782 0.000000 0.000096 0.018080 0.000000
0.002047 0.000000 0.000000 0.014357 0.000000
0.000000 -0.000000 0.000000 0.000000 0.000000
0.000000 -0.000000 0.000000 0.000000 0.000000
0.000000 -0.000000 0.000000 0.000000 0.000000
0.000000 -0.000000 0.000000 0.000000 0.000000
0.000000 -0.000000 0.000000 0.000000 0.000000
0.000000 -0.000000 0.000000 0.000000 0.000000
0.000000 -0.000000 0.000000 0.000000 0.000000
0.000000 -0.000000 0.000000 0.000000 0.000000
0.023419 0.000000 0.004412 0.002968 0.000000
0.069933 0.000000 0.000000 0.021617 0.000000
0.099770 0.000000 0.000000 0.051548 0.000000
0.118748 0.016491 0.000000 0.083764 0.000000
0.057038 0.105268 0.000000 0.109329 0.000000
0.010817 0.125272 0.011229 0.065484 0.054638
0.005158 0.047761 0.097823 0.010251 0.100615
0.041440 0.002350 0.111207 0.000000 0.096126
0.063433 0.000000 0.057077 0.000000 0.070636
0.069256 0.000066 0.038805 0.000000 0.070919
0.084536 0.026205 0.041528 0.000000 0.094854
0.068886 0.062910 0.053837 0.000000 0.126384
0.061576 0.090939 0.082082 0.004244 0.143579
0.023291 0.110695 0.114281 0.056961 0.105735
0.000000 0.087255 0.127588 0.108467 0.035011
0.000000 0.038999 0.070357 0.129646 0.000000
0.007600 0.000000 0.012868 0.091912 0.000000
0.013225 0.000000 0.000098 0.044648 0.000000
0.006966 0.000000 0.000000 0.016906 0.000000
0.002047 0.000000 0.000000 0.014357 0.000000
0.000000 -0.000000 0.000000 0.000000 0.000000
0.000000 -0.000000 0.000000 0.000000 0.000000
0.000000 -0.000000 0.000000 0.000000 0.000000
0.000000 -0.000000 0.000000 0.000000 0.000000
0.000000 -0.000000 0.000000 0.000000 0.000000
0.000000 -0.000000 0.000000 0.000000 0.000000
0.000000 -0.000000 0.000000 0.000000 0.000000
0.000000 -0.000000 0.000000 0.000000 0.000000
0.012429 0.000000 0.000000 0.010003 0.000000
0.063826 0.000000 0.000000 0.035305 0.000000
0.072293 0.000000 0.000000 0.063397 0.000000
0.100189 0.014546 0.000000 0.088114 0.000000
0.041558 0.096519 0.000000 0.106510 0.000000
0.023059 0.113697 0.016082 0.084017 0.023219
0.019789 0.071208 0.081762 0.033618 0.080099
0.037064 0.042983 0.093850 0.000000 0.105830
0.050560 0.031861 0.061865 0.000000 0.118342
0.036184 0.052746 0.055488 0.006957 0.124378
0.022342 0.069500 0.063944 0.026803 0.111237
0.032821 0.072974 0.085855 0.043173 0.115672
0.041908 0.088486 0.112864 0.048793 0.129700
0.017900 0.115897 0.111881 0.083128 0.078820
0.000000 0.079513 0.073801 0.136328 0.008681
0.005828 0.030006 0.012671 0.120916 0.000000
0.019515 0.000000 0.000000 0.061927 0.000000
0.013731 0.000000 0.000000 0.027649 0.000000
0.002047 0.000000 0.000000 0.014357 0.000000
0.001618 0.000000 0.000000 0.011350 0.000000
0.000000 -0.000000 0.000000 0.000000 0.000000
0.000000 -0.000000 0.000000 0.000000 0.000000
0.000000 -0.000000 0.000000 0.000000 0.000000
0.000000 -0.000000 0.000000 0.000000 0.000000
0.000000 -0.000000 0.000000 0.000000 0.000000
0.000000 -0.000000 0.000000 0.000000 0.000000
0.000000 -0.000000 0.000000 0.000000 0.000000
0.000000 -0.000000 0.000000 0.000000 0.000000
0.010838 0.000000 0.000334 0.007472 0.000000
0.045751 0.000000 0.000000 0.040821 0.000000
0.061798 0.000000 0.000000 0.065987 0.000000
0.067110 0.008721 0.000000 0.070346 0.000000
0.034165 0.067588 0.000000 0.107423 0.000000
0.000000 0.111580 0.014729 0.109195 0.000000
0.000000 0.107236 0.053856 0.098718 0.025516
0.000000 0.094045 0.061064 0.086292 0.051498
0.000000 0.090334 0.053342 0.086796 0.059409
0.000000 0.083142 0.059365 0.095958 0.045862
0.000000 0.070188 0.083286 0.098119 0.033367
0.028813 0.054267 0.106705 0.058383 0.095200
0.029918 0.093482 0.107413 0.060858 0.118678
0.013765 0.120110 0.069952 0.109500 0.055864
0.041079 0.069147 0.015144 0.131154 0.000000
0.055211 0.006756 0.000000 0.081645 0.000000
0.035803 0.000000 0.000000 0.040040 0.000000
0.012027 0.000000 0.000000 0.016088 0.000000
0.000761 0.000000 0.000000 0.005334 0.000000
0.000194 0.000000 0.000000 0.001362 0.000000
0.000000 -0.000000 0.000000 0.000000 0.000000
0.000000 -0.000000 0.000000 0.000000 0.000000
0.000000 0.000109 0.002179 0.000000 0.000000
0.000000 -0.000000 0.000000 0.000000 0.000000
0.000000 -0.000000 0.000000 0.000000 0.000000
0.000000 -0.000000 0.000000 0.000000 0.000000
0.000000 -0.000000 0.000000 0.000000 0.000000
0.001339 0.000000 0.000182 0.000312 0.000000
0.013617 0.000000 0.001544 0.005534 0.000000
0.017256 0.000000 0.000000 0.021631 0.000000
0.036726 0.000000 0.000000 0.055623 0.000000
0.047605 0.000000 0.000000 0.062101 0.000000
0.051396 0.030749 0.000000 0.076585 0.000000
0.046519 0.075180 0.007379 0.083812 0.000000
0.016971 0.094398 0.032606 0.088155 0.000000
0.000000 0.091937 0.039619 0.103384 0.000000
0.000000 0.077677 0.046189 0.108152 0.000000
0.000000 0.065202 0.077020 0.089292 0.000000
0.021846 0.038309 0.117581 0.054343 0.024235
0.038234 0.032348 0.116818 0.036911 0.120783
0.020736 0.095267 0.063285 0.082813 0.114083
0.058722 0.119553 0.015224 0.122190 0.030032
0.096045 0.054900 0.000000 0.100527 0.000000
0.075301 0.000325 0.000000 0.055015 0.000000
0.048504 0.000000 0.000255 0.027693 0.000000
0.015880 0.000000 0.000000 0.006191 0.000000
0.000000 -0.000000 0.000000 0.000000 0.000000
0.000000 -0.000000 0.000000 0.000000 0.000000
0.000000 -0.000000 0.000000 0.000000 0.000000
0.000000 -0.000000 0.000000 0.000000 0.000000
0.000000 -0.000000 0.000000 0.000000 0.000000
0.000000 -0.000000 0.000000 0.000000 0.000000
0.000000 -0.000000 0.000000 0.000000 0.000000
0.000000 -0.000000 0.000000 0.000000 0.000000
0.000000 0.000000 0.001013 0.000350 0.000173
0.008183 0.000000 0.001189 0.001939 0.000000
0.014782 0.000000 0.002010 0.003447 0.000000
0.010533 0.000000 0.000000 0.012502 0.000000
0.006030 0.000000 0.000000 0.025384 0.000000
0.015667 0.000000 0.000000 0.039872 0.000000
0.043726 0.000000 0.000000 0.045369 0.000000
0.057966 0.030646 0.003567 0.050691 0.000000
0.046449 0.048433 0.007287 0.048655 0.000000
0.045333 0.047794 0.010267 0.049785 0.000000
0.039369 0.041017 0.043236 0.037224 0.000000
0.033265 0.032076 0.095433 0.017770 0.000000
0.017958 0.008118 0.133491 0.012377 0.079695
0.007388 0.035686 0.069116 0.058787 0.146004
0.000000 0.110401 0.017333 0.110029 0.085452
0.059198 0.119442 0.000000 0.107411 0.000000
0.141569 0.039985 0.000000 0.061810 0.000000
0.114902 0.000000 0.000000 0.029147 0.000000
0.048726 0.000000 0.001462 0.011759 0.000000
0.016442 0.000000 0.000000 0.002454 0.000000
0.000000 -0.000000 0.000000 0.000000 0.000000
0.000000 -0.000000 0.000000 0.000000 0.000000
0.000000 -0.000000 0.000000 0.000000 0.000000
0.000000 -0.000000 0.000000 0.000000 0.000000
0.000000 -0.000000 0.000000 0.000000 0.000000
0.000000 -0.000000 0.000000 0.000000 0.000000
0.000000 -0.000000 0.000000 0.000000 0.000000
0.000000 -0.000000 0.000000 0.000000 0.000000
0.000000 0.000000 0.002339 0.000808 0.000399
0.014789 0.000000 0.002183 0.003518 0.000000
0.014724 0.000000 0.002002 0.003433 0.000000
0.005777 0.000000 0.000137 0.004563 0.000000
0.002316 0.000000 0.000000 0.018473 0.000000
0.002487 0.000000 0.000000 0.019448 0.000000
0.013265 0.000000 0.000141 0.014886 0.000000
0.034947 0.003693 0.007792 0.016884 0.000000
0.057086 0.014758 0.008335 0.018802 0.000000
0.054350 0.012823 0.033629 0.015975 0.000000
0.036627 0.012558 0.089584 0.008754 0.000000
0.016484 0.000000 0.130911 0.007047 0.016369
0.002538 0.000000 0.087650 0.030062 0.125878
0.000000 0.041508 0.015136 0.097618 0.142665
0.000000 0.123517 0.000000 0.111316 0.047522
0.059023 0.115195 0.000000 0.070397 0.000000
0.136355 0.031336 0.000000 0.032730 0.000000
0.138695 0.000000 0.000000 0.005698 0.000000
0.052356 0.000000 0.002339 0.004507 0.000000
0.017479 0.000000 0.000018 0.002517 0.000000
0.000249 0.000000 0.000000 0.000038 0.000000
0.000000 -0.000000 0.000000 0.000000 0.000000
0.000000 -0.000000 0.000000 0.000000 0.000000
0.000000 -0.000000 0.000000 0.000000 0.000000
0.000000 -0.000000 0.000000 0.000000 0.000000
0.000000 -0.000000 0.000000 0.000000 0.000000
0.000000 -0.000000 0.000000 0.000000 0.000000
0.000000 -0.000000 0.000000 0.000000 0.000000
0.000000 -0.000000 0.000000 0.000000 0.000000
0.014782 0.000000 0.002010 0.003447 0.000000
0.014724 0.000000 0.002002 0.003433 0.000000
0.012399 0.000000 0.001262 0.004503 0.000000
0.013469 0.000000 0.000000 0.011497 0.000000
0.016628 0.000000 0.000072 0.013124 0.000000
0.018545 0.000000 0.002839 0.008081 0.000000
0.021115 0.000000 0.011820 0.002604 0.000000
0.024779 0.000000 0.046250 0.000000 0.000000
0.028705 0.000000 0.082179 0.000000 0.000000
0.020075 0.000000 0.120218 0.000112 0.000000
0.008722 0.000000 0.097844 0.020826 0.079246
0.000000 0.000000 0.022298 0.085725 0.153072
0.000000 0.065240 0.000000 0.110805 0.117968
0.000000 0.131486 0.000000 0.086105 0.009217
0.041577 0.107859 0.001205 0.037391 0.000000
0.146986 0.020936 0.000000 0.002997 0.000000
0.148531 0.000000 0.000240 0.000000 0.000000
0.055726 0.000000 0.001541 0.002192 0.000000
0.020996 0.000000 0.000000 0.003217 0.000000
0.006224 0.000000 0.000000 0.000954 0.000000
0.000000 -0.000000 0.000000 0.000000 0.000000
0.000000 -0.000000 0.000000 0.000000 0.000000
0.000000 -0.000000 0.000000 0.000000 0.000000
0.000000 -0.000000 0.000000 0.000000 0.000000
0.000000 -0.000000 0.000000 0.000000 0.000000
0.000000 -0.000000 0.000000 0.000000 0.000000
0.000000 -0.000000 0.000000 0.000000 0.000000
0.000000 -0.000000 0.000000 0.000000 0.000000
0.011348 0.000000 0.001543 0.002646 0.000000
0.014782 0.000000 0.002010 0.003447 0.000000
0.014443 0.000000 0.001846 0.003204 0.000000
0.017222 0.000000 0.000718 0.009440 0.000000
0.018525 0.000000 0.000549 0.011744 0.000000
0.016974 0.000000 0.001799 0.010192 0.000000
0.012560 0.000000 0.039073 0.001202 0.000000
0.003317 0.000000 0.089388 0.000000 0.000000
0.000215 0.000000 0.118608 0.000000 0.000000
0.003246 0.000000 0.104716 0.014230 0.036660
0.000000 0.000000 0.039612 0.070450 0.113979
0.000000 0.002394 0.000000 0.108780 0.148426
0.000000 0.089376 0.000000 0.100293 0.078558
0.000000 0.133101 0.000000 0.047586 0.000000
0.047726 0.096266 0.007138 0.009551 0.000000
0.146371 0.013341 0.000215 0.000000 0.000000
0.144845 0.000000 0.000000 0.000000 0.000000
0.074012 0.000000 0.000000 0.000000 0.000132
0.022114 0.000000 0.000000 0.003103 0.000000
0.010788 0.000000 0.000000 0.001653 0.000000
0.000000 -0.000000 0.000000 0.000000 0.000000
0.000000 -0.000000 0.000000 0.000000 0.000000
0.000000 -0.000000 0.000000 0.000000 0.000000
0.000000 -0.000000 0.000000 0.000000 0.000000
0.000000 -0.000000 0.000000 0.000000 0.000000
0.000000 -0.000000 0.000000 0.000000 0.000000
0.000000 -0.000000 0.000000 0.000000 0.000000
0.000000 -0.000000 0.000000 0.000000 0.000000
0.000989 0.000000 0.000135 0.000231 0.000000
0.008846 0.000000 0.001203 0.002063 0.000000
0.003674 0.000000 0.000281 0.000551 0.001516
0.003824 0.000000 0.000000 0.001875 0.003137
0.006007 0.000000 0.000884 0.007042 0.000000
0.001423 0.000000 0.031113 0.005367 0.000000
0.001852 0.000000 0.078965 0.000000 0.000000
0.003356 0.000000 0.109224 0.000000 0.000000
0.002527 0.000000 0.094630 0.018073 0.009010
0.000000 0.000000 0.052244 0.075168 0.076521
0.000000 0.000000 0.004182 0.109778 0.124679
0.000000 0.019463 0.000000 0.109498 0.122071
0.000000 0.108722 0.000000 0.065670 0.037507
0.000000 0.131933 0.000000 0.005881 0.000000
0.077034 0.086935 0.009394 0.000000 0.000000
0.140703 0.009731 0.000000 0.000000 0.000000
0.127483 0.000000 0.000381 0.000000 0.000000
0.098272 0.000000 0.000000 0.000000 0.001857
0.039066 0.000000 0.000000 0.000820 0.000000
0.017593 0.000000 0.000000 0.002696 0.000000
0.000000 -0.000000 0.000000 0.000000 0.000000
0.000000 -0.000000 0.000000 0.000000 0.000000
0.000000 -0.000000 0.000000 0.000000 0.000000
0.000000 -0.000000 0.000000 0.000000 0.000000
0.000000 -0.000000 0.000000 0.000000 0.000000
0.000000 -0.000000 0.000000 0.000000 0.000000
0.000000 -0.000000 0.000000 0.000000 0.000000
0.000000 -0.000000 0.000000 0.000000 0.000000
0.000000 -0.000000 0.000000 0.000000 0.000000
0.000000 -0.000000 0.000000 0.000000 0.000000
0.000000 -0.000000 0.000000 0.000000 0.000000
0.000000 0.000261 0.002045 0.000000 0.001885
0.000000 0.000000 0.023747 0.000000 0.000000
0.000000 0.000000 0.070508 0.000000 0.000000
0.000000 0.000000 0.097521 0.000000 0.000000
0.000000 0.000000 0.080138 0.010090 0.002051
0.000000 0.000000 0.059083 0.058599 0.047775
0.000000 0.000000 0.016785 0.098130 0.098078
0.000000 0.000000 0.000000 0.109159 0.119340
0.000000 0.035845 0.000000 0.081240 0.088009
0.000000 0.105478 0.000000 0.028073 0.017693
0.000000 0.128729 0.001872 0.000000 0.000000
0.078227 0.076606 0.011660 0.000000 0.000000
0.130064 0.009571 0.000563 0.000000 0.000000
0.113941 0.000000 0.000000 0.000000 0.000000
0.098513 0.000000 0.000000 0.000000 0.002471
0.058664 0.000000 0.000000 0.000000 0.001045
0.020249 0.000000 0.000000 0.003103 0.000000
0.015601 0.000000 0.000000 0.002391 0.000000
0.002407 0.000000 0.000000 0.000369 0.000000
0.000000 -0.000000 0.000000 0.000000 0.000000
0.000000 -0.000000 0.000000 0.000000 0.000000
0.000000 -0.000000 0.000000 0.000000 0.000000
0.000000 -0.000000 0.000000 0.000000 0.000000
0.000000 -0.000000 0.000000 0.000000 0.000000
0.000000 -0.000000 0.000000 0.000000 0.000000
0.000000 -0.000000 0.000000 0.000000 0.000000
0.000000 -0.000000 0.000000 0.000000 0.000000
0.000000 0.000000 0.000737 0.000000 0.000000
0.000000 0.000000 0.015564 0.000000 0.000000
0.000000 0.000000 0.064550 0.000000 0.000000
0.000000 0.000000 0.087764 0.000000 0.000000
0.000000 0.000000 0.082985 0.000000 0.004000
0.000000 0.000000 0.059705 0.037894 0.032440
0.000000 0.000000 0.029934 0.083869 0.078246
0.000000 0.000000 0.000000 0.111934 0.105615
0.000000 0.001875 0.000000 0.089023 0.100986
0.000000 0.048646 0.000000 0.044635 0.066324
0.000000 0.106438 0.000000 0.011694 0.005368
0.000000 0.130033 0.002454 0.000000 0.000000
0.045238 0.081678 0.011115 0.000000 0.000000
0.114253 0.019689 0.003657 0.000000 0.000000
0.111171 0.000000 0.000000 0.000000 0.000126
0.090073 0.000000 0.000000 0.000000 0.003072
0.069139 0.000000 0.000000 0.000000 0.002725
0.034433 0.000000 0.000000 0.001036 0.000000
0.020996 0.000000 0.000000 0.003217 0.000000
0.009626 0.000000 0.000000 0.001475 0.000000
0.000000 -0.000000 0.000000 0.000000 0.000000
0.000000 -0.000000 0.000000 0.000000 0.000000
0.000000 -0.000000 0.000000 0.000000 0.000000
0.000000 -0.000000 0.000000 0.000000 0.000000
0.000000 -0.000000 0.000000 0.000000 0.000000
0.000000 -0.000000 0.000000 0.000000 0.000000
0.000000 -0.000000 0.000000 0.000000 0.000000
0.000004 0.000000 0.000270 0.000000 0.000000
0.000000 0.000000 0.006941 0.000000 0.000000
0.000000 0.000000 0.041681 0.000000 0.000000
0.000000 0.000000 0.079672 0.000000 0.000000
0.000000 0.000000 0.070055 0.000000 0.000000
0.000000 0.000000 0.052854 0.016226 0.014015
0.000000 0.000000 0.042055 0.075019 0.050954
0.000000 0.000000 0.000484 0.103878 0.084202
0.000000 0.000000 0.000000 0.102380 0.091035
0.000000 0.005929 0.000000 0.061897 0.076739
0.000000 0.055686 0.000000 0.030732 0.040233
0.000000 0.106236 0.000000 0.000000 0.002080
0.000000 0.120809 0.000000 0.000000 0.000000
0.015373 0.082744 0.009722 0.000000 0.000000
0.093213 0.019769 0.003588 0.000000 0.000000
0.101852 0.000000 0.000000 0.000000 0.000000
0.088353 0.000000 0.000000 0.000000 0.002753
0.047312 0.000000 0.000000 0.000000 0.002126
0.030933 0.000000 0.000000 0.000399 0.000000
0.020996 0.000000 0.000000 0.003217 0.000000
0.009626 0.000000 0.000000 0.001475 0.000000
0.000000 -0.000000 0.000000 0.000000 0.000000
0.000000 -0.000000 0.000000 0.000000 0.000000
0.000000 -0.000000 0.000000 0.000000 0.000000
0.000000 -0.000000 0.000000 0.000000 0.000000
0.000000 -0.000000 0.000000 0.000000 0.000000
0.000000 -0.000000 0.000000 0.000000 0.000000
0.000000 -0.000000 0.000000 0.000000 0.000000
0.000029 0.000000 0.003375 0.000000 0.000000
0.000000 0.000000 0.028249 0.000000 0.000000
0.000000 0.000000 0.049578 0.000000 0.000000
0.000000 0.000000 0.057421 0.000000 0.000000
0.000000 0.000000 0.049806 0.000000 0.002647
0.000000 0.000000 0.040041 0.019228 0.019141
0.000000 0.000000 0.017335 0.079517 0.046782
0.000000 0.000000 0.000000 0.089865 0.064116
0.000000 0.000000 0.000000 0.070903 0.068024
0.000000 0.003235 0.000000 0.036971 0.064078
0.000000 0.035447 0.000000 0.020568 0.025329
0.000000 0.078872 0.000000 0.000000 0.006786
0.000000 0.089465 0.000000 0.000000 0.000000
0.016518 0.051096 0.002146 0.000000 0.000000
0.051658 0.014639 0.000000 0.000000 0.000000
0.057247 0.000000 0.000000 0.000000 0.000000
0.062921 0.000000 0.000000 0.000000 0.000622
0.015968 0.000000 0.000000 0.000000 0.000430
0.018452 0.000000 0.000000 0.001692 0.000000
0.020083 0.000000 0.000000 0.003077 0.000000
0.004398 0.000000 0.000000 0.000674 0.000000
0.000000 -0.000000 0.000000 0.000000 0.000000
0.000000 -0.000000 0.000000 0.000000 0.000000
0.000000 -0.000000 0.000000 0.000000 0.000000
0.000000 -0.000000 0.000000 0.000000 0.000000
0.000000 -0.000000 0.000000 0.000000 0.000000
0.000000 -0.000000 0.000000 0.000000 0.000000
0.000024 0.000000 0.001712 0.000000 0.000000
0.000000 0.000000 0.015206 0.000000 0.000000
0.000000 0.000000 0.016523 0.000000 0.000000
0.000000 0.000000 0.019745 0.000000 0.000896
0.000000 0.000000 0.018791 0.000000 0.001548
0.000000 0.000000 0.013434 0.001094 0.006735
0.000000 0.000000 0.005343 0.011720 0.009361
0.000000 0.000000 0.001587 0.015382 0.008684
0.000000 0.000000 0.000000 0.005355 0.013271
0.000000 0.000000 0.000000 0.000111 0.010869
0.005253 0.000000 0.000000 0.000000 0.007557
0.005448 0.006528 0.000000 0.006857 0.000167
0.000000 0.017741 0.000000 0.000426 0.000000
0.000000 0.029090 0.000000 0.000000 0.001236
0.002161 0.019370 0.001704 0.000000 0.000753
0.022796 0.004889 0.000000 0.000000 0.000000
0.027267 0.000000 0.000000 0.000000 0.000208
0.012785 0.000000 0.000000 0.000000 0.000192
0.003355 0.000000 0.000000 0.000000 0.000050
0.000000 -0.000000 0.000000 0.000000 0.000000
0.000000 -0.000000 0.000000 0.000000 0.000000
0.000000 -0.000000 0.000000 0.000000 0.000000
0.000000 -0.000000 0.000000 0.000000 0.000000
0.000000 -0.000000 0.000000 0.000000 0.000000
0.000000 -0.000000 0.000000 0.000000 0.000000
0.000000 -0.000000 0.000000 0.000000 0.000000
0.000000 -0.000000 0.000000 0.000000 0.000000
0.000000 -0.000000 0.000000 0.000000 0.000000
0.000000 -0.000000 0.000000 0.000000 0.000000
0.000000 -0.000000 0.000000 0.000000 0.000000
0.000000 -0.000000 0.000000 0.000000 0.000000
0.000000 -0.000000 0.000000 0.000000 0.000000
0.000000 -0.000000 0.000000 0.000000 0.000000
0.000000 -0.000000 0.000000 0.000000 0.000000
0.000000 -0.000000 0.000000 0.000000 0.000000
0.000000 -0.000000 0.000000 0.000000 0.000000
0.000000 -0.000000 0.000000 0.000000 0.000000
0.000000 -0.000000 0.000000 0.000000 0.000000
0.000000 -0.000000 0.000000 0.000000 0.000000
0.000000 -0.000000 0.000000 0.000000 0.000000
0.000000 -0.000000 0.000000 0.000000 0.000000
0.000000 -0.000000 0.000000 0.000000 0.000000
0.000833 0.000000 0.000000 0.000000 0.000000
0.013271 0.000000 0.000000 0.000000 0.000000
0.006546 0.000000 0.000000 0.000000 0.000000
0.000000 -0.000000 0.000000 0.000000 0.000000
0.000000 -0.000000 0.000000 0.000000 0.000000
0.000000 -0.000000 0.000000 0.000000 0.000000
0.000000 -0.000000 0.000000 0.000000 0.000000
0.000000 -0.000000 0.000000 0.000000 0.000000
0.000000 -0.000000 0.000000 0.000000 0.000000
0.000000 -0.000000 0.000000 0.000000 0.000000
0.000000 -0.000000 0.000000 0.000000 0.000000
