0.000000 0.000000 -0.000000 0.000000 0.000000 0.000000 -0.000000 -0.000000 0.000000 0.000000
0.000000 0.000000 -0.000000 0.000000 0.000000 0.000000 -0.000000 -0.000000 0.000000 0.000000
0.000000 0.000000 -0.000000 0.000000 0.000000 0.000000 -0.000000 -0.000000 0.000000 0.000000
0.000000 0.000000 -0.000000 0.000000 0.000000 0.000000 -0.000000 -0.000000 0.000000 0.000000
0.000000 0.000000 -0.000000 0.000000 0.000000 0.000000 -0.000000 -0.000000 0.000000 0.000000
0.000000 0.000000 -0.000000 0.000000 0.000000 0.000000 -0.000000 -0.000000 0.000000 0.000000
0.000000 0.000000 -0.000000 0.000000 0.000000 0.000000 -0.000000 -0.000000 0.000000 0.000000
0.000000 0.000000 -0.000000 0.000000 0.000000 0.000000 -0.000000 0.000000 0.000000 0.000000
0.000000 0.000000 -0.000000 0.000000 0.000000 0.000000 -0.000000 0.000000 0.000000 0.000000
0.000000 0.000000 -0.000000 0.000000 0.000000 0.000000 -0.000000 0.000000 0.000000 0.000000
0.000000 0.000000 -0.000000 0.000000 0.000000 0.000000 -0.000000 0.000000 0.000000 0.000000
0.000000 0.000000 -0.000000 0.000000 0.000000 0.000000 -0.000000 0.000000 0.000000 0.000000
0.000000 0.000000 -0.000000 0.000000 0.000000 0.000000 -0.000000 0.000000 0.000000 0.000000
0.000000 0.000000 -0.000000 0.000000 0.000000 0.000000 -0.000000 0.000000 0.000000 0.000000
0.000000 0.000000 -0.000000 0.000000 0.000000 0.000000 -0.000000 0.000000 0.000000 0.000000
0.000000 0.000000 -0.000000 0.000000 0.000000 0.000000 -0.000000 0.000000 0.000000 0.000000
0.000000 0.000000 -0.000000 0.000000 0.000000 0.000000 -0.000000 0.000000 0.000000 0.000000
0.000000 0.000000 -0.000000 0.000000 0.000000 0.000000 -0.000000 0.000000 0.000000 0.000000
0.000000 0.000000 -0.000000 0.000000 0.000000 0.000000 -0.000000 0.000000 0.000000 0.000000
0.000000 0.000000 -0.000000 0.000000 0.000000 0.000000 -0.000000 0.000000 0.000000 0.000000
0.000000 0.000000 -0.000000 0.000000 0.000000 0.000000 -0.000000 0.000000 0.000000 0.000000
0.000000 0.000000 -0.000000 0.000000 0.000000 0.000000 -0.000000 0.000000 0.000000 0.000000
0.000000 0.000000 -0.000000 0.000000 0.000000 0.000000 -0.000000 0.000000 0.000000 0.000000
0.000000 0.000000 -0.000000 0.000000 0.000000 0.000000 -0.000000 0.000000 0.000000 0.000000
0.000000 0.000000 -0.000000 0.000000 0.000000 0.000000 -0.000000 0.000000 0.000000 0.000000
0.000000 0.000000 -0.000000 0.000000 0.000000 0.000000 -0.000000 0.000000 0.000000 0.000000
0.000000 0.000000 -0.000000 0.000000 0.000000 0.000000 -0.000000 0.000000 0.000000 0.000000
0.000000 0.000000 -0.000000 0.000000 0.000000 0.000000 -0.000000 0.000000 0.000000 0.000000
0.000000 0.000000 -0.000000 0.000000 0.000000 0.000000 -0.000000 0.000000 0.000000 0.000000
0.000000 0.000000 -0.000000 0.000000 0.000000 0.000000 -0.000000 0.000000 0.000000 0.000000
0.000000 0.000000 -0.000000 0.000000 0.000000 0.000000 -0.000000 0.000000 0.000000 0.000000
0.000000 0.000000 -0.000000 0.000000 0.000000 0.000000 -0.000000 0.000000 0.000000 0.000000
0.000000 0.000000 -0.000000 0.000000 0.000000 0.000000 -0.000000 0.000000 0.000000 0.000000
0.000000 0.000000 -0.000000 0.000000 0.000000 0.000000 -0.000000 0.000000 0.000000 0.000000
0.000000 0.000000 -0.000000 0.000000 0.000000 0.000000 -0.000000 0.000000 0.000000 0.000000
0.000000 0.000000 -0.000000 0.000000 0.000000 0.000000 -0.000000 0.000000 0.000000 0.000000
0.000000 0.000000 -0.000000 0.000000 0.000000 0.000000 -0.000000 0.000000 0.000000 0.000000
0.000000 0.000000 -0.000000 0.000000 0.000000 0.000000 -0.000000 0.000000 0.000000 0.000000
0.000000 0.000000 -0.000000 0.000000 0.000000 0.000000 -0.000000 0.000000 0.000000 0.000000
0.000000 0.000000 -0.000000 0.000000 0.000000 0.000000 -0.000000 0.000000 0.000000 0.000000
0.000000 0.000000 -0.000000 0.000000 0.000000 0.000000 -0.000000 0.000000 0.000000 0.000000
0.000000 0.000000 -0.000000 0.000000 0.000000 0.000000 -0.000000 0.000000 0.000000 0.000000
0.000000 0.000000 -0.000000 0.000000 0.000000 0.000000 -0.000000 0.000000 0.000000 0.000000
0.000000 0.000000 -0.000000 0.000000 0.000000 0.000000 -0.000000 0.000000 0.000000 0.000000
0.000000 0.000000 -0.000000 0.000000 0.000000 0.000000 -0.000000 0.000000 0.000000 0.000000
0.000000 0.000000 -0.000000 0.000000 0.000000 0.000000 -0.000000 0.000000 0.000000 0.000000
0.000000 0.000000 -0.000000 0.000000 0.000000 0.000000 -0.000000 0.000000 0.000000 0.000000
0.000000 0.000000 -0.000000 0.000000 0.000000 0.000000 -0.000000 0.000000 0.000000 0.000000
0.000000 0.000000 -0.000000 0.000000 0.000000 0.000000 -0.000000 0.000000 0.000000 0.000000
0.000000 0.000000 -0.000000 0.000000 0.000000 0.000000 -0.000000 0.000000 0.000000 0.000000
0.000000 0.000000 -0.000000 0.000000 0.000000 0.000000 -0.000000 0.000000 0.000000 0.000000
0.000000 0.000000 -0.000000 0.000000 0.000000 0.000000 -0.000000 0.000000 0.000000 0.000000
0.000000 0.000000 -0.000000 0.000000 0.000000 0.000000 -0.000000 0.000000 0.000000 0.000000
0.000000 0.000000 -0.000000 0.000000 0.000000 0.000000 -0.000000 0.000000 0.000000 0.000000
0.000000 0.000000 -0.000000 0.000000 0.000000 0.000000 -0.000000 0.000000 0.000000 0.000000
0.000000 0.000000 -0.000000 0.000000 0.000000 0.000000 -0.000000 0.000000 0.000000 0.000000
0.000000 0.000000 -0.000000 0.000000 0.000000 0.000000 -0.000000 0.000000 0.000000 0.000000
0.000000 0.000000 -0.000000 0.000000 0.000000 0.000000 -0.000000 0.000000 0.000000 0.000000
0.000000 0.000000 -0.000000 0.000000 0.000000 0.000000 -0.000000 0.000000 0.000000 0.000000
0.000000 0.000000 -0.000000 0.000000 0.000000 0.000000 -0.000000 0.000000 0.000000 0.000000
0.000000 0.000000 -0.000000 0.000000 0.000000 0.000000 -0.000000 0.000000 0.000000 0.000000
0.000000 0.000000 -0.000000 0.000000 0.000000 0.000000 -0.000000 0.000000 0.000000 0.000000
0.000000 0.000000 -0.000000 0.000000 0.000000 0.000000 -0.000000 0.000000 0.000000 0.000000
0.000000 0.000000 -0.000000 0.000000 0.000000 0.000000 -0.000000 0.000000 0.000000 0.000000
0.000000 0.000000 -0.000000 0.000000 0.000000 0.000000 -0.000000 0.000000 0.000000 0.000000
0.000000 0.000000 -0.000000 0.000000 0.000000 0.000000 -0.000000 0.000000 0.000000 0.000000
0.000000 0.000000 -0.000000 0.000000 0.000000 0.000000 -0.000000 0.000000 0.000000 0.000000
0.000000 0.000000 -0.000000 0.000000 0.000000 0.000000 -0.000000 0.000000 0.000000 0.000000
0.000000 0.000000 -0.000000 0.000000 0.000000 0.000000 -0.000000 0.000000 0.000000 0.000000
0.000000 0.000000 -0.000000 0.000000 0.000000 0.000000 -0.000000 0.000000 0.000000 0.000000
0.000000 0.000000 -0.000000 0.000000 0.000000 0.000000 -0.000000 0.000000 0.000000 0.000000
0.000000 0.000000 -0.000000 0.000000 0.000000 0.000000 -0.000000 0.000000 0.000000 0.000000
0.000000 0.000000 -0.000000 0.000000 0.000000 0.000000 -0.000000 0.000000 0.000000 0.000000
0.000000 0.000000 -0.000000 0.000000 0.000000 0.000000 -0.000000 0.000000 0.000000 0.000000
0.000000 0.000000 -0.000000 0.000000 0.000000 0.000000 -0.000000 0.000000 0.000000 0.000000
0.000000 0.000000 -0.000000 0.000000 0.000000 0.000000 -0.000000 0.000000 0.000000 0.000000
0.000000 0.000000 -0.000000 0.000000 0.000000 0.000000 -0.000000 0.000000 0.000000 0.000000
0.000000 0.000000 -0.000000 0.000000 0.000000 0.000000 -0.000000 0.000000 0.000000 0.000000
0.000000 0.000000 -0.000000 0.000000 0.000000 0.000000 -0.000000 0.000000 0.000000 0.000000
0.000000 0.000000 -0.000000 0.000000 0.000000 0.000000 -0.000000 0.000000 0.000000 0.000000
0.000000 0.000000 -0.000000 0.000000 0.000000 0.000000 -0.000000 0.000000 0.000000 0.000000
0.000000 0.000000 -0.000000 0.000000 0.000000 0.000000 -0.000000 0.000000 0.000000 0.000000
0.000000 0.000000 -0.000000 0.000000 0.000000 0.000000 -0.000000 0.000000 0.000000 0.000000
0.000000 0.000000 -0.000000 0.000000 0.000000 0.000000 -0.000000 0.000000 0.000000 0.000000
0.000000 0.000000 -0.000000 0.000000 0.000000 0.000000 -0.000000 0.000000 0.000000 0.000000
0.000000 0.000000 -0.000000 0.000000 0.000000 0.000000 -0.000000 0.000000 0.000000 0.000000
0.000000 0.000000 -0.000000 0.000000 0.000000 0.000000 -0.000000 0.000000 0.000000 0.000000
0.000000 0.000000 -0.000000 0.000000 0.000000 0.000000 -0.000000 0.000000 0.000000 0.000000
0.000000 0.000000 -0.000000 0.000000 0.000000 0.000000 -0.000000 0.000000 0.000000 0.000000
0.000000 0.000000 -0.000000 0.000000 0.000000 0.000000 -0.000000 0.000000 0.000000 0.000000
0.000000 0.000000 -0.000000 0.000000 0.000000 0.000000 -0.000000 0.000000 0.000000 0.000000
0.000000 0.000000 -0.000000 0.000000 0.000000 0.000000 -0.000000 0.000000 0.000000 0.000000
0.000000 0.000000 -0.000000 0.000000 0.000000 0.000000 -0.000000 0.000000 0.000000 0.000000
0.000000 0.000000 -0.000000 0.000000 0.000000 0.000000 -0.000000 0.000000 0.000000 0.000000
0.000000 0.000000 -0.000000 0.000000 0.000000 0.000000 -0.000000 0.000000 0.000000 0.000000
0.000000 0.000000 -0.000000 0.000000 0.000000 0.000000 -0.000000 0.000000 0.000000 0.000000
0.000000 0.000000 -0.000000 0.000000 0.000000 0.000000 -0.000000 0.000000 0.000000 0.000000
0.000000 0.000000 -0.000000 0.000000 0.000000 0.000000 -0.000000 0.000000 0.000000 0.000000
0.000000 0.000000 -0.000000 0.000000 0.000000 0.000000 -0.000000 0.000000 0.000000 0.000000
0.000000 0.000000 -0.000000 0.000000 0.000000 0.000000 -0.000000 0.000000 0.000000 0.000000
0.000000 0.000000 -0.000000 0.000000 0.000000 0.000000 -0.000000 0.000000 0.000000 0.000000
0.000000 0.000000 -0.000000 0.000000 0.000000 0.000000 -0.000000 0.000000 0.000000 0.000000
0.000000 0.000000 -0.000000 0.000000 0.000000 0.000000 -0.000000 0.000000 0.000000 0.000000
0.000000 0.000000 -0.000000 0.000000 0.000000 0.000000 -0.000000 0.000000 0.000000 0.000000
0.000000 0.000000 -0.000000 0.000000 0.000000 0.000000 -0.000000 0.000000 0.000000 0.000000
0.000000 0.000000 -0.000000 0.000000 0.000000 0.000000 -0.000000 0.000000 0.000000 0.000000
0.000000 0.000000 -0.000000 0.000000 0.000000 0.000000 -0.000000 0.000000 0.000000 0.000000
0.000000 0.000000 -0.000000 0.000000 0.000000 0.000000 -0.000000 0.000000 0.000000 0.000000
0.000000 0.000000 -0.000000 0.000000 0.000000 0.000000 -0.000000 0.000000 0.000000 0.000000
0.000000 0.000000 -0.000000 0.000000 0.000000 0.000000 -0.000000 0.000000 0.000000 0.000000
0.000000 0.000000 -0.000000 0.000000 0.000000 0.000000 -0.000000 0.000000 0.000000 0.000000
0.000000 0.000000 -0.000000 0.000000 0.000000 0.000000 -0.000000 0.000000 0.000000 0.000000
0.000000 0.000000 -0.000000 0.000000 0.000000 0.000000 -0.000000 0.000000 0.000000 0.000000
0.000000 0.000000 -0.000000 0.000000 0.000000 0.000000 -0.000000 0.000000 0.000000 0.000000
0.000000 0.000000 -0.000000 0.000000 0.000000 0.000000 -0.000000 0.000000 0.000000 0.000000
0.000000 0.000000 -0.000000 0.000000 0.000000 0.000000 -0.000000 0.000000 0.000000 0.000000
0.000000 0.000000 -0.000000 0.000000 0.000000 0.000000 -0.000000 0.000000 0.000000 0.000000
0.000000 0.000000 -0.000000 0.000000 0.000000 0.000000 -0.000000 0.000000 0.000000 0.000000
0.000000 0.000000 -0.000000 0.000000 0.000000 0.000000 -0.000000 0.000000 0.000000 0.000000
0.000000 0.000000 -0.000000 0.000000 0.000000 0.000000 -0.000000 0.000000 0.000000 0.000000
0.000000 0.000000 -0.000000 0.000000 0.000000 0.000000 -0.000000 0.000000 0.000000 0.000000
0.000000 0.000000 -0.000000 0.000000 0.000000 0.000000 -0.000000 0.000000 0.000000 0.000000
0.000335 0.000479 0.000292 0.000000 0.000000 0.000000 0.000239 0.000000 0.000166 0.000000
0.001575 0.002246 0.001351 0.000000 0.000000 0.000000 0.001048 0.000000 0.000443 0.000000
0.001922 0.003042 0.001881 0.000000 0.000000 0.000000 0.001484 0.000000 0.000752 0.000000
0.001555 0.002686 0.001697 0.000000 0.000000 0.000000 0.001357 0.000000 0.000778 0.000000
0.001944 0.003418 0.002192 0.000000 0.000000 0.000000 0.001832 0.000000 0.001452 0.000000
0.001884 0.003349 0.002159 0.000000 0.000000 0.000000 0.001823 0.000000 0.001536 0.000000
0.000797 0.001772 0.001208 0.000000 0.000000 0.000000 0.001090 0.000000 0.001248 0.000000
0.000043 0.000354 0.000275 0.000008 0.000013 0.000000 0.000274 0.000000 0.000427 0.000000
0.000000 0.000012 0.000010 0.000001 0.000002 0.000000 0.000011 0.000000 0.000018 0.000000
0.000000 0.000000 -0.000000 0.000000 0.000000 0.000000 -0.000000 0.000000 0.000000 0.000000
0.000000 0.000000 -0.000000 0.000000 0.000000 0.000000 -0.000000 0.000000 0.000000 0.000000
0.000000 0.000000 -0.000000 0.000000 0.000000 0.000000 -0.000000 0.000000 0.000000 0.000000
0.000000 0.000000 -0.000000 0.000000 0.000000 0.000000 -0.000000 0.000000 0.000000 0.000000
0.000000 0.000000 -0.000000 0.000000 0.000000 0.000000 -0.000000 0.000000 0.000000 0.000000
0.000000 0.000000 -0.000000 0.000000 0.000000 0.000000 -0.000000 0.000000 0.000000 0.000000
0.000000 0.000000 -0.000000 0.000000 0.000000 0.000000 -0.000000 0.000000 0.000000 0.000000
0.000000 0.000000 -0.000000 0.000000 0.000000 0.000000 -0.000000 0.000000 0.000000 0.000000
0.000000 0.000000 -0.000000 0.000000 0.000000 0.000000 -0.000000 0.000000 0.000000 0.000000
0.000000 0.000000 -0.000000 0.000000 0.000000 0.000000 -0.000000 0.000000 0.000000 0.000000
0.000000 0.000000 -0.000000 0.000000 0.000000 0.000000 -0.000000 0.000000 0.000000 0.000000
0.000000 0.000000 -0.000000 0.000000 0.000000 0.000000 -0.000000 0.000000 0.000000 0.000000
0.000000 0.000000 -0.000000 0.000000 0.000000 0.000000 -0.000000 0.000000 0.000000 0.000000
0.000000 0.000000 -0.000000 0.000000 0.000000 0.000000 -0.000000 0.000000 0.000000 0.000000
0.000000 0.000000 -0.000000 0.000000 0.000000 0.000000 -0.000000 0.000000 0.000000 0.000000
0.000000 0.000000 -0.000000 0.000000 0.000000 0.000000 -0.000000 0.000000 0.000000 0.000000
0.000000 0.000157 0.000000 0.000122 0.000000 0.000364 0.000000 0.000000 0.000282 0.000000
0.000221 0.001486 0.000000 0.000402 0.000000 0.000989 0.000000 0.000000 0.001640 0.000000
0.001235 0.003041 0.000471 0.000024 0.000000 0.000464 0.000136 0.000000 0.002955 0.000000
0.003875 0.004557 0.003875 0.000000 0.000000 0.000000 0.001751 0.000000 0.004954 0.000000
0.011405 0.006548 0.014771 0.000000 0.000000 0.000000 0.007403 0.000000 0.008523 0.000000
0.018788 0.007723 0.022369 0.000000 0.000000 0.003121 0.010036 0.000000 0.009442 0.000000
0.019505 0.006753 0.024935 0.000000 0.000562 0.010301 0.010637 0.000000 0.005937 0.000000
0.016012 0.003215 0.025670 0.000000 0.001034 0.015322 0.011471 0.000000 0.003872 0.000000
0.011978 0.003340 0.026226 0.004629 0.000139 0.015224 0.012546 0.000000 0.003134 0.000000
0.007121 0.000918 0.021325 0.009678 0.000000 0.011704 0.012515 0.000000 0.000973 0.000000
0.002340 0.000000 0.014745 0.012614 0.000000 0.006548 0.015340 0.000000 0.000318 0.000000
0.000000 0.000497 0.007072 0.012693 0.000000 0.003496 0.014117 0.000000 0.000000 0.000000
0.000000 0.002054 0.003651 0.010218 0.000000 0.001445 0.012010 0.000000 0.000000 0.001763
0.000000 0.002025 0.000000 0.006659 0.000000 0.000000 0.008306 0.000000 0.000000 0.003844
0.000000 0.001137 0.000000 0.002926 0.000000 0.000000 0.003134 0.000000 0.000000 0.002734
0.000000 0.000353 0.000000 0.000577 0.000000 0.000000 0.000190 0.000000 0.000000 0.000483
0.000000 0.000000 -0.000000 0.000000 0.000000 0.000000 -0.000000 0.000000 0.000000 0.000000
0.000000 0.000000 -0.000000 0.000000 0.000000 0.000000 -0.000000 0.000000 0.000000 0.000000
0.000000 0.000000 -0.000000 0.000000 0.000000 0.000000 -0.000000 0.000000 0.000000 0.000000
0.000000 0.000000 -0.000000 0.000000 0.000000 0.000000 -0.000000 0.000000 0.000000 0.000000
0.000000 0.000000 -0.000000 0.000000 0.000000 0.000000 -0.000000 0.000000 0.000000 0.000000
0.000000 0.000000 -0.000000 0.000000 0.000000 0.000000 -0.000000 0.000000 0.000000 0.000000
0.000000 0.000000 -0.000000 0.000000 0.000000 0.000000 -0.000000 0.000000 0.000000 0.000000
0.000000 0.000000 -0.000000 0.000000 0.000000 0.000000 -0.000000 0.000000 0.000000 0.000000
0.000000 0.000000 -0.000000 0.000000 0.000000 0.000000 -0.000000 0.000000 0.000000 0.000000
0.000000 0.000000 -0.000000 0.000000 0.000000 0.000000 -0.000000 0.000000 0.000000 0.000000
0.000000 0.000000 0.000000 0.000000 0.000000 0.000109 0.000035 0.000012 0.000117 0.000039
0.000920 0.000602 0.000000 0.000000 0.000000 0.000475 0.000000 0.000000 0.002656 0.000652
0.002263 0.002005 0.000000 0.000000 0.000000 0.001682 0.000000 0.000000 0.005025 0.000596
0.006343 0.004891 0.000031 0.000000 0.000000 0.003402 0.000000 0.000000 0.011758 0.000669
0.020667 0.006527 0.010806 0.000000 0.000000 0.006700 0.003729 0.000000 0.024702 0.000000
0.042761 0.006577 0.025898 0.000000 0.000000 0.014238 0.006772 0.000000 0.034800 0.000000
0.074729 0.004371 0.053345 0.000000 0.000000 0.042911 0.006885 0.000000 0.027596 0.000000
0.086697 0.000000 0.093547 0.000000 0.017047 0.107738 0.002902 0.000000 0.019659 0.000000
0.065639 0.000000 0.135493 0.000000 0.050418 0.182799 0.000000 0.000000 0.006207 0.000000
0.027280 0.000000 0.156918 0.000000 0.070361 0.246520 0.000000 0.000000 0.000000 0.000000
0.000000 0.000000 0.154941 0.000000 0.069075 0.240415 0.014077 0.023046 0.000000 0.000000
0.000000 0.000000 0.125316 0.035507 0.044879 0.168300 0.054894 0.048221 0.000000 0.000000
0.000000 0.000000 0.090378 0.063577 0.015087 0.075451 0.090584 0.064689 0.000000 0.000000
0.000000 0.000000 0.062463 0.071573 0.000000 0.000000 0.108207 0.059414 0.000000 0.000000
0.004323 0.000000 0.035257 0.058121 0.000000 0.000000 0.101106 0.033387 0.000000 0.000000
0.001685 0.000000 0.011145 0.036006 0.000000 0.000000 0.060035 0.012758 0.000000 0.000000
0.000000 0.000000 0.001324 0.013814 0.000000 0.000000 0.027164 0.002250 0.000000 0.001418
0.000015 0.000000 0.001456 0.004166 0.000000 0.000000 0.005771 0.000004 0.000066 0.000271
0.000113 0.000000 0.000844 0.000644 0.000000 0.000201 0.000377 0.000000 0.000049 0.000000
0.000000 0.000000 0.000012 0.000000 0.000000 0.000036 0.000000 0.000002 0.000000 0.000002
0.000000 0.000000 -0.000000 0.000000 0.000000 0.000000 -0.000000 0.000000 0.000000 0.000000
0.000000 0.000000 -0.000000 0.000000 0.000000 0.000000 -0.000000 0.000000 0.000000 0.000000
0.000000 0.000000 -0.000000 0.000000 0.000000 0.000000 -0.000000 0.000000 0.000000 0.000000
0.000000 0.000000 -0.000000 0.000000 0.000000 0.000000 -0.000000 0.000000 0.000000 0.000000
0.000000 0.000000 -0.000000 0.000000 0.000000 0.000000 -0.000000 0.000000 0.000000 0.000000
0.000000 0.000000 -0.000000 0.000000 0.000000 0.000000 -0.000000 0.000000 0.000000 0.000000
0.000002 0.000000 0.000405 0.000000 0.000000 0.000141 0.000000 0.000000 0.000000 0.000148
0.000000 0.000000 0.000041 0.000000 0.000000 0.000042 0.000000 0.000000 0.000254 0.000166
0.000053 0.000000 0.000000 0.000000 0.000000 0.000020 0.000000 0.000018 0.003391 0.000983
0.003155 0.001583 0.000000 0.000000 0.000000 0.001252 0.000000 0.000000 0.012005 0.001675
0.007259 0.002666 0.000000 0.000000 0.000000 0.006174 0.000000 0.000000 0.028820 0.003080
0.031595 0.006112 0.012488 0.000000 0.000000 0.010636 0.001153 0.000000 0.056990 0.000719
0.079093 0.004469 0.039138 0.000000 0.000000 0.019390 0.004200 0.000000 0.075342 0.000000
0.125642 0.000000 0.090394 0.000000 0.010312 0.049941 0.002509 0.000000 0.078797 0.000000
0.126652 0.000000 0.143337 0.000000 0.059300 0.119975 0.000000 0.000000 0.069673 0.000000
0.086361 0.000000 0.154773 0.000000 0.118683 0.183549 0.000000 0.019797 0.056944 0.000000
0.047438 0.000000 0.119465 0.000000 0.135565 0.189855 0.000000 0.057575 0.046011 0.000000
0.030879 0.002064 0.079537 0.022454 0.115097 0.149449 0.011540 0.080401 0.036610 0.026423
0.019768 0.039681 0.057657 0.039952 0.087283 0.117725 0.054289 0.082240 0.026815 0.063729
0.000000 0.054415 0.055429 0.053496 0.062116 0.112372 0.079821 0.076978 0.009003 0.076640
0.000000 0.040316 0.057445 0.069328 0.036831 0.075058 0.097841 0.086527 0.005665 0.054241
0.000000 0.000000 0.055172 0.088689 0.007318 0.002494 0.117704 0.102492 0.014747 0.010375
0.000126 0.000000 0.057094 0.094631 0.000000 0.000000 0.137290 0.084619 0.005701 0.000000
0.006262 0.000000 0.042094 0.074347 0.000000 0.000000 0.133543 0.042722 0.000862 0.000000
0.002487 0.000000 0.011818 0.039635 0.000000 0.000000 0.073735 0.014612 0.000000 0.000000
0.000502 0.000000 0.002885 0.014878 0.000000 0.000000 0.026717 0.001165 0.000000 0.000239
0.000000 0.000000 0.000721 0.004244 0.000000 0.000000 0.006522 0.000000 0.000761 0.000000
0.000000 0.000000 0.000267 0.000000 0.000000 0.000774 0.000000 0.000015 0.000000 0.000003
0.000000 0.000000 -0.000000 0.000000 0.000000 0.000000 -0.000000 0.000000 0.000000 0.000000
0.000000 0.000000 -0.000000 0.000000 0.000000 0.000000 -0.000000 0.000000 0.000000 0.000000
0.000000 0.000000 -0.000000 0.000000 0.000000 0.000000 -0.000000 0.000000 0.000000 0.000000
0.000000 0.000000 -0.000000 0.000000 0.000000 0.000000 -0.000000 0.000000 0.000000 0.000000
0.000000 0.000000 -0.000000 0.000000 0.000000 0.000000 -0.000000 0.000000 0.000000 0.000000
0.000000 0.000000 -0.000000 0.000000 0.000000 0.000000 -0.000000 0.000000 0.000000 0.000000
0.000002 0.000000 0.000395 0.000000 0.000000 0.000137 0.000000 0.000000 0.000000 0.000145
0.000000 0.000000 0.000716 0.000000 0.000000 0.000229 0.000000 0.000000 0.003575 0.001909
0.000000 0.000181 0.000000 0.000000 0.000000 0.000560 0.000000 0.000007 0.013467 0.002096
0.005598 0.002650 0.000000 0.000000 0.000000 0.008551 0.000000 0.000000 0.036565 0.003298
0.025863 0.005052 0.008440 0.000000 0.000000 0.006828 0.000575 0.000000 0.081289 0.001154
0.085105 0.004979 0.043947 0.000000 0.000000 0.006284 0.002559 0.000000 0.108287 0.000000
0.131897 0.000000 0.104442 0.000000 0.021256 0.028133 0.000000 0.000000 0.110642 0.000000
0.124923 0.000000 0.150702 0.000000 0.085776 0.077807 0.000000 0.012655 0.093391 0.000000
0.060875 0.000000 0.119487 0.000000 0.148436 0.122022 0.000000 0.060127 0.073405 0.000000
0.008627 0.000000 0.054795 0.044147 0.138826 0.100225 0.000000 0.101395 0.063023 0.008096
0.011926 0.064340 0.000000 0.089720 0.086281 0.014739 0.035155 0.107100 0.063798 0.059663
0.044726 0.128711 0.000000 0.102882 0.041396 0.000000 0.079663 0.084162 0.068177 0.096044
0.063287 0.150407 0.000000 0.079618 0.034057 0.000000 0.081243 0.052530 0.067220 0.111738
0.044366 0.146414 0.001833 0.051719 0.045846 0.000000 0.051087 0.029088 0.054948 0.114558
0.004234 0.112107 0.018765 0.039149 0.048301 0.057407 0.021812 0.033451 0.048518 0.115201
0.000000 0.049111 0.024248 0.071128 0.033832 0.029522 0.031897 0.078982 0.049574 0.071898
0.000000 0.000000 0.047779 0.098471 0.005231 0.000000 0.092268 0.103816 0.043721 0.005697
0.000588 0.000000 0.061469 0.086209 0.000000 0.000000 0.141467 0.060767 0.025682 0.000000
0.003583 0.000000 0.039642 0.057174 0.000000 0.000000 0.100909 0.026657 0.010223 0.000000
0.001035 0.000000 0.008962 0.025514 0.000000 0.000000 0.043964 0.007001 0.001562 0.000000
0.000076 0.000000 0.000999 0.006365 0.000000 0.000000 0.012593 0.000314 0.001105 0.000018
0.000000 0.000000 0.000168 0.000000 0.000113 0.000455 0.000731 0.000000 0.000000 0.000000
0.000000 0.000000 -0.000000 0.000000 0.000000 0.000000 -0.000000 0.000000 0.000000 0.000000
0.000000 0.000000 -0.000000 0.000000 0.000000 0.000000 -0.000000 0.000000 0.000000 0.000000
0.000000 0.000000 -0.000000 0.000000 0.000000 0.000000 -0.000000 0.000000 0.000000 0.000000
0.000000 0.000000 -0.000000 0.000000 0.000000 0.000000 -0.000000 0.000000 0.000000 0.000000
0.000000 0.000000 -0.000000 0.000000 0.000000 0.000000 -0.000000 0.000000 0.000000 0.000000
0.000000 0.000000 -0.000000 0.000000 0.000000 0.000000 -0.000000 0.000000 0.000000 0.000000
0.000000 0.000000 0.000000 0.000000 0.000000 0.000000 0.000002 0.000006 0.000000 0.000004
0.000000 0.000000 0.000000 0.000000 0.000000 0.000000 0.000637 0.000285 0.005420 0.000771
0.000145 0.000259 0.000000 0.000000 0.000000 0.004810 0.000000 0.000000 0.029609 0.001875
0.010579 0.004695 0.002070 0.000000 0.000000 0.009062 0.000000 0.000000 0.086825 0.000716
0.055774 0.005522 0.026545 0.000000 0.000000 0.000000 0.000000 0.000000 0.136053 0.000000
0.123180 0.000000 0.092348 0.000000 0.015891 0.000000 0.000000 0.000000 0.129144 0.000000
0.133914 0.000000 0.140662 0.000000 0.079215 0.024826 0.000000 0.026340 0.095312 0.000000
0.050446 0.000000 0.102049 0.015060 0.149892 0.074885 0.000000 0.079279 0.055041 0.000000
0.000000 0.007126 0.025228 0.078273 0.125776 0.062723 0.008421 0.112523 0.030895 0.017869
0.000000 0.110911 0.000000 0.127617 0.044256 0.000000 0.060170 0.100434 0.027211 0.076618
0.002069 0.177417 0.000000 0.138849 0.000000 0.000000 0.094875 0.058366 0.029113 0.113545
0.047544 0.195547 0.000000 0.110354 0.000000 0.000000 0.084132 0.019320 0.034497 0.100099
0.077282 0.176125 0.000000 0.068385 0.000000 0.000000 0.040557 0.000000 0.037799 0.077630
0.068072 0.163210 0.000000 0.026613 0.038403 0.000000 0.000000 0.000000 0.045526 0.085422
0.030476 0.128414 0.000000 0.000000 0.065105 0.085369 0.000000 0.000000 0.053748 0.111011
0.000000 0.049590 0.000000 0.028702 0.060524 0.078725 0.000000 0.061808 0.068662 0.090739
0.000000 0.001986 0.022645 0.081307 0.019889 0.000000 0.050589 0.100995 0.077102 0.033486
0.000000 0.000000 0.056832 0.088832 0.000000 0.000000 0.121515 0.065669 0.054767 0.000000
0.001483 0.000000 0.053423 0.068546 0.000000 0.000000 0.110170 0.025090 0.023518 0.000000
0.000338 0.000000 0.018675 0.034790 0.000000 0.000000 0.051027 0.007852 0.006121 0.000000
0.000000 0.000000 0.004413 0.009536 0.000000 0.000000 0.014507 0.000916 0.002509 0.000841
0.000000 0.000000 0.000745 0.000000 0.000208 0.000234 0.002391 0.000000 0.000000 0.000000
0.000000 0.000000 -0.000000 0.000000 0.000000 0.000000 -0.000000 0.000000 0.000000 0.000000
0.000000 0.000000 -0.000000 0.000000 0.000000 0.000000 -0.000000 0.000000 0.000000 0.000000
0.000000 0.000000 -0.000000 0.000000 0.000000 0.000000 -0.000000 0.000000 0.000000 0.000000
0.000000 0.000000 -0.000000 0.000000 0.000000 0.000000 -0.000000 0.000000 0.000000 0.000000
0.000000 0.000000 -0.000000 0.000000 0.000000 0.000000 -0.000000 0.000000 0.000000 0.000000
0.000000 0.000000 -0.000000 0.000000 0.000000 0.000000 -0.000000 0.000000 0.000000 0.000000
0.000000 0.000000 0.000156 0.000000 0.000271 0.000000 0.000433 0.000102 0.001681 0.000000
0.000000 0.000063 0.000000 0.000000 0.000213 0.000000 0.000619 0.001021 0.014414 0.000664
0.000000 0.002105 0.000000 0.000000 0.000000 0.005871 0.000000 0.000000 0.071441 0.001295
0.021598 0.003719 0.007165 0.000000 0.000000 0.000000 0.000000 0.000000 0.136546 0.000000
0.084347 0.000000 0.058762 0.000000 0.006126 0.000000 0.000000 0.000918 0.151033 0.000000
0.138073 0.000000 0.128778 0.000000 0.049632 0.000000 0.000000 0.024378 0.100576 0.000000
0.088196 0.000000 0.100020 0.031286 0.126798 0.019815 0.000000 0.081323 0.031240 0.000000
0.000000 0.000000 0.020936 0.087798 0.129607 0.049573 0.009827 0.111409 0.000000 0.022261
0.000000 0.124012 0.000000 0.119692 0.039467 0.008855 0.067633 0.085006 0.000000 0.081942
0.000000 0.192905 0.000000 0.113450 0.000000 0.000000 0.093089 0.032417 0.000000 0.117492
0.003882 0.169991 0.000000 0.083474 0.000000 0.000000 0.080562 0.000000 0.000000 0.086435
0.039102 0.133405 0.000000 0.045109 0.000000 0.000000 0.037606 0.000000 0.008008 0.035234
0.071621 0.126236 0.000000 0.016503 0.019233 0.000000 0.004022 0.000000 0.009749 0.009644
0.067379 0.136416 0.000000 0.000000 0.068152 0.051507 0.000000 0.000000 0.017904 0.026889
0.034619 0.118882 0.000000 0.000000 0.092844 0.119719 0.000000 0.001296 0.037382 0.078630
0.004359 0.041709 0.000000 0.014901 0.068104 0.096734 0.000000 0.071349 0.062395 0.085707
0.000000 0.000000 0.032054 0.067275 0.026248 0.000000 0.057576 0.104618 0.095018 0.039056
0.000000 0.000000 0.061141 0.085411 0.000000 0.000000 0.117163 0.065237 0.074829 0.000000
0.000000 0.000000 0.061645 0.069059 0.000000 0.000000 0.111493 0.019206 0.039394 0.000000
0.000000 0.000000 0.025625 0.033493 0.000000 0.000000 0.054676 0.005060 0.011315 0.000000
0.000000 0.000000 0.008800 0.008476 0.000000 0.000000 0.015463 0.000000 0.004840 0.000152
0.000110 0.000000 0.001694 0.000000 0.000248 0.000160 0.003526 0.000048 0.000000 0.000000
0.000000 0.000000 0.000011 0.000000 0.000021 0.000027 0.000124 0.000000 0.000000 0.000000
0.000000 0.000000 -0.000000 0.000000 0.000000 0.000000 -0.000000 0.000000 0.000000 0.000000
0.000000 0.000000 -0.000000 0.000000 0.000000 0.000000 -0.000000 0.000000 0.000000 0.000000
0.000000 0.000000 -0.000000 0.000000 0.000000 0.000000 -0.000000 0.000000 0.000000 0.000000
0.000000 0.000000 -0.000000 0.000000 0.000000 0.000000 -0.000000 0.000000 0.000000 0.000000
0.000000 0.000000 -0.000000 0.000000 0.000000 0.000000 -0.000000 0.000000 0.000000 0.000000
0.000000 0.000000 0.000145 0.000000 0.000382 0.000000 0.000488 0.000066 0.003311 0.000000
0.000000 0.001018 0.000000 0.000000 0.000811 0.000000 0.000000 0.000389 0.031173 0.000547
0.000000 0.001194 0.000000 0.000000 0.000000 0.002025 0.000000 0.000000 0.105839 0.000000
0.031556 0.000000 0.015553 0.000000 0.000000 0.000000 0.000000 0.002126 0.162267 0.000000
0.103255 0.000000 0.089967 0.002521 0.014262 0.000000 0.000000 0.014234 0.142356 0.000000
0.132286 0.000000 0.117038 0.038107 0.075332 0.000000 0.000000 0.055525 0.045599 0.000000
0.040239 0.000000 0.056358 0.080976 0.129954 0.021983 0.004017 0.104018 0.000000 0.010679
0.000000 0.085435 0.000000 0.091422 0.074874 0.041109 0.055964 0.085864 0.000000 0.071291
0.000000 0.204560 0.000000 0.075333 0.000000 0.000650 0.090137 0.025262 0.000000 0.097173
0.000000 0.185018 0.000000 0.050522 0.000000 0.000000 0.076579 0.000000 0.000000 0.066038
0.014543 0.112014 0.003462 0.018894 0.000000 0.000000 0.032996 0.000000 0.002462 0.006941
0.043472 0.103547 0.012235 0.005619 0.014726 0.000000 0.006378 0.000000 0.004834 0.000000
0.066517 0.129027 0.002455 0.000000 0.055271 0.000000 0.000000 0.000000 0.008998 0.000000
0.046369 0.156774 0.000000 0.000000 0.102788 0.070996 0.000000 0.001588 0.009955 0.011964
0.028637 0.110832 0.000000 0.000000 0.110724 0.112080 0.000000 0.048051 0.023775 0.077994
0.021145 0.017810 0.000000 0.029561 0.070491 0.072273 0.021320 0.101163 0.049968 0.078392
0.014570 0.000000 0.048952 0.080267 0.022416 0.000000 0.081696 0.108476 0.099155 0.029794
0.000636 0.000000 0.087454 0.090318 0.000000 0.000000 0.119065 0.056354 0.093009 0.000000
0.001107 0.000000 0.070734 0.061860 0.000000 0.000000 0.094546 0.012902 0.050865 0.000000
0.000000 0.000000 0.032508 0.022067 0.000000 0.000000 0.038459 0.002386 0.020221 0.000000
0.000000 0.000000 0.012480 0.004551 0.000000 0.000000 0.010765 0.000000 0.005878 0.000000
0.000000 0.000000 0.002976 0.000000 0.000000 0.000000 0.001356 0.000000 0.001544 0.000051
0.000000 0.000000 0.000033 0.000000 0.000061 0.000080 0.000362 0.000000 0.000000 0.000000
0.000000 0.000000 -0.000000 0.000000 0.000000 0.000000 -0.000000 0.000000 0.000000 0.000000
0.000000 0.000000 -0.000000 0.000000 0.000000 0.000000 -0.000000 0.000000 0.000000 0.000000
0.000000 0.000000 -0.000000 0.000000 0.000000 0.000000 -0.000000 0.000000 0.000000 0.000000
0.000000 0.000000 -0.000000 0.000000 0.000000 0.000000 -0.000000 0.000000 0.000000 0.000000
0.000000 0.000000 -0.000000 0.000000 0.000000 0.000000 -0.000000 0.000000 0.000000 0.000000
0.000000 0.000000 0.000000 0.000000 0.000856 0.000000 0.000458 0.000152 0.010995 0.000077
0.000000 0.000297 0.000000 0.000000 0.001802 0.000000 0.000200 0.000601 0.050209 0.000000
0.000000 0.000000 0.000000 0.001265 0.000716 0.000000 0.000000 0.000588 0.123306 0.000000
0.035601 0.000000 0.024887 0.015106 0.000380 0.000000 0.000000 0.004681 0.171313 0.000000
0.109606 0.000000 0.088086 0.044997 0.018381 0.000000 0.000000 0.026916 0.106859 0.000000
0.123730 0.000000 0.095521 0.075973 0.081861 0.000000 0.000000 0.074455 0.000000 0.010574
0.029278 0.000000 0.029781 0.064824 0.116546 0.017894 0.026452 0.096032 0.000000 0.051327
0.000000 0.148251 0.000000 0.032350 0.050493 0.047111 0.081571 0.051068 0.000000 0.065118
0.000000 0.220417 0.010571 0.013385 0.000000 0.023093 0.092718 0.000000 0.000000 0.026743
0.012808 0.168137 0.029361 0.000000 0.000000 0.000000 0.053324 0.000000 0.003790 0.000000
0.027415 0.132037 0.029223 0.000000 0.026692 0.000000 0.018591 0.002636 0.017626 0.000000
0.042398 0.152555 0.020580 0.000000 0.058448 0.000000 0.007557 0.014382 0.025713 0.000000
0.048707 0.172160 0.000000 0.000000 0.099210 0.000000 0.000000 0.030147 0.030396 0.000000
0.022160 0.149798 0.000000 0.000000 0.129852 0.064757 0.004700 0.054157 0.018454 0.037442
0.035419 0.079302 0.000000 0.000000 0.114385 0.095120 0.029323 0.091327 0.010028 0.083481
0.041847 0.000000 0.010008 0.054284 0.059581 0.033486 0.065648 0.115713 0.046220 0.069164
0.038358 0.000000 0.083697 0.097709 0.006446 0.000000 0.100315 0.093272 0.099545 0.015480
0.006757 0.000000 0.105667 0.082130 0.000000 0.000000 0.096581 0.032544 0.107486 0.000000
0.000244 0.000000 0.076735 0.043168 0.000000 0.000000 0.053740 0.003330 0.060818 0.000000
0.000000 0.000000 0.029383 0.006554 0.000000 0.000000 0.018438 0.000000 0.025588 0.000000
0.000000 0.000000 0.011599 0.000271 0.000000 0.000000 0.006543 0.000000 0.008878 0.000000
0.000181 0.000000 0.002178 0.000000 0.000000 0.000000 0.001049 0.000000 0.001393 0.000510
0.000000 0.000000 0.000000 0.000091 0.000000 0.000000 0.000048 0.000043 0.000000 0.000054
0.000000 0.000000 -0.000000 0.000000 0.000000 0.000000 -0.000000 0.000000 0.000000 0.000000
0.000000 0.000000 -0.000000 0.000000 0.000000 0.000000 -0.000000 0.000000 0.000000 0.000000
0.000000 0.000000 -0.000000 0.000000 0.000000 0.000000 -0.000000 0.000000 0.000000 0.000000
0.000000 0.000000 -0.000000 0.000000 0.000000 0.000000 -0.000000 0.000000 0.000000 0.000000
0.000000 0.000000 -0.000000 0.000000 0.000000 0.000000 -0.000000 0.000000 0.000000 0.000000
0.000000 0.000321 0.000000 0.000000 0.000644 0.000000 0.000000 0.000005 0.013760 0.000818
0.000000 0.000000 0.000000 0.001969 0.003048 0.000000 0.001125 0.000984 0.056099 0.000000
0.000000 0.000000 0.000000 0.017162 0.002397 0.000000 0.000000 0.001566 0.120613 0.000000
0.030301 0.000000 0.018468 0.043838 0.000000 0.000000 0.000000 0.008383 0.162875 0.000000
0.093387 0.000000 0.065662 0.084585 0.014609 0.000000 0.000000 0.033269 0.105094 0.011221
0.111233 0.000000 0.076228 0.082090 0.066438 0.000000 0.000000 0.074542 0.000000 0.047780
0.040249 0.000000 0.035988 0.012530 0.108910 0.011023 0.024548 0.086288 0.000000 0.076438
0.002767 0.131694 0.039789 0.000000 0.072873 0.022419 0.088216 0.055371 0.000000 0.030631
0.012272 0.181850 0.055792 0.000000 0.054619 0.009383 0.090544 0.038132 0.010667 0.000000
0.025665 0.168550 0.055740 0.000000 0.066743 0.000000 0.063684 0.044022 0.037272 0.000000
0.031894 0.155022 0.033997 0.000000 0.089017 0.000000 0.045105 0.061874 0.050408 0.000000
0.028463 0.146421 0.003462 0.000000 0.111509 0.000000 0.041163 0.076648 0.055326 0.000000
0.023742 0.127094 0.000000 0.000000 0.122056 0.000000 0.047380 0.079673 0.036129 0.029426
0.020062 0.102816 0.000000 0.000000 0.123848 0.063760 0.055817 0.085067 0.005127 0.092265
0.053012 0.055382 0.000000 0.021014 0.103684 0.068711 0.070076 0.100508 0.000000 0.093733
0.072553 0.000000 0.048513 0.084051 0.039695 0.000000 0.081194 0.110466 0.053125 0.050999
0.056778 0.000000 0.117497 0.094823 0.000000 0.000000 0.082235 0.061301 0.113033 0.008066
0.005235 0.000000 0.105926 0.059863 0.000000 0.000000 0.056697 0.011204 0.118783 0.000000
0.000000 0.000000 0.058681 0.024306 0.000000 0.000000 0.027296 0.000000 0.070536 0.000000
0.000000 0.000000 0.023868 0.000000 0.001605 0.000000 0.010921 0.000000 0.031192 0.000000
0.000000 0.000000 0.006195 0.000000 0.000584 0.000000 0.003233 0.000180 0.011704 0.000000
0.000000 0.000000 0.001301 0.000000 0.000000 0.000000 0.000310 0.000000 0.000922 0.000319
0.000000 0.000000 0.000000 0.000889 0.000000 0.000000 0.000470 0.000419 0.000000 0.000522
0.000000 0.000000 0.000000 0.000227 0.000000 0.000000 0.000120 0.000107 0.000000 0.000133
0.000000 0.000000 -0.000000 0.000000 0.000000 0.000000 -0.000000 0.000000 0.000000 0.000000
0.000000 0.000000 -0.000000 0.000000 0.000000 0.000000 -0.000000 0.000000 0.000000 0.000000
0.000000 0.000000 -0.000000 0.000000 0.000000 0.000000 -0.000000 0.000000 0.000000 0.000000
0.000000 0.000000 -0.000000 0.000000 0.000000 0.000000 -0.000000 0.000000 0.000000 0.000000
0.000000 0.000222 0.000000 0.000000 0.000573 0.000000 0.000000 0.000233 0.011789 0.000134
0.000000 0.000000 0.000000 0.004529 0.002785 0.000000 0.000000 0.000862 0.049668 0.000000
0.000000 0.000000 0.000000 0.028152 0.003012 0.000000 0.000000 0.002092 0.107089 0.000000
0.012233 0.000000 0.005163 0.075769 0.000000 0.000000 0.000000 0.008108 0.142596 0.000000
0.066981 0.000000 0.020367 0.124207 0.000000 0.000000 0.000000 0.030971 0.104862 0.029057
0.096136 0.000000 0.039685 0.090722 0.031319 0.000000 0.000000 0.055691 0.018931 0.096799
0.061429 0.000000 0.030128 0.000000 0.071597 0.000000 0.005398 0.071440 0.000000 0.139385
0.035887 0.049359 0.046560 0.000000 0.090274 0.000000 0.057628 0.080714 0.010086 0.082371
0.031902 0.086065 0.049017 0.000000 0.100565 0.000000 0.076078 0.095614 0.046256 0.000000
0.030854 0.089561 0.035265 0.000000 0.110277 0.000000 0.076726 0.107380 0.063493 0.000000
0.025305 0.070612 0.010362 0.000000 0.112001 0.000000 0.074287 0.107341 0.065800 0.023543
0.012809 0.045402 0.000000 0.000000 0.099136 0.000000 0.081177 0.094238 0.042379 0.102268
0.008679 0.056121 0.000000 0.000000 0.081418 0.036757 0.085200 0.072076 0.007608 0.144855
0.026238 0.082104 0.002058 0.005079 0.094701 0.091167 0.078606 0.078321 0.000000 0.125142
0.080914 0.038441 0.033262 0.052937 0.084015 0.043315 0.073142 0.099251 0.000000 0.084209
0.106163 0.000000 0.091288 0.106497 0.013802 0.000000 0.060914 0.086956 0.059445 0.038651
0.057375 0.000000 0.130922 0.086550 0.000000 0.000000 0.042862 0.028627 0.126809 0.000000
0.000000 0.000000 0.081346 0.040357 0.000000 0.000000 0.026008 0.000000 0.129568 0.000000
0.000000 0.000690 0.035663 0.003978 0.000592 0.000000 0.013888 0.000000 0.076629 0.000000
0.000000 0.000000 0.014176 0.000000 0.002341 0.000000 0.007010 0.000000 0.031092 0.000000
0.000000 0.000000 0.005048 0.000000 0.001047 0.000000 0.002333 0.000000 0.010552 0.000000
0.000000 0.000000 0.000123 0.000000 0.000008 0.000001 0.000059 0.000000 0.000083 0.000005
0.000000 0.000000 0.000000 0.000985 0.000000 0.000000 0.000521 0.000464 0.000000 0.000578
0.000000 0.000000 0.000000 0.000270 0.000000 0.000000 0.000143 0.000127 0.000000 0.000159
0.000000 0.000000 -0.000000 0.000000 0.000000 0.000000 -0.000000 0.000000 0.000000 0.000000
0.000000 0.000000 -0.000000 0.000000 0.000000 0.000000 -0.000000 0.000000 0.000000 0.000000
0.000000 0.000000 -0.000000 0.000000 0.000000 0.000000 -0.000000 0.000000 0.000000 0.000000
0.000000 0.000000 -0.000000 0.000000 0.000000 0.000000 -0.000000 0.000000 0.000000 0.000000
0.000000 0.000294 0.000000 0.000097 0.000323 0.000077 0.000000 0.000091 0.005997 0.000221
0.000000 0.000000 0.000000 0.005670 0.001964 0.000000 0.000000 0.000338 0.036554 0.000000
0.000000 0.000000 0.000000 0.030954 0.004345 0.000000 0.000000 0.001613 0.084684 0.000000
0.000000 0.000000 0.000000 0.092498 0.000000 0.000000 0.000000 0.003615 0.119110 0.000000
0.029721 0.000000 0.000000 0.150067 0.000000 0.000000 0.000000 0.016609 0.102680 0.024241
0.065216 0.000000 0.000000 0.136172 0.000000 0.000000 0.000000 0.031169 0.042840 0.107505
0.061621 0.000000 0.000000 0.040654 0.017776 0.007476 0.000000 0.040916 0.004552 0.197192
0.051683 0.000000 0.000000 0.000000 0.040153 0.000000 0.010435 0.057785 0.011995 0.216345
0.044809 0.000000 0.000000 0.000000 0.052260 0.000000 0.034388 0.075611 0.030455 0.199342
0.031103 0.000000 0.000000 0.000000 0.054259 0.000000 0.041535 0.075802 0.038343 0.202503
0.020109 0.000000 0.000000 0.000000 0.034906 0.000000 0.056778 0.054753 0.026695 0.223254
0.004550 0.000000 0.000000 0.015368 0.012209 0.053625 0.077247 0.029481 0.000000 0.216850
0.000000 0.059514 0.000000 0.033786 0.027892 0.139463 0.085055 0.038338 0.000000 0.158623
0.031730 0.079008 0.020546 0.046434 0.084670 0.118533 0.070230 0.076547 0.000000 0.095772
0.106276 0.018800 0.067147 0.083996 0.078686 0.009968 0.045664 0.092105 0.000000 0.054776
0.135624 0.000000 0.122228 0.107453 0.000000 0.000000 0.024293 0.050109 0.064343 0.019715
0.050740 0.000000 0.099633 0.068448 0.000000 0.000000 0.016543 0.001504 0.139822 0.000000
0.000000 0.002574 0.043604 0.021087 0.000000 0.000000 0.013629 0.000000 0.134353 0.000000
0.000000 0.003029 0.011203 0.000000 0.003104 0.000000 0.009652 0.000000 0.071503 0.000000
0.000000 0.000000 0.007071 0.000000 0.002772 0.000000 0.004809 0.000000 0.029155 0.000000
0.000000 0.000000 0.000391 0.000221 0.001373 0.001832 0.000930 0.000000 0.006216 0.000000
0.000000 0.000000 0.000042 0.000000 0.000236 0.000437 0.000731 0.000000 0.000000 0.000000
0.000000 0.000000 0.000000 0.000985 0.000000 0.000000 0.000521 0.000464 0.000000 0.000578
0.000000 0.000024 0.000000 0.000242 0.000000 0.000000 0.000573 0.000000 0.000000 0.000406
0.000000 0.000000 -0.000000 0.000000 0.000000 0.000000 -0.000000 0.000000 0.000000 0.000000
0.000000 0.000000 -0.000000 0.000000 0.000000 0.000000 -0.000000 0.000000 0.000000 0.000000
0.000000 0.000000 -0.000000 0.000000 0.000000 0.000000 -0.000000 0.000000 0.000000 0.000000
0.000000 0.000000 -0.000000 0.000000 0.000000 0.000000 -0.000000 0.000000 0.000000 0.000000
0.000000 0.000000 0.000000 0.000000 0.000283 0.000298 0.000000 0.000000 0.003301 0.000090
0.000000 0.000000 0.000000 0.004643 0.001495 0.000987 0.001262 0.000000 0.022092 0.000000
0.000000 0.000000 0.000881 0.026796 0.004202 0.000122 0.002264 0.000477 0.054093 0.000000
0.000000 0.000000 0.001610 0.078789 0.002741 0.000000 0.001765 0.000696 0.084775 0.000000
0.000000 0.000000 0.000000 0.145193 0.000000 0.000000 0.000000 0.004126 0.092529 0.000000
0.022657 0.000000 0.000000 0.180059 0.000000 0.009214 0.000000 0.003915 0.054825 0.051508
0.033663 0.000000 0.000000 0.145733 0.000000 0.055587 0.000000 0.000000 0.015492 0.140532
0.034729 0.000000 0.000000 0.096666 0.000000 0.061334 0.000000 0.000000 0.000000 0.216703
0.032560 0.000000 0.000000 0.072893 0.000000 0.048307 0.000000 0.000000 0.000000 0.243411
0.019667 0.000000 0.000000 0.076859 0.000000 0.067625 0.002901 0.000000 0.000000 0.236249
0.003645 0.000000 0.000000 0.095091 0.000000 0.116871 0.042200 0.000000 0.000000 0.197771
0.000000 0.005378 0.000000 0.103907 0.000000 0.189402 0.095620 0.000000 0.000000 0.122269
0.000000 0.075300 0.002986 0.068170 0.021325 0.201706 0.081618 0.053855 0.000000 0.077606
0.025803 0.060701 0.043937 0.058509 0.096847 0.105646 0.038359 0.089588 0.000000 0.054336
0.133699 0.009361 0.102011 0.095470 0.077439 0.000000 0.000000 0.075985 0.002530 0.024022
0.156114 0.000000 0.128281 0.091417 0.000000 0.000000 0.001225 0.012625 0.066241 0.000000
0.046797 0.000000 0.052963 0.041779 0.000000 0.000000 0.005455 0.000000 0.150088 0.000000
0.000000 0.004665 0.011550 0.007885 0.002447 0.000000 0.008799 0.000000 0.135485 0.000000
0.000000 0.002365 0.003689 0.000000 0.004116 0.000000 0.006819 0.000000 0.065929 0.000731
0.000000 0.000020 0.003541 0.000000 0.004168 0.000000 0.003245 0.000000 0.030835 0.000000
0.000000 0.000000 0.000000 0.000284 0.001000 0.001417 0.000127 0.000000 0.005084 0.000000
0.000000 0.000000 0.000043 0.000000 0.000239 0.000442 0.000739 0.000000 0.000000 0.000000
0.000000 0.000000 0.000000 0.000240 0.000000 0.000000 0.000127 0.000113 0.000000 0.000141
0.000000 0.000000 0.000000 0.000152 0.000000 0.000000 0.000081 0.000072 0.000000 0.000090
0.000000 0.000000 -0.000000 0.000000 0.000000 0.000000 -0.000000 0.000000 0.000000 0.000000
0.000000 0.000000 -0.000000 0.000000 0.000000 0.000000 -0.000000 0.000000 0.000000 0.000000
0.000000 0.000000 -0.000000 0.000000 0.000000 0.000000 -0.000000 0.000000 0.000000 0.000000
0.000000 0.000099 0.000000 0.000002 0.000000 0.000000 0.000126 0.000075 0.000043 0.000140
0.000000 0.000021 0.000000 0.000260 0.000147 0.000000 0.000004 0.000012 0.001883 0.000000
0.000000 0.000000 0.000000 0.003140 0.000948 0.002395 0.001591 0.000000 0.010220 0.000000
0.000000 0.000000 0.004820 0.014675 0.002990 0.003680 0.003027 0.000000 0.027944 0.000000
0.000000 0.000000 0.007898 0.048112 0.003937 0.000000 0.005699 0.000000 0.047227 0.000000
0.000000 0.000000 0.010397 0.098157 0.000000 0.000000 0.004962 0.000000 0.061749 0.000000
0.000000 0.001263 0.000000 0.152040 0.000000 0.018431 0.000000 0.000000 0.052955 0.000000
0.003096 0.000000 0.000000 0.186185 0.000000 0.066367 0.000000 0.000000 0.023817 0.007920
0.005084 0.000000 0.000000 0.185551 0.000000 0.109127 0.000000 0.000000 0.001147 0.046885
0.000388 0.000000 0.000000 0.172737 0.000000 0.135450 0.000000 0.000000 0.000000 0.066529
0.000000 0.000000 0.000000 0.159262 0.000000 0.148873 0.012982 0.000000 0.000000 0.059479
0.000000 0.000000 0.000000 0.135382 0.000000 0.182836 0.097542 0.000000 0.000000 0.033036
0.000000 0.019459 0.000000 0.092358 0.000000 0.210525 0.118073 0.043006 0.000000 0.010391
0.000000 0.079663 0.028138 0.047833 0.037390 0.161319 0.051474 0.091508 0.000000 0.034305
0.025215 0.046760 0.087656 0.057537 0.110835 0.037476 0.000000 0.090506 0.000000 0.032760
0.149197 0.011400 0.130185 0.097434 0.075147 0.000000 0.000000 0.037090 0.000000 0.005259
0.164372 0.000000 0.092749 0.068568 0.000000 0.000000 0.000365 0.000000 0.073973 0.000000
0.050088 0.001200 0.023340 0.022746 0.000000 0.000000 0.003852 0.000000 0.150747 0.000000
0.000000 0.003881 0.000163 0.001756 0.002689 0.000000 0.006657 0.000000 0.129117 0.000000
0.000000 0.001003 0.000894 0.000000 0.004356 0.000000 0.003822 0.000000 0.057536 0.000799
0.000000 0.000458 0.000764 0.000000 0.003334 0.000000 0.001435 0.000360 0.026495 0.000000
0.000000 0.000000 0.000000 0.000000 0.001073 0.000755 0.000000 0.000717 0.005531 0.000000
0.000000 0.000000 0.000042 0.000000 0.000236 0.000437 0.000731 0.000000 0.000000 0.000000
0.000000 0.000000 -0.000000 0.000000 0.000000 0.000000 -0.000000 0.000000 0.000000 0.000000
0.000000 0.000000 -0.000000 0.000000 0.000000 0.000000 -0.000000 0.000000 0.000000 0.000000
0.000000 0.000000 -0.000000 0.000000 0.000000 0.000000 -0.000000 0.000000 0.000000 0.000000
0.000000 0.000000 -0.000000 0.000000 0.000000 0.000000 -0.000000 0.000000 0.000000 0.000000
0.000000 0.000000 -0.000000 0.000000 0.000000 0.000000 -0.000000 0.000000 0.000000 0.000000
0.000000 0.000228 0.000000 0.000005 0.000000 0.000000 0.000291 0.000174 0.000100 0.000323
0.000000 0.000226 0.000000 0.001002 0.000000 0.000000 0.000143 0.000097 0.001490 0.000000
0.000000 0.000000 0.000000 0.003486 0.000300 0.001503 0.001869 0.000051 0.006452 0.000000
0.000000 0.000000 0.001759 0.004890 0.001216 0.004134 0.003115 0.000000 0.016911 0.000000
0.000000 0.000000 0.012648 0.021037 0.002674 0.000593 0.007810 0.000000 0.026919 0.000000
0.000000 0.000000 0.016859 0.047182 0.002908 0.000000 0.009434 0.000000 0.036427 0.000000
0.000000 0.001858 0.018023 0.078225 0.000636 0.005342 0.005884 0.000000 0.040245 0.000000
0.000000 0.000066 0.010305 0.113641 0.000000 0.028244 0.000000 0.000000 0.029018 0.000000
0.000000 0.000000 0.004171 0.130392 0.000000 0.060575 0.000000 0.000000 0.023214 0.000000
0.000765 0.000000 0.002903 0.126985 0.000000 0.085318 0.018141 0.000000 0.016560 0.000000
0.001461 0.000000 0.005243 0.104805 0.000000 0.102812 0.097345 0.000000 0.008757 0.000000
0.000000 0.000000 0.000000 0.072506 0.000000 0.121224 0.155458 0.028846 0.003037 0.000000
0.000000 0.049508 0.000000 0.027247 0.000000 0.133073 0.092919 0.104661 0.000000 0.000000
0.000000 0.084549 0.076105 0.011597 0.048654 0.079764 0.000000 0.105896 0.000000 0.044092
0.017088 0.045591 0.141689 0.051778 0.123976 0.000000 0.000000 0.053458 0.000000 0.028922
0.152781 0.014651 0.124824 0.086954 0.075643 0.000000 0.000000 0.000000 0.000000 0.001014
0.170058 0.000142 0.050324 0.048875 0.000000 0.000000 0.002274 0.000000 0.074147 0.000000
0.056976 0.000635 0.003790 0.012874 0.000000 0.009131 0.002743 0.000000 0.144689 0.001820
0.000000 0.002666 0.000000 0.000000 0.000000 0.005242 0.003565 0.000000 0.125198 0.000208
0.000000 0.001712 0.000000 0.000000 0.004957 0.000000 0.000733 0.000000 0.058451 0.001084
0.000000 0.000593 0.000000 0.000000 0.003914 0.000000 0.000000 0.001641 0.027951 0.000000
0.000000 0.000000 0.000000 0.000000 0.001519 0.000747 0.000000 0.001188 0.005634 0.000000
0.000000 0.000000 0.000049 0.000000 0.000319 0.000455 0.000703 0.000006 0.000213 0.000000
0.000000 0.000000 -0.000000 0.000000 0.000000 0.000000 -0.000000 0.000000 0.000000 0.000000
0.000000 0.000000 -0.000000 0.000000 0.000000 0.000000 -0.000000 0.000000 0.000000 0.000000
0.000000 0.000000 -0.000000 0.000000 0.000000 0.000000 -0.000000 0.000000 0.000000 0.000000
0.000000 0.000000 -0.000000 0.000000 0.000000 0.000000 -0.000000 0.000000 0.000000 0.000000
0.000000 0.000000 -0.000000 0.000000 0.000000 0.000000 -0.000000 0.000000 0.000000 0.000000
0.000000 0.000000 -0.000000 0.000000 0.000000 0.000000 -0.000000 0.000000 0.000000 0.000000
0.000000 0.000209 0.000000 0.000997 0.000002 0.000000 0.000122 0.000084 0.001477 0.000000
0.000000 0.000000 0.000000 0.002244 0.000000 0.000196 0.001679 0.000000 0.002473 0.000000
0.000000 0.000000 0.000691 0.004440 0.000435 0.001600 0.002806 0.000000 0.007625 0.000000
0.000000 0.000000 0.007467 0.006826 0.001781 0.000000 0.007734 0.000000 0.017688 0.000000
0.000000 0.001977 0.011745 0.013955 0.001637 0.000000 0.011093 0.000000 0.026926 0.000000
0.000000 0.000816 0.015388 0.025824 0.001915 0.000000 0.012130 0.000000 0.033988 0.000000
0.000000 0.001496 0.012060 0.040167 0.002620 0.004767 0.011104 0.000000 0.032173 0.000000
0.000000 0.008278 0.013621 0.050655 0.000000 0.013753 0.034271 0.000000 0.026814 0.000000
0.000000 0.011003 0.009496 0.044207 0.000000 0.028868 0.097330 0.000000 0.018475 0.000000
0.000000 0.000000 0.000000 0.029180 0.000000 0.050501 0.168652 0.009144 0.008895 0.000000
0.000000 0.010211 0.000000 0.008985 0.000000 0.073846 0.131605 0.099636 0.002171 0.000000
0.000000 0.071546 0.040446 0.000000 0.000000 0.074709 0.020501 0.130088 0.000000 0.026231
0.000000 0.084980 0.138240 0.001698 0.062534 0.029681 0.000000 0.077181 0.000000 0.061172
0.012526 0.044208 0.161291 0.050774 0.134724 0.000000 0.000000 0.005046 0.000000 0.029819
0.154338 0.006735 0.084475 0.075643 0.079198 0.000000 0.000000 0.000000 0.000000 0.000000
0.172151 0.001013 0.015464 0.042062 0.000000 0.000000 0.005463 0.000000 0.069241 0.000000
0.067112 0.000000 0.000000 0.006909 0.000000 0.015309 0.000774 0.000000 0.137017 0.003247
0.000000 0.001448 0.000000 0.000000 0.000000 0.016098 0.000000 0.000000 0.120439 0.001903
0.000000 0.002411 0.000000 0.000000 0.002409 0.005488 0.000000 0.000000 0.056464 0.002527
0.000000 0.001000 0.000000 0.000000 0.003294 0.002704 0.000000 0.001170 0.028235 0.000000
0.000000 0.000000 0.000000 0.000000 0.002172 0.001331 0.000000 0.001462 0.007130 0.000000
0.000000 0.000000 0.000000 0.000735 0.000471 0.000000 0.000455 0.000363 0.001361 0.000000
0.000000 0.000000 -0.000000 0.000000 0.000000 0.000000 -0.000000 0.000000 0.000000 0.000000
0.000000 0.000000 -0.000000 0.000000 0.000000 0.000000 -0.000000 0.000000 0.000000 0.000000
0.000000 0.000000 -0.000000 0.000000 0.000000 0.000000 -0.000000 0.000000 0.000000 0.000000
0.000000 0.000000 -0.000000 0.000000 0.000000 0.000000 -0.000000 0.000000 0.000000 0.000000
0.000000 0.000000 -0.000000 0.000000 0.000000 0.000000 -0.000000 0.000000 0.000000 0.000000
0.000000 0.000000 -0.000000 0.000000 0.000000 0.000000 -0.000000 0.000000 0.000000 0.000000
0.000000 0.000161 0.000000 0.000766 0.000002 0.000000 0.000094 0.000064 0.001134 0.000000
0.000000 0.000000 0.000000 0.001668 0.000000 0.000000 0.001143 0.000000 0.001964 0.000000
0.000000 0.000000 0.000000 0.002219 0.000000 0.000142 0.002134 0.000000 0.003660 0.000000
0.000000 0.000850 0.008713 0.001408 0.000039 0.000000 0.008285 0.000000 0.011811 0.000000
0.000257 0.001284 0.014501 0.000000 0.000577 0.000000 0.012701 0.000000 0.019955 0.000000
0.000000 0.000448 0.014046 0.000558 0.001263 0.000000 0.014616 0.000000 0.023236 0.000000
0.000000 0.007278 0.009653 0.005961 0.000411 0.000548 0.033978 0.000000 0.021292 0.000000
0.000000 0.015674 0.007366 0.008832 0.000000 0.003475 0.088425 0.000000 0.013928 0.000000
0.000000 0.004131 0.000000 0.003563 0.000000 0.015962 0.166374 0.000000 0.005259 0.000000
0.000000 0.000000 0.000000 0.000000 0.000000 0.035549 0.162718 0.067584 0.000000 0.000000
0.000000 0.026378 0.000000 0.000000 0.000000 0.045384 0.059615 0.142599 0.000000 0.000000
0.000000 0.087512 0.111075 0.000000 0.000000 0.042525 0.000000 0.111341 0.000000 0.045751
0.000000 0.090055 0.189688 0.000000 0.076523 0.005501 0.000000 0.023634 0.000000 0.071317
0.008707 0.035877 0.136949 0.051921 0.146785 0.000000 0.000000 0.000000 0.000000 0.023183
0.150572 0.000000 0.032638 0.068530 0.081954 0.000000 0.003769 0.000000 0.000000 0.000000
0.173701 0.000451 0.000000 0.039652 0.000000 0.000000 0.005711 0.000000 0.059061 0.000000
0.078560 0.000000 0.000000 0.008413 0.000000 0.017810 0.000000 0.000000 0.122830 0.004052
0.000000 0.002711 0.000000 0.000000 0.000000 0.026688 0.000000 0.000000 0.108347 0.003146
0.000000 0.002599 0.000000 0.000000 0.000286 0.012320 0.000000 0.000000 0.056629 0.003432
0.000000 0.001191 0.000000 0.000000 0.002795 0.004582 0.000000 0.000255 0.031083 0.000266
0.000000 0.000000 0.000000 0.000000 0.001677 0.001795 0.000000 0.001580 0.006937 0.000000
0.000000 0.000000 0.000000 0.001236 0.000617 0.000000 0.000225 0.000565 0.003018 0.000000
0.000000 0.000000 -0.000000 0.000000 0.000000 0.000000 -0.000000 0.000000 0.000000 0.000000
0.000000 0.000000 -0.000000 0.000000 0.000000 0.000000 -0.000000 0.000000 0.000000 0.000000
0.000000 0.000000 -0.000000 0.000000 0.000000 0.000000 -0.000000 0.000000 0.000000 0.000000
0.000000 0.000000 -0.000000 0.000000 0.000000 0.000000 -0.000000 0.000000 0.000000 0.000000
0.000000 0.000000 -0.000000 0.000000 0.000000 0.000000 -0.000000 0.000000 0.000000 0.000000
0.000000 0.000000 -0.000000 0.000000 0.000000 0.000000 -0.000000 0.000000 0.000000 0.000000
0.000000 0.000014 0.000000 0.000067 0.000000 0.000000 0.000008 0.000006 0.000099 0.000000
0.000000 0.000112 0.000000 0.000630 0.000000 0.000000 0.000124 0.000045 0.000908 0.000000
0.000000 0.000000 0.000777 0.000588 0.000082 0.000000 0.001206 0.000000 0.001240 0.000000
0.000694 0.001651 0.007496 0.000000 0.000127 0.000000 0.005970 0.000000 0.007332 0.000000
0.002383 0.002649 0.014342 0.000000 0.000000 0.000000 0.013729 0.000000 0.011834 0.000000
0.001360 0.006034 0.016190 0.000000 0.000000 0.000000 0.032005 0.000000 0.011644 0.000000
0.000000 0.015306 0.014433 0.000000 0.000000 0.000000 0.083508 0.000000 0.007982 0.001188
0.000000 0.009235 0.006997 0.000000 0.000000 0.003367 0.157129 0.000000 0.000286 0.000000
0.000000 0.000000 0.000000 0.000000 0.000556 0.015243 0.179355 0.033190 0.000000 0.000000
0.000000 0.000000 0.000000 0.000000 0.000000 0.020647 0.100480 0.125560 0.001332 0.000000
0.000000 0.055126 0.050943 0.000000 0.000000 0.020505 0.000000 0.144043 0.000000 0.001455
0.000000 0.107401 0.180274 0.000000 0.000000 0.028805 0.000000 0.059275 0.000000 0.063909
0.000000 0.088054 0.195904 0.006702 0.091895 0.000000 0.000000 0.000000 0.000000 0.071563
0.005553 0.022836 0.075834 0.055013 0.158567 0.000000 0.000000 0.000000 0.000000 0.010861
0.146284 0.000000 0.000000 0.063473 0.086012 0.000000 0.004817 0.000000 0.000000 0.000000
0.175333 0.000497 0.000000 0.037918 0.000000 0.000000 0.002053 0.000000 0.045564 0.000000
0.088318 0.000000 0.000000 0.005374 0.000000 0.024779 0.000000 0.000000 0.098863 0.005529
0.003110 0.002698 0.000000 0.000000 0.000000 0.036175 0.000000 0.000000 0.104528 0.002302
0.000000 0.003805 0.000000 0.000000 0.000000 0.016747 0.000000 0.000000 0.061034 0.004182
0.000000 0.002186 0.000000 0.000368 0.001855 0.005372 0.000000 0.000000 0.032406 0.000192
0.000000 0.000104 0.000000 0.000000 0.000425 0.001670 0.000000 0.000000 0.009290 0.000614
0.000000 0.000000 0.000000 0.001225 0.000484 0.000000 0.000300 0.000502 0.002259 0.000000
0.000000 0.000000 -0.000000 0.000000 0.000000 0.000000 -0.000000 0.000000 0.000000 0.000000
0.000000 0.000000 -0.000000 0.000000 0.000000 0.000000 -0.000000 0.000000 0.000000 0.000000
0.000000 0.000000 -0.000000 0.000000 0.000000 0.000000 -0.000000 0.000000 0.000000 0.000000
0.000000 0.000000 -0.000000 0.000000 0.000000 0.000000 -0.000000 0.000000 0.000000 0.000000
0.000000 0.000000 -0.000000 0.000000 0.000000 0.000000 -0.000000 0.000000 0.000000 0.000000
0.000000 0.000000 -0.000000 0.000000 0.000000 0.000000 -0.000000 0.000000 0.000000 0.000000
0.000000 0.000000 -0.000000 0.000000 0.000000 0.000000 -0.000000 0.000000 0.000000 0.000000
0.000000 0.000076 0.000018 0.000000 0.000000 0.000067 0.000153 0.000000 0.000000 0.000016
0.000000 0.000620 0.000150 0.000000 0.000000 0.000528 0.001358 0.000000 0.000000 0.000118
0.000166 0.000801 0.003039 0.000000 0.000000 0.000037 0.007416 0.000000 0.001011 0.000000
0.002041 0.004088 0.012640 0.000000 0.000000 0.000000 0.025114 0.000000 0.003359 0.000000
0.002205 0.012382 0.019379 0.000000 0.000000 0.000000 0.071963 0.000000 0.001864 0.000613
0.002391 0.009381 0.017498 0.000000 0.000000 0.000000 0.140651 0.000000 0.000000 0.001417
0.004071 0.000000 0.009716 0.000000 0.000000 0.004456 0.182666 0.010718 0.000000 0.000000
0.002404 0.000000 0.000000 0.000000 0.000000 0.007023 0.137524 0.093581 0.002992 0.000000
0.001134 0.015333 0.006687 0.000000 0.000000 0.011962 0.030569 0.149277 0.002370 0.000000
0.000000 0.086000 0.121368 0.000000 0.000000 0.008781 0.000000 0.109514 0.000000 0.018232
0.000000 0.121544 0.222674 0.000000 0.000000 0.021161 0.000000 0.002680 0.000000 0.076016
0.000000 0.073512 0.157607 0.010010 0.109407 0.003548 0.000000 0.000000 0.000000 0.063219
0.007042 0.011307 0.026160 0.057350 0.163762 0.000000 0.000000 0.000000 0.000000 0.000000
0.142898 0.000000 0.000000 0.060864 0.084049 0.000000 0.001789 0.000000 0.000000 0.000000
0.174078 0.002885 0.000000 0.037711 0.000000 0.000000 0.000000 0.001397 0.028063 0.000000
0.095997 0.000000 0.000000 0.003224 0.000000 0.032083 0.000000 0.000000 0.082167 0.005753
0.014690 0.000049 0.000000 0.000000 0.000000 0.040757 0.000000 0.000000 0.097231 0.005230
0.000000 0.003234 0.000000 0.000000 0.000000 0.025087 0.000000 0.000000 0.069294 0.002747
0.000000 0.001629 0.000000 0.000749 0.001082 0.009932 0.000000 0.000000 0.032748 0.000000
0.000000 0.000000 0.000000 0.000273 0.000696 0.004416 0.000000 0.000000 0.012269 0.000000
0.000000 0.000000 0.000000 0.001060 0.000252 0.000215 0.000000 0.000365 0.001239 0.000000
0.000000 0.000000 -0.000000 0.000000 0.000000 0.000000 -0.000000 0.000000 0.000000 0.000000
0.000000 0.000000 -0.000000 0.000000 0.000000 0.000000 -0.000000 0.000000 0.000000 0.000000
0.000000 0.000000 -0.000000 0.000000 0.000000 0.000000 -0.000000 0.000000 0.000000 0.000000
0.000000 0.000000 -0.000000 0.000000 0.000000 0.000000 -0.000000 0.000000 0.000000 0.000000
0.000000 0.000000 -0.000000 0.000000 0.000000 0.000000 -0.000000 0.000000 0.000000 0.000000
0.000000 0.000000 -0.000000 0.000000 0.000000 0.000000 -0.000000 0.000000 0.000000 0.000000
0.000000 0.000000 -0.000000 0.000000 0.000000 0.000000 -0.000000 0.000000 0.000000 0.000000
0.000000 0.000225 0.000045 0.000062 0.000000 0.000083 0.000810 0.000000 0.000000 0.000021
0.000000 0.001341 0.000457 0.000288 0.000000 0.001200 0.006641 0.000000 0.000000 0.000000
0.000000 0.001727 0.001083 0.000724 0.000000 0.001000 0.015306 0.000000 0.000000 0.000412
0.000000 0.007147 0.008435 0.000000 0.000000 0.000000 0.053407 0.000000 0.000000 0.002415
0.000473 0.009057 0.015176 0.000000 0.000000 0.000000 0.114739 0.000000 0.000000 0.003710
0.000056 0.000000 0.004475 0.000000 0.000000 0.003352 0.165332 0.001800 0.000000 0.000000
0.001400 0.000000 0.000000 0.000000 0.002592 0.004562 0.151924 0.060131 0.000000 0.000000
0.005403 0.000000 0.000000 0.000000 0.000000 0.000859 0.065868 0.132077 0.003725 0.000000
0.005004 0.047146 0.059442 0.000000 0.000000 0.003383 0.000000 0.137453 0.000000 0.000000
0.000000 0.105062 0.175424 0.000000 0.000000 0.014460 0.000000 0.057101 0.000000 0.036252
0.000000 0.120337 0.213602 0.000000 0.014151 0.024450 0.000000 0.000000 0.000000 0.084231
0.000000 0.053604 0.102467 0.012599 0.122675 0.002394 0.000000 0.000000 0.002180 0.051433
0.008967 0.000000 0.000000 0.053437 0.160392 0.000000 0.000000 0.000000 0.000000 0.000000
0.129030 0.000000 0.000000 0.059682 0.082251 0.000000 0.000000 0.001774 0.000000 0.000000
0.173115 0.000000 0.000000 0.039755 0.000000 0.000000 0.000000 0.001976 0.008387 0.000000
0.106465 0.000000 0.000000 0.008611 0.000000 0.029054 0.000000 0.000000 0.066661 0.004203
0.025632 0.000000 0.000000 0.000000 0.000000 0.038497 0.000000 0.000000 0.094509 0.006039
0.000000 0.002191 0.000000 0.000000 0.000000 0.030098 0.000000 0.000000 0.074651 0.002549
0.000000 0.000769 0.000000 0.000377 0.000364 0.016074 0.000000 0.000000 0.038100 0.000000
0.000000 0.000000 0.000000 0.001073 0.001213 0.006457 0.000000 0.000000 0.014739 0.000000
0.000000 0.000000 0.000000 0.000265 0.000713 0.001180 0.000000 0.000106 0.003679 0.000000
0.000000 0.000000 -0.000000 0.000000 0.000000 0.000000 -0.000000 0.000000 0.000000 0.000000
0.000000 0.000000 -0.000000 0.000000 0.000000 0.000000 -0.000000 0.000000 0.000000 0.000000
0.000000 0.000000 -0.000000 0.000000 0.000000 0.000000 -0.000000 0.000000 0.000000 0.000000
0.000000 0.000000 -0.000000 0.000000 0.000000 0.000000 -0.000000 0.000000 0.000000 0.000000
0.000000 0.000000 -0.000000 0.000000 0.000000 0.000000 -0.000000 0.000000 0.000000 0.000000
0.000000 0.000000 -0.000000 0.000000 0.000000 0.000000 -0.000000 0.000000 0.000000 0.000000
0.000000 0.000000 -0.000000 0.000000 0.000000 0.000000 -0.000000 0.000000 0.000000 0.000000
0.000000 0.000184 0.000092 0.000099 0.000000 0.000105 0.001402 0.000000 0.000000 0.000000
0.000000 0.001114 0.000932 0.000565 0.000120 0.000833 0.011587 0.000000 0.000000 0.000000
0.000000 0.002493 0.002078 0.000712 0.000000 0.000761 0.030070 0.000000 0.000000 0.000763
0.000000 0.006723 0.003004 0.000700 0.000000 0.000268 0.078676 0.000000 0.000000 0.004522
0.000000 0.000000 0.000000 0.000000 0.000000 0.000326 0.133110 0.000000 0.000000 0.003903
0.000000 0.000000 0.000000 0.000127 0.002035 0.006421 0.149410 0.031349 0.000000 0.000000
0.002478 0.000000 0.000000 0.000000 0.000926 0.003055 0.093153 0.102514 0.000378 0.000000
0.006120 0.001976 0.003029 0.001516 0.000000 0.000000 0.000000 0.141352 0.000000 0.000000
0.000648 0.065733 0.094568 0.000000 0.000000 0.004357 0.000000 0.104596 0.000000 0.005258
0.000000 0.113660 0.186837 0.000000 0.000000 0.021111 0.000000 0.012664 0.000000 0.051410
0.000000 0.097908 0.164405 0.000000 0.027942 0.023513 0.000000 0.000000 0.000000 0.088892
0.000000 0.038679 0.058219 0.012081 0.119482 0.004588 0.000000 0.000000 0.001342 0.048460
0.001549 0.000000 0.000000 0.045371 0.152290 0.000000 0.000000 0.000000 0.000000 0.000000
0.109438 0.000000 0.000000 0.055096 0.084410 0.000000 0.000000 0.003132 0.000000 0.000000
0.162288 0.000000 0.000000 0.031122 0.005535 0.000000 0.000000 0.003089 0.000000 0.000000
0.105771 0.000000 0.000000 0.010137 0.000000 0.021452 0.000000 0.000000 0.046923 0.006579
0.034482 0.000000 0.000000 0.000000 0.000000 0.033898 0.000000 0.000000 0.084909 0.004402
0.000000 0.000826 0.000000 0.000000 0.000000 0.030733 0.000000 0.000000 0.073771 0.006411
0.000000 0.000252 0.000000 0.000000 0.000000 0.019282 0.000000 0.000000 0.043267 0.000752
0.000000 0.000000 0.000000 0.000356 0.001900 0.008466 0.000000 0.000000 0.018692 0.000000
0.000000 0.000000 0.000000 0.000066 0.000798 0.001277 0.000000 0.000089 0.004039 0.000000
0.000000 0.000000 -0.000000 0.000000 0.000000 0.000000 -0.000000 0.000000 0.000000 0.000000
0.000000 0.000000 -0.000000 0.000000 0.000000 0.000000 -0.000000 0.000000 0.000000 0.000000
0.000000 0.000000 -0.000000 0.000000 0.000000 0.000000 -0.000000 0.000000 0.000000 0.000000
0.000000 0.000000 -0.000000 0.000000 0.000000 0.000000 -0.000000 0.000000 0.000000 0.000000
0.000000 0.000000 -0.000000 0.000000 0.000000 0.000000 -0.000000 0.000000 0.000000 0.000000
0.000000 0.000000 -0.000000 0.000000 0.000000 0.000000 -0.000000 0.000000 0.000000 0.000000
0.000000 0.000000 -0.000000 0.000000 0.000000 0.000000 -0.000000 0.000000 0.000000 0.000000
0.000000 0.000361 0.000039 0.000244 0.000000 0.000000 0.001547 0.000000 0.000000 0.000019
0.000025 0.001070 0.001571 0.000868 0.000000 0.000000 0.014927 0.000000 0.000000 0.000000
0.000000 0.001907 0.001917 0.000778 0.000000 0.000000 0.030876 0.000000 0.000000 0.000115
0.000000 0.002954 0.001586 0.001151 0.000000 0.000000 0.064917 0.000000 0.000000 0.003374
0.000000 0.000000 0.000000 0.001543 0.000000 0.000000 0.110194 0.004366 0.000000 0.001657
0.000000 0.000000 0.000000 0.007227 0.001672 0.000342 0.095431 0.050734 0.000000 0.000000
0.000282 0.000000 0.000000 0.008994 0.000000 0.000000 0.026970 0.107574 0.002139 0.000000
0.004282 0.006696 0.004191 0.002753 0.000000 0.000000 0.000000 0.118923 0.000000 0.000000
0.000000 0.070623 0.077031 0.000000 0.000000 0.003204 0.000000 0.064645 0.000000 0.022506
0.000000 0.099846 0.134880 0.000000 0.000000 0.018681 0.000000 0.000000 0.000000 0.065800
0.000000 0.071003 0.104512 0.000000 0.028647 0.009023 0.000000 0.000000 0.000000 0.069781
0.000000 0.020024 0.026250 0.003834 0.095296 0.004571 0.000000 0.000000 0.007445 0.041658
0.000000 0.000000 0.000000 0.035860 0.122874 0.000000 0.000000 0.000000 0.000088 0.000000
0.078159 0.000000 0.000000 0.041297 0.073040 0.000000 0.000000 0.007228 0.000000 0.000000
0.124380 0.000000 0.000000 0.018371 0.009211 0.000000 0.000000 0.005117 0.000000 0.002399
0.088649 0.000000 0.000000 0.004079 0.000000 0.004959 0.000000 0.000000 0.029429 0.012385
0.030415 0.000000 0.000000 0.000000 0.000000 0.018644 0.000000 0.000000 0.059891 0.008898
0.000000 0.000000 0.000000 0.000000 0.000000 0.021662 0.000000 0.000000 0.052602 0.006339
0.000000 0.000000 0.000000 0.000000 0.000000 0.010873 0.000000 0.000000 0.025246 0.001270
0.000000 0.000000 0.000000 0.000088 0.001037 0.005946 0.000000 0.000000 0.011420 0.000000
0.000000 0.000000 0.000385 0.000642 0.000000 0.001433 0.000000 0.000000 0.002010 0.000000
0.000000 0.000000 -0.000000 0.000000 0.000000 0.000000 -0.000000 0.000000 0.000000 0.000000
0.000000 0.000000 -0.000000 0.000000 0.000000 0.000000 -0.000000 0.000000 0.000000 0.000000
0.000000 0.000000 -0.000000 0.000000 0.000000 0.000000 -0.000000 0.000000 0.000000 0.000000
0.000000 0.000000 -0.000000 0.000000 0.000000 0.000000 -0.000000 0.000000 0.000000 0.000000
0.000000 0.000000 -0.000000 0.000000 0.000000 0.000000 -0.000000 0.000000 0.000000 0.000000
0.000000 0.000000 -0.000000 0.000000 0.000000 0.000000 -0.000000 0.000000 0.000000 0.000000
0.000000 0.000154 0.000002 0.000060 0.000000 0.000000 0.000343 0.000000 0.000000 0.000049
0.000000 0.001199 0.000000 0.000526 0.000000 0.000000 0.002945 0.000000 0.000000 0.000327
0.000000 0.001207 0.000000 0.000479 0.000000 0.000000 0.003141 0.000000 0.000000 0.000199
0.000345 0.002094 0.000000 0.000631 0.000000 0.000000 0.007879 0.000000 0.000000 0.001291
0.000528 0.003154 0.000000 0.001379 0.000000 0.000000 0.018043 0.000000 0.000000 0.003019
0.000000 0.001096 0.000000 0.002167 0.000000 0.000000 0.026676 0.004597 0.000172 0.005314
0.001044 0.003834 0.000000 0.003579 0.000000 0.000000 0.018494 0.018354 0.003874 0.006739
0.000982 0.007589 0.000000 0.002556 0.000000 0.000000 0.000000 0.029408 0.006262 0.006084
0.000000 0.018156 0.000000 0.002062 0.000000 0.000000 0.000000 0.027602 0.006535 0.007944
0.000000 0.037405 0.000000 0.005215 0.000000 0.000000 0.000000 0.011632 0.003531 0.014910
0.000000 0.039580 0.005429 0.000000 0.000000 0.000000 0.000000 0.000000 0.004536 0.028478
0.000000 0.035383 0.001619 0.000000 0.012410 0.000000 0.000000 0.000000 0.010387 0.033495
0.000000 0.013790 0.000000 0.004329 0.026486 0.000000 0.000000 0.000000 0.011709 0.017904
0.000000 0.004543 0.000000 0.009433 0.034654 0.000000 0.000000 0.004796 0.006797 0.001502
0.025693 0.005763 0.000000 0.011926 0.026628 0.000000 0.000000 0.007665 0.000000 0.000000
0.038607 0.006114 0.000000 0.008627 0.008820 0.000000 0.000000 0.005901 0.002751 0.001655
0.031761 0.003471 0.000000 0.003239 0.000000 0.000000 0.000000 0.001868 0.008885 0.006264
0.014995 0.001847 0.000000 0.000878 0.000000 0.000000 0.000000 0.001160 0.015549 0.003080
0.000000 0.000692 0.000000 0.000000 0.000000 0.000902 0.000000 0.000154 0.014590 0.001655
0.000000 0.000855 0.000000 0.000000 0.000420 0.000000 0.000000 0.000102 0.007211 0.000438
0.000165 0.000000 0.000000 0.000000 0.000112 0.000000 0.000000 0.000073 0.001166 0.000281
0.000000 0.000000 -0.000000 0.000000 0.000000 0.000000 -0.000000 0.000000 0.000000 0.000000
0.000000 0.000000 -0.000000 0.000000 0.000000 0.000000 -0.000000 0.000000 0.000000 0.000000
0.000000 0.000000 -0.000000 0.000000 0.000000 0.000000 -0.000000 0.000000 0.000000 0.000000
0.000000 0.000000 -0.000000 0.000000 0.000000 0.000000 -0.000000 0.000000 0.000000 0.000000
0.000000 0.000000 -0.000000 0.000000 0.000000 0.000000 -0.000000 0.000000 0.000000 0.000000
0.000000 0.000000 -0.000000 0.000000 0.000000 0.000000 -0.000000 0.000000 0.000000 0.000000
0.000000 0.000000 -0.000000 0.000000 0.000000 0.000000 -0.000000 0.000000 0.000000 0.000000
0.000000 0.000000 -0.000000 0.000000 0.000000 0.000000 -0.000000 0.000000 0.000000 0.000000
0.000000 0.000000 -0.000000 0.000000 0.000000 0.000000 -0.000000 0.000000 0.000000 0.000000
0.000000 0.000000 -0.000000 0.000000 0.000000 0.000000 -0.000000 0.000000 0.000000 0.000000
0.000000 0.000000 -0.000000 0.000000 0.000000 0.000000 -0.000000 0.000000 0.000000 0.000000
0.000000 0.000000 -0.000000 0.000000 0.000000 0.000000 -0.000000 0.000000 0.000000 0.000000
0.000000 0.000000 -0.000000 0.000000 0.000000 0.000000 -0.000000 0.000000 0.000000 0.000000
0.000000 0.000000 -0.000000 0.000000 0.000000 0.000000 -0.000000 0.000000 0.000000 0.000000
0.000000 0.000000 -0.000000 0.000000 0.000000 0.000000 -0.000000 0.000000 0.000000 0.000000
0.000000 0.000000 -0.000000 0.000000 0.000000 0.000000 -0.000000 0.000000 0.000000 0.000000
0.000000 0.001735 0.000415 0.000008 0.000000 0.000000 0.000000 0.000000 0.000251 0.000185
0.000000 0.002316 0.000554 0.000011 0.000000 0.000000 0.000000 0.000000 0.000335 0.000247
0.000110 0.003530 0.000000 0.001079 0.000098 0.000000 0.000000 0.000000 0.000000 0.001213
0.000080 0.000567 0.000000 0.000536 0.000775 0.000000 0.000000 0.000037 0.000000 0.000000
0.000000 0.000114 0.000000 0.000080 0.000201 0.000000 0.000000 0.000014 0.000021 0.000000
0.000706 0.000199 0.000000 0.000130 0.000000 0.000000 0.000000 0.000096 0.000091 0.000371
0.001777 0.000366 0.000000 0.000000 0.000000 0.000000 0.000000 0.000234 0.000672 0.000708
0.001069 0.000183 0.000000 0.000000 0.000000 0.000000 0.000000 0.000297 0.001191 0.000543
0.000513 0.000102 0.000000 0.000000 0.000000 0.000000 0.000000 0.000212 0.000815 0.000363
0.000000 0.000016 0.000000 0.000025 0.000000 0.000000 0.000000 0.000003 0.000090 0.000000
0.000000 0.000209 0.000000 0.000347 0.000014 0.000113 0.000000 0.000000 0.001097 0.000000
0.000000 0.000000 -0.000000 0.000000 0.000000 0.000000 -0.000000 0.000000 0.000000 0.000000
0.000000 0.000000 -0.000000 0.000000 0.000000 0.000000 -0.000000 0.000000 0.000000 0.000000
0.000000 0.000000 -0.000000 0.000000 0.000000 0.000000 -0.000000 0.000000 0.000000 0.000000
0.000000 0.000000 -0.000000 0.000000 0.000000 0.000000 -0.000000 0.000000 0.000000 0.000000
0.000000 0.000000 -0.000000 0.000000 0.000000 0.000000 -0.000000 0.000000 0.000000 0.000000
