[[2.0, 1.0, 1.0, -1.0, 1.0],
[0.0, 3.0, 0.0, 1.0, 2.0],
[0.0, 0.0, Decimal('2.23606797749978969640917367'), Decimal('1.341640786499873817845504202'), Decimal('-1.788854381999831757127338936')],
[0.0, 0.0, Decimal('0'), Decimal('-3.492849839314596129264208726'), Decimal('-1.546015502647444188362846485')],
[0.0, 0.0, 0.0, Decimal('0'), Decimal('0.6401843996644798683712887489')]]

[[2.0, 1.0, 1.0, -1.0, 1.0],
[0.0, 3.0, 0.0, 1.0, 2.0],
[0.0, 0.0, 2.23606797749979, 1.3416407864998738, -1.7888543819998317],
[0.0, 0.0, 0.0, -3.4928498393145957, -1.5460155026474443],
[0.0, 0.0, 0.0, -2.220446049250313e-16, 0.6401843996644798]]