teste A
[[0.49230769]
 [0.01538462]
 [0.47692308]
 [0.03076923]
 [0.46153846]
 [0.04615385]
 [0.44615385]
 [0.06153846]
 [0.43076923]
 [0.07692308]
 [0.41538462]
 [0.09230769]
 [0.4       ]
 [0.10769231]
 [0.38461538]
 [0.12307692]
 [0.36923077]
 [0.13846154]
 [0.35384615]
 [0.15384615]
 [0.33846154]
 [0.16923077]
 [0.32307692]
 [0.18461538]
 [0.30769231]
 [0.2       ]
 [0.29230769]
 [0.21538462]
 [0.27692308]
 [0.23076923]
 [0.26153846]
 [0.24615385]
 [0.24615385]
 [0.26153846]
 [0.23076923]
 [0.27692308]
 [0.21538462]
 [0.29230769]
 [0.2       ]
 [0.30769231]
 [0.18461538]
 [0.32307692]
 [0.16923077]
 [0.33846154]
 [0.15384615]
 [0.35384615]
 [0.13846154]
 [0.36923077]
 [0.12307692]
 [0.38461538]
 [0.10769231]
 [0.4       ]
 [0.09230769]
 [0.41538462]
 [0.07692308]
 [0.43076923]
 [0.06153846]
 [0.44615385]
 [0.04615385]
 [0.46153846]
 [0.03076923]
 [0.47692308]
 [0.01538462]
 [0.49230769]]

teste B
[[ 56.35780802]
 [-45.87484885]
 [-43.48902374]
 [-48.5765491 ]
 [-30.14020001]
 [ 89.81211894]
 [ 48.713648  ]
 [ 59.23924714]
 [ 11.44635697]
 [109.16273559]
 [-72.87275483]
 [-54.36289269]
 [-51.44441718]
 [-25.01481463]
 [ 98.57193882]
 [218.65885869]
 [298.40022751]]

teste C
[[ 4.92307692e-01 -2.19456019e-14 -4.92307692e-01]
 [ 1.53846154e-02  1.00000000e+00  1.98461538e+00]
 [ 4.76923077e-01 -6.58314386e-14 -4.76923077e-01]
 [ 3.07692308e-02  2.00000000e+00  3.96923077e+00]
 [ 4.61538462e-01 -1.09788788e-13 -4.61538462e-01]
 [ 4.61538462e-02  3.00000000e+00  5.95384615e+00]
 [ 4.46153846e-01 -1.53778435e-13 -4.46153846e-01]
 [ 6.15384615e-02  4.00000000e+00  7.93846154e+00]
 [ 4.30769231e-01 -1.97156903e-13 -4.30769231e-01]
 [ 7.69230769e-02  5.00000000e+00  9.92307692e+00]
 [ 4.15384615e-01 -2.42929631e-13 -4.15384615e-01]
 [ 9.23076923e-02  6.00000000e+00  1.19076923e+01]
 [ 4.00000000e-01 -2.87217996e-13 -4.00000000e-01]
 [ 1.07692308e-01  7.00000000e+00  1.38923077e+01]
 [ 3.84615385e-01 -3.28300313e-13 -3.84615385e-01]
 [ 1.23076923e-01  8.00000000e+00  1.58769231e+01]
 [ 3.69230769e-01 -3.66065711e-13 -3.69230769e-01]
 [ 1.38461538e-01  9.00000000e+00  1.78615385e+01]
 [ 3.53846154e-01 -3.92206420e-13 -3.53846154e-01]
 [ 1.53846154e-01  1.00000000e+01  1.98461538e+01]
 [ 3.38461538e-01 -4.04849623e-13 -3.38461538e-01]
 [ 1.69230769e-01  1.10000000e+01  2.18307692e+01]
 [ 3.23076923e-01 -4.03822377e-13 -3.23076923e-01]
 [ 1.84615385e-01  1.20000000e+01  2.38153846e+01]
 [ 3.07692308e-01 -3.95710424e-13 -3.07692308e-01]
 [ 2.00000000e-01  1.30000000e+01  2.58000000e+01]
 [ 2.92307692e-01 -3.77142114e-13 -2.92307692e-01]
 [ 2.15384615e-01  1.40000000e+01  2.77846154e+01]
 [ 2.76923077e-01 -3.61595674e-13 -2.76923077e-01]
 [ 2.30769231e-01  1.50000000e+01  2.97692308e+01]
 [ 2.61538462e-01 -3.49168379e-13 -2.61538462e-01]
 [ 2.46153846e-01  1.60000000e+01  3.17538462e+01]
 [ 2.46153846e-01 -3.39935101e-13 -2.46153846e-01]
 [ 2.61538462e-01  1.70000000e+01  3.37384615e+01]
 [ 2.30769231e-01 -3.27139018e-13 -2.30769231e-01]
 [ 2.76923077e-01  1.80000000e+01  3.57230769e+01]
 [ 2.15384615e-01 -3.14196876e-13 -2.15384615e-01]
 [ 2.92307692e-01  1.90000000e+01  3.77076923e+01]
 [ 2.00000000e-01 -2.87442450e-13 -2.00000000e-01]
 [ 3.07692308e-01  2.00000000e+01  3.96923077e+01]
 [ 1.84615385e-01 -2.46819796e-13 -1.84615385e-01]
 [ 3.23076923e-01  2.10000000e+01  4.16769231e+01]
 [ 1.69230769e-01 -2.12884720e-13 -1.69230769e-01]
 [ 3.38461538e-01  2.20000000e+01  4.36615385e+01]
 [ 1.53846154e-01 -1.85690856e-13 -1.53846154e-01]
 [ 3.53846154e-01  2.30000000e+01  4.56461538e+01]
 [ 1.38461538e-01 -1.58396239e-13 -1.38461538e-01]
 [ 3.69230769e-01  2.40000000e+01  4.76307692e+01]
 [ 1.23076923e-01 -1.24117372e-13 -1.23076923e-01]
 [ 3.84615385e-01  2.50000000e+01  4.96153846e+01]
 [ 1.07692308e-01 -1.03550590e-13 -1.07692308e-01]
 [ 4.00000000e-01  2.60000000e+01  5.16000000e+01]
 [ 9.23076923e-02 -8.98398020e-14 -9.23076923e-02]
 [ 4.15384615e-01  2.70000000e+01  5.35846154e+01]
 [ 7.69230769e-02 -7.60937651e-14 -7.69230769e-02]
 [ 4.30769231e-01  2.80000000e+01  5.55692308e+01]
 [ 6.15384615e-02 -6.92400886e-14 -6.15384615e-02]
 [ 4.46153846e-01  2.90000000e+01  5.75538462e+01]
 [ 4.61538462e-02 -4.85098719e-14 -4.61538462e-02]
 [ 4.61538462e-01  3.00000000e+01  5.95384615e+01]
 [ 3.07692308e-02 -2.77422951e-14 -3.07692308e-02]
 [ 4.76923077e-01  3.10000000e+01  6.15230769e+01]
 [ 1.53846154e-02 -1.38816408e-14 -1.53846154e-02]
 [ 4.92307692e-01  3.20000000e+01  6.35076923e+01]]

teste D
[[ 2.88155063e+00  5.63578080e+01  1.09834065e+02]
 [-1.83376253e+00 -4.58748489e+01 -8.99159352e+01]
 [-1.51398904e+00 -4.34890237e+01 -8.54640584e+01]
 [-1.52190762e+00 -4.85765491e+01 -9.56311906e+01]
 [-4.53794614e-01 -3.01402000e+01 -5.98266054e+01]
 [ 5.85669889e+00  8.98121189e+01  1.73767539e+02]
 [ 3.42192891e+00  4.87136480e+01  9.40053671e+01]
 [ 3.65656219e+00  5.92392471e+01  1.14821932e+02]
 [ 1.20368454e+00  1.14463570e+01  2.16890294e+01]
 [ 6.12534249e+00  1.09162736e+02  2.12200129e+02]
 [-2.47971396e+00 -7.28727548e+01 -1.43265796e+02]
 [-1.47793147e+00 -5.43628927e+01 -1.07247854e+02]
 [-1.20390258e+00 -5.14444172e+01 -1.01684932e+02]
 [ 1.28414690e-01 -2.50148146e+01 -5.01580440e+01]
 [ 6.50158900e+00  9.85719388e+01  1.90642289e+02]
 [ 1.14910560e+01  2.18658859e+02  4.25826661e+02]
 [ 1.45805258e+01  2.98400228e+02  5.82219929e+02]]

Process finished with exit code 0
