0.000000000000000000e+00 0.000000000000000000e+00 0.000000000000000000e+00 -0.000000000000000000e+00 0.000000000000000000e+00
0.000000000000000000e+00 0.000000000000000000e+00 0.000000000000000000e+00 -0.000000000000000000e+00 0.000000000000000000e+00
0.000000000000000000e+00 0.000000000000000000e+00 0.000000000000000000e+00 -0.000000000000000000e+00 0.000000000000000000e+00
0.000000000000000000e+00 0.000000000000000000e+00 0.000000000000000000e+00 -0.000000000000000000e+00 0.000000000000000000e+00
0.000000000000000000e+00 0.000000000000000000e+00 0.000000000000000000e+00 -0.000000000000000000e+00 0.000000000000000000e+00
0.000000000000000000e+00 0.000000000000000000e+00 0.000000000000000000e+00 -0.000000000000000000e+00 0.000000000000000000e+00
0.000000000000000000e+00 0.000000000000000000e+00 0.000000000000000000e+00 -0.000000000000000000e+00 0.000000000000000000e+00
0.000000000000000000e+00 0.000000000000000000e+00 0.000000000000000000e+00 -0.000000000000000000e+00 0.000000000000000000e+00
0.000000000000000000e+00 0.000000000000000000e+00 0.000000000000000000e+00 -0.000000000000000000e+00 0.000000000000000000e+00
0.000000000000000000e+00 0.000000000000000000e+00 0.000000000000000000e+00 -0.000000000000000000e+00 0.000000000000000000e+00
0.000000000000000000e+00 0.000000000000000000e+00 0.000000000000000000e+00 -0.000000000000000000e+00 0.000000000000000000e+00
0.000000000000000000e+00 0.000000000000000000e+00 0.000000000000000000e+00 -0.000000000000000000e+00 0.000000000000000000e+00
0.000000000000000000e+00 0.000000000000000000e+00 0.000000000000000000e+00 -0.000000000000000000e+00 0.000000000000000000e+00
0.000000000000000000e+00 0.000000000000000000e+00 0.000000000000000000e+00 -0.000000000000000000e+00 0.000000000000000000e+00
0.000000000000000000e+00 0.000000000000000000e+00 0.000000000000000000e+00 -0.000000000000000000e+00 0.000000000000000000e+00
0.000000000000000000e+00 0.000000000000000000e+00 0.000000000000000000e+00 -0.000000000000000000e+00 0.000000000000000000e+00
0.000000000000000000e+00 0.000000000000000000e+00 0.000000000000000000e+00 -0.000000000000000000e+00 0.000000000000000000e+00
0.000000000000000000e+00 0.000000000000000000e+00 0.000000000000000000e+00 -0.000000000000000000e+00 0.000000000000000000e+00
0.000000000000000000e+00 0.000000000000000000e+00 0.000000000000000000e+00 -0.000000000000000000e+00 0.000000000000000000e+00
0.000000000000000000e+00 0.000000000000000000e+00 0.000000000000000000e+00 -0.000000000000000000e+00 0.000000000000000000e+00
0.000000000000000000e+00 0.000000000000000000e+00 0.000000000000000000e+00 -0.000000000000000000e+00 0.000000000000000000e+00
0.000000000000000000e+00 0.000000000000000000e+00 0.000000000000000000e+00 -0.000000000000000000e+00 0.000000000000000000e+00
0.000000000000000000e+00 0.000000000000000000e+00 0.000000000000000000e+00 -0.000000000000000000e+00 0.000000000000000000e+00
0.000000000000000000e+00 0.000000000000000000e+00 0.000000000000000000e+00 -0.000000000000000000e+00 0.000000000000000000e+00
0.000000000000000000e+00 0.000000000000000000e+00 0.000000000000000000e+00 -0.000000000000000000e+00 0.000000000000000000e+00
0.000000000000000000e+00 0.000000000000000000e+00 0.000000000000000000e+00 -0.000000000000000000e+00 0.000000000000000000e+00
0.000000000000000000e+00 0.000000000000000000e+00 0.000000000000000000e+00 -0.000000000000000000e+00 0.000000000000000000e+00
0.000000000000000000e+00 0.000000000000000000e+00 0.000000000000000000e+00 -0.000000000000000000e+00 0.000000000000000000e+00
0.000000000000000000e+00 0.000000000000000000e+00 0.000000000000000000e+00 -0.000000000000000000e+00 0.000000000000000000e+00
0.000000000000000000e+00 0.000000000000000000e+00 0.000000000000000000e+00 -0.000000000000000000e+00 0.000000000000000000e+00
0.000000000000000000e+00 0.000000000000000000e+00 0.000000000000000000e+00 -0.000000000000000000e+00 0.000000000000000000e+00
0.000000000000000000e+00 0.000000000000000000e+00 0.000000000000000000e+00 -0.000000000000000000e+00 0.000000000000000000e+00
0.000000000000000000e+00 0.000000000000000000e+00 0.000000000000000000e+00 -0.000000000000000000e+00 0.000000000000000000e+00
0.000000000000000000e+00 0.000000000000000000e+00 0.000000000000000000e+00 -0.000000000000000000e+00 0.000000000000000000e+00
0.000000000000000000e+00 0.000000000000000000e+00 0.000000000000000000e+00 -0.000000000000000000e+00 0.000000000000000000e+00
0.000000000000000000e+00 0.000000000000000000e+00 0.000000000000000000e+00 -0.000000000000000000e+00 0.000000000000000000e+00
0.000000000000000000e+00 0.000000000000000000e+00 0.000000000000000000e+00 -0.000000000000000000e+00 0.000000000000000000e+00
0.000000000000000000e+00 0.000000000000000000e+00 0.000000000000000000e+00 -0.000000000000000000e+00 0.000000000000000000e+00
0.000000000000000000e+00 0.000000000000000000e+00 0.000000000000000000e+00 -0.000000000000000000e+00 0.000000000000000000e+00
1.000000000000000082e-05 1.291446046557249499e-05 1.000000000000000082e-05 1.666120582904874914e-04 1.000000000000000082e-05
1.000000000000000082e-05 2.552623826398281239e-05 1.000000000000000082e-05 3.293191464647931025e-04 1.000000000000000082e-05
1.000000000000000082e-05 1.049299912827747483e-05 1.000000000000000082e-05 1.353722973610225555e-04 1.000000000000000082e-05
0.000000000000000000e+00 0.000000000000000000e+00 0.000000000000000000e+00 -0.000000000000000000e+00 0.000000000000000000e+00
5.694123742151869174e-07 3.058857650774088542e-06 1.000000000000000082e-05 1.750069407337447665e-04 1.000000000000000082e-05
1.556393822854893277e-06 8.360877578782287069e-06 1.000000000000000082e-05 4.783523046722351168e-04 1.000000000000000082e-05
7.402360864797677789e-07 3.976514946006144131e-06 1.000000000000000082e-05 2.275090229538681151e-04 1.000000000000000082e-05
0.000000000000000000e+00 0.000000000000000000e+00 0.000000000000000000e+00 -0.000000000000000000e+00 0.000000000000000000e+00
0.000000000000000000e+00 0.000000000000000000e+00 0.000000000000000000e+00 -0.000000000000000000e+00 0.000000000000000000e+00
0.000000000000000000e+00 0.000000000000000000e+00 0.000000000000000000e+00 -0.000000000000000000e+00 0.000000000000000000e+00
0.000000000000000000e+00 0.000000000000000000e+00 0.000000000000000000e+00 -0.000000000000000000e+00 0.000000000000000000e+00
0.000000000000000000e+00 0.000000000000000000e+00 0.000000000000000000e+00 -0.000000000000000000e+00 0.000000000000000000e+00
0.000000000000000000e+00 0.000000000000000000e+00 0.000000000000000000e+00 -0.000000000000000000e+00 0.000000000000000000e+00
0.000000000000000000e+00 0.000000000000000000e+00 0.000000000000000000e+00 -0.000000000000000000e+00 0.000000000000000000e+00
0.000000000000000000e+00 0.000000000000000000e+00 0.000000000000000000e+00 -0.000000000000000000e+00 0.000000000000000000e+00
0.000000000000000000e+00 0.000000000000000000e+00 0.000000000000000000e+00 -0.000000000000000000e+00 0.000000000000000000e+00
0.000000000000000000e+00 0.000000000000000000e+00 0.000000000000000000e+00 -0.000000000000000000e+00 0.000000000000000000e+00
0.000000000000000000e+00 0.000000000000000000e+00 0.000000000000000000e+00 -0.000000000000000000e+00 0.000000000000000000e+00
0.000000000000000000e+00 0.000000000000000000e+00 0.000000000000000000e+00 -0.000000000000000000e+00 0.000000000000000000e+00
0.000000000000000000e+00 0.000000000000000000e+00 0.000000000000000000e+00 -0.000000000000000000e+00 0.000000000000000000e+00
1.000000000000000082e-05 5.162068416157708937e-06 1.000000000000000082e-05 2.038737776225151314e-05 1.000000000000000082e-05
1.000000000000000082e-05 1.780023591778544646e-06 1.000000000000000082e-05 7.030130262845356369e-06 1.000000000000000082e-05
0.000000000000000000e+00 0.000000000000000000e+00 0.000000000000000000e+00 -0.000000000000000000e+00 0.000000000000000000e+00
0.000000000000000000e+00 0.000000000000000000e+00 0.000000000000000000e+00 -0.000000000000000000e+00 0.000000000000000000e+00
1.000000000000000082e-05 7.677157310911210235e-05 1.000000000000000082e-05 1.766975494549958713e-04 1.000000000000000082e-05
1.000000000000000082e-05 1.941350124598238531e-05 1.000000000000000082e-05 4.468213894264257141e-05 1.000000000000000082e-05
0.000000000000000000e+00 0.000000000000000000e+00 0.000000000000000000e+00 -0.000000000000000000e+00 0.000000000000000000e+00
0.000000000000000000e+00 0.000000000000000000e+00 0.000000000000000000e+00 -0.000000000000000000e+00 0.000000000000000000e+00
1.000000000000000082e-05 9.282268459630084182e-06 1.000000000000000082e-05 1.197524168962885291e-04 1.000000000000000082e-05
1.000000000000000082e-05 2.136236968905777132e-05 1.000000000000000082e-05 3.491362139829868195e-04 1.000000000000000082e-05
1.000000000000000082e-05 3.474495714982969725e-06 1.000000000000000082e-05 3.109302020367719758e-04 1.000000000000000082e-05
1.000000000000000082e-05 2.416498248059077060e-05 1.994976746514217958e-05 2.545631541702379657e-05 1.000000000000000082e-05
1.000000000000000082e-05 4.796022145076439135e-05 3.720329754502623847e-05 5.614358040839587935e-05 1.000000000000000082e-05
1.000000000000000082e-05 3.067856877733490941e-05 1.000000000000000082e-05 1.508089063631392690e-04 1.000000000000000082e-05
1.000000000000000082e-05 2.132944563368770956e-06 1.000000000000000082e-05 8.499890320951785687e-06 1.000000000000000082e-05
0.000000000000000000e+00 0.000000000000000000e+00 0.000000000000000000e+00 -0.000000000000000000e+00 0.000000000000000000e+00
0.000000000000000000e+00 0.000000000000000000e+00 0.000000000000000000e+00 -0.000000000000000000e+00 0.000000000000000000e+00
0.000000000000000000e+00 0.000000000000000000e+00 0.000000000000000000e+00 -0.000000000000000000e+00 0.000000000000000000e+00
0.000000000000000000e+00 0.000000000000000000e+00 0.000000000000000000e+00 -0.000000000000000000e+00 0.000000000000000000e+00
0.000000000000000000e+00 0.000000000000000000e+00 0.000000000000000000e+00 -0.000000000000000000e+00 0.000000000000000000e+00
0.000000000000000000e+00 0.000000000000000000e+00 0.000000000000000000e+00 -0.000000000000000000e+00 0.000000000000000000e+00
0.000000000000000000e+00 0.000000000000000000e+00 0.000000000000000000e+00 -0.000000000000000000e+00 0.000000000000000000e+00
0.000000000000000000e+00 0.000000000000000000e+00 0.000000000000000000e+00 -0.000000000000000000e+00 0.000000000000000000e+00
0.000000000000000000e+00 0.000000000000000000e+00 0.000000000000000000e+00 -0.000000000000000000e+00 0.000000000000000000e+00
0.000000000000000000e+00 0.000000000000000000e+00 0.000000000000000000e+00 -0.000000000000000000e+00 0.000000000000000000e+00
0.000000000000000000e+00 0.000000000000000000e+00 0.000000000000000000e+00 -0.000000000000000000e+00 0.000000000000000000e+00
0.000000000000000000e+00 0.000000000000000000e+00 0.000000000000000000e+00 -0.000000000000000000e+00 0.000000000000000000e+00
0.000000000000000000e+00 0.000000000000000000e+00 0.000000000000000000e+00 -0.000000000000000000e+00 0.000000000000000000e+00
1.000000000000000082e-05 1.495219817093974123e-05 1.000000000000000082e-05 5.905309420790112902e-05 1.000000000000000082e-05
1.000000000000000082e-05 3.578421486846918308e-05 4.225501615747911016e-05 1.000000000000000082e-05 1.000000000000000082e-05
1.000000000000000082e-05 8.117122551361254394e-05 1.189912006369341497e-04 1.000000000000000082e-05 1.000000000000000082e-05
1.000000000000000082e-05 8.117122551361254394e-05 1.189912006369341497e-04 1.000000000000000082e-05 1.000000000000000082e-05
1.000000000000000082e-05 1.249398328119101368e-04 1.906048186731134925e-05 1.852604640383878187e-04 1.000000000000000082e-05
1.000000000000000082e-05 5.569329852498436514e-05 3.647553683072093429e-05 2.294579738815595929e-04 1.000000000000000082e-05
5.674980589195123695e-05 1.751708530195967900e-04 2.838770897752351207e-06 5.399202616903793755e-04 1.000000000000000082e-05
5.283519807143639228e-04 2.590612522863105409e-04 7.025460310790360651e-05 6.439699333929052713e-04 1.000000000000000082e-05
1.132064677288849470e-03 7.461951137897414712e-04 3.502363616230409456e-04 1.315592248656714553e-03 1.000000000000000082e-05
9.538478714154270850e-04 1.717041890579899420e-03 1.241551003132323637e-03 1.550317601167121783e-03 1.000000000000000082e-05
6.627527928007690035e-04 2.446677023867668659e-03 2.274282601990100863e-03 1.863916232254172025e-03 1.000000000000000082e-05
1.000000000000000082e-05 2.886631875089396091e-03 3.181933363775800352e-03 1.501451181597521743e-03 1.000000000000000082e-05
1.000000000000000082e-05 3.302919347001430275e-03 3.712764936710277394e-03 3.277186676760861402e-03 1.000000000000000082e-05
1.000000000000000082e-05 3.132325233829118868e-03 2.947858636426119953e-03 3.981676724803839308e-03 1.000000000000000082e-05
1.000000000000000082e-05 2.217678799281609919e-03 1.408932094981701216e-03 3.437089531839021984e-03 1.000000000000000082e-05
1.000000000000000082e-05 1.036711093478714409e-03 1.197313714446617542e-05 2.711757485954651922e-03 1.030320883313074528e-03
1.000000000000000082e-05 1.000000000000000082e-05 1.000000000000000082e-05 2.213496529050044785e-03 1.745540559887347057e-03
1.000000000000000082e-05 1.000000000000000082e-05 1.000000000000000082e-05 1.276349902658399172e-03 1.146984283310386850e-03
1.000000000000000082e-05 1.000000000000000082e-05 1.000000000000000082e-05 4.828038389632692638e-04 3.779524612078277637e-04
1.000000000000000082e-05 8.940993564669062917e-05 1.000000000000000082e-05 1.585699593905800066e-04 3.006492879082774808e-05
6.184988544336675291e-06 1.000000000000000082e-05 1.000000000000000082e-05 6.275384390722850891e-05 9.330711734466407556e-05
1.214106883389816030e-05 1.000000000000000082e-05 1.000000000000000082e-05 8.816432573607560941e-05 1.391223875422654098e-04
3.475678528919858788e-06 1.000000000000000082e-05 1.000000000000000082e-05 2.523919913228807541e-05 3.982719329641325537e-05
0.000000000000000000e+00 0.000000000000000000e+00 0.000000000000000000e+00 -0.000000000000000000e+00 0.000000000000000000e+00
0.000000000000000000e+00 0.000000000000000000e+00 0.000000000000000000e+00 -0.000000000000000000e+00 0.000000000000000000e+00
0.000000000000000000e+00 0.000000000000000000e+00 0.000000000000000000e+00 -0.000000000000000000e+00 0.000000000000000000e+00
0.000000000000000000e+00 0.000000000000000000e+00 0.000000000000000000e+00 -0.000000000000000000e+00 0.000000000000000000e+00
0.000000000000000000e+00 0.000000000000000000e+00 0.000000000000000000e+00 -0.000000000000000000e+00 0.000000000000000000e+00
1.000000000000000082e-05 2.170357258351857495e-05 1.000000000000000082e-05 8.523789156658607242e-05 1.145952171063623473e-05
2.010900294164752244e-05 1.335850882802573744e-05 3.229561667334014750e-05 1.000000000000000082e-05 2.082317582286297635e-05
1.000000000000000082e-05 2.537353112346196898e-05 6.535399366036794520e-05 1.000000000000000082e-05 7.000177916663044954e-06
3.206031034038153292e-04 2.330661819640937623e-06 1.256989330920354022e-04 1.266649661333235633e-04 1.000000000000000082e-05
1.225524749432899607e-03 1.000000000000000082e-05 1.000000000000000082e-05 7.500843036938505950e-04 1.000000000000000082e-05
3.909985306329810846e-03 1.000000000000000082e-05 1.000000000000000082e-05 1.630927482469194702e-03 1.000000000000000082e-05
8.684938456531503259e-03 1.000000000000000082e-05 1.000000000000000082e-05 3.739812479281295551e-03 1.000000000000000082e-05
1.711997602520965930e-02 1.000000000000000082e-05 5.285531552739406976e-04 6.644332407408080551e-03 1.000000000000000082e-05
2.830209568084431429e-02 1.000000000000000082e-05 5.497753441078236623e-03 8.433226733578439577e-03 1.000000000000000082e-05
3.709932668179454635e-02 1.000000000000000082e-05 1.810132888412938762e-02 7.440161915505417826e-03 1.000000000000000082e-05
3.683854537117898370e-02 1.000000000000000082e-05 3.681710114250036359e-02 3.736994756707827901e-03 1.000000000000000082e-05
2.837508089016457791e-02 2.255474507181899277e-03 5.305269700029246333e-02 1.659595697149512852e-03 1.000000000000000082e-05
1.451890172788208519e-02 3.156580268362498432e-03 6.264927687837647252e-02 1.160480612057777266e-03 1.000000000000000082e-05
1.914880659750498254e-03 1.023380925503321499e-03 5.627149823377288612e-02 1.000000000000000082e-05 2.022065158583124730e-02
1.000000000000000082e-05 1.000000000000000082e-05 3.595727654048225946e-02 1.000000000000000082e-05 4.861840414075656314e-02
1.000000000000000082e-05 1.000000000000000082e-05 1.465589845938804377e-02 1.808861327189106036e-03 6.222819223110735015e-02
1.000000000000000082e-05 1.000000000000000082e-05 1.000000000000000082e-05 2.745042085076288083e-03 5.945422808408274556e-02
1.000000000000000082e-05 1.000000000000000082e-05 1.000000000000000082e-05 3.422921109884326674e-03 4.354454115442941975e-02
1.000000000000000082e-05 1.000000000000000082e-05 1.000000000000000082e-05 3.783521848561590545e-03 2.400100563915640375e-02
1.000000000000000082e-05 1.000000000000000082e-05 1.000000000000000082e-05 2.220035675482460742e-03 9.296746833540639118e-03
1.000000000000000082e-05 1.000000000000000082e-05 1.000000000000000082e-05 7.491310001315485204e-04 2.048386569365332355e-03
5.038122584104718201e-05 1.000000000000000082e-05 1.000000000000000082e-05 3.309267049903363953e-04 5.315729184536536383e-04
2.360060102109408676e-05 1.000000000000000082e-05 1.000000000000000082e-05 1.164455613991549203e-04 1.528739378559495425e-04
0.000000000000000000e+00 0.000000000000000000e+00 0.000000000000000000e+00 -0.000000000000000000e+00 0.000000000000000000e+00
0.000000000000000000e+00 0.000000000000000000e+00 0.000000000000000000e+00 -0.000000000000000000e+00 0.000000000000000000e+00
0.000000000000000000e+00 0.000000000000000000e+00 0.000000000000000000e+00 -0.000000000000000000e+00 0.000000000000000000e+00
0.000000000000000000e+00 0.000000000000000000e+00 0.000000000000000000e+00 -0.000000000000000000e+00 0.000000000000000000e+00
0.000000000000000000e+00 0.000000000000000000e+00 0.000000000000000000e+00 -0.000000000000000000e+00 0.000000000000000000e+00
1.000000000000000082e-05 1.705003451927642898e-05 1.000000000000000082e-05 1.494491126819252988e-04 2.622560283818235478e-05
4.310883051926799862e-06 1.000000000000000082e-05 1.000000000000000082e-05 1.000000000000000082e-05 5.296377693066042579e-05
1.252595848980194370e-04 2.989068311630071884e-05 1.000000000000000082e-05 4.146436489614287109e-05 3.246960792615572204e-05
1.649071848451178456e-03 1.000000000000000082e-05 1.000000000000000082e-05 7.954519939462988262e-04 1.000000000000000082e-05
5.036193139416486608e-03 1.000000000000000082e-05 1.000000000000000082e-05 2.144647966973327324e-03 1.000000000000000082e-05
1.441601782934579488e-02 1.000000000000000082e-05 1.000000000000000082e-05 4.517528850202081302e-03 1.000000000000000082e-05
3.318119788833515799e-02 1.000000000000000082e-05 1.000000000000000082e-05 8.407587107279327135e-03 1.000000000000000082e-05
5.880496181878762385e-02 1.000000000000000082e-05 3.651820963101893875e-03 1.045639325544958122e-02 1.000000000000000082e-05
8.179823677860406650e-02 1.000000000000000082e-05 2.211051760843465996e-02 7.408589268801465608e-03 1.000000000000000082e-05
8.983513176739690853e-02 1.000000000000000082e-05 5.232097508168999378e-02 2.366332038310100389e-03 1.000000000000000082e-05
8.585686283332377711e-02 8.365722581149101413e-04 8.424909599320963560e-02 1.000000000000000082e-05 1.000000000000000082e-05
7.312920880677248325e-02 3.921880667480169211e-03 1.059039743708543591e-01 1.000000000000000082e-05 1.000000000000000082e-05
5.864485128936718084e-02 1.514572934218707439e-03 1.100014869829041703e-01 1.000000000000000082e-05 2.770473116795813678e-02
4.051301654566564353e-02 1.000000000000000082e-05 9.980959218697156576e-02 1.000000000000000082e-05 6.882942413471346277e-02
2.284687601129462356e-02 1.000000000000000082e-05 7.311286442567878352e-02 1.000000000000000082e-05 1.046550162254566430e-01
7.670753726631782295e-03 1.000000000000000082e-05 4.044749381554806067e-02 1.000000000000000082e-05 1.261715138580816742e-01
1.000000000000000082e-05 1.000000000000000082e-05 1.198742044154421996e-02 1.000000000000000082e-05 1.264274417364024405e-01
1.000000000000000082e-05 1.000000000000000082e-05 1.000000000000000082e-05 1.000000000000000082e-05 9.940770643480791036e-02
1.000000000000000082e-05 1.000000000000000082e-05 1.000000000000000082e-05 1.000000000000000082e-05 6.027986177001901785e-02
1.000000000000000082e-05 1.477957322788756565e-04 1.000000000000000082e-05 1.430326273905119933e-03 2.652821490491120635e-02
1.000000000000000082e-05 1.000000000000000082e-05 1.000000000000000082e-05 9.172493987755911881e-04 7.681796984255187186e-03
1.000000000000000082e-05 1.000000000000000082e-05 1.000000000000000082e-05 5.857738685870238562e-04 1.131986812252657468e-03
1.807257155517789707e-05 1.000000000000000082e-05 1.000000000000000082e-05 8.941270243090635914e-05 1.222632110045555485e-04
0.000000000000000000e+00 0.000000000000000000e+00 0.000000000000000000e+00 -0.000000000000000000e+00 0.000000000000000000e+00
0.000000000000000000e+00 0.000000000000000000e+00 0.000000000000000000e+00 -0.000000000000000000e+00 0.000000000000000000e+00
0.000000000000000000e+00 0.000000000000000000e+00 0.000000000000000000e+00 -0.000000000000000000e+00 0.000000000000000000e+00
0.000000000000000000e+00 0.000000000000000000e+00 0.000000000000000000e+00 -0.000000000000000000e+00 0.000000000000000000e+00
0.000000000000000000e+00 0.000000000000000000e+00 0.000000000000000000e+00 -0.000000000000000000e+00 0.000000000000000000e+00
0.000000000000000000e+00 0.000000000000000000e+00 0.000000000000000000e+00 -0.000000000000000000e+00 0.000000000000000000e+00
5.320260610948327840e-05 4.288804561562085228e-05 1.000000000000000082e-05 1.000000000000000082e-05 1.791305513710876769e-04
1.187066290375018377e-03 9.579385004235620204e-05 1.000000000000000082e-05 8.232288561048391054e-04 1.000000000000000082e-05
4.580386824121603952e-03 1.000000000000000082e-05 1.000000000000000082e-05 2.374182161852385949e-03 1.000000000000000082e-05
1.446419596316197639e-02 1.000000000000000082e-05 1.000000000000000082e-05 4.737852933376462787e-03 1.000000000000000082e-05
3.979777991772232015e-02 1.000000000000000082e-05 1.000000000000000082e-05 8.790953448278479229e-03 1.000000000000000082e-05
7.556421305426987145e-02 1.000000000000000082e-05 1.000000000000000082e-05 1.161396584245025752e-02 1.000000000000000082e-05
1.070386818388017469e-01 1.000000000000000082e-05 1.612842199269792082e-02 7.733883495582582340e-03 1.000000000000000082e-05
1.162639048542732922e-01 4.124826909619149808e-03 5.293219403844208470e-02 1.000000000000000082e-05 1.000000000000000082e-05
1.049948388021632734e-01 1.869239851133973340e-02 8.965121114820569226e-02 1.000000000000000082e-05 1.000000000000000082e-05
8.767684842509515519e-02 2.924051383506125201e-02 1.113081053171942614e-01 1.000000000000000082e-05 1.000000000000000082e-05
7.675880244609539771e-02 3.126157449615297318e-02 1.116205232353221083e-01 6.413460224743540786e-04 2.871688726646631773e-02
7.404034270826327646e-02 2.711401581938532174e-02 1.002242508746722521e-01 1.339622139348691648e-02 6.188490939514644518e-02
7.005244528517909353e-02 2.081610021074927971e-02 8.936463854712026200e-02 1.920196063117956403e-02 8.578421586547591016e-02
5.765682190408751712e-02 1.945104336311188550e-02 7.971145165457074744e-02 1.284893903306907892e-02 1.042862255752118467e-01
3.969832809926129163e-02 1.847163908098730864e-02 6.135730827407834959e-02 1.000000000000000082e-05 1.253269720439293411e-01
2.042860223330692296e-02 1.667979145918444678e-02 3.040203744577128775e-02 1.000000000000000082e-05 1.443451686759722741e-01
5.540372533890731109e-03 1.665412988912982548e-02 3.241988235268012004e-03 1.000000000000000082e-05 1.389816988373558104e-01
1.000000000000000082e-05 1.316193181463746337e-02 1.000000000000000082e-05 1.000000000000000082e-05 1.028106776735996791e-01
1.000000000000000082e-05 7.858920063313059798e-03 1.000000000000000082e-05 1.000000000000000082e-05 5.510970329078946489e-02
1.000000000000000082e-05 3.134497561257066408e-03 1.000000000000000082e-05 2.463272060300641508e-03 1.813619723323481314e-02
1.000000000000000082e-05 1.982608549562310171e-04 1.000000000000000082e-05 9.059358674867448377e-04 2.389357317952642019e-03
1.344952409343996478e-06 1.000000000000000082e-05 1.000000000000000082e-05 2.332668207070397214e-04 2.116396095950297393e-04
1.000000000000000082e-05 1.010679752193255041e-05 1.000000000000000082e-05 5.988311712138935129e-05 1.000000000000000082e-05
1.000000000000000082e-05 7.325858985946803482e-06 1.000000000000000082e-05 1.057330184154354623e-04 1.000000000000000082e-05
0.000000000000000000e+00 0.000000000000000000e+00 0.000000000000000000e+00 -0.000000000000000000e+00 0.000000000000000000e+00
0.000000000000000000e+00 0.000000000000000000e+00 0.000000000000000000e+00 -0.000000000000000000e+00 0.000000000000000000e+00
0.000000000000000000e+00 0.000000000000000000e+00 0.000000000000000000e+00 -0.000000000000000000e+00 0.000000000000000000e+00
1.000000000000000082e-05 1.000000000000000082e-05 1.000000000000000082e-05 9.672350732016886800e-05 1.000000000000000082e-05
1.738155477627730623e-04 5.514646865069328211e-05 1.131255396814336689e-05 1.000000000000000082e-05 7.548188800881518059e-05
2.727489233042417003e-03 1.000000000000000082e-05 1.000000000000000082e-05 1.592801078330430709e-03 1.000000000000000082e-05
9.890773564760226705e-03 1.000000000000000082e-05 1.000000000000000082e-05 4.502510735480158913e-03 1.000000000000000082e-05
3.471336887566312673e-02 1.000000000000000082e-05 1.000000000000000082e-05 8.255192678990346325e-03 1.000000000000000082e-05
7.593398002011315928e-02 1.000000000000000082e-05 1.000000000000000082e-05 1.135107325586250451e-02 1.000000000000000082e-05
1.161319710274327094e-01 1.000000000000000082e-05 5.850356745899530642e-03 9.447559952843770370e-03 1.000000000000000082e-05
1.247688585203751560e-01 1.868182190877930998e-02 4.150537333209335794e-02 1.000000000000000082e-05 1.000000000000000082e-05
9.967989245699937495e-02 4.352123729905681832e-02 8.800466972323431336e-02 1.000000000000000082e-05 1.000000000000000082e-05
6.789019644198369952e-02 6.157409514588992050e-02 1.118070185443918868e-01 1.000000000000000082e-05 1.000000000000000082e-05
5.147615064178855809e-02 6.689789847008482948e-02 1.030751984244569208e-01 6.663614305108167893e-03 2.407144981470239059e-02
5.285772759718698754e-02 6.072319227529023727e-02 7.955824545964021444e-02 3.371317731380706756e-02 5.788440238891925937e-02
5.952124529111092049e-02 5.781591558133456626e-02 5.992121665424124388e-02 5.637552385049558051e-02 7.224405752384414903e-02
6.704305014787163841e-02 5.432995777369559187e-02 5.507523755947914268e-02 6.737511044828076168e-02 7.008181118843974378e-02
6.989192531272972464e-02 5.208649369935228202e-02 6.212766890702343947e-02 6.398030444752764168e-02 6.445863581067352854e-02
6.371749660696611472e-02 4.909218730988626489e-02 6.496540357894459161e-02 4.097968661430809179e-02 7.532839649249217784e-02
5.024235082183330092e-02 4.297884134070859008e-02 4.990802302987353001e-02 6.140007088191937537e-03 1.066831120102815639e-01
2.760506114092292282e-02 3.964361047749408867e-02 1.967803134871004903e-02 1.000000000000000082e-05 1.326223306986083483e-01
7.004654491738511804e-03 3.690736258387009722e-02 1.000000000000000082e-05 1.000000000000000082e-05 1.259812216169794996e-01
1.000000000000000082e-05 2.722718026955948945e-02 1.000000000000000082e-05 1.000000000000000082e-05 8.361736738547008441e-02
1.000000000000000082e-05 1.186390195629235915e-02 1.000000000000000082e-05 5.724264461870464142e-04 3.336125635773665166e-02
1.000000000000000082e-05 2.101303230849419987e-03 1.000000000000000082e-05 1.533417126729626385e-03 5.822728949122584451e-03
1.000000000000000082e-05 1.000000000000000082e-05 1.000000000000000082e-05 4.150640598950940748e-04 2.496592324264707051e-04
1.000000000000000082e-05 1.103896559526268389e-06 1.000000000000000082e-05 1.593237263794223423e-05 1.000000000000000082e-05
1.000000000000000082e-05 1.545455183336765496e-05 1.000000000000000082e-05 2.230532169311925939e-04 1.000000000000000082e-05
0.000000000000000000e+00 0.000000000000000000e+00 0.000000000000000000e+00 -0.000000000000000000e+00 0.000000000000000000e+00
0.000000000000000000e+00 0.000000000000000000e+00 0.000000000000000000e+00 -0.000000000000000000e+00 0.000000000000000000e+00
1.000000000000000082e-05 1.000000000000000082e-05 2.313152482923842761e-05 1.000000000000000082e-05 1.371107383238077080e-05
1.000000000000000082e-05 1.000000000000000082e-05 1.000000000000000082e-05 4.128442385616971910e-05 1.000000000000000082e-05
2.907132335471014780e-04 1.362196772205286023e-04 1.000000000000000082e-05 1.195102247918117239e-04 1.000000000000000082e-05
4.355332562755584273e-03 1.000000000000000082e-05 1.000000000000000082e-05 2.165444061809638446e-03 1.000000000000000082e-05
2.269734229818467369e-02 1.000000000000000082e-05 1.000000000000000082e-05 7.052198717363726554e-03 1.000000000000000082e-05
6.270442409282685203e-02 1.000000000000000082e-05 1.000000000000000082e-05 1.151403363600348416e-02 1.000000000000000082e-05
1.116140262534113942e-01 5.183370567592460523e-03 1.000000000000000082e-05 1.077066392174763632e-02 1.000000000000000082e-05
1.272966268979716375e-01 2.862613720082635496e-02 2.709235474072637512e-02 1.000000000000000082e-05 1.000000000000000082e-05
9.586568662711413003e-02 6.247595640558720881e-02 7.866552781992887378e-02 1.000000000000000082e-05 1.000000000000000082e-05
4.781876176536922762e-02 8.849346997810182691e-02 1.126652425447366990e-01 1.000000000000000082e-05 1.000000000000000082e-05
1.691150247235933754e-02 9.343191319972782294e-02 1.052510788495844840e-01 5.724908287466388274e-03 1.642854321390133793e-02
1.038377252438267215e-02 8.392259792425525722e-02 6.925979858059413963e-02 4.553920560795979983e-02 5.373156268292702403e-02
1.676580678989917153e-02 7.450962147378076272e-02 3.527875712134817543e-02 7.742148639998233661e-02 7.216029764848629069e-02
2.891554572901845754e-02 7.101716403486747764e-02 1.723114577743376993e-02 9.887484967306855999e-02 6.492579598605729974e-02
4.134020833742894918e-02 6.933753679992284147e-02 1.836359172533646653e-02 1.133265870193896491e-01 3.971389100515591852e-02
5.571168119005820429e-02 7.016928780893047501e-02 3.515130276880146926e-02 1.134278587022563567e-01 1.205949202737166027e-02
6.406360942338586162e-02 6.437255306442576930e-02 5.993679110553753325e-02 9.199180433752925101e-02 8.545299372342643821e-03
6.505593790174098168e-02 5.793595480456861790e-02 6.518772817102992667e-02 4.599632922977898997e-02 4.503001829621774976e-02
5.458359021137009631e-02 5.541780550912103059e-02 4.164030173706332466e-02 5.404426013132995277e-04 9.579965325691315592e-02
2.761306084062077615e-02 6.072469780115661436e-02 4.023568521208098318e-03 1.000000000000000082e-05 1.198484117929684567e-01
4.400055287979176902e-03 5.316999795591237365e-02 1.000000000000000082e-05 1.000000000000000082e-05 9.732619136696384066e-02
1.000000000000000082e-05 2.920406406377001884e-02 1.000000000000000082e-05 1.000000000000000082e-05 4.690321558415899011e-02
1.000000000000000082e-05 6.627121576990645940e-03 1.000000000000000082e-05 4.208818390088698777e-04 9.004694196139693615e-03
1.000000000000000082e-05 1.000000000000000082e-05 1.000000000000000082e-05 1.300269282582678233e-04 1.863927017437048527e-04
0.000000000000000000e+00 0.000000000000000000e+00 0.000000000000000000e+00 -0.000000000000000000e+00 0.000000000000000000e+00
0.000000000000000000e+00 0.000000000000000000e+00 0.000000000000000000e+00 -0.000000000000000000e+00 0.000000000000000000e+00
0.000000000000000000e+00 0.000000000000000000e+00 0.000000000000000000e+00 -0.000000000000000000e+00 0.000000000000000000e+00
0.000000000000000000e+00 0.000000000000000000e+00 0.000000000000000000e+00 -0.000000000000000000e+00 0.000000000000000000e+00
1.000000000000000082e-05 9.528789571019091812e-06 2.767447983668079937e-06 2.223549431691715806e-05 1.000000000000000082e-05
1.000000000000000082e-05 2.117508793559803733e-06 6.149884408151373216e-07 4.941220959314928248e-06 1.000000000000000082e-05
8.372768195898353145e-04 6.386222443755083941e-05 1.000000000000000082e-05 4.407093505304363404e-04 1.000000000000000082e-05
8.723038209136569840e-03 2.550515037885483214e-04 1.000000000000000082e-05 3.295695404865404184e-03 1.000000000000000082e-05
4.188329444136907470e-02 1.079330859182974422e-03 1.000000000000000082e-05 1.012960936601683265e-02 1.000000000000000082e-05
9.340128751899456905e-02 1.002994132359708197e-02 1.000000000000000082e-05 1.276312481008115562e-02 1.000000000000000082e-05
1.271840518977784829e-01 3.490761069770648151e-02 6.941116857597066925e-03 4.799828241896208700e-03 1.000000000000000082e-05
1.038896007720317843e-01 7.191615264676842756e-02 5.856363232620857839e-02 1.000000000000000082e-05 1.000000000000000082e-05
4.713049546171748511e-02 1.016850324089017821e-01 1.061268687603876132e-01 1.000000000000000082e-05 1.000000000000000082e-05
7.773460514850808411e-05 1.047668897970935320e-01 1.122162628641670962e-01 1.000000000000000082e-05 1.039182875778429244e-02
1.000000000000000082e-05 8.527915020023889292e-02 7.372569192680958339e-02 4.691725288030402369e-02 5.334370894151607700e-02
1.000000000000000082e-05 6.772795414115927171e-02 2.755588400963385198e-02 8.916438505203380660e-02 7.664165955288806953e-02
1.000000000000000082e-05 5.897264393241424124e-02 1.000000000000000082e-05 1.087221169754114258e-01 7.499614037245923293e-02
6.985701872219396945e-03 5.928532433617187541e-02 1.000000000000000082e-05 1.144689848503588070e-01 4.963577696899462710e-02
1.836903242207596487e-02 6.081204771898154199e-02 1.000000000000000082e-05 1.200644344674569181e-01 9.134039514080328701e-03
3.230054079528423688e-02 6.082170509707850864e-02 1.908908436192828170e-02 1.255277435352709914e-01 1.000000000000000082e-05
4.636730743686071077e-02 5.718361958418011204e-02 4.843823138103046239e-02 1.244434534604948600e-01 1.000000000000000082e-05
6.225658485054678948e-02 4.940563292670074186e-02 7.129283221593184228e-02 8.532551106934474494e-02 1.000000000000000082e-05
6.817623838224336208e-02 5.217530198332658714e-02 6.007527939747524942e-02 2.526845359374596187e-02 5.666855724333802469e-02
5.360113104380355431e-02 7.136495054434877083e-02 2.011204007400577143e-02 1.000000000000000082e-05 1.010309631845341949e-01
2.142081911090684687e-02 7.927446779002561561e-02 1.000000000000000082e-05 1.000000000000000082e-05 9.639494126685731190e-02
8.596888402034136568e-07 5.189345712220055917e-02 1.000000000000000082e-05 1.000000000000000082e-05 5.321877128266717938e-02
1.000000000000000082e-05 1.471885288183984349e-02 1.000000000000000082e-05 1.000000000000000082e-05 1.155840953944577316e-02
1.000000000000000082e-05 1.621177525270713440e-04 1.000000000000000082e-05 4.275423646467975056e-05 4.182485352056414675e-05
0.000000000000000000e+00 0.000000000000000000e+00 0.000000000000000000e+00 -0.000000000000000000e+00 0.000000000000000000e+00
0.000000000000000000e+00 0.000000000000000000e+00 0.000000000000000000e+00 -0.000000000000000000e+00 0.000000000000000000e+00
0.000000000000000000e+00 0.000000000000000000e+00 0.000000000000000000e+00 -0.000000000000000000e+00 0.000000000000000000e+00
0.000000000000000000e+00 0.000000000000000000e+00 0.000000000000000000e+00 -0.000000000000000000e+00 0.000000000000000000e+00
1.000000000000000082e-05 4.905562038413538412e-05 1.424723221221722086e-05 1.144716188907959203e-04 1.000000000000000082e-05
1.000000000000000082e-05 5.563555646806272174e-05 8.455748347627616192e-06 1.260618038101360850e-04 1.000000000000000082e-05
1.358192783818264237e-03 4.060359997595079933e-04 1.000000000000000082e-05 7.215939176222646058e-04 1.000000000000000082e-05
1.899445435026984180e-02 2.641561533654801942e-03 1.000000000000000082e-05 6.601570104984313958e-03 1.000000000000000082e-05
6.573618397251608514e-02 1.100927289372576404e-02 1.000000000000000082e-05 1.266460284508366500e-02 1.000000000000000082e-05
1.130443591474593334e-01 3.544678688403345157e-02 1.000000000000000082e-05 9.745588904361097635e-03 1.000000000000000082e-05
1.153152334591508871e-01 7.351745954304493569e-02 2.937610737613417788e-02 1.000000000000000082e-05 1.000000000000000082e-05
6.045345679356854685e-02 1.066612842117874577e-01 8.752067765972403046e-02 1.000000000000000082e-05 1.000000000000000082e-05
1.775067403199659171e-03 1.081594265641981634e-01 1.147806060252242188e-01 1.000000000000000082e-05 7.461394982742793926e-03
1.000000000000000082e-05 8.225073918446643151e-02 8.916610760302907945e-02 3.551693956005660957e-02 4.975620206595995215e-02
1.000000000000000082e-05 5.202643519247227705e-02 3.426006481286009847e-02 8.979929300759066646e-02 8.038558301821499552e-02
1.000000000000000082e-05 3.588282838502635658e-02 1.000000000000000082e-05 1.157972152472866445e-01 8.121257339710788448e-02
1.000000000000000082e-05 3.217564589017846144e-02 1.000000000000000082e-05 1.123927839167795095e-01 5.979508603021178870e-02
1.499106261318334425e-03 3.669472641896659448e-02 1.000000000000000082e-05 9.705638982080658228e-02 2.479007427514359763e-02
5.635502573926398293e-03 3.918070708078501968e-02 1.000000000000000082e-05 9.051701100733351713e-02 1.000000000000000082e-05
1.440301057709528730e-02 3.630802965537656413e-02 1.020240125052535203e-02 1.064130677373020667e-01 1.000000000000000082e-05
2.730531650567047039e-02 3.119442004658690495e-02 3.793703948223905997e-02 1.265325639002962688e-01 1.000000000000000082e-05
4.405091716266763824e-02 2.590475017666006227e-02 7.056440625671303590e-02 1.080653575324421745e-01 1.000000000000000082e-05
6.491924427760062399e-02 3.417846061443313016e-02 7.263587104849138221e-02 4.765533103353133265e-02 3.581978404073286187e-02
6.803236557304645493e-02 6.708389395387463761e-02 3.542347149590491240e-02 1.000000000000000082e-05 8.826762565555137940e-02
4.476610801861150013e-02 9.643258837752771706e-02 1.000000000000000082e-05 1.000000000000000082e-05 8.677703872229931836e-02
1.104940187732099399e-02 7.934457876002652676e-02 1.000000000000000082e-05 1.000000000000000082e-05 4.727070719820621741e-02
1.000000000000000082e-05 2.570678862394117775e-02 1.000000000000000082e-05 1.000000000000000082e-05 1.112968874087868522e-02
1.000000000000000082e-05 3.463101390434459291e-04 2.539190470209446815e-06 1.000000000000000082e-05 1.064594546310837069e-04
0.000000000000000000e+00 0.000000000000000000e+00 0.000000000000000000e+00 -0.000000000000000000e+00 0.000000000000000000e+00
0.000000000000000000e+00 0.000000000000000000e+00 0.000000000000000000e+00 -0.000000000000000000e+00 0.000000000000000000e+00
0.000000000000000000e+00 0.000000000000000000e+00 0.000000000000000000e+00 -0.000000000000000000e+00 0.000000000000000000e+00
0.000000000000000000e+00 0.000000000000000000e+00 0.000000000000000000e+00 -0.000000000000000000e+00 0.000000000000000000e+00
0.000000000000000000e+00 0.000000000000000000e+00 0.000000000000000000e+00 -0.000000000000000000e+00 0.000000000000000000e+00
1.000000000000000082e-05 1.597602130208068607e-04 1.000000000000000082e-05 3.249969493283046910e-04 1.000000000000000082e-05
2.514031858324392368e-03 1.110566832181659417e-03 1.000000000000000082e-05 9.746781291771212377e-04 1.000000000000000082e-05
3.266224633286993889e-02 8.208907109494430546e-03 1.000000000000000082e-05 9.136602418005825010e-03 1.000000000000000082e-05
8.534015961418177365e-02 3.179001635851266133e-02 1.000000000000000082e-05 1.338535644507841786e-02 1.000000000000000082e-05
1.144656167316552980e-01 7.242474477015657663e-02 3.399872290046541436e-03 1.299150803230700703e-03 1.000000000000000082e-05
8.553468179343055866e-02 1.074760516939719107e-01 5.561418532776723350e-02 1.000000000000000082e-05 1.000000000000000082e-05
2.115102801173111141e-02 1.100141451742055049e-01 1.055247891363956109e-01 1.000000000000000082e-05 8.523334302596007744e-03
1.000000000000000082e-05 7.809478482778989261e-02 1.052056158440409228e-01 1.477858437103146336e-02 4.687815911727378354e-02
1.000000000000000082e-05 3.971645416993309363e-02 5.487425722808697559e-02 8.070648403899756407e-02 7.791361592433665439e-02
1.000000000000000082e-05 1.546118068001305079e-02 1.225931185406207730e-03 1.179009560762867698e-01 8.316055798912286301e-02
1.000000000000000082e-05 1.061851065303862779e-02 1.000000000000000082e-05 1.157980129119220158e-01 6.266981921210099116e-02
1.000000000000000082e-05 1.466338428772586376e-02 1.000000000000000082e-05 8.580268813975024111e-02 3.172657054827609374e-02
1.000000000000000082e-05 1.900067017861483895e-02 1.000000000000000082e-05 5.930468567180289391e-02 6.671802776278700289e-03
1.919803048614704801e-03 1.947486920546370737e-02 1.000000000000000082e-05 5.310991523425111910e-02 1.000000000000000082e-05
4.694918623002287961e-03 1.743650994913375010e-02 7.006675489766298233e-03 7.777716993193926898e-02 1.000000000000000082e-05
1.057749652646661383e-02 9.070384489903300998e-03 2.735022114079298586e-02 1.166945651492532904e-01 1.000000000000000082e-05
2.488010784872043968e-02 2.431212647535891530e-03 6.232149480551452125e-02 1.215440212344378601e-01 1.000000000000000082e-05
5.068329589009702707e-02 1.280948393495836765e-02 7.884042368717891769e-02 6.292436746125197600e-02 3.242449799941957145e-02
7.028890499725792829e-02 5.567877799850901033e-02 5.087963431699241840e-02 1.000000000000000082e-05 7.981412576648898305e-02
6.188642532989729883e-02 1.032042212243272084e-01 3.460781880852241855e-03 1.000000000000000082e-05 7.660369334085680160e-02
2.957296550342314312e-02 1.005472664229086072e-01 1.000000000000000082e-05 1.000000000000000082e-05 3.599726300726336509e-02
5.375207006216144688e-03 3.639530349232291545e-02 1.000000000000000082e-05 1.000000000000000082e-05 7.516816583082611657e-03
2.752806226356260886e-04 4.218746137133847786e-04 1.000000000000000082e-05 5.890501342991596496e-05 1.034018518730424926e-04
1.000000000000000082e-05 2.512659988753366996e-05 6.381902889415583290e-05 1.585686892136011113e-04 1.000000000000000082e-05
0.000000000000000000e+00 0.000000000000000000e+00 0.000000000000000000e+00 -0.000000000000000000e+00 0.000000000000000000e+00
0.000000000000000000e+00 0.000000000000000000e+00 0.000000000000000000e+00 -0.000000000000000000e+00 0.000000000000000000e+00
1.000000000000000082e-05 1.000000000000000082e-05 1.000000000000000082e-05 2.406818937637688542e-05 1.000000000000000082e-05
0.000000000000000000e+00 0.000000000000000000e+00 0.000000000000000000e+00 -0.000000000000000000e+00 0.000000000000000000e+00
1.000000000000000082e-05 1.603891902374229134e-04 1.000000000000000082e-05 3.262764648768429849e-04 1.000000000000000082e-05
4.976107736283444383e-03 2.523437707814570746e-03 1.000000000000000082e-05 1.512248238533197859e-03 1.000000000000000082e-05
4.640115555834222610e-02 2.198361492175165618e-02 1.000000000000000082e-05 1.128901064492826740e-02 1.000000000000000082e-05
9.449604600427786993e-02 6.470381986923494366e-02 1.000000000000000082e-05 9.944973396431208354e-03 1.000000000000000082e-05
1.029146847842979245e-01 1.043139056985470381e-01 1.824836656474502702e-02 1.000000000000000082e-05 1.000000000000000082e-05
5.563762284846315853e-02 1.121449458077787148e-01 7.547191404339444187e-02 1.000000000000000082e-05 1.245465310007932806e-02
1.000000000000000082e-05 8.072377868690037983e-02 1.079113227425818611e-01 1.000000000000000082e-05 4.658492208296127063e-02
1.000000000000000082e-05 3.600070287457916157e-02 8.257233562603343013e-02 5.907982500693442079e-02 7.238751702922202602e-02
1.000000000000000082e-05 2.715523225930807118e-03 2.362396050058719957e-02 1.163330717736875547e-01 8.031805411516240722e-02
1.000000000000000082e-05 1.000000000000000082e-05 1.000000000000000082e-05 1.232080617698194797e-01 6.338207199845879991e-02
1.000000000000000082e-05 1.000000000000000082e-05 1.000000000000000082e-05 8.751492925882212170e-02 3.306578688455738546e-02
1.000000000000000082e-05 7.478276548150481449e-03 1.000000000000000082e-05 4.701112438807408117e-02 1.076003379935993459e-02
8.116860321415447907e-04 9.564503494053442495e-03 1.000000000000000082e-05 2.853747962246233616e-02 7.026536930158401584e-04
1.398163742703324415e-03 8.113061419353639891e-03 1.000000000000000082e-05 3.031167219069189761e-02 1.000000000000000082e-05
1.637073818976555800e-03 4.161439787628515644e-03 2.542685964856707809e-03 6.211514041271318926e-02 1.000000000000000082e-05
1.537248361190463779e-03 1.000000000000000082e-05 1.755752412300052440e-02 1.138023208528187585e-01 1.000000000000000082e-05
7.833827910747369686e-03 1.000000000000000082e-05 5.214852164082178776e-02 1.276094803890148455e-01 1.000000000000000082e-05
3.106428795978831425e-02 1.000000000000000082e-05 8.220620917742174627e-02 6.738890974529543332e-02 3.810252845351581180e-02
6.236760977306755188e-02 4.847024210692271740e-02 6.254534901923264334e-02 1.000000000000000082e-05 7.519899658481185578e-02
7.335395918474471588e-02 1.050841684496337664e-01 1.153612972866352449e-02 1.000000000000000082e-05 6.486626249505642039e-02
4.914263473991921372e-02 1.124686608143943972e-01 1.000000000000000082e-05 1.000000000000000082e-05 2.270918683660632514e-02
1.561195182071549101e-02 4.615865132538046756e-02 1.000000000000000082e-05 1.000000000000000082e-05 4.655855830851800422e-04
9.094283308687721532e-04 3.483838932054387724e-04 1.000000000000000082e-05 2.173254740482109880e-05 1.861853750064418138e-04
1.000000000000000082e-05 2.003180544029178214e-05 5.087876497091680772e-05 1.264165125988616766e-04 1.000000000000000082e-05
0.000000000000000000e+00 0.000000000000000000e+00 0.000000000000000000e+00 -0.000000000000000000e+00 0.000000000000000000e+00
0.000000000000000000e+00 0.000000000000000000e+00 0.000000000000000000e+00 -0.000000000000000000e+00 0.000000000000000000e+00
1.000000000000000082e-05 1.000000000000000082e-05 1.000000000000000082e-05 9.476849566948455385e-05 1.000000000000000082e-05
6.352574484921956551e-06 1.000000000000000082e-05 1.000000000000000082e-05 5.201437978067683049e-05 1.202659388924803956e-05
1.000000000000000082e-05 1.360678651778011159e-04 1.000000000000000082e-05 3.195723085618970712e-04 1.000000000000000082e-05
6.676836826309674559e-03 6.740132860432069585e-03 1.000000000000000082e-05 2.490431762648615682e-03 1.000000000000000082e-05
5.535102677784225350e-02 4.703696238941022789e-02 1.000000000000000082e-05 1.218060660338461491e-02 1.000000000000000082e-05
9.236200530563151712e-02 9.703379595382577438e-02 1.000000000000000082e-05 2.196207661536878162e-03 1.000000000000000082e-05
8.791577969824918015e-02 1.150488067806093306e-01 3.164049244365175345e-02 1.000000000000000082e-05 1.239045690543926284e-02
3.513605951473258715e-02 8.984870988897541988e-02 8.574122835916828111e-02 1.000000000000000082e-05 4.644314571397124142e-02
1.000000000000000082e-05 4.160862020752600920e-02 1.000679120197695560e-01 2.500919533716628590e-02 6.937862388293528082e-02
1.000000000000000082e-05 1.000000000000000082e-05 5.795077808744486525e-02 9.723404006076702411e-02 7.549543475062386877e-02
1.000000000000000082e-05 1.000000000000000082e-05 3.486784748334860809e-03 1.293032006659448618e-01 6.081428915175531025e-02
1.000000000000000082e-05 1.000000000000000082e-05 1.000000000000000082e-05 9.962438419865081440e-02 3.314844580821187103e-02
5.892920337791266805e-04 1.000000000000000082e-05 1.000000000000000082e-05 4.657272117397383282e-02 1.207641098586525498e-02
1.994771135547187570e-04 4.132119645267600706e-03 1.000000000000000082e-05 1.950820265727400138e-02 2.903220936665032188e-03
6.607282715426289520e-04 3.933909926488476407e-03 1.000000000000000082e-05 1.219282678745633834e-02 6.003437431321513367e-04
1.068577195059800802e-03 2.570775325803776722e-03 1.000000000000000082e-05 2.162355995381020149e-02 1.000000000000000082e-05
1.314911748833082932e-04 1.000000000000000082e-05 1.000000000000000082e-05 6.100864221800076509e-02 1.000000000000000082e-05
1.000000000000000082e-05 1.000000000000000082e-05 1.121529008146191289e-02 1.155159244983929578e-01 1.000000000000000082e-05
1.000000000000000082e-05 1.000000000000000082e-05 4.658694619058650205e-02 1.229314333160152345e-01 1.825658176823850842e-02
1.129028090726572064e-02 1.000000000000000082e-05 8.372669299486647232e-02 6.036400185913739364e-02 5.141520026806122023e-02
4.995044960960785818e-02 5.289022931603689498e-02 7.124156465152223228e-02 1.000000000000000082e-05 7.237877357573548054e-02
7.824573343151589033e-02 1.078373078186831840e-01 1.887962516360857171e-02 1.000000000000000082e-05 5.048541109847523578e-02
6.580905859545689573e-02 1.139402425067476687e-01 1.000000000000000082e-05 1.000000000000000082e-05 9.785544904740534414e-03
2.765152513609623469e-02 4.841092150766443392e-02 1.000000000000000082e-05 3.933442757221268320e-04 1.000000000000000082e-05
1.619826285955246453e-03 5.993261576763119630e-04 1.000000000000000082e-05 2.116833740434541681e-04 1.000000000000000082e-05
1.000000000000000082e-05 2.315815657837202140e-06 5.881938146926801062e-06 1.461462573397245044e-05 1.000000000000000082e-05
0.000000000000000000e+00 0.000000000000000000e+00 0.000000000000000000e+00 -0.000000000000000000e+00 0.000000000000000000e+00
0.000000000000000000e+00 0.000000000000000000e+00 0.000000000000000000e+00 -0.000000000000000000e+00 0.000000000000000000e+00
0.000000000000000000e+00 0.000000000000000000e+00 0.000000000000000000e+00 -0.000000000000000000e+00 0.000000000000000000e+00
0.000000000000000000e+00 0.000000000000000000e+00 0.000000000000000000e+00 -0.000000000000000000e+00 0.000000000000000000e+00
3.984740367999746258e-07 1.000000000000000082e-05 1.000000000000000082e-05 2.967794234041093118e-05 2.167702139206746854e-05
7.690012830667614097e-03 1.476362854031283180e-02 1.000000000000000082e-05 2.740186645214220083e-03 1.000000000000000082e-05
5.540285880381264072e-02 7.766586823779644821e-02 1.000000000000000082e-05 1.007927367877013008e-02 1.000000000000000082e-05
8.501496356739156324e-02 1.186475211028489574e-01 1.000000000000000082e-05 1.000000000000000082e-05 3.616797580219480689e-03
7.738116761236905894e-02 1.048899225235773169e-01 4.022511284815047383e-02 1.000000000000000082e-05 4.632128213388779503e-02
2.752746320260731142e-02 5.557123910779902809e-02 8.912791406157404006e-02 1.000000000000000082e-05 7.226696091004561340e-02
1.000000000000000082e-05 5.188102555082311704e-03 8.791358859861422848e-02 6.230630702541625765e-02 7.347930923712625573e-02
1.000000000000000082e-05 1.000000000000000082e-05 3.886054413282818282e-02 1.225123155938757230e-01 5.773480311839643275e-02
1.000000000000000082e-05 1.000000000000000082e-05 1.000000000000000082e-05 1.172607356441124349e-01 3.154418831652389815e-02
2.234821228000622730e-04 1.000000000000000082e-05 1.000000000000000082e-05 6.412219732904503311e-02 1.058781741409418886e-02
4.302563499509940814e-04 1.000000000000000082e-05 1.000000000000000082e-05 2.307198380651788797e-02 3.993305524546863355e-03
1.123027366620799386e-04 1.814526276802658385e-03 1.000000000000000082e-05 7.982373908867660892e-03 1.622273744898586421e-03
2.104961305904515234e-04 1.746159764647552690e-03 1.000000000000000082e-05 8.053797202376686282e-03 8.236199754593825830e-04
4.549802602321864511e-04 1.000000000000000082e-05 1.000000000000000082e-05 2.361142269304687680e-02 3.434192466079666588e-04
1.000000000000000082e-05 1.000000000000000082e-05 1.000000000000000082e-05 7.243248967403576044e-02 8.687384514541803297e-04
1.000000000000000082e-05 1.000000000000000082e-05 6.096802658203215146e-03 1.239148954018465393e-01 1.398473628321864407e-02
1.000000000000000082e-05 1.000000000000000082e-05 4.560614521668886201e-02 1.156386982313244299e-01 4.031936235824795656e-02
1.000000000000000082e-05 7.575887521827586249e-03 8.649317832197528366e-02 4.579653286847672894e-02 6.351413549044612750e-02
3.811568429626585597e-02 6.823668470431928923e-02 7.754347657521988568e-02 1.000000000000000082e-05 6.255447474122145801e-02
8.035731487320771360e-02 1.123911938240256814e-01 2.335446346714348254e-02 1.000000000000000082e-05 3.234411658201561540e-02
7.946755298888033558e-02 1.065799375199996263e-01 1.000000000000000082e-05 1.000000000000000082e-05 1.000000000000000082e-05
3.926832944797564728e-02 4.350324639654120501e-02 1.000000000000000082e-05 6.112904809015551333e-03 1.000000000000000082e-05
2.560658274739954256e-03 5.485768729776905163e-04 1.000000000000000082e-05 4.714280401942109967e-04 1.000000000000000082e-05
0.000000000000000000e+00 0.000000000000000000e+00 0.000000000000000000e+00 -0.000000000000000000e+00 0.000000000000000000e+00
0.000000000000000000e+00 0.000000000000000000e+00 0.000000000000000000e+00 -0.000000000000000000e+00 0.000000000000000000e+00
0.000000000000000000e+00 0.000000000000000000e+00 0.000000000000000000e+00 -0.000000000000000000e+00 0.000000000000000000e+00
0.000000000000000000e+00 0.000000000000000000e+00 0.000000000000000000e+00 -0.000000000000000000e+00 0.000000000000000000e+00
0.000000000000000000e+00 0.000000000000000000e+00 0.000000000000000000e+00 -0.000000000000000000e+00 0.000000000000000000e+00
3.578609623567863696e-07 1.000000000000000082e-05 1.000000000000000082e-05 5.109208074925260587e-05 2.917508630782588759e-05
5.546512074811779137e-03 2.701088776917882212e-02 1.000000000000000082e-05 3.489291718978453864e-03 1.000000000000000082e-05
4.861032116157979616e-02 1.041110331474308787e-01 1.000000000000000082e-05 5.334829338461763090e-03 1.000000000000000082e-05
7.833296118959208465e-02 1.229089165246307069e-01 1.000000000000000082e-05 1.000000000000000082e-05 3.191784412782840141e-02
7.290097498229093642e-02 8.283923574248498733e-02 4.512249070436848836e-02 1.000000000000000082e-05 7.453886052889711900e-02
2.919092912322438296e-02 2.382379586314295472e-02 8.798185818076462161e-02 1.885939342653178072e-02 8.145297147861066400e-02
1.000000000000000082e-05 1.000000000000000082e-05 7.847360292940236404e-02 8.975066559049769965e-02 5.915185445667826142e-02
1.000000000000000082e-05 1.000000000000000082e-05 3.080686198025854930e-02 1.284925459678188941e-01 2.701721062725218406e-02
1.000000000000000082e-05 1.000000000000000082e-05 9.361954791849190841e-05 9.122051299726822993e-02 6.498067566576636901e-03
4.205159583136681609e-04 1.000000000000000082e-05 1.000000000000000082e-05 3.841216886282116522e-02 1.038235618705236549e-03
5.089816908921939711e-04 6.100460536093667762e-04 1.000000000000000082e-05 1.129435086019175971e-02 1.052996891290444714e-03
1.501341918319188220e-04 1.291630774687387798e-03 1.000000000000000082e-05 6.237508031847773665e-03 6.089560847998766631e-04
3.781677354792620195e-04 4.795312560977852854e-04 1.000000000000000082e-05 1.408917920404713191e-02 1.074955961246434714e-03
5.319954891094048378e-04 1.000000000000000082e-05 1.000000000000000082e-05 4.004436229702761085e-02 5.067394314850613701e-03
1.000000000000000082e-05 1.000000000000000082e-05 1.000000000000000082e-05 9.349448265549120674e-02 1.400015772392687596e-02
1.000000000000000082e-05 1.000000000000000082e-05 5.911385637342974307e-03 1.292731402036930710e-01 3.539871324642055589e-02
1.000000000000000082e-05 1.000000000000000082e-05 5.093569970652905149e-02 1.003455180554358589e-01 5.926127093837245396e-02
1.000000000000000082e-05 3.562319685393673663e-02 9.219921502914618650e-02 2.195146797520296927e-02 6.285527207653590631e-02
3.365756645373333550e-02 9.117046042934391636e-02 7.931988241972234843e-02 1.000000000000000082e-05 4.344437368690219625e-02
8.678374464876359440e-02 1.133707842112698094e-01 2.233412018139485644e-02 1.000000000000000082e-05 1.239506517975573832e-02
8.973121648128906669e-02 8.799222017855613809e-02 1.000000000000000082e-05 3.300542156326162577e-03 1.000000000000000082e-05
4.501770355648985339e-02 3.143901706826177783e-02 1.000000000000000082e-05 9.045707277329201323e-03 1.000000000000000082e-05
2.643079489254118557e-03 2.072151058591130478e-04 1.000000000000000082e-05 7.975210694808746500e-04 1.000000000000000082e-05
0.000000000000000000e+00 0.000000000000000000e+00 0.000000000000000000e+00 -0.000000000000000000e+00 0.000000000000000000e+00
0.000000000000000000e+00 0.000000000000000000e+00 0.000000000000000000e+00 -0.000000000000000000e+00 0.000000000000000000e+00
0.000000000000000000e+00 0.000000000000000000e+00 0.000000000000000000e+00 -0.000000000000000000e+00 0.000000000000000000e+00
0.000000000000000000e+00 0.000000000000000000e+00 0.000000000000000000e+00 -0.000000000000000000e+00 0.000000000000000000e+00
0.000000000000000000e+00 0.000000000000000000e+00 0.000000000000000000e+00 -0.000000000000000000e+00 0.000000000000000000e+00
1.000000000000000082e-05 1.244800730904406017e-04 1.000000000000000082e-05 9.397319672257578658e-05 1.000000000000000082e-05
1.230903838781440994e-03 3.827879258123591255e-02 1.000000000000000082e-05 2.372274001677107842e-03 1.000000000000000082e-05
3.705048094642831441e-02 1.179512435862690306e-01 1.000000000000000082e-05 1.000000000000000082e-05 9.633637747407237245e-03
7.273199030046763325e-02 1.159540966953814950e-01 1.000000000000000082e-05 1.000000000000000082e-05 6.100751419614706961e-02
7.437366125507860470e-02 6.069774766385486325e-02 4.536227164166821424e-02 1.000000000000000082e-05 9.237157119659915316e-02
3.829336989160701810e-02 1.774816363625781636e-03 8.547024216019120935e-02 4.393847500313860510e-02 7.289826648518284158e-02
6.733446986766402666e-03 1.000000000000000082e-05 7.451727784684876454e-02 1.036145075549955441e-01 3.155467375824382720e-02
1.000000000000000082e-05 1.000000000000000082e-05 3.039748590292821670e-02 1.198336992869546702e-01 1.000000000000000082e-05
1.000000000000000082e-05 1.000000000000000082e-05 3.905069166705644676e-03 6.973793553423911218e-02 1.000000000000000082e-05
1.000000000000000082e-05 7.802575814262276328e-05 1.000000000000000082e-05 2.590786158004514811e-02 1.000000000000000082e-05
1.586244370064786432e-04 1.392554358934201646e-03 1.000000000000000082e-05 9.775385656830407055e-03 1.000000000000000082e-05
2.025200056914464519e-04 1.194807422540286167e-03 1.000000000000000082e-05 1.324049283678593349e-02 8.834228376866791639e-04
1.000000000000000082e-05 1.000000000000000082e-05 1.000000000000000082e-05 3.105370991921838075e-02 5.447573446729706004e-03
1.000000000000000082e-05 1.000000000000000082e-05 1.000000000000000082e-05 7.109580059384681960e-02 1.561973037271808043e-02
1.000000000000000082e-05 1.000000000000000082e-05 1.000000000000000082e-05 1.206579522712106639e-01 3.283370670761295851e-02
1.000000000000000082e-05 1.000000000000000082e-05 1.466363449863565711e-02 1.255287326976537721e-01 5.607245470762717982e-02
1.000000000000000082e-05 2.287469784484638322e-02 6.692674013375994602e-02 7.041495019444908576e-02 6.733485388462331911e-02
1.000000000000000082e-05 7.310795212206173954e-02 1.003942724350474491e-01 1.000000000000000082e-05 4.808671047862537323e-02
4.219778101416571392e-02 1.104821985899018949e-01 7.383773101596567690e-02 1.000000000000000082e-05 1.725138995673469039e-02
9.794122661487246473e-02 1.014905327947353136e-01 1.561722072404470724e-02 1.000000000000000082e-05 1.000000000000000082e-05
9.384857443148571232e-02 6.025143988243998605e-02 1.000000000000000082e-05 7.912309407933824923e-03 1.000000000000000082e-05
4.329641924255105828e-02 1.646755265184720457e-02 1.000000000000000082e-05 9.837564846456904599e-03 1.000000000000000082e-05
2.323701305011546901e-03 1.000000000000000082e-05 1.000000000000000082e-05 7.404727260167222672e-04 1.000000000000000082e-05
0.000000000000000000e+00 0.000000000000000000e+00 0.000000000000000000e+00 -0.000000000000000000e+00 0.000000000000000000e+00
0.000000000000000000e+00 0.000000000000000000e+00 0.000000000000000000e+00 -0.000000000000000000e+00 0.000000000000000000e+00
0.000000000000000000e+00 0.000000000000000000e+00 0.000000000000000000e+00 -0.000000000000000000e+00 0.000000000000000000e+00
0.000000000000000000e+00 0.000000000000000000e+00 0.000000000000000000e+00 -0.000000000000000000e+00 0.000000000000000000e+00
0.000000000000000000e+00 0.000000000000000000e+00 0.000000000000000000e+00 -0.000000000000000000e+00 0.000000000000000000e+00
1.000000000000000082e-05 3.715260734485715047e-04 1.000000000000000082e-05 1.827474547480284896e-04 1.000000000000000082e-05
1.000000000000000082e-05 4.593055065594604108e-02 1.000000000000000082e-05 1.012625700260878217e-03 3.511033295309972432e-03
2.374111198213146867e-02 1.195403625029460154e-01 1.000000000000000082e-05 1.000000000000000082e-05 3.290055319781508281e-02
6.544710527962439850e-02 1.063797450130755384e-01 1.000000000000000082e-05 1.000000000000000082e-05 8.405655723903812659e-02
7.796002718627061123e-02 4.770431130294772865e-02 4.180345730006880534e-02 5.844655548515744793e-03 9.785142520568911040e-02
5.284845378021161416e-02 1.000000000000000082e-05 8.217391890160975765e-02 6.111520649620576923e-02 5.453354553045903358e-02
2.263107388921690999e-02 1.000000000000000082e-05 7.389769702848421329e-02 1.115715488084261797e-01 1.000000000000000082e-05
5.228452003200553290e-03 1.000000000000000082e-05 3.316328445177326584e-02 1.117576084199508463e-01 1.000000000000000082e-05
9.014144495927869493e-04 2.847055891620414465e-03 5.902038390102827721e-03 6.389015901735912994e-02 1.000000000000000082e-05
1.000000000000000082e-05 5.785103991222951582e-03 1.000000000000000082e-05 3.182065023047169622e-02 1.000000000000000082e-05
1.000000000000000082e-05 6.619714074035701681e-03 1.000000000000000082e-05 2.340323013994067766e-02 1.000000000000000082e-05
1.000000000000000082e-05 6.284511926673531750e-03 1.000000000000000082e-05 3.599195886699348840e-02 2.805876979198393059e-03
1.000000000000000082e-05 4.561222457191219971e-03 1.000000000000000082e-05 6.774359128075770065e-02 1.495829941564689319e-02
1.000000000000000082e-05 2.542026920237258538e-03 1.000000000000000082e-05 1.105526036318940086e-01 3.359926410309759665e-02
1.000000000000000082e-05 9.294824557134309315e-03 1.000000000000000082e-05 1.287450682895558141e-01 5.496960812254558792e-02
1.000000000000000082e-05 2.900184656889487692e-02 3.891842657438396302e-02 9.702960535576039824e-02 6.722985737058861933e-02
1.000000000000000082e-05 6.794578804836197417e-02 9.046657016671293128e-02 2.674869331708904299e-02 5.192082701975484632e-02
1.000000000000000082e-05 1.068314786589024123e-01 1.026252157859276620e-01 1.000000000000000082e-05 1.849822727885000462e-02
6.769710402521904313e-02 1.094896997105594960e-01 5.919888977923998957e-02 1.000000000000000082e-05 1.000000000000000082e-05
1.109804919887331931e-01 7.442319018596166291e-02 3.396638176482534750e-03 1.000000000000000082e-05 1.000000000000000082e-05
8.824016641051707355e-02 2.967639973104857151e-02 1.000000000000000082e-05 1.086697940506966241e-02 1.000000000000000082e-05
3.396825973321433711e-02 5.251589447879466237e-03 1.000000000000000082e-05 9.313857298089225217e-03 1.000000000000000082e-05
1.417455032065675176e-03 1.000000000000000082e-05 1.000000000000000082e-05 5.790833510562757224e-04 1.000000000000000082e-05
0.000000000000000000e+00 0.000000000000000000e+00 0.000000000000000000e+00 -0.000000000000000000e+00 0.000000000000000000e+00
0.000000000000000000e+00 0.000000000000000000e+00 0.000000000000000000e+00 -0.000000000000000000e+00 0.000000000000000000e+00
0.000000000000000000e+00 0.000000000000000000e+00 0.000000000000000000e+00 -0.000000000000000000e+00 0.000000000000000000e+00
0.000000000000000000e+00 0.000000000000000000e+00 0.000000000000000000e+00 -0.000000000000000000e+00 0.000000000000000000e+00
0.000000000000000000e+00 0.000000000000000000e+00 0.000000000000000000e+00 -0.000000000000000000e+00 0.000000000000000000e+00
1.000000000000000082e-05 5.468545562600400298e-04 1.000000000000000082e-05 2.450360765367114472e-04 1.000000000000000082e-05
1.000000000000000082e-05 4.231004946000977568e-02 1.000000000000000082e-05 1.000000000000000082e-05 1.478989457890727069e-02
9.084787745696199651e-03 1.066545373253654228e-01 1.000000000000000082e-05 1.000000000000000082e-05 5.467416794600175184e-02
5.227255911598414906e-02 9.890641301520916584e-02 1.000000000000000082e-05 1.000000000000000082e-05 9.899195695508447579e-02
7.894157940807151885e-02 4.987758678138030227e-02 3.655163752151055490e-02 1.354761334959270896e-02 9.673344626887266096e-02
6.583199469416321781e-02 1.404970110124002976e-02 7.905979388773168304e-02 6.673298914161442108e-02 3.292501503655508727e-02
3.832070104992088555e-02 8.896779931899800875e-03 7.539132286809369088e-02 1.135724196562618582e-01 1.000000000000000082e-05
1.495427685796474511e-02 1.951432585766523647e-02 3.619433492513322165e-02 1.190528855143251075e-01 1.000000000000000082e-05
4.062859318226620664e-03 2.369705118402284233e-02 5.676057820336671833e-03 8.515798236236217511e-02 1.000000000000000082e-05
1.000000000000000082e-05 2.360409859768822574e-02 1.000000000000000082e-05 6.023093300124758576e-02 1.000000000000000082e-05
1.000000000000000082e-05 2.469260854480962580e-02 1.000000000000000082e-05 5.949052737850839268e-02 1.000000000000000082e-05
1.000000000000000082e-05 2.458089107119036318e-02 1.000000000000000082e-05 7.883615235900878759e-02 1.149718147288381585e-02
1.000000000000000082e-05 2.605365147730676414e-02 1.000000000000000082e-05 1.106423437225477341e-01 3.228449552561265395e-02
1.000000000000000082e-05 3.361617954006859699e-02 1.000000000000000082e-05 1.254252725437544347e-01 5.278082150706860792e-02
1.000000000000000082e-05 4.866949076703586813e-02 2.213946568712043053e-02 1.046779962258644475e-01 6.553733965656133309e-02
1.000000000000000082e-05 7.690829054892603378e-02 7.558512667914878136e-02 4.855903638523461491e-02 5.099257058435784085e-02
1.000000000000000082e-05 1.051872228779914681e-01 1.103251333927233319e-01 1.000000000000000082e-05 1.742209462493346864e-02
4.194086533756423429e-02 1.085942304102460731e-01 8.977346877492295429e-02 1.000000000000000082e-05 1.000000000000000082e-05
1.030597415771775383e-01 7.814295649426622470e-02 3.433901392891659105e-02 1.000000000000000082e-05 1.000000000000000082e-05
1.147342673306611521e-01 3.565032097327903993e-02 1.000000000000000082e-05 4.737521973873734006e-03 1.000000000000000082e-05
7.052843386313151219e-02 6.968008296700737257e-03 1.000000000000000082e-05 1.102214207552970095e-02 1.000000000000000082e-05
2.129160276979935248e-02 1.320494408551998620e-04 1.000000000000000082e-05 6.369066528746880965e-03 1.000000000000000082e-05
9.245674580342686617e-04 1.000000000000000082e-05 1.000000000000000082e-05 5.086277881113776935e-04 1.000000000000000082e-05
0.000000000000000000e+00 0.000000000000000000e+00 0.000000000000000000e+00 -0.000000000000000000e+00 0.000000000000000000e+00
0.000000000000000000e+00 0.000000000000000000e+00 0.000000000000000000e+00 -0.000000000000000000e+00 0.000000000000000000e+00
0.000000000000000000e+00 0.000000000000000000e+00 0.000000000000000000e+00 -0.000000000000000000e+00 0.000000000000000000e+00
0.000000000000000000e+00 0.000000000000000000e+00 0.000000000000000000e+00 -0.000000000000000000e+00 0.000000000000000000e+00
0.000000000000000000e+00 0.000000000000000000e+00 0.000000000000000000e+00 -0.000000000000000000e+00 0.000000000000000000e+00
1.000000000000000082e-05 4.270618303549453482e-04 1.000000000000000082e-05 4.664150726909946885e-04 1.661759083926327759e-04
1.000000000000000082e-05 3.132855643535535639e-02 1.000000000000000082e-05 1.000000000000000082e-05 2.379149530306408009e-02
1.000000000000000082e-05 8.396951927276587180e-02 1.000000000000000082e-05 1.000000000000000082e-05 6.991984130674952502e-02
3.453923384032089178e-02 9.155122683139989281e-02 1.000000000000000082e-05 1.000000000000000082e-05 1.096602023201602577e-01
7.028398446914907449e-02 6.250488194704786893e-02 2.941586704588217485e-02 9.131498993332938519e-03 9.909251150781368811e-02
7.315559875015779923e-02 4.313823484180658724e-02 7.195923703038398234e-02 5.998914086452554473e-02 2.641257412363725784e-02
5.541781471265423004e-02 4.597990676188711684e-02 7.700135297460303230e-02 1.080627701989440997e-01 1.000000000000000082e-05
3.025347672586551143e-02 5.743422609480175467e-02 4.212633746695899906e-02 1.303322499286146408e-01 1.000000000000000082e-05
1.181104086031469977e-02 6.243423381169638936e-02 6.667771389509709497e-03 1.205183921342906223e-01 1.000000000000000082e-05
6.800958629656353926e-04 6.236717627110392737e-02 1.000000000000000082e-05 1.066647877985646142e-01 1.000000000000000082e-05
1.000000000000000082e-05 6.051222465863678041e-02 1.000000000000000082e-05 1.061283488855292861e-01 5.568368983631929135e-03
1.000000000000000082e-05 6.159334930078565890e-02 1.000000000000000082e-05 1.171060632203506507e-01 2.925904068071652833e-02
1.000000000000000082e-05 6.448828458708771860e-02 1.000000000000000082e-05 1.190974096139790078e-01 4.992271408972449170e-02
1.000000000000000082e-05 7.171353711708675083e-02 2.273760009338432822e-02 9.826001248588342452e-02 6.115373229282451695e-02
1.000000000000000082e-05 8.816379273676436257e-02 7.050714919984868434e-02 5.201205703952106046e-02 4.776607790249214058e-02
1.000000000000000082e-05 1.037103866916115891e-01 1.089019607779821985e-01 1.000000000000000082e-05 1.600127528748516645e-02
3.509392710780885605e-02 1.008138984249156572e-01 1.046867900456895095e-01 1.000000000000000082e-05 1.000000000000000082e-05
9.718555100799630697e-02 7.200951465373413296e-02 5.816185456173507407e-02 1.000000000000000082e-05 1.000000000000000082e-05
1.251519102038868014e-01 3.234857933734680557e-02 8.869117403262793964e-03 1.000000000000000082e-05 1.000000000000000082e-05
9.672616748580704915e-02 4.661825505536563649e-03 1.000000000000000082e-05 9.697630851678077507e-03 1.000000000000000082e-05
4.477798118721647291e-02 1.000000000000000082e-05 1.000000000000000082e-05 8.238136682517296222e-03 2.092894195692384914e-04
9.072498340230003913e-03 1.000000000000000082e-05 1.000000000000000082e-05 3.200791813032965311e-03 1.000000000000000082e-05
4.234723382258906411e-04 1.000000000000000082e-05 1.000000000000000082e-05 2.264803035337458403e-04 1.000000000000000082e-05
0.000000000000000000e+00 0.000000000000000000e+00 0.000000000000000000e+00 -0.000000000000000000e+00 0.000000000000000000e+00
0.000000000000000000e+00 0.000000000000000000e+00 0.000000000000000000e+00 -0.000000000000000000e+00 0.000000000000000000e+00
0.000000000000000000e+00 0.000000000000000000e+00 0.000000000000000000e+00 -0.000000000000000000e+00 0.000000000000000000e+00
0.000000000000000000e+00 0.000000000000000000e+00 0.000000000000000000e+00 -0.000000000000000000e+00 0.000000000000000000e+00
0.000000000000000000e+00 0.000000000000000000e+00 0.000000000000000000e+00 -0.000000000000000000e+00 0.000000000000000000e+00
1.000000000000000082e-05 1.835849550373977262e-04 1.000000000000000082e-05 4.718299786505424391e-04 2.433050447778255471e-04
1.000000000000000082e-05 1.754524582012466707e-02 1.000000000000000082e-05 1.000000000000000082e-05 2.567200224583508425e-02
1.000000000000000082e-05 5.316054175471561505e-02 1.000000000000000082e-05 1.000000000000000082e-05 7.608190844655814133e-02
1.218802140503252515e-02 7.253181593388002835e-02 1.000000000000000082e-05 1.000000000000000082e-05 1.203592739966469205e-01
4.953623797386641492e-02 6.528697965266258563e-02 1.900118393859948421e-02 1.000000000000000082e-05 1.188362626458407956e-01
6.851024496866289781e-02 6.100724744792351828e-02 5.979545070586679556e-02 3.508438813838002379e-02 5.853595065548913151e-02
6.733812813027253985e-02 6.961834060602357932e-02 7.558332039241437428e-02 8.327604185048700924e-02 1.000000000000000082e-05
5.097005150892639641e-02 8.239323460999080362e-02 5.606233347149514740e-02 1.188897689245303757e-01 1.000000000000000082e-05
3.142551810992083583e-02 8.915158936873429640e-02 2.504832579395172010e-02 1.288955175234521855e-01 1.000000000000000082e-05
1.514566196394962101e-02 8.944158773758924263e-02 3.528894827878377698e-03 1.237245260535335956e-01 2.076417652512586604e-03
1.432739094686098086e-03 8.797876971194347473e-02 1.000000000000000082e-05 1.159467788140699507e-01 2.970473411095752442e-02
1.000000000000000082e-05 8.630799381753261057e-02 1.046704407199385879e-02 1.036852774426004903e-01 5.002104675690102059e-02
1.000000000000000082e-05 8.638881037484777425e-02 3.926152717647561630e-02 7.945070180807969895e-02 5.719735081250394010e-02
1.000000000000000082e-05 9.024060625643931521e-02 7.802521769857806433e-02 4.120312223928596779e-02 4.291176190624847869e-02
8.378570393012740522e-03 9.252218303618442441e-02 1.099604543327699357e-01 1.000000000000000082e-05 1.308555972752802402e-02
5.129606064516162994e-02 8.146924056492367561e-02 1.085612749118228110e-01 1.000000000000000082e-05 1.000000000000000082e-05
1.027530997964145182e-01 5.327866693901994743e-02 6.990740841911981251e-02 1.000000000000000082e-05 1.000000000000000082e-05
1.291720587481172966e-01 2.005059646560222730e-02 2.234278006579601059e-02 1.000000000000000082e-05 1.000000000000000082e-05
1.082662310374982034e-01 1.000000000000000082e-05 1.000000000000000082e-05 7.372849135337506722e-03 1.000000000000000082e-05
6.055498113449477027e-02 1.000000000000000082e-05 1.000000000000000082e-05 9.047614927398467746e-03 1.514617350362611539e-03
2.014520114802183584e-02 1.000000000000000082e-05 1.000000000000000082e-05 4.983479355336650589e-03 3.479995562451264433e-04
2.998578877832383180e-03 1.000000000000000082e-05 1.000000000000000082e-05 1.619197520742233359e-03 1.000000000000000082e-05
2.415559791747909325e-05 1.000000000000000082e-05 1.590520761188769092e-05 6.256389473221886052e-05 1.000000000000000082e-05
1.000000000000000082e-05 1.667387273642787269e-05 4.234995465787291954e-05 1.052253052846016174e-04 1.000000000000000082e-05
0.000000000000000000e+00 0.000000000000000000e+00 0.000000000000000000e+00 -0.000000000000000000e+00 0.000000000000000000e+00
0.000000000000000000e+00 0.000000000000000000e+00 0.000000000000000000e+00 -0.000000000000000000e+00 0.000000000000000000e+00
0.000000000000000000e+00 0.000000000000000000e+00 0.000000000000000000e+00 -0.000000000000000000e+00 0.000000000000000000e+00
1.599501774642713114e-06 1.000000000000000082e-05 1.000000000000000082e-05 6.095590227650799241e-05 1.000000000000000082e-05
1.000000000000000082e-05 6.603027058829339269e-05 1.000000000000000082e-05 5.252441578173969693e-04 3.235975165399553521e-04
1.000000000000000082e-05 5.901710156981715069e-03 1.000000000000000082e-05 1.000000000000000082e-05 1.920423069135670721e-02
1.000000000000000082e-05 2.237681302502736447e-02 1.000000000000000082e-05 1.000000000000000082e-05 6.779446854199865091e-02
1.000000000000000082e-05 3.859372053802645475e-02 1.000000000000000082e-05 1.000000000000000082e-05 1.206707811175810469e-01
2.096973220617777758e-02 4.781826906937596683e-02 6.994365810161612927e-03 1.000000000000000082e-05 1.442375314185431190e-01
4.926726352034656309e-02 4.940999612678174252e-02 4.201787198807964419e-02 1.000000000000000082e-05 1.207203114710332370e-01
6.573456366023858188e-02 5.546744250731087955e-02 6.960246700081429427e-02 3.451928660928157977e-02 7.384417069219199881e-02
6.653013611057635723e-02 6.428683420375924662e-02 7.348960468700464765e-02 6.791318638066320967e-02 4.179963683448725820e-02
5.879034764094276388e-02 7.074473549994061972e-02 6.205896826209019584e-02 8.398055415714350547e-02 3.623978423460114118e-02
4.741723341503470412e-02 7.282827846828240914e-02 5.247150837985672250e-02 8.267503554241205366e-02 4.738066304538197937e-02
3.663655399592167378e-02 7.238771553405229375e-02 5.476947028792042427e-02 7.087676095219923311e-02 5.720112496761661086e-02
3.175989853491721637e-02 6.969302015074138601e-02 7.062490845499325154e-02 5.037212059970884448e-02 5.735926102553094708e-02
3.515453231668128065e-02 6.628029874549096201e-02 9.565283258679468936e-02 2.339339407242949434e-02 4.130834733452441732e-02
5.180721309000124730e-02 6.139061129450118504e-02 1.145474976821667240e-01 1.000000000000000082e-05 1.197679337473845675e-02
8.455367307548283806e-02 4.931908356099887897e-02 1.065240603719852103e-01 1.000000000000000082e-05 1.000000000000000082e-05
1.172112342262704443e-01 2.569887220215561624e-02 7.047225682820504322e-02 1.000000000000000082e-05 1.000000000000000082e-05
1.298172919348646870e-01 1.863331379573864932e-03 2.723770416764107610e-02 1.000000000000000082e-05 1.000000000000000082e-05
1.076146806618045043e-01 1.000000000000000082e-05 1.000000000000000082e-05 6.091704259051232591e-03 1.000000000000000082e-05
6.310321733923340837e-02 1.000000000000000082e-05 1.000000000000000082e-05 8.175664468803410176e-03 2.151724291157324203e-03
2.460459106743430324e-02 1.000000000000000082e-05 1.000000000000000082e-05 5.808421457474352914e-03 6.566858437200435430e-04
5.676993392568049218e-03 1.000000000000000082e-05 1.000000000000000082e-05 2.588470360845902905e-03 1.000000000000000082e-05
8.535654128766906584e-04 1.000000000000000082e-05 1.000000000000000082e-05 4.974268965003708241e-04 1.000000000000000082e-05
1.000000000000000082e-05 8.312522533728505014e-06 3.106530869082770247e-05 8.402063934725756194e-05 1.000000000000000082e-05
1.000000000000000082e-05 5.732421216782180635e-05 8.895005361828446156e-05 3.680977670766827814e-04 1.000000000000000082e-05
1.000000000000000082e-05 1.000000000000000082e-05 2.631430491532451858e-05 2.899339791854307217e-06 1.000000000000000082e-05
0.000000000000000000e+00 0.000000000000000000e+00 0.000000000000000000e+00 -0.000000000000000000e+00 0.000000000000000000e+00
0.000000000000000000e+00 0.000000000000000000e+00 0.000000000000000000e+00 -0.000000000000000000e+00 0.000000000000000000e+00
0.000000000000000000e+00 0.000000000000000000e+00 0.000000000000000000e+00 -0.000000000000000000e+00 0.000000000000000000e+00
1.000000000000000082e-05 8.747433585852825442e-05 1.000000000000000082e-05 1.472085613946873468e-04 1.141793946650442493e-04
1.000000000000000082e-05 6.735270584207121063e-04 1.000000000000000082e-05 1.000000000000000082e-05 8.879323918891374179e-03
1.000000000000000082e-05 3.759242617400005999e-03 1.000000000000000082e-05 1.000000000000000082e-05 4.099485750627983316e-02
1.000000000000000082e-05 8.548795821369258724e-03 1.000000000000000082e-05 1.000000000000000082e-05 9.353051550957210136e-02
1.534790418865530871e-03 1.376572434666842489e-02 1.000000000000000082e-05 1.000000000000000082e-05 1.390974675129542926e-01
2.108549804124449853e-02 1.393559966644549071e-02 2.142705548281691533e-02 1.000000000000000082e-05 1.567214596030901408e-01
4.611331620121423419e-02 1.469204301008361808e-02 5.450928952553753259e-02 1.000000000000000082e-05 1.415823564314786231e-01
6.323466088252700790e-02 1.762712619461132696e-02 8.042403734776809587e-02 4.485719422984364539e-03 1.122366384865341599e-01
7.231229937114037887e-02 2.007644136561773096e-02 9.177959769288125680e-02 2.019667290984838992e-02 9.078056167746716143e-02
7.570518044468521612e-02 2.080444177847171061e-02 9.720601141275639345e-02 2.356024282710980633e-02 7.797718612012680128e-02
7.769848257188534391e-02 2.132556947594545921e-02 1.056407880245999742e-01 1.582214920626642471e-02 6.225715125130194122e-02
8.159381652402089569e-02 2.095314249534089082e-02 1.155609195139233603e-01 1.000000000000000082e-05 3.822513860273814984e-02
9.408036778468577277e-02 1.712809268127683110e-02 1.155452622611985586e-01 1.000000000000000082e-05 1.015167871850084294e-02
1.104913710791621678e-01 9.014818181097070462e-03 9.568470379894292166e-02 1.000000000000000082e-05 1.000000000000000082e-05
1.233344559062031776e-01 1.000000000000000082e-05 5.996666178477608189e-02 1.000000000000000082e-05 1.000000000000000082e-05
1.192234665859990272e-01 1.000000000000000082e-05 2.402784954692143565e-02 1.000000000000000082e-05 1.000000000000000082e-05
9.061869041854161977e-02 1.000000000000000082e-05 1.045524682915643455e-03 5.650712965644445057e-03 1.270422801965659246e-03
5.139558304557086121e-02 1.000000000000000082e-05 1.000000000000000082e-05 6.751889697167113603e-03 1.865942798934216735e-03
2.139257131984811239e-02 1.000000000000000082e-05 1.000000000000000082e-05 4.518937939972898776e-03 9.323588697474858309e-04
6.256049206915820053e-03 1.000000000000000082e-05 1.000000000000000082e-05 2.540348342382068008e-03 1.000000000000000082e-05
1.193511463202714864e-03 1.000000000000000082e-05 1.000000000000000082e-05 9.585119007639904135e-04 1.000000000000000082e-05
1.287452371511660701e-04 1.157919085784465385e-05 4.947188380099742141e-05 1.503144412794234545e-04 1.000000000000000082e-05
1.000000000000000082e-05 9.116394704557453485e-06 5.545778777431506094e-05 1.011657252514672103e-04 1.000000000000000082e-05
1.000000000000000082e-05 1.809666623394030451e-05 4.139148692798198196e-05 1.179316770037011527e-04 1.000000000000000082e-05
1.000000000000000082e-05 1.000000000000000082e-05 4.858025522829132039e-05 5.352627308038646476e-06 1.000000000000000082e-05
0.000000000000000000e+00 0.000000000000000000e+00 0.000000000000000000e+00 -0.000000000000000000e+00 0.000000000000000000e+00
0.000000000000000000e+00 0.000000000000000000e+00 0.000000000000000000e+00 -0.000000000000000000e+00 0.000000000000000000e+00
0.000000000000000000e+00 0.000000000000000000e+00 0.000000000000000000e+00 -0.000000000000000000e+00 0.000000000000000000e+00
1.000000000000000082e-05 1.954086267346949679e-05 1.773540757074130861e-05 1.000000000000000082e-05 1.000000000000000082e-05
1.000000000000000082e-05 1.000000000000000082e-05 1.000000000000000082e-05 1.485439523322333133e-04 1.950352853209752447e-03
1.000000000000000082e-05 1.000000000000000082e-05 1.000000000000000082e-05 2.851297731374619429e-04 1.333659475592738688e-02
1.000000000000000082e-05 1.000000000000000082e-05 1.000000000000000082e-05 1.000000000000000082e-05 3.980528799368888981e-02
1.000000000000000082e-05 1.000000000000000082e-05 1.000000000000000082e-05 1.000000000000000082e-05 8.171820719167326164e-02
3.097821555000840592e-03 1.000000000000000082e-05 2.060141333901556286e-03 1.000000000000000082e-05 1.197462778978821418e-01
1.633358634001445472e-02 1.000000000000000082e-05 2.479441586819916554e-02 1.000000000000000082e-05 1.372921826116689226e-01
3.295867464722327528e-02 1.000000000000000082e-05 5.475202049537413601e-02 1.000000000000000082e-05 1.284190754467594009e-01
5.117484067623895294e-02 1.000000000000000082e-05 8.388450122982281376e-02 1.000000000000000082e-05 1.002968363160728626e-01
6.869579099533759670e-02 1.000000000000000082e-05 1.016465326770907285e-01 1.000000000000000082e-05 6.602919973642222551e-02
8.129747363733219601e-02 1.000000000000000082e-05 1.052239016683011036e-01 1.000000000000000082e-05 3.337056428035485578e-02
9.201633114649516998e-02 1.000000000000000082e-05 9.384249557762250338e-02 1.000000000000000082e-05 8.992284477278584404e-03
9.909792524941196667e-02 1.000000000000000082e-05 6.840613198772355075e-02 1.000000000000000082e-05 1.000000000000000082e-05
9.649697322288794399e-02 1.000000000000000082e-05 3.873121991603246939e-02 1.000000000000000082e-05 1.000000000000000082e-05
8.078181557615637942e-02 1.000000000000000082e-05 1.475711828751720064e-02 2.065003897624503957e-03 1.000000000000000082e-05
5.371659804195300092e-02 1.000000000000000082e-05 1.540066833539605051e-03 5.099588061704425808e-03 7.227794225812531927e-04
2.838092033261608790e-02 1.000000000000000082e-05 1.000000000000000082e-05 4.349764567642332332e-03 1.056795616626321965e-03
1.185383593603047715e-02 1.000000000000000082e-05 1.000000000000000082e-05 2.688043025054634785e-03 6.695034735842204541e-04
3.754866687706952515e-03 1.000000000000000082e-05 1.000000000000000082e-05 1.222929650420419767e-03 8.726407853595686854e-05
9.597660590649106493e-04 1.000000000000000082e-05 1.000000000000000082e-05 5.361556584481785414e-04 1.000000000000000082e-05
1.124091363680149305e-04 1.000000000000000082e-05 8.482397997175509510e-05 2.932214421873506225e-04 1.000000000000000082e-05
1.000000000000000082e-05 1.928875609440665380e-05 1.319163022138550041e-04 9.193202345787721518e-05 1.000000000000000082e-05
1.000000000000000082e-05 1.000000000000000082e-05 3.889775342983747082e-05 1.000000000000000082e-05 4.418630220818360318e-06
0.000000000000000000e+00 0.000000000000000000e+00 0.000000000000000000e+00 -0.000000000000000000e+00 0.000000000000000000e+00
0.000000000000000000e+00 0.000000000000000000e+00 0.000000000000000000e+00 -0.000000000000000000e+00 0.000000000000000000e+00
0.000000000000000000e+00 0.000000000000000000e+00 0.000000000000000000e+00 -0.000000000000000000e+00 0.000000000000000000e+00
0.000000000000000000e+00 0.000000000000000000e+00 0.000000000000000000e+00 -0.000000000000000000e+00 0.000000000000000000e+00
0.000000000000000000e+00 0.000000000000000000e+00 0.000000000000000000e+00 -0.000000000000000000e+00 0.000000000000000000e+00
0.000000000000000000e+00 0.000000000000000000e+00 0.000000000000000000e+00 -0.000000000000000000e+00 0.000000000000000000e+00
1.000000000000000082e-05 1.445298243335627118e-04 3.363872554642236581e-05 1.000000000000000082e-05 2.235530124547882916e-04
1.000000000000000082e-05 1.000000000000000082e-05 1.000000000000000082e-05 1.000000000000000082e-05 1.487003294603696452e-03
1.498748145942662899e-04 1.000000000000000082e-05 1.000000000000000082e-05 1.000000000000000082e-05 5.607821418498005160e-03
2.067710578367981385e-04 1.000000000000000082e-05 1.000000000000000082e-05 1.000000000000000082e-05 1.312516486796322379e-02
8.695852978997889058e-04 1.000000000000000082e-05 2.496993511484842413e-04 1.000000000000000082e-05 2.367573390203458680e-02
4.204576944649054959e-03 1.000000000000000082e-05 4.639364964911392095e-03 1.000000000000000082e-05 3.339641482555859991e-02
1.000334011408062461e-02 1.000000000000000082e-05 1.250673675031568552e-02 1.000000000000000082e-05 3.692058972716617815e-02
1.767039648979701338e-02 1.000000000000000082e-05 2.041326397283910882e-02 1.000000000000000082e-05 3.127889772076762609e-02
2.631646215340129741e-02 1.000000000000000082e-05 2.588541744397278646e-02 1.000000000000000082e-05 2.024692217220803309e-02
3.324719009182286467e-02 1.000000000000000082e-05 2.555181313129345141e-02 1.000000000000000082e-05 1.109799440974323058e-02
3.607656839023425099e-02 1.000000000000000082e-05 1.956676470286720579e-02 1.000000000000000082e-05 4.210534181439786958e-03
3.371228373037259834e-02 1.000000000000000082e-05 1.156910261299074101e-02 1.000000000000000082e-05 1.686170587721179523e-03
2.694328654522645805e-02 1.000000000000000082e-05 4.575789307634556963e-03 7.582650026351060463e-05 1.120333864564840775e-03
1.749059031257828994e-02 1.000000000000000082e-05 7.285377906820988091e-04 1.030062271524523993e-03 1.075170957228147517e-03
8.336845421773262862e-03 1.000000000000000082e-05 1.000000000000000082e-05 1.475556292084545399e-03 4.678843849361007980e-04
3.452762538626488742e-03 1.000000000000000082e-05 1.000000000000000082e-05 1.176610944611511866e-03 1.503526344671172175e-04
1.099041072362151464e-03 1.000000000000000082e-05 1.000000000000000082e-05 3.702065011388022079e-04 1.338570993942670979e-04
2.633615279740586122e-04 1.000000000000000082e-05 1.000000000000000082e-05 1.823164090244026189e-05 6.806507381291353794e-05
4.483415236979626224e-05 1.000000000000000082e-05 2.499301450473585852e-05 3.852115272581751310e-05 1.000000000000000082e-05
1.000000000000000082e-05 1.000000000000000082e-05 9.328732155946962003e-05 5.027460813893503653e-05 1.000000000000000082e-05
1.000000000000000082e-05 1.000000000000000082e-05 4.981248850001552078e-05 1.000000000000000082e-05 1.789192248301010011e-05
4.803699450582530152e-07 1.000000000000000082e-05 2.889545453840924798e-05 1.000000000000000082e-05 2.876370035240675369e-05
0.000000000000000000e+00 0.000000000000000000e+00 0.000000000000000000e+00 -0.000000000000000000e+00 0.000000000000000000e+00
0.000000000000000000e+00 0.000000000000000000e+00 0.000000000000000000e+00 -0.000000000000000000e+00 0.000000000000000000e+00
0.000000000000000000e+00 0.000000000000000000e+00 0.000000000000000000e+00 -0.000000000000000000e+00 0.000000000000000000e+00
0.000000000000000000e+00 0.000000000000000000e+00 0.000000000000000000e+00 -0.000000000000000000e+00 0.000000000000000000e+00
0.000000000000000000e+00 0.000000000000000000e+00 0.000000000000000000e+00 -0.000000000000000000e+00 0.000000000000000000e+00
0.000000000000000000e+00 0.000000000000000000e+00 0.000000000000000000e+00 -0.000000000000000000e+00 0.000000000000000000e+00
0.000000000000000000e+00 0.000000000000000000e+00 0.000000000000000000e+00 -0.000000000000000000e+00 0.000000000000000000e+00
0.000000000000000000e+00 0.000000000000000000e+00 0.000000000000000000e+00 -0.000000000000000000e+00 0.000000000000000000e+00
1.901198520919331522e-05 1.619015822130851489e-07 1.000000000000000082e-05 1.000000000000000082e-05 5.957959813733462960e-06
1.179685847823501270e-04 1.208417601015235356e-05 1.000000000000000082e-05 1.000000000000000082e-05 3.862699155066140792e-05
9.718079241232765065e-05 5.941580354856943244e-05 1.000000000000000082e-05 6.656256653050699986e-05 9.020777736999970986e-05
2.071230506117726960e-04 6.635243920109161041e-05 1.766130549338654784e-05 5.706686837017722994e-05 2.429083113633550065e-04
4.182853817227446787e-04 5.096405276024676211e-05 9.054571991300934108e-06 8.180031278477466661e-05 3.198030236076895481e-04
5.849215008218134563e-04 2.446767165327683741e-05 1.000000000000000082e-05 2.197498771231341742e-04 2.943397109095565530e-04
4.263754815990926329e-04 7.342851359687369147e-05 7.557737305500812066e-05 1.164611214719331474e-04 1.904076747421964099e-04
1.405560053413362743e-04 2.506011971596400494e-04 1.903791356632475505e-04 2.475761014287213273e-04 1.000000000000000082e-05
1.485511937986791118e-04 1.034961163848363656e-04 1.612202460607031220e-04 1.323610572880230688e-04 1.000000000000000082e-05
1.747463605592406235e-04 8.392689531488731441e-05 6.735288499372937018e-05 1.000000000000000082e-05 1.000000000000000082e-05
1.813287614399879621e-04 1.645748243058074906e-04 2.957227808981571242e-05 1.000000000000000082e-05 1.000000000000000082e-05
1.298039606638552181e-04 1.925678268409624527e-05 1.000000000000000082e-05 1.000000000000000082e-05 2.861689775853002419e-05
2.661677929287060133e-05 2.266622150982689847e-07 1.000000000000000082e-05 1.000000000000000082e-05 8.341143739226903201e-06
0.000000000000000000e+00 0.000000000000000000e+00 0.000000000000000000e+00 -0.000000000000000000e+00 0.000000000000000000e+00
0.000000000000000000e+00 0.000000000000000000e+00 0.000000000000000000e+00 -0.000000000000000000e+00 0.000000000000000000e+00
0.000000000000000000e+00 0.000000000000000000e+00 0.000000000000000000e+00 -0.000000000000000000e+00 0.000000000000000000e+00
0.000000000000000000e+00 0.000000000000000000e+00 0.000000000000000000e+00 -0.000000000000000000e+00 0.000000000000000000e+00
0.000000000000000000e+00 0.000000000000000000e+00 0.000000000000000000e+00 -0.000000000000000000e+00 0.000000000000000000e+00
0.000000000000000000e+00 0.000000000000000000e+00 0.000000000000000000e+00 -0.000000000000000000e+00 0.000000000000000000e+00
0.000000000000000000e+00 0.000000000000000000e+00 0.000000000000000000e+00 -0.000000000000000000e+00 0.000000000000000000e+00
0.000000000000000000e+00 0.000000000000000000e+00 0.000000000000000000e+00 -0.000000000000000000e+00 0.000000000000000000e+00
0.000000000000000000e+00 0.000000000000000000e+00 0.000000000000000000e+00 -0.000000000000000000e+00 0.000000000000000000e+00
0.000000000000000000e+00 0.000000000000000000e+00 0.000000000000000000e+00 -0.000000000000000000e+00 0.000000000000000000e+00
0.000000000000000000e+00 0.000000000000000000e+00 0.000000000000000000e+00 -0.000000000000000000e+00 0.000000000000000000e+00
0.000000000000000000e+00 0.000000000000000000e+00 0.000000000000000000e+00 -0.000000000000000000e+00 0.000000000000000000e+00
0.000000000000000000e+00 0.000000000000000000e+00 0.000000000000000000e+00 -0.000000000000000000e+00 0.000000000000000000e+00
0.000000000000000000e+00 0.000000000000000000e+00 0.000000000000000000e+00 -0.000000000000000000e+00 0.000000000000000000e+00
0.000000000000000000e+00 0.000000000000000000e+00 0.000000000000000000e+00 -0.000000000000000000e+00 0.000000000000000000e+00
0.000000000000000000e+00 0.000000000000000000e+00 0.000000000000000000e+00 -0.000000000000000000e+00 0.000000000000000000e+00
0.000000000000000000e+00 0.000000000000000000e+00 0.000000000000000000e+00 -0.000000000000000000e+00 0.000000000000000000e+00
0.000000000000000000e+00 0.000000000000000000e+00 0.000000000000000000e+00 -0.000000000000000000e+00 0.000000000000000000e+00
0.000000000000000000e+00 0.000000000000000000e+00 0.000000000000000000e+00 -0.000000000000000000e+00 0.000000000000000000e+00
0.000000000000000000e+00 0.000000000000000000e+00 0.000000000000000000e+00 -0.000000000000000000e+00 0.000000000000000000e+00
0.000000000000000000e+00 0.000000000000000000e+00 0.000000000000000000e+00 -0.000000000000000000e+00 0.000000000000000000e+00
0.000000000000000000e+00 0.000000000000000000e+00 0.000000000000000000e+00 -0.000000000000000000e+00 0.000000000000000000e+00
0.000000000000000000e+00 0.000000000000000000e+00 0.000000000000000000e+00 -0.000000000000000000e+00 0.000000000000000000e+00
0.000000000000000000e+00 0.000000000000000000e+00 0.000000000000000000e+00 -0.000000000000000000e+00 0.000000000000000000e+00
0.000000000000000000e+00 0.000000000000000000e+00 0.000000000000000000e+00 -0.000000000000000000e+00 0.000000000000000000e+00
0.000000000000000000e+00 0.000000000000000000e+00 0.000000000000000000e+00 -0.000000000000000000e+00 0.000000000000000000e+00
0.000000000000000000e+00 0.000000000000000000e+00 0.000000000000000000e+00 -0.000000000000000000e+00 0.000000000000000000e+00
0.000000000000000000e+00 0.000000000000000000e+00 0.000000000000000000e+00 -0.000000000000000000e+00 0.000000000000000000e+00
0.000000000000000000e+00 0.000000000000000000e+00 0.000000000000000000e+00 -0.000000000000000000e+00 0.000000000000000000e+00
0.000000000000000000e+00 0.000000000000000000e+00 0.000000000000000000e+00 -0.000000000000000000e+00 0.000000000000000000e+00
0.000000000000000000e+00 0.000000000000000000e+00 0.000000000000000000e+00 -0.000000000000000000e+00 0.000000000000000000e+00
0.000000000000000000e+00 0.000000000000000000e+00 0.000000000000000000e+00 -0.000000000000000000e+00 0.000000000000000000e+00
0.000000000000000000e+00 0.000000000000000000e+00 0.000000000000000000e+00 -0.000000000000000000e+00 0.000000000000000000e+00
0.000000000000000000e+00 0.000000000000000000e+00 0.000000000000000000e+00 -0.000000000000000000e+00 0.000000000000000000e+00
0.000000000000000000e+00 0.000000000000000000e+00 0.000000000000000000e+00 -0.000000000000000000e+00 0.000000000000000000e+00
0.000000000000000000e+00 0.000000000000000000e+00 0.000000000000000000e+00 -0.000000000000000000e+00 0.000000000000000000e+00
0.000000000000000000e+00 0.000000000000000000e+00 0.000000000000000000e+00 -0.000000000000000000e+00 0.000000000000000000e+00
0.000000000000000000e+00 0.000000000000000000e+00 0.000000000000000000e+00 -0.000000000000000000e+00 0.000000000000000000e+00
0.000000000000000000e+00 0.000000000000000000e+00 0.000000000000000000e+00 -0.000000000000000000e+00 0.000000000000000000e+00
0.000000000000000000e+00 0.000000000000000000e+00 0.000000000000000000e+00 -0.000000000000000000e+00 0.000000000000000000e+00
0.000000000000000000e+00 0.000000000000000000e+00 0.000000000000000000e+00 -0.000000000000000000e+00 0.000000000000000000e+00
0.000000000000000000e+00 0.000000000000000000e+00 0.000000000000000000e+00 -0.000000000000000000e+00 0.000000000000000000e+00
0.000000000000000000e+00 0.000000000000000000e+00 0.000000000000000000e+00 -0.000000000000000000e+00 0.000000000000000000e+00
0.000000000000000000e+00 0.000000000000000000e+00 0.000000000000000000e+00 -0.000000000000000000e+00 0.000000000000000000e+00
0.000000000000000000e+00 0.000000000000000000e+00 0.000000000000000000e+00 -0.000000000000000000e+00 0.000000000000000000e+00
0.000000000000000000e+00 0.000000000000000000e+00 0.000000000000000000e+00 -0.000000000000000000e+00 0.000000000000000000e+00
0.000000000000000000e+00 0.000000000000000000e+00 0.000000000000000000e+00 -0.000000000000000000e+00 0.000000000000000000e+00
0.000000000000000000e+00 0.000000000000000000e+00 0.000000000000000000e+00 -0.000000000000000000e+00 0.000000000000000000e+00
0.000000000000000000e+00 0.000000000000000000e+00 0.000000000000000000e+00 -0.000000000000000000e+00 0.000000000000000000e+00
0.000000000000000000e+00 0.000000000000000000e+00 0.000000000000000000e+00 -0.000000000000000000e+00 0.000000000000000000e+00
0.000000000000000000e+00 0.000000000000000000e+00 0.000000000000000000e+00 -0.000000000000000000e+00 0.000000000000000000e+00
0.000000000000000000e+00 0.000000000000000000e+00 0.000000000000000000e+00 -0.000000000000000000e+00 0.000000000000000000e+00
0.000000000000000000e+00 0.000000000000000000e+00 0.000000000000000000e+00 -0.000000000000000000e+00 0.000000000000000000e+00
0.000000000000000000e+00 0.000000000000000000e+00 0.000000000000000000e+00 -0.000000000000000000e+00 0.000000000000000000e+00
0.000000000000000000e+00 0.000000000000000000e+00 0.000000000000000000e+00 -0.000000000000000000e+00 0.000000000000000000e+00
0.000000000000000000e+00 0.000000000000000000e+00 0.000000000000000000e+00 -0.000000000000000000e+00 0.000000000000000000e+00
0.000000000000000000e+00 0.000000000000000000e+00 0.000000000000000000e+00 -0.000000000000000000e+00 0.000000000000000000e+00
0.000000000000000000e+00 0.000000000000000000e+00 0.000000000000000000e+00 -0.000000000000000000e+00 0.000000000000000000e+00
0.000000000000000000e+00 0.000000000000000000e+00 0.000000000000000000e+00 -0.000000000000000000e+00 0.000000000000000000e+00
0.000000000000000000e+00 0.000000000000000000e+00 0.000000000000000000e+00 -0.000000000000000000e+00 0.000000000000000000e+00
0.000000000000000000e+00 0.000000000000000000e+00 0.000000000000000000e+00 -0.000000000000000000e+00 0.000000000000000000e+00
0.000000000000000000e+00 0.000000000000000000e+00 0.000000000000000000e+00 -0.000000000000000000e+00 0.000000000000000000e+00
0.000000000000000000e+00 0.000000000000000000e+00 0.000000000000000000e+00 -0.000000000000000000e+00 0.000000000000000000e+00
0.000000000000000000e+00 0.000000000000000000e+00 0.000000000000000000e+00 -0.000000000000000000e+00 0.000000000000000000e+00
0.000000000000000000e+00 0.000000000000000000e+00 0.000000000000000000e+00 -0.000000000000000000e+00 0.000000000000000000e+00
