0.000000000000000000e+00 0.000000000000000000e+00 -0.000000000000000000e+00 -0.000000000000000000e+00 0.000000000000000000e+00
0.000000000000000000e+00 0.000000000000000000e+00 -0.000000000000000000e+00 -0.000000000000000000e+00 0.000000000000000000e+00
0.000000000000000000e+00 0.000000000000000000e+00 -0.000000000000000000e+00 -0.000000000000000000e+00 0.000000000000000000e+00
0.000000000000000000e+00 0.000000000000000000e+00 -0.000000000000000000e+00 0.000000000000000000e+00 0.000000000000000000e+00
0.000000000000000000e+00 0.000000000000000000e+00 -0.000000000000000000e+00 0.000000000000000000e+00 -0.000000000000000000e+00
0.000000000000000000e+00 0.000000000000000000e+00 -0.000000000000000000e+00 0.000000000000000000e+00 -0.000000000000000000e+00
0.000000000000000000e+00 0.000000000000000000e+00 -0.000000000000000000e+00 0.000000000000000000e+00 -0.000000000000000000e+00
0.000000000000000000e+00 0.000000000000000000e+00 -0.000000000000000000e+00 0.000000000000000000e+00 -0.000000000000000000e+00
0.000000000000000000e+00 0.000000000000000000e+00 -0.000000000000000000e+00 0.000000000000000000e+00 -0.000000000000000000e+00
0.000000000000000000e+00 0.000000000000000000e+00 -0.000000000000000000e+00 0.000000000000000000e+00 -0.000000000000000000e+00
0.000000000000000000e+00 0.000000000000000000e+00 -0.000000000000000000e+00 0.000000000000000000e+00 -0.000000000000000000e+00
0.000000000000000000e+00 0.000000000000000000e+00 -0.000000000000000000e+00 0.000000000000000000e+00 -0.000000000000000000e+00
0.000000000000000000e+00 0.000000000000000000e+00 -0.000000000000000000e+00 0.000000000000000000e+00 -0.000000000000000000e+00
0.000000000000000000e+00 0.000000000000000000e+00 -0.000000000000000000e+00 0.000000000000000000e+00 -0.000000000000000000e+00
0.000000000000000000e+00 0.000000000000000000e+00 -0.000000000000000000e+00 0.000000000000000000e+00 -0.000000000000000000e+00
0.000000000000000000e+00 0.000000000000000000e+00 -0.000000000000000000e+00 0.000000000000000000e+00 -0.000000000000000000e+00
0.000000000000000000e+00 0.000000000000000000e+00 -0.000000000000000000e+00 0.000000000000000000e+00 -0.000000000000000000e+00
0.000000000000000000e+00 0.000000000000000000e+00 -0.000000000000000000e+00 0.000000000000000000e+00 -0.000000000000000000e+00
0.000000000000000000e+00 0.000000000000000000e+00 -0.000000000000000000e+00 0.000000000000000000e+00 -0.000000000000000000e+00
0.000000000000000000e+00 0.000000000000000000e+00 -0.000000000000000000e+00 0.000000000000000000e+00 -0.000000000000000000e+00
0.000000000000000000e+00 0.000000000000000000e+00 -0.000000000000000000e+00 0.000000000000000000e+00 -0.000000000000000000e+00
0.000000000000000000e+00 0.000000000000000000e+00 -0.000000000000000000e+00 0.000000000000000000e+00 -0.000000000000000000e+00
0.000000000000000000e+00 0.000000000000000000e+00 -0.000000000000000000e+00 0.000000000000000000e+00 -0.000000000000000000e+00
0.000000000000000000e+00 0.000000000000000000e+00 -0.000000000000000000e+00 0.000000000000000000e+00 -0.000000000000000000e+00
0.000000000000000000e+00 0.000000000000000000e+00 -0.000000000000000000e+00 0.000000000000000000e+00 -0.000000000000000000e+00
0.000000000000000000e+00 0.000000000000000000e+00 -0.000000000000000000e+00 0.000000000000000000e+00 -0.000000000000000000e+00
0.000000000000000000e+00 0.000000000000000000e+00 -0.000000000000000000e+00 0.000000000000000000e+00 -0.000000000000000000e+00
0.000000000000000000e+00 0.000000000000000000e+00 -0.000000000000000000e+00 0.000000000000000000e+00 -0.000000000000000000e+00
0.000000000000000000e+00 0.000000000000000000e+00 -0.000000000000000000e+00 0.000000000000000000e+00 -0.000000000000000000e+00
0.000000000000000000e+00 0.000000000000000000e+00 -0.000000000000000000e+00 0.000000000000000000e+00 -0.000000000000000000e+00
0.000000000000000000e+00 0.000000000000000000e+00 -0.000000000000000000e+00 0.000000000000000000e+00 -0.000000000000000000e+00
0.000000000000000000e+00 0.000000000000000000e+00 -0.000000000000000000e+00 0.000000000000000000e+00 -0.000000000000000000e+00
0.000000000000000000e+00 0.000000000000000000e+00 -0.000000000000000000e+00 0.000000000000000000e+00 -0.000000000000000000e+00
0.000000000000000000e+00 0.000000000000000000e+00 -0.000000000000000000e+00 0.000000000000000000e+00 -0.000000000000000000e+00
0.000000000000000000e+00 0.000000000000000000e+00 -0.000000000000000000e+00 0.000000000000000000e+00 -0.000000000000000000e+00
0.000000000000000000e+00 0.000000000000000000e+00 -0.000000000000000000e+00 0.000000000000000000e+00 -0.000000000000000000e+00
0.000000000000000000e+00 0.000000000000000000e+00 -0.000000000000000000e+00 0.000000000000000000e+00 -0.000000000000000000e+00
0.000000000000000000e+00 0.000000000000000000e+00 -0.000000000000000000e+00 0.000000000000000000e+00 -0.000000000000000000e+00
0.000000000000000000e+00 0.000000000000000000e+00 -0.000000000000000000e+00 0.000000000000000000e+00 -0.000000000000000000e+00
0.000000000000000000e+00 0.000000000000000000e+00 -0.000000000000000000e+00 0.000000000000000000e+00 -0.000000000000000000e+00
0.000000000000000000e+00 0.000000000000000000e+00 -0.000000000000000000e+00 0.000000000000000000e+00 -0.000000000000000000e+00
0.000000000000000000e+00 0.000000000000000000e+00 -0.000000000000000000e+00 0.000000000000000000e+00 -0.000000000000000000e+00
0.000000000000000000e+00 0.000000000000000000e+00 -0.000000000000000000e+00 0.000000000000000000e+00 -0.000000000000000000e+00
2.394283555236370316e-05 1.000000000000000082e-05 1.288136567735102055e-05 1.000000000000000082e-05 6.610977171104923285e-04
6.544375050979418069e-05 1.000000000000000082e-05 3.520906618475944962e-05 1.000000000000000082e-05 1.807000426768678785e-03
3.112568621807288187e-05 1.000000000000000082e-05 1.674577538055636839e-05 1.000000000000000082e-05 8.594270322436416316e-04
0.000000000000000000e+00 0.000000000000000000e+00 -0.000000000000000000e+00 0.000000000000000000e+00 -0.000000000000000000e+00
0.000000000000000000e+00 0.000000000000000000e+00 -0.000000000000000000e+00 0.000000000000000000e+00 -0.000000000000000000e+00
0.000000000000000000e+00 0.000000000000000000e+00 -0.000000000000000000e+00 0.000000000000000000e+00 -0.000000000000000000e+00
0.000000000000000000e+00 0.000000000000000000e+00 -0.000000000000000000e+00 0.000000000000000000e+00 -0.000000000000000000e+00
0.000000000000000000e+00 0.000000000000000000e+00 -0.000000000000000000e+00 0.000000000000000000e+00 -0.000000000000000000e+00
0.000000000000000000e+00 0.000000000000000000e+00 -0.000000000000000000e+00 0.000000000000000000e+00 -0.000000000000000000e+00
0.000000000000000000e+00 0.000000000000000000e+00 -0.000000000000000000e+00 0.000000000000000000e+00 -0.000000000000000000e+00
0.000000000000000000e+00 0.000000000000000000e+00 -0.000000000000000000e+00 0.000000000000000000e+00 -0.000000000000000000e+00
0.000000000000000000e+00 0.000000000000000000e+00 -0.000000000000000000e+00 0.000000000000000000e+00 -0.000000000000000000e+00
0.000000000000000000e+00 0.000000000000000000e+00 -0.000000000000000000e+00 0.000000000000000000e+00 -0.000000000000000000e+00
0.000000000000000000e+00 0.000000000000000000e+00 -0.000000000000000000e+00 0.000000000000000000e+00 -0.000000000000000000e+00
0.000000000000000000e+00 0.000000000000000000e+00 -0.000000000000000000e+00 0.000000000000000000e+00 -0.000000000000000000e+00
0.000000000000000000e+00 0.000000000000000000e+00 -0.000000000000000000e+00 0.000000000000000000e+00 -0.000000000000000000e+00
0.000000000000000000e+00 0.000000000000000000e+00 -0.000000000000000000e+00 0.000000000000000000e+00 -0.000000000000000000e+00
0.000000000000000000e+00 0.000000000000000000e+00 -0.000000000000000000e+00 0.000000000000000000e+00 -0.000000000000000000e+00
0.000000000000000000e+00 0.000000000000000000e+00 -0.000000000000000000e+00 0.000000000000000000e+00 -0.000000000000000000e+00
0.000000000000000000e+00 0.000000000000000000e+00 -0.000000000000000000e+00 0.000000000000000000e+00 -0.000000000000000000e+00
0.000000000000000000e+00 0.000000000000000000e+00 -0.000000000000000000e+00 0.000000000000000000e+00 -0.000000000000000000e+00
0.000000000000000000e+00 0.000000000000000000e+00 -0.000000000000000000e+00 0.000000000000000000e+00 -0.000000000000000000e+00
0.000000000000000000e+00 0.000000000000000000e+00 -0.000000000000000000e+00 0.000000000000000000e+00 -0.000000000000000000e+00
0.000000000000000000e+00 0.000000000000000000e+00 -0.000000000000000000e+00 0.000000000000000000e+00 -0.000000000000000000e+00
0.000000000000000000e+00 0.000000000000000000e+00 -0.000000000000000000e+00 0.000000000000000000e+00 -0.000000000000000000e+00
0.000000000000000000e+00 0.000000000000000000e+00 -0.000000000000000000e+00 0.000000000000000000e+00 -0.000000000000000000e+00
0.000000000000000000e+00 0.000000000000000000e+00 -0.000000000000000000e+00 0.000000000000000000e+00 -0.000000000000000000e+00
0.000000000000000000e+00 0.000000000000000000e+00 -0.000000000000000000e+00 0.000000000000000000e+00 -0.000000000000000000e+00
0.000000000000000000e+00 0.000000000000000000e+00 -0.000000000000000000e+00 0.000000000000000000e+00 -0.000000000000000000e+00
1.197141777618185158e-05 1.000000000000000082e-05 6.440682838675510275e-06 1.000000000000000082e-05 3.305488585552461642e-04
5.320630122747490414e-07 1.000000000000000082e-05 2.862525706078019554e-07 1.000000000000000082e-05 1.469106038023320818e-05
0.000000000000000000e+00 0.000000000000000000e+00 -0.000000000000000000e+00 0.000000000000000000e+00 -0.000000000000000000e+00
0.000000000000000000e+00 0.000000000000000000e+00 -0.000000000000000000e+00 0.000000000000000000e+00 -0.000000000000000000e+00
0.000000000000000000e+00 0.000000000000000000e+00 -0.000000000000000000e+00 0.000000000000000000e+00 -0.000000000000000000e+00
0.000000000000000000e+00 0.000000000000000000e+00 -0.000000000000000000e+00 0.000000000000000000e+00 -0.000000000000000000e+00
0.000000000000000000e+00 0.000000000000000000e+00 -0.000000000000000000e+00 0.000000000000000000e+00 -0.000000000000000000e+00
0.000000000000000000e+00 0.000000000000000000e+00 -0.000000000000000000e+00 0.000000000000000000e+00 -0.000000000000000000e+00
0.000000000000000000e+00 0.000000000000000000e+00 -0.000000000000000000e+00 0.000000000000000000e+00 -0.000000000000000000e+00
0.000000000000000000e+00 0.000000000000000000e+00 -0.000000000000000000e+00 0.000000000000000000e+00 -0.000000000000000000e+00
0.000000000000000000e+00 0.000000000000000000e+00 -0.000000000000000000e+00 0.000000000000000000e+00 -0.000000000000000000e+00
0.000000000000000000e+00 0.000000000000000000e+00 -0.000000000000000000e+00 0.000000000000000000e+00 -0.000000000000000000e+00
0.000000000000000000e+00 0.000000000000000000e+00 -0.000000000000000000e+00 0.000000000000000000e+00 -0.000000000000000000e+00
0.000000000000000000e+00 0.000000000000000000e+00 -0.000000000000000000e+00 0.000000000000000000e+00 -0.000000000000000000e+00
0.000000000000000000e+00 0.000000000000000000e+00 -0.000000000000000000e+00 0.000000000000000000e+00 -0.000000000000000000e+00
0.000000000000000000e+00 0.000000000000000000e+00 -0.000000000000000000e+00 0.000000000000000000e+00 -0.000000000000000000e+00
1.161277925783639096e-04 1.000000000000000082e-05 1.000000000000000082e-05 1.993728148809809043e-04 1.000000000000000082e-05
3.060451200242301530e-04 1.000000000000000082e-05 1.000000000000000082e-05 5.254304392175862537e-04 1.000000000000000082e-05
3.060451200242301530e-04 1.000000000000000082e-05 1.000000000000000082e-05 5.254304392175862537e-04 1.000000000000000082e-05
1.100794700482407286e-04 1.000000000000000082e-05 1.000000000000000082e-05 1.889888141059292226e-04 1.000000000000000082e-05
0.000000000000000000e+00 0.000000000000000000e+00 -0.000000000000000000e+00 0.000000000000000000e+00 -0.000000000000000000e+00
4.262292303606548828e-06 1.000000000000000082e-05 6.453676429712178188e-06 1.000000000000000082e-05 1.499147720842471319e-06
1.853383238431947802e-04 1.000000000000000082e-05 3.364596328417477538e-04 1.000000000000000082e-05 6.236669135425768876e-05
7.951502926955558367e-04 1.000000000000000082e-05 9.033872920268803952e-04 2.821406820918905163e-04 1.000000000000000082e-05
2.006653353532614811e-03 1.000000000000000082e-05 1.680603212603146591e-03 1.410977733681033569e-03 3.584467782804630695e-05
3.691207334338767344e-03 1.000000000000000082e-05 2.060989877986924533e-03 2.280213926582460183e-03 8.915638121593465583e-04
3.740636514570946057e-03 1.000000000000000082e-05 5.334578628981821464e-04 3.244278337808572527e-03 1.000000000000000082e-05
4.017287145693078723e-03 1.000000000000000082e-05 1.000000000000000082e-05 3.788386765245600318e-03 8.763111581024864583e-04
3.556163682132092337e-03 1.000000000000000082e-05 1.000000000000000082e-05 2.073685380065108750e-03 1.960671978229880982e-03
2.626967179751863151e-03 1.000000000000000082e-05 1.000000000000000082e-05 9.604845646667686939e-04 3.452009913642137447e-03
4.958942772293249788e-04 1.436416207126813135e-03 1.000000000000000082e-05 1.000000000000000082e-05 3.385554880590692199e-03
1.000000000000000082e-05 2.517173272896600436e-03 1.000000000000000082e-05 1.000000000000000082e-05 3.276430195480623322e-03
1.000000000000000082e-05 1.417652207442547663e-03 1.000000000000000082e-05 1.000000000000000082e-05 1.333188319084482702e-03
1.000000000000000082e-05 2.000465790777652606e-04 1.000000000000000082e-05 1.000000000000000082e-05 7.314451917447065664e-05
0.000000000000000000e+00 0.000000000000000000e+00 -0.000000000000000000e+00 0.000000000000000000e+00 -0.000000000000000000e+00
0.000000000000000000e+00 0.000000000000000000e+00 -0.000000000000000000e+00 0.000000000000000000e+00 -0.000000000000000000e+00
0.000000000000000000e+00 0.000000000000000000e+00 -0.000000000000000000e+00 0.000000000000000000e+00 -0.000000000000000000e+00
0.000000000000000000e+00 0.000000000000000000e+00 -0.000000000000000000e+00 0.000000000000000000e+00 -0.000000000000000000e+00
0.000000000000000000e+00 0.000000000000000000e+00 -0.000000000000000000e+00 0.000000000000000000e+00 -0.000000000000000000e+00
0.000000000000000000e+00 0.000000000000000000e+00 -0.000000000000000000e+00 0.000000000000000000e+00 -0.000000000000000000e+00
0.000000000000000000e+00 0.000000000000000000e+00 -0.000000000000000000e+00 0.000000000000000000e+00 -0.000000000000000000e+00
0.000000000000000000e+00 0.000000000000000000e+00 -0.000000000000000000e+00 0.000000000000000000e+00 -0.000000000000000000e+00
0.000000000000000000e+00 0.000000000000000000e+00 -0.000000000000000000e+00 0.000000000000000000e+00 -0.000000000000000000e+00
0.000000000000000000e+00 0.000000000000000000e+00 -0.000000000000000000e+00 0.000000000000000000e+00 -0.000000000000000000e+00
2.280640483307814719e-05 9.432937558719696122e-05 1.153993668748650798e-04 1.288645625691695713e-04 1.000000000000000082e-05
7.310930229681761772e-05 1.000000000000000082e-05 1.239424748531411121e-05 1.527502364040570827e-04 1.000000000000000082e-05
1.028801628833965400e-04 1.000000000000000082e-05 1.000000000000000082e-05 1.531781871027543132e-04 1.000000000000000082e-05
2.081457686561384612e-04 1.000000000000000082e-05 2.722048136805377814e-04 2.263081666773495912e-04 5.338176392320816843e-05
2.665406985839678601e-04 1.000000000000000082e-05 1.295250028546408036e-03 3.579499487043705263e-04 6.155374843172513278e-04
1.000000000000000082e-05 1.000000000000000082e-05 5.904760057404615133e-03 3.968315168761407338e-04 5.208239994375710169e-04
1.292827540595513857e-04 1.000000000000000082e-05 1.523070672429271272e-02 1.233988597393413699e-03 2.184047131605255498e-03
5.663208717552640982e-05 1.000000000000000082e-05 2.736290916556365430e-02 5.635313175122797641e-03 9.036971008051116177e-04
1.000000000000000082e-05 1.000000000000000082e-05 4.148323044867667508e-02 1.719294687936377339e-02 1.884698188013629811e-03
1.168622554855278713e-03 1.000000000000000082e-05 4.166378481891315488e-02 3.710258450126961011e-02 2.494193153778880706e-03
1.985272465051277167e-03 1.000000000000000082e-05 3.232927026077745541e-02 5.609455645361314385e-02 3.352704205757214839e-03
3.290148536055284047e-03 1.000000000000000082e-05 1.705584963247037608e-02 6.522223068255693368e-02 6.013194015518913763e-03
2.067198350346074326e-03 1.275002135689837050e-02 3.327779822865893373e-03 5.681765453224180834e-02 6.125822533915081802e-03
1.014059575531481728e-03 4.126768157055044073e-02 1.000000000000000082e-05 3.632345509055606020e-02 8.828021130875555317e-03
1.163098055231916747e-04 5.673299438883921270e-02 1.000000000000000082e-05 1.596034901360978558e-02 6.664483538067393284e-03
1.000000000000000082e-05 5.970368012246043271e-02 1.000000000000000082e-05 4.332220277041797505e-04 5.657417046565913973e-03
1.000000000000000082e-05 4.754941290018074862e-02 1.000000000000000082e-05 1.000000000000000082e-05 5.229820939871405137e-03
1.000000000000000082e-05 2.831976415196908389e-02 1.000000000000000082e-05 1.000000000000000082e-05 3.735017746370204120e-03
1.000000000000000082e-05 1.142037453278231703e-02 1.000000000000000082e-05 1.000000000000000082e-05 2.351878303186903923e-03
1.000000000000000082e-05 3.400095978216795441e-03 1.000000000000000082e-05 1.000000000000000082e-05 7.448497582262591328e-04
1.000000000000000082e-05 6.641567806011670948e-04 1.000000000000000082e-05 1.000000000000000082e-05 1.315133568117909284e-04
0.000000000000000000e+00 0.000000000000000000e+00 -0.000000000000000000e+00 0.000000000000000000e+00 -0.000000000000000000e+00
0.000000000000000000e+00 0.000000000000000000e+00 -0.000000000000000000e+00 0.000000000000000000e+00 -0.000000000000000000e+00
0.000000000000000000e+00 0.000000000000000000e+00 -0.000000000000000000e+00 0.000000000000000000e+00 -0.000000000000000000e+00
0.000000000000000000e+00 0.000000000000000000e+00 -0.000000000000000000e+00 0.000000000000000000e+00 -0.000000000000000000e+00
0.000000000000000000e+00 0.000000000000000000e+00 -0.000000000000000000e+00 0.000000000000000000e+00 -0.000000000000000000e+00
0.000000000000000000e+00 0.000000000000000000e+00 -0.000000000000000000e+00 0.000000000000000000e+00 -0.000000000000000000e+00
1.000000000000000082e-05 1.224073499735839896e-04 4.492454809945766123e-06 1.000000000000000082e-05 1.540178147738560424e-05
0.000000000000000000e+00 0.000000000000000000e+00 -0.000000000000000000e+00 0.000000000000000000e+00 -0.000000000000000000e+00
0.000000000000000000e+00 0.000000000000000000e+00 -0.000000000000000000e+00 0.000000000000000000e+00 -0.000000000000000000e+00
3.409879197116894766e-05 1.000000000000000082e-05 2.276902241879989318e-04 3.300833812379079323e-05 1.000000000000000082e-05
1.654916227999137510e-04 1.000000000000000082e-05 2.530829989642952287e-03 1.267121039540991968e-04 7.524055695945761936e-04
1.000000000000000082e-05 1.000000000000000082e-05 8.666394499686817104e-03 1.000000000000000082e-05 1.640781480024395677e-03
1.000000000000000082e-05 1.000000000000000082e-05 2.569933186194707508e-02 4.699099076933261178e-04 2.662352298336088247e-03
1.000000000000000082e-05 1.000000000000000082e-05 5.323394813076672005e-02 5.075454556835988854e-03 2.567911589718208272e-03
1.000000000000000082e-05 1.000000000000000082e-05 8.057705434179922299e-02 2.189492267434766173e-02 1.000000000000000082e-05
1.000000000000000082e-05 1.000000000000000082e-05 8.978432737515378015e-02 5.224031117954469616e-02 1.000000000000000082e-05
2.220154489943764169e-03 1.000000000000000082e-05 8.872361737468972831e-02 8.580338331513694128e-02 5.266305999459948385e-04
2.347587371950063569e-03 1.000000000000000082e-05 7.662652320689912477e-02 1.084852810478707796e-01 4.417957296546025717e-03
1.000000000000000082e-05 2.142385474125969858e-02 6.111506943913105200e-02 1.123124908165050728e-01 4.944301774949699801e-03
1.000000000000000082e-05 6.520602366980489395e-02 4.070433756229186600e-02 9.944630303812238004e-02 6.445108875768637904e-03
1.000000000000000082e-05 1.052557011588886454e-01 2.126347015583800529e-02 7.144842952043013729e-02 3.738730248437898297e-03
1.000000000000000082e-05 1.276351802439184557e-01 6.173545950652964236e-03 3.797496318794318232e-02 1.342946287279091384e-03
1.000000000000000082e-05 1.274218287441701292e-01 1.000000000000000082e-05 8.940853780239651008e-03 1.000000000000000082e-05
1.734397807441892580e-03 1.026515719528849346e-01 1.000000000000000082e-05 1.000000000000000082e-05 1.000000000000000082e-05
3.231174936219541414e-03 6.637917170723843518e-02 1.000000000000000082e-05 1.000000000000000082e-05 1.000000000000000082e-05
5.081797086472335245e-03 2.974420772407849675e-02 1.000000000000000082e-05 1.000000000000000082e-05 1.000000000000000082e-05
1.869649315004619098e-03 9.664489738332119467e-03 1.000000000000000082e-05 1.000000000000000082e-05 1.564764383752914817e-04
1.000000000000000082e-05 1.519949274387633964e-03 1.000000000000000082e-05 1.000000000000000082e-05 2.731475129667609793e-04
0.000000000000000000e+00 0.000000000000000000e+00 -0.000000000000000000e+00 0.000000000000000000e+00 -0.000000000000000000e+00
0.000000000000000000e+00 0.000000000000000000e+00 -0.000000000000000000e+00 0.000000000000000000e+00 -0.000000000000000000e+00
0.000000000000000000e+00 0.000000000000000000e+00 -0.000000000000000000e+00 0.000000000000000000e+00 -0.000000000000000000e+00
0.000000000000000000e+00 0.000000000000000000e+00 -0.000000000000000000e+00 0.000000000000000000e+00 -0.000000000000000000e+00
0.000000000000000000e+00 0.000000000000000000e+00 -0.000000000000000000e+00 0.000000000000000000e+00 -0.000000000000000000e+00
0.000000000000000000e+00 0.000000000000000000e+00 -0.000000000000000000e+00 0.000000000000000000e+00 -0.000000000000000000e+00
0.000000000000000000e+00 0.000000000000000000e+00 -0.000000000000000000e+00 0.000000000000000000e+00 -0.000000000000000000e+00
1.000000000000000082e-05 8.663741691909250195e-05 1.104983784728336783e-04 1.000000000000000082e-05 2.497019134354886111e-04
1.000000000000000082e-05 1.938687887414531196e-05 6.432783734536616071e-04 1.000000000000000082e-05 5.566460314653995638e-05
1.000000000000000082e-05 1.000000000000000082e-05 2.500030941321672827e-03 1.000000000000000082e-05 5.395541761015777964e-04
1.000000000000000082e-05 1.000000000000000082e-05 6.435111873467991815e-03 1.000000000000000082e-05 1.055739272747839054e-03
1.000000000000000082e-05 1.000000000000000082e-05 2.595801917190715749e-02 1.000000000000000082e-05 2.613319761912321227e-03
1.000000000000000082e-05 1.000000000000000082e-05 6.603355970377385031e-02 5.698322416807613837e-04 5.556408255163633805e-03
1.000000000000000082e-05 1.000000000000000082e-05 1.035203209177267686e-01 1.689458728005094681e-02 1.908813817059470518e-03
5.379653704314091289e-03 1.000000000000000082e-05 1.153814983062241423e-01 5.360237250492447952e-02 1.000000000000000082e-05
1.631760903622580389e-02 1.000000000000000082e-05 1.056251407112921148e-01 9.032170659570000482e-02 1.000000000000000082e-05
2.601176370898590148e-02 1.000000000000000082e-05 8.896022547173422501e-02 1.116450703115375725e-01 1.000000000000000082e-05
3.019145440289255911e-02 2.700016876718967784e-02 7.522713355628625476e-02 1.111116340341954667e-01 8.530862378803317006e-03
2.891282985114446494e-02 5.943950396191336610e-02 7.315785171472176385e-02 9.647838728526923757e-02 2.939772232127594101e-02
2.106017614294349374e-02 8.551634414242730020e-02 6.826760875908505222e-02 8.664571019003933228e-02 3.518208918740318297e-02
1.802462670495050268e-02 1.049110056486081688e-01 5.241906579408141253e-02 7.588886103221981205e-02 2.869292317456004562e-02
1.875062357140654459e-02 1.254517816007693076e-01 3.188984963010568774e-02 5.911081184599509958e-02 1.237765017347264816e-02
1.573291371100866282e-02 1.468999946857745820e-01 1.825966597904441630e-02 2.821461958453976016e-02 1.000000000000000082e-05
1.891160801430876587e-02 1.388859236332597447e-01 4.620087551451617161e-03 2.297498256554205646e-03 1.000000000000000082e-05
1.893707663674885910e-02 1.021788566842968399e-01 1.000000000000000082e-05 1.000000000000000082e-05 1.000000000000000082e-05
1.475545472377933105e-02 5.539952398048099413e-02 1.000000000000000082e-05 1.000000000000000082e-05 1.000000000000000082e-05
7.475849811692023179e-03 1.903266377503391726e-02 1.000000000000000082e-05 1.000000000000000082e-05 1.000000000000000082e-05
1.245242038020188697e-03 2.269731975403861939e-03 1.000000000000000082e-05 1.000000000000000082e-05 1.000000000000000082e-05
0.000000000000000000e+00 0.000000000000000000e+00 -0.000000000000000000e+00 0.000000000000000000e+00 -0.000000000000000000e+00
0.000000000000000000e+00 0.000000000000000000e+00 -0.000000000000000000e+00 0.000000000000000000e+00 -0.000000000000000000e+00
0.000000000000000000e+00 0.000000000000000000e+00 -0.000000000000000000e+00 0.000000000000000000e+00 -0.000000000000000000e+00
0.000000000000000000e+00 0.000000000000000000e+00 -0.000000000000000000e+00 0.000000000000000000e+00 -0.000000000000000000e+00
0.000000000000000000e+00 0.000000000000000000e+00 -0.000000000000000000e+00 0.000000000000000000e+00 -0.000000000000000000e+00
0.000000000000000000e+00 0.000000000000000000e+00 -0.000000000000000000e+00 0.000000000000000000e+00 -0.000000000000000000e+00
0.000000000000000000e+00 0.000000000000000000e+00 -0.000000000000000000e+00 0.000000000000000000e+00 -0.000000000000000000e+00
8.124424434063125128e-06 7.706300008171936090e-06 2.843742604503485694e-04 1.000000000000000082e-05 1.606977079520430679e-05
1.919343141246780606e-05 1.000000000000000082e-05 2.151469758121442831e-03 1.000000000000000082e-05 5.015025047221888721e-04
1.000000000000000082e-05 1.000000000000000082e-05 4.627703454424016150e-03 1.000000000000000082e-05 1.368757284549812058e-03
1.000000000000000082e-05 1.000000000000000082e-05 2.274005762740407763e-02 1.000000000000000082e-05 3.609407949375690282e-03
1.000000000000000082e-05 1.000000000000000082e-05 6.339750041817451831e-02 1.000000000000000082e-05 4.603188309709629715e-03
1.000000000000000082e-05 1.000000000000000082e-05 1.113488429508560223e-01 6.568829470815027577e-03 3.920507161196926625e-03
1.554003304749033976e-02 1.000000000000000082e-05 1.262625025191557171e-01 3.991714538914084565e-02 1.000000000000000082e-05
3.609121206452185066e-02 1.000000000000000082e-05 9.965227885694986909e-02 8.727416372909391207e-02 1.000000000000000082e-05
5.617670129074903845e-02 1.000000000000000082e-05 6.637894292767619608e-02 1.103273276264590541e-01 1.000000000000000082e-05
6.361768230575221006e-02 2.874731975912439216e-02 5.074992711422243036e-02 9.987915791118663622e-02 1.144992976103527405e-02
6.076561237796826442e-02 6.124035572677423434e-02 5.037287036467292395e-02 7.547295079386937000e-02 4.424741482037053419e-02
5.917503709240100329e-02 7.493226370922931312e-02 5.962200845298729762e-02 5.516485812928166588e-02 6.821524230844218384e-02
5.548105497005956926e-02 7.322927632099579531e-02 6.558443114859234535e-02 5.018276684261727127e-02 7.644685448538184047e-02
5.152158817908599614e-02 6.609224699746002463e-02 6.481454660045540828e-02 6.257589110027841905e-02 6.879208285279560242e-02
4.943775073383714636e-02 7.159972355224430984e-02 5.527342636532234926e-02 6.644378067402560706e-02 4.791997351014226636e-02
4.322067561981119549e-02 1.034372715881977794e-01 4.168224849624590361e-02 4.970374357384562541e-02 1.286601242690096208e-02
4.064259354051819734e-02 1.288708092703777230e-01 2.438234115881647221e-02 2.034555634933117585e-02 1.000000000000000082e-05
3.886392850799406246e-02 1.226062983058472666e-01 5.297433384407248917e-03 1.000000000000000082e-05 1.000000000000000082e-05
3.340991990467152145e-02 8.106632647174026596e-02 1.000000000000000082e-05 1.000000000000000082e-05 1.000000000000000082e-05
1.772504677649915789e-02 3.456975561847811657e-02 1.000000000000000082e-05 1.000000000000000082e-05 1.000000000000000082e-05
4.028688414155877015e-03 6.838546037974680726e-03 1.000000000000000082e-05 1.000000000000000082e-05 1.000000000000000082e-05
6.158481175430644674e-06 1.411154540779530335e-05 1.000000000000000082e-05 1.023711090308779502e-05 1.000000000000000082e-05
0.000000000000000000e+00 0.000000000000000000e+00 -0.000000000000000000e+00 0.000000000000000000e+00 -0.000000000000000000e+00
0.000000000000000000e+00 0.000000000000000000e+00 -0.000000000000000000e+00 0.000000000000000000e+00 -0.000000000000000000e+00
0.000000000000000000e+00 0.000000000000000000e+00 -0.000000000000000000e+00 0.000000000000000000e+00 -0.000000000000000000e+00
0.000000000000000000e+00 0.000000000000000000e+00 -0.000000000000000000e+00 0.000000000000000000e+00 -0.000000000000000000e+00
1.000000000000000082e-05 4.338834769824631224e-05 1.000000000000000082e-05 1.001862334624873584e-04 1.000000000000000082e-05
0.000000000000000000e+00 0.000000000000000000e+00 -0.000000000000000000e+00 0.000000000000000000e+00 -0.000000000000000000e+00
7.971029475728872067e-05 1.000000000000000082e-05 3.073381082602361070e-04 1.000000000000000082e-05 1.000000000000000082e-05
2.946431418574599467e-04 1.000000000000000082e-05 2.748752806686962161e-03 1.000000000000000082e-05 9.737772730556315971e-04
1.000000000000000082e-05 1.000000000000000082e-05 1.497505340150729995e-02 1.000000000000000082e-05 4.259747370549541931e-03
1.000000000000000082e-05 1.000000000000000082e-05 4.977663162129231794e-02 1.000000000000000082e-05 6.885009389931374610e-03
3.068523478509354620e-03 1.000000000000000082e-05 1.053569525027407694e-01 1.000000000000000082e-05 6.678713718125537518e-03
2.183694846739497875e-02 1.000000000000000082e-05 1.286822787731390361e-01 2.391044491856410270e-02 1.000000000000000082e-05
5.275355568739107520e-02 1.000000000000000082e-05 1.043669842279568299e-01 7.444072922150783700e-02 1.000000000000000082e-05
8.219469670415434359e-02 1.000000000000000082e-05 5.369958719100711986e-02 1.092608830927643548e-01 1.000000000000000082e-05
9.092595682308440841e-02 2.134987976808887244e-02 1.980988637219695606e-02 1.003381166557363868e-01 8.524843292314817148e-03
8.092035325462533513e-02 6.227768957178100862e-02 1.141925916303155458e-02 6.325384236525458115e-02 5.257281283937564192e-02
7.317258833660758577e-02 8.235123874494364171e-02 1.786379291405780154e-02 3.017151571156482040e-02 8.368065751069035663e-02
7.025149720057269342e-02 7.424456099384066365e-02 3.128570135721884388e-02 1.217742133093787510e-02 1.005593246915995609e-01
6.740417384045717386e-02 4.522778710417998949e-02 4.299268078098928553e-02 1.522165252149589552e-02 1.130225911699636321e-01
7.084824437412939879e-02 9.805085642416203409e-03 6.029648605133340611e-02 3.399942432652262175e-02 1.109904835766640369e-01
6.612353587081441775e-02 1.000000000000000082e-05 6.438098048053020328e-02 6.452113913474087636e-02 8.774807143038841628e-02
6.061863889504658792e-02 3.717183148758583522e-02 5.960514775214383054e-02 6.637443290931235862e-02 4.629212924151691194e-02
5.850001790332901019e-02 8.968790231966188020e-02 4.830342656810577423e-02 4.241549614207172636e-02 3.064012061465979514e-03
6.180863489600674915e-02 1.158513743779370359e-01 2.506690152382353223e-02 7.989912546159622792e-03 1.000000000000000082e-05
5.600746200622705451e-02 9.456123966201906983e-02 5.362366552002884729e-03 1.000000000000000082e-05 1.000000000000000082e-05
3.214070114900257485e-02 4.782637468233024575e-02 1.000000000000000082e-05 1.000000000000000082e-05 1.000000000000000082e-05
8.731626231025737747e-03 1.127779653229979591e-02 1.000000000000000082e-05 1.000000000000000082e-05 1.000000000000000082e-05
1.195469875230663418e-05 2.739299990924964911e-05 1.000000000000000082e-05 1.987203881187625128e-05 1.000000000000000082e-05
0.000000000000000000e+00 0.000000000000000000e+00 -0.000000000000000000e+00 0.000000000000000000e+00 -0.000000000000000000e+00
0.000000000000000000e+00 0.000000000000000000e+00 -0.000000000000000000e+00 0.000000000000000000e+00 -0.000000000000000000e+00
0.000000000000000000e+00 0.000000000000000000e+00 -0.000000000000000000e+00 0.000000000000000000e+00 -0.000000000000000000e+00
0.000000000000000000e+00 0.000000000000000000e+00 -0.000000000000000000e+00 0.000000000000000000e+00 -0.000000000000000000e+00
0.000000000000000000e+00 0.000000000000000000e+00 -0.000000000000000000e+00 0.000000000000000000e+00 -0.000000000000000000e+00
0.000000000000000000e+00 0.000000000000000000e+00 -0.000000000000000000e+00 0.000000000000000000e+00 -0.000000000000000000e+00
8.054621207608378332e-05 1.000000000000000082e-05 3.449500409178413900e-04 1.000000000000000082e-05 1.000000000000000082e-05
6.661126971255817162e-04 1.000000000000000082e-05 5.352207774809004601e-03 1.000000000000000082e-05 1.710617406309511207e-03
2.091322787258192723e-03 1.000000000000000082e-05 3.417303803992122191e-02 1.000000000000000082e-05 7.207178116378769317e-03
8.329677321693733025e-03 1.000000000000000082e-05 8.601483516769328763e-02 1.000000000000000082e-05 8.065991185454118861e-03
3.035043865568103072e-02 1.000000000000000082e-05 1.245745683804923287e-01 5.994520818447059834e-03 4.206463110064694033e-03
6.502336892519036682e-02 1.000000000000000082e-05 1.104506393261740216e-01 5.372434981192276970e-02 1.000000000000000082e-05
9.629425736634893151e-02 1.000000000000000082e-05 5.866666597174900050e-02 1.002981756566000415e-01 1.000000000000000082e-05
1.008671749089371933e-01 1.690628216034820511e-02 6.554941685332207543e-03 1.080609810763200757e-01 1.000000000000000082e-05
8.382290018191233816e-02 6.147685928818803075e-02 1.000000000000000082e-05 6.875356898060282218e-02 5.056762977933049186e-02
6.743396533555179317e-02 8.602874111247370281e-02 1.000000000000000082e-05 2.503201292297118144e-02 9.332994819464709990e-02
5.480085810974599791e-02 8.411364006343263755e-02 1.000000000000000082e-05 1.000000000000000082e-05 1.151071185619123721e-01
5.273235021315195864e-02 5.585038235311033661e-02 1.299970998312620536e-02 1.000000000000000082e-05 1.154969848344801625e-01
5.525157387186140773e-02 1.144200138651885364e-02 2.823576875055988991e-02 1.000000000000000082e-05 1.145070962530764375e-01
5.979550344337113826e-02 1.000000000000000082e-05 4.477515262855830819e-02 2.131438630662407449e-02 1.162094613646584146e-01
5.935574282174233690e-02 1.000000000000000082e-05 5.446881883063030283e-02 4.848190434156637169e-02 1.194385318493759174e-01
5.407231784906180172e-02 1.000000000000000082e-05 6.179979847492367284e-02 7.132074512003389044e-02 8.729689760777033236e-02
5.766483180855159346e-02 5.376778327450495998e-02 6.246222289830357516e-02 5.925939468318856818e-02 2.727358850694814110e-02
7.487504730013107290e-02 9.688375122365631975e-02 4.796256402551589415e-02 2.333312019164000134e-02 1.000000000000000082e-05
7.623709492645693031e-02 9.741367853156435164e-02 2.364067752792872387e-02 1.000000000000000082e-05 1.000000000000000082e-05
4.765396084817181965e-02 5.735174535628517756e-02 3.367823513404152782e-03 1.000000000000000082e-05 1.000000000000000082e-05
1.514501648585449625e-02 1.415798250486991795e-02 1.000000000000000082e-05 1.000000000000000082e-05 1.000000000000000082e-05
1.000000000000000082e-05 7.121055580184958991e-05 1.000000000000000082e-05 3.331367187950230177e-05 1.000000000000000082e-05
0.000000000000000000e+00 0.000000000000000000e+00 -0.000000000000000000e+00 0.000000000000000000e+00 -0.000000000000000000e+00
0.000000000000000000e+00 0.000000000000000000e+00 -0.000000000000000000e+00 0.000000000000000000e+00 -0.000000000000000000e+00
0.000000000000000000e+00 0.000000000000000000e+00 -0.000000000000000000e+00 0.000000000000000000e+00 -0.000000000000000000e+00
0.000000000000000000e+00 0.000000000000000000e+00 -0.000000000000000000e+00 0.000000000000000000e+00 -0.000000000000000000e+00
0.000000000000000000e+00 0.000000000000000000e+00 -0.000000000000000000e+00 0.000000000000000000e+00 -0.000000000000000000e+00
0.000000000000000000e+00 0.000000000000000000e+00 -0.000000000000000000e+00 0.000000000000000000e+00 -0.000000000000000000e+00
8.007616113297653330e-04 1.000000000000000082e-05 8.044082045245578259e-04 1.000000000000000082e-05 4.821285082117916765e-04
3.778917812900240737e-03 1.000000000000000082e-05 1.465537889756224864e-02 1.000000000000000082e-05 5.466100695024761480e-03
9.681927442839801182e-03 1.000000000000000082e-05 5.700670454848086321e-02 1.000000000000000082e-05 7.550741897007993628e-03
2.999350838917687681e-02 1.000000000000000082e-05 1.093880898786243339e-01 1.000000000000000082e-05 5.646183720222804070e-03
6.825554228444824512e-02 1.000000000000000082e-05 1.185195423497343303e-01 2.503944735832090360e-02 1.000000000000000082e-05
1.015852157989775295e-01 1.000000000000000082e-05 7.324853844694696747e-02 8.166907851432061993e-02 1.000000000000000082e-05
1.078287714323979823e-01 8.407287331355338400e-03 1.250226236550574035e-02 1.105907022003102536e-01 1.000000000000000082e-05
8.465522792719777645e-02 5.254316402972160349e-02 1.000000000000000082e-05 8.741616239377775210e-02 3.626716596233726941e-02
5.391772402938073416e-02 8.723598244257659007e-02 1.000000000000000082e-05 3.310765720382467803e-02 9.142046316612302548e-02
3.373126283621519228e-02 8.984133128657363632e-02 1.000000000000000082e-05 1.000000000000000082e-05 1.207583773150066597e-01
3.039767937020743105e-02 6.590889271465161237e-02 1.000000000000000082e-05 1.000000000000000082e-05 1.147568985949655035e-01
3.414383252520823697e-02 2.776897818598995232e-02 6.547930353854548510e-03 1.000000000000000082e-05 9.226484284489908094e-02
3.606360079208428826e-02 1.000000000000000082e-05 1.243047022206711198e-02 1.000000000000000082e-05 8.120360120447235597e-02
3.734598893389048935e-02 1.000000000000000082e-05 2.429942041663180410e-02 1.095997095898819385e-02 1.037636289182585214e-01
3.713263047864707317e-02 1.000000000000000082e-05 3.567960871271089879e-02 3.377690603478585019e-02 1.277693192292820579e-01
3.546373787133560995e-02 1.000000000000000082e-05 4.512444966547405484e-02 6.656448289441994903e-02 1.128144364886956713e-01
4.894879083206179343e-02 2.965629190837525825e-02 5.671723985765510928e-02 7.320342942042147583e-02 4.970273906133212266e-02
7.750956369948533431e-02 8.077264883589736766e-02 5.896392106881832157e-02 4.036032865783454465e-02 1.000000000000000082e-05
9.469206537674493274e-02 8.868968379846009498e-02 4.244919681767822528e-02 1.000000000000000082e-05 1.000000000000000082e-05
7.137239771269075772e-02 5.274892864410048871e-02 1.737156563286242419e-02 1.000000000000000082e-05 1.000000000000000082e-05
2.233865242301955739e-02 1.617247475140681442e-02 1.116160517892555168e-03 1.000000000000000082e-05 1.000000000000000082e-05
1.000000000000000082e-05 2.816743295563545776e-04 3.090277490094047591e-04 3.368011950534227032e-05 1.000000000000000082e-05
0.000000000000000000e+00 0.000000000000000000e+00 -0.000000000000000000e+00 0.000000000000000000e+00 -0.000000000000000000e+00
0.000000000000000000e+00 0.000000000000000000e+00 -0.000000000000000000e+00 0.000000000000000000e+00 -0.000000000000000000e+00
0.000000000000000000e+00 0.000000000000000000e+00 -0.000000000000000000e+00 0.000000000000000000e+00 -0.000000000000000000e+00
0.000000000000000000e+00 0.000000000000000000e+00 -0.000000000000000000e+00 0.000000000000000000e+00 -0.000000000000000000e+00
0.000000000000000000e+00 0.000000000000000000e+00 -0.000000000000000000e+00 0.000000000000000000e+00 -0.000000000000000000e+00
0.000000000000000000e+00 0.000000000000000000e+00 -0.000000000000000000e+00 0.000000000000000000e+00 -0.000000000000000000e+00
1.120579135315170330e-03 1.000000000000000082e-05 2.088080298081565044e-03 1.000000000000000082e-05 4.603135740824178973e-04
9.044591597662222926e-03 1.000000000000000082e-05 2.782972547513442446e-02 1.000000000000000082e-05 7.624000484876681909e-03
2.765840210105554448e-02 1.000000000000000082e-05 8.180337004725719841e-02 1.000000000000000082e-05 8.830488517382658470e-03
6.816281440989457874e-02 1.000000000000000082e-05 1.142477678946652447e-01 1.614358427460835807e-03 1.175504826603276671e-03
1.020828360123069711e-01 1.000000000000000082e-05 9.365645498825922455e-02 4.988199498082163813e-02 1.000000000000000082e-05
1.107906396964617041e-01 6.970534267783273438e-03 3.480621556429579211e-02 9.979320793183030225e-02 1.000000000000000082e-05
8.280581699946128194e-02 4.784938866836895011e-02 1.000000000000000082e-05 1.034112676881901727e-01 1.162162313264025575e-02
4.421004598580655781e-02 7.965766799385223806e-02 1.000000000000000082e-05 5.645822505909694339e-02 7.860793094294894756e-02
1.278164603691092464e-02 9.211031174600879667e-02 1.000000000000000082e-05 2.585023106602086194e-03 1.193261789229229097e-01
6.673191172720241079e-03 7.135680850120892926e-02 1.000000000000000082e-05 1.000000000000000082e-05 1.234988831570940082e-01
1.315339911566821771e-02 3.540288417314916419e-02 1.000000000000000082e-05 1.000000000000000082e-05 8.761435714377208139e-02
1.751912840945092989e-02 8.516628184992181341e-03 9.862534365337157286e-04 1.000000000000000082e-05 5.504615925125526388e-02
2.045319378183626038e-02 1.000000000000000082e-05 2.333006444425366182e-03 8.905654824857378409e-04 4.693444459582991890e-02
1.931960289627581220e-02 1.000000000000000082e-05 8.770323772138471224e-03 9.062217778852906663e-03 7.381115119645444145e-02
1.501790523695557822e-02 1.000000000000000082e-05 1.380645442407070836e-02 2.256321577864406347e-02 1.223383580466695236e-01
1.606992023305213110e-02 1.000000000000000082e-05 2.493150295209766235e-02 5.796352505279058626e-02 1.271861810764336465e-01
3.279212810189724436e-02 2.559356562656739387e-02 4.378508970067747363e-02 8.018969663123999558e-02 6.044358750471580388e-02
7.105713535101472467e-02 7.056368637889494366e-02 6.072568205237653671e-02 5.619033967837738092e-02 1.000000000000000082e-05
1.049205634449736080e-01 7.703079533449831706e-02 5.941403226547318367e-02 6.979780834501959387e-03 1.000000000000000082e-05
9.064319488017656690e-02 4.185611464928427200e-02 3.627441655087366990e-02 1.000000000000000082e-05 1.000000000000000082e-05
3.125233406104774986e-02 1.285646245983360601e-02 7.350774660822978826e-03 1.000000000000000082e-05 1.000000000000000082e-05
1.000000000000000082e-05 1.913823983514952953e-04 7.885158110310627787e-04 1.000000000000000082e-05 3.559023065007846137e-04
1.397317055347537830e-04 1.000000000000000082e-05 1.000000000000000082e-05 2.770587546450005174e-04 5.838646583892061290e-04
0.000000000000000000e+00 0.000000000000000000e+00 -0.000000000000000000e+00 0.000000000000000000e+00 -0.000000000000000000e+00
0.000000000000000000e+00 0.000000000000000000e+00 -0.000000000000000000e+00 0.000000000000000000e+00 -0.000000000000000000e+00
0.000000000000000000e+00 0.000000000000000000e+00 -0.000000000000000000e+00 0.000000000000000000e+00 -0.000000000000000000e+00
0.000000000000000000e+00 0.000000000000000000e+00 -0.000000000000000000e+00 0.000000000000000000e+00 -0.000000000000000000e+00
0.000000000000000000e+00 0.000000000000000000e+00 -0.000000000000000000e+00 0.000000000000000000e+00 -0.000000000000000000e+00
2.496996419933528947e-03 1.000000000000000082e-05 4.804552132501027639e-03 1.000000000000000082e-05 1.090849575942534622e-03
2.260337585863112647e-02 1.000000000000000082e-05 4.316835674735452349e-02 1.000000000000000082e-05 9.532051150149479374e-03
6.461604188942590699e-02 1.000000000000000082e-05 9.361194259411463603e-02 1.000000000000000082e-05 8.153356817470759979e-03
1.026527137199834822e-01 1.000000000000000082e-05 1.062211496863891824e-01 1.342556141979136392e-02 1.000000000000000082e-05
1.122419841869332913e-01 7.771456267561566156e-03 6.213235418151692724e-02 7.500166579707048808e-02 1.000000000000000082e-05
8.379639880407174779e-02 4.514654060459770413e-02 2.439123110264114751e-03 1.065591598801046425e-01 1.000000000000000082e-05
3.807807608273996308e-02 7.388405157872411644e-02 1.000000000000000082e-05 8.717967280284362463e-02 4.904450245044053580e-02
1.000000000000000082e-05 8.838414515027823160e-02 1.000000000000000082e-05 2.638312135811508516e-02 1.118843022944810695e-01
1.000000000000000082e-05 7.032407377638859314e-02 1.000000000000000082e-05 1.000000000000000082e-05 1.289139948532902480e-01
1.000000000000000082e-05 3.549014817154803880e-02 2.517567063209279676e-04 1.000000000000000082e-05 9.792489084673543231e-02
7.014117328938102719e-03 1.348347345751330258e-02 9.498472312746074038e-04 1.000000000000000082e-05 5.090392714630263132e-02
9.889748504030217158e-03 3.128310166824987667e-04 1.261954548821008848e-03 1.000000000000000082e-05 2.834274883162557837e-02
9.076969018096615188e-03 1.000000000000000082e-05 8.956647020562450703e-04 1.000000000000000082e-05 2.868616395793615464e-02
6.414149371702483962e-03 1.000000000000000082e-05 2.595591771764815640e-03 2.668928398927957607e-03 6.120017019341487952e-02
1.059735896546552293e-03 1.000000000000000082e-05 2.552461508731614787e-03 1.542016233764608064e-02 1.176103891980722904e-01
5.357423547177442942e-04 1.000000000000000082e-05 4.363326075974577160e-03 5.053901379575427566e-02 1.299650527370502240e-01
2.186606387223144488e-02 3.008822389965198560e-02 2.756076524059911798e-02 8.438606010740262731e-02 6.318773545588583784e-02
6.417543547066469067e-02 6.604187050319471064e-02 5.704987874171573575e-02 6.788792723868143641e-02 1.000000000000000082e-05
1.057937243227017043e-01 6.439531312011492759e-02 7.269761680325108333e-02 1.604943932170135520e-02 1.000000000000000082e-05
1.002330054675148741e-01 2.903589764301237053e-02 5.595953781940919691e-02 1.000000000000000082e-05 1.000000000000000082e-05
3.900889177717273282e-02 6.759703072107574838e-03 1.846998031730703524e-02 1.000000000000000082e-05 1.000000000000000082e-05
1.000000000000000082e-05 3.912316579618462702e-04 1.088201113612275849e-03 1.000000000000000082e-05 3.440717237064897481e-04
1.113990094816238552e-04 1.000000000000000082e-05 1.000000000000000082e-05 2.208809426432488171e-04 4.654773543840218047e-04
0.000000000000000000e+00 0.000000000000000000e+00 -0.000000000000000000e+00 0.000000000000000000e+00 -0.000000000000000000e+00
0.000000000000000000e+00 0.000000000000000000e+00 -0.000000000000000000e+00 0.000000000000000000e+00 -0.000000000000000000e+00
0.000000000000000000e+00 0.000000000000000000e+00 -0.000000000000000000e+00 0.000000000000000000e+00 -0.000000000000000000e+00
1.000000000000000082e-05 3.953154563619667089e-05 1.060402490021816068e-05 1.000000000000000082e-05 1.969028339563888834e-04
7.313297853935346800e-06 7.190793427562122383e-05 1.000000000000000082e-05 1.000000000000000082e-05 1.180309617540859776e-04
6.956932714927694175e-03 1.000000000000000082e-05 5.686068706016421392e-03 1.000000000000000082e-05 2.306389277257379650e-03
4.570145896489367920e-02 1.000000000000000082e-05 5.567745133469558655e-02 1.000000000000000082e-05 1.224693524483415168e-02
9.890071491152448158e-02 1.000000000000000082e-05 9.345447006053592132e-02 1.000000000000000082e-05 3.166838711339671573e-03
1.143408765560012114e-01 9.607473241139532008e-03 9.315049193470581468e-02 3.007996449080639276e-02 1.000000000000000082e-05
9.311832403114009282e-02 4.134857076613057680e-02 3.967243772079569880e-02 8.691963007718654655e-02 1.000000000000000082e-05
4.460767904260266176e-02 6.910128469508672322e-02 1.000000000000000082e-05 1.014669878957793620e-01 1.620972943847368009e-02
1.000000000000000082e-05 8.127579588528237309e-02 1.000000000000000082e-05 6.289747324047571808e-02 8.912442586281221768e-02
1.000000000000000082e-05 7.030525839981983938e-02 1.000000000000000082e-05 2.626298579916436921e-03 1.322794495123784109e-01
1.000000000000000082e-05 3.894775418076588253e-02 1.000000000000000082e-05 1.000000000000000082e-05 1.132342963919221734e-01
1.000000000000000082e-05 1.367287847936051598e-02 1.837832122649235133e-03 1.000000000000000082e-05 5.529682230086370442e-02
3.742836708590208897e-03 2.984141875647410101e-03 1.408906663331924896e-03 1.000000000000000082e-05 2.055657587688324711e-02
4.649742699223273143e-03 1.000000000000000082e-05 8.093503840389586418e-04 1.000000000000000082e-05 1.255606539834585450e-02
3.980979868939412553e-03 1.000000000000000082e-05 3.737671923151451468e-04 1.000000000000000082e-05 2.069825264904916889e-02
1.000000000000000082e-05 1.000000000000000082e-05 1.000000000000000082e-05 1.000000000000000082e-05 6.107470606045058148e-02
1.000000000000000082e-05 1.000000000000000082e-05 1.000000000000000082e-05 9.103468652208714096e-03 1.178811970732444869e-01
1.000000000000000082e-05 1.250095282963154843e-02 1.000000000000000082e-05 4.681071457391387802e-02 1.240035240741509809e-01
2.080907886148386857e-02 4.289219926711299036e-02 4.988289265457523936e-03 8.776753709331212849e-02 5.583281588850919075e-02
6.220068985028779501e-02 6.804696265436703528e-02 5.088471893531582024e-02 7.624699201584535235e-02 1.000000000000000082e-05
1.042558202124418548e-01 5.266261628513634746e-02 8.107204634100757812e-02 2.255264682996733355e-02 1.000000000000000082e-05
1.000049501714146416e-01 1.624194767129690312e-02 7.389540099713005905e-02 1.000000000000000082e-05 1.000000000000000082e-05
4.006546527446572248e-02 1.000000000000000082e-05 2.909386168284704838e-02 1.000000000000000082e-05 1.000000000000000082e-05
1.000000000000000082e-05 3.598344622536942092e-04 1.140528931191208588e-03 1.000000000000000082e-05 3.700770847428663845e-04
1.287849820596808727e-05 1.000000000000000082e-05 1.000000000000000082e-05 2.553536909170506697e-05 5.381241091144758773e-05
0.000000000000000000e+00 0.000000000000000000e+00 -0.000000000000000000e+00 0.000000000000000000e+00 -0.000000000000000000e+00
0.000000000000000000e+00 0.000000000000000000e+00 -0.000000000000000000e+00 0.000000000000000000e+00 -0.000000000000000000e+00
0.000000000000000000e+00 0.000000000000000000e+00 -0.000000000000000000e+00 0.000000000000000000e+00 -0.000000000000000000e+00
0.000000000000000000e+00 0.000000000000000000e+00 -0.000000000000000000e+00 0.000000000000000000e+00 -0.000000000000000000e+00
7.139171714555866079e-06 7.019584060239246362e-05 1.000000000000000082e-05 1.000000000000000082e-05 1.152207007599408226e-04
1.753134334496772237e-02 1.000000000000000082e-05 6.487395177318075988e-03 1.000000000000000082e-05 4.352067474116132033e-03
8.196028068188387916e-02 1.000000000000000082e-05 5.826949857946407685e-02 1.000000000000000082e-05 1.159248269590693742e-02
1.173106934308291160e-01 1.889976017998861758e-03 9.004294282549839268e-02 1.000000000000000082e-05 1.000000000000000082e-05
1.073168203125853398e-01 4.146129958433733553e-02 7.968381310387959160e-02 4.253272988765743196e-02 1.000000000000000082e-05
5.904501053996644155e-02 6.733412340072439384e-02 3.057016975963660135e-02 9.541042764012686028e-02 1.000000000000000082e-05
5.328288535726652744e-03 7.709089079610328965e-02 1.000000000000000082e-05 9.166589126443992763e-02 5.181142128829801380e-02
1.000000000000000082e-05 6.686158274576971261e-02 1.000000000000000082e-05 3.921198248950461679e-02 1.181997944183167809e-01
1.000000000000000082e-05 3.954863773851966663e-02 1.000000000000000082e-05 1.000000000000000082e-05 1.260085399260014449e-01
1.000000000000000082e-05 1.325050992761836466e-02 2.228531843132798996e-03 1.000000000000000082e-05 7.562054664376507973e-02
1.000000000000000082e-05 4.420548029336049053e-03 2.470826024003428770e-03 1.000000000000000082e-05 2.979657791579638434e-02
2.410926378298700393e-03 1.000000000000000082e-05 1.744422336271383002e-04 1.000000000000000082e-05 1.005592908041700109e-02
3.841198487092955909e-03 1.000000000000000082e-05 1.000000000000000082e-05 1.000000000000000082e-05 7.914170540600245010e-03
1.814634003755647568e-03 1.000000000000000082e-05 1.000000000000000082e-05 1.000000000000000082e-05 2.100076695953770681e-02
1.000000000000000082e-05 1.000000000000000082e-05 1.000000000000000082e-05 1.000000000000000082e-05 7.058353181754047079e-02
1.000000000000000082e-05 1.076339350089152054e-02 1.000000000000000082e-05 4.356893864493456558e-03 1.243911236307360252e-01
1.000000000000000082e-05 3.077745879304565405e-02 1.000000000000000082e-05 4.696934264657598446e-02 1.168295414111514552e-01
3.030989522107822506e-02 5.641653560440814535e-02 1.000000000000000082e-05 9.048636524623601685e-02 4.049778133407069824e-02
7.210218576518832856e-02 6.379515735483859418e-02 4.257908708334411096e-02 8.114473654377768463e-02 1.000000000000000082e-05
1.032957141828539371e-01 3.641129841630588032e-02 8.739859766988615497e-02 2.607078026531868889e-02 1.000000000000000082e-05
9.298644033170526402e-02 2.961522444428246227e-03 8.829106477612727599e-02 1.000000000000000082e-05 1.000000000000000082e-05
3.469003780479618104e-02 1.000000000000000082e-05 3.991506853736261073e-02 1.000000000000000082e-05 3.842555250320213011e-03
1.000000000000000082e-05 5.686016776527603621e-04 1.487912981761767240e-03 1.000000000000000082e-05 1.843020525171313348e-04
0.000000000000000000e+00 0.000000000000000000e+00 -0.000000000000000000e+00 0.000000000000000000e+00 -0.000000000000000000e+00
0.000000000000000000e+00 0.000000000000000000e+00 -0.000000000000000000e+00 0.000000000000000000e+00 -0.000000000000000000e+00
0.000000000000000000e+00 0.000000000000000000e+00 -0.000000000000000000e+00 0.000000000000000000e+00 -0.000000000000000000e+00
0.000000000000000000e+00 0.000000000000000000e+00 -0.000000000000000000e+00 0.000000000000000000e+00 -0.000000000000000000e+00
0.000000000000000000e+00 0.000000000000000000e+00 -0.000000000000000000e+00 0.000000000000000000e+00 -0.000000000000000000e+00
1.000000000000000082e-05 1.232243964169801994e-04 5.530129403941146606e-06 1.000000000000000082e-05 2.194290744954880280e-04
3.147520277886693002e-02 1.000000000000000082e-05 4.360740873401984519e-03 1.000000000000000082e-05 6.380074594887891019e-03
1.079174946941446056e-01 1.000000000000000082e-05 5.334951017482884861e-02 1.000000000000000082e-05 6.660186616045400687e-03
1.216126925765263350e-01 3.021911347945468659e-02 8.402177258891224687e-02 1.000000000000000082e-05 1.000000000000000082e-05
8.883178868614202695e-02 6.687121728604764059e-02 7.172960503430073076e-02 5.082640599597695874e-02 1.000000000000000082e-05
2.747814611835696155e-02 7.749150730275669585e-02 2.733164542721527174e-02 9.613736000610037524e-02 7.997886441904099308e-03
1.000000000000000082e-05 6.660712783917700774e-02 1.000000000000000082e-05 8.039149925052178902e-02 8.042918609501328864e-02
1.000000000000000082e-05 3.839547329311301938e-02 1.000000000000000082e-05 2.898714213783154178e-02 1.257239727445688682e-01
1.000000000000000082e-05 1.479517401216354222e-02 6.680869006222345588e-05 1.000000000000000082e-05 1.003537033197918621e-01
1.000000000000000082e-05 3.733556466061537741e-03 9.797783156705916052e-04 1.000000000000000082e-05 4.478429343460801210e-02
1.000000000000000082e-05 1.961238865576874629e-03 4.799666895912596564e-04 1.000000000000000082e-05 1.456295885591189082e-02
1.421115718298863453e-03 1.000000000000000082e-05 1.000000000000000082e-05 1.000000000000000082e-05 6.081706119638694008e-03
3.049829656246832912e-03 1.000000000000000082e-05 1.000000000000000082e-05 1.000000000000000082e-05 1.108731900241106093e-02
1.705977412216774618e-03 1.000000000000000082e-05 1.000000000000000082e-05 1.000000000000000082e-05 3.493073419694650572e-02
1.000000000000000082e-05 9.141673010178845080e-03 1.000000000000000082e-05 1.000000000000000082e-05 8.874257274288767372e-02
1.000000000000000082e-05 2.872023292436298031e-02 1.000000000000000082e-05 4.698316393529951805e-03 1.291342245120352672e-01
1.407057605361176737e-02 4.968139672915974220e-02 1.000000000000000082e-05 5.558674317491577727e-02 9.601973810829067535e-02
5.042999596932268985e-02 6.169619466852607759e-02 1.000000000000000082e-05 9.525820843159464590e-02 1.578647945157780896e-02
8.553019725109053950e-02 4.861584057769684913e-02 4.313685371239671384e-02 8.092348553593253779e-02 1.000000000000000082e-05
1.000032291209140139e-01 1.624653145667765558e-02 9.627066323255201175e-02 2.219952450211992723e-02 1.000000000000000082e-05
7.693520316716001561e-02 1.000000000000000082e-05 9.568297279456176863e-02 1.000000000000000082e-05 5.679083740066041136e-03
2.324866946375020449e-02 1.000000000000000082e-05 4.494817465510499849e-02 1.000000000000000082e-05 7.208163054885994257e-03
1.000000000000000082e-05 3.580527120563677872e-04 1.243192594015599031e-03 1.000000000000000082e-05 3.134333864540220552e-04
0.000000000000000000e+00 0.000000000000000000e+00 -0.000000000000000000e+00 0.000000000000000000e+00 -0.000000000000000000e+00
0.000000000000000000e+00 0.000000000000000000e+00 -0.000000000000000000e+00 0.000000000000000000e+00 -0.000000000000000000e+00
0.000000000000000000e+00 0.000000000000000000e+00 -0.000000000000000000e+00 0.000000000000000000e+00 -0.000000000000000000e+00
0.000000000000000000e+00 0.000000000000000000e+00 -0.000000000000000000e+00 0.000000000000000000e+00 -0.000000000000000000e+00
0.000000000000000000e+00 0.000000000000000000e+00 -0.000000000000000000e+00 0.000000000000000000e+00 -0.000000000000000000e+00
1.000000000000000082e-05 5.033041637387996231e-05 1.000000000000000082e-05 1.000000000000000082e-05 1.067586476654334201e-04
4.203763105169048414e-02 1.000000000000000082e-05 1.510702728573099093e-04 1.000000000000000082e-05 4.790347278944850212e-03
1.174843761424744365e-01 7.454667307365107215e-03 4.462416537868077460e-02 1.000000000000000082e-05 1.000000000000000082e-05
1.158989973507336402e-01 5.733184895895138133e-02 7.574638525434086722e-02 1.309243095771607090e-03 1.000000000000000082e-05
6.783608766872151197e-02 8.499963061466266068e-02 7.035672794871726532e-02 5.306204022423940264e-02 1.000000000000000082e-05
9.141164962333457947e-03 7.322786958105441391e-02 3.373632367753289646e-02 9.177480876460487880e-02 3.267019987988968588e-02
1.000000000000000082e-05 3.911624718229265302e-02 2.477951970318740225e-03 7.378960745702003998e-02 9.921980149756327860e-02
1.000000000000000082e-05 6.515764397418408356e-03 1.544893112381038973e-04 2.644886248254431707e-02 1.182638569888152802e-01
1.000000000000000082e-05 1.000000000000000082e-05 1.444428027387067862e-03 6.491261761278687781e-04 7.646211967343094495e-02
1.000000000000000082e-05 1.000000000000000082e-05 1.000000000000000082e-05 1.000000000000000082e-05 2.631483151667955364e-02
1.000000000000000082e-05 2.990513461577830410e-04 1.000000000000000082e-05 1.000000000000000082e-05 7.421096850655288686e-03
2.083784580364027219e-03 1.000000000000000082e-05 1.000000000000000082e-05 1.000000000000000082e-05 7.837421663295771404e-03
2.695240003269686827e-03 1.381076925604220185e-03 1.000000000000000082e-05 1.000000000000000082e-05 2.294163196373222649e-02
1.957292610554883794e-03 9.241363021109855885e-03 1.000000000000000082e-05 1.000000000000000082e-05 6.333237986378344175e-02
2.999912687385023879e-03 2.534690484182615736e-02 1.000000000000000082e-05 1.000000000000000082e-05 1.167801469672796050e-01
1.349970491146149434e-02 4.785609956904762069e-02 1.000000000000000082e-05 1.603163098846060314e-02 1.207215657352028876e-01
3.984447551085785327e-02 6.318913744466890525e-02 1.000000000000000082e-05 7.237392568027566087e-02 6.327372433545441766e-02
7.440326795321275388e-02 5.395192454247175334e-02 1.000000000000000082e-05 1.019019627234197117e-01 1.000000000000000082e-05
9.708320224361599582e-02 2.289448231580636789e-02 5.427899657232756331e-02 7.344420306064290693e-02 1.000000000000000082e-05
8.636085021790408656e-02 1.000000000000000082e-05 1.065962300785164574e-01 1.437678948974997935e-02 1.000000000000000082e-05
5.271196767246592862e-02 1.000000000000000082e-05 9.674622160473553278e-02 1.000000000000000082e-05 9.421308615984183565e-03
9.723374643540279999e-03 1.000000000000000082e-05 4.168916869350258736e-02 1.000000000000000082e-05 8.133877821360435689e-03
1.000000000000000082e-05 5.843570613859686035e-05 1.621901911110900079e-03 1.000000000000000082e-05 7.868722136659654382e-04
0.000000000000000000e+00 0.000000000000000000e+00 -0.000000000000000000e+00 0.000000000000000000e+00 -0.000000000000000000e+00
0.000000000000000000e+00 0.000000000000000000e+00 -0.000000000000000000e+00 0.000000000000000000e+00 -0.000000000000000000e+00
0.000000000000000000e+00 0.000000000000000000e+00 -0.000000000000000000e+00 0.000000000000000000e+00 -0.000000000000000000e+00
0.000000000000000000e+00 0.000000000000000000e+00 -0.000000000000000000e+00 0.000000000000000000e+00 -0.000000000000000000e+00
0.000000000000000000e+00 0.000000000000000000e+00 -0.000000000000000000e+00 0.000000000000000000e+00 -0.000000000000000000e+00
1.000000000000000082e-05 4.804954443638386464e-06 1.000000000000000082e-05 4.106050567137289955e-06 1.589941029260231691e-05
4.745226657335696596e-02 1.000000000000000082e-05 1.000000000000000082e-05 1.000000000000000082e-05 3.712407217309482942e-03
1.177606017324505372e-01 3.093740917526593623e-02 3.139337709072262395e-02 1.000000000000000082e-05 1.000000000000000082e-05
1.059050005185982329e-01 8.061000913621953201e-02 6.720298062144960949e-02 8.962987331809982436e-04 1.000000000000000082e-05
5.637466404949093707e-02 9.154400609386635634e-02 7.360404442187429286e-02 4.900311067851240154e-02 3.619564468911493863e-03
5.558196331177840850e-03 5.634842511621326183e-02 4.706963499866217981e-02 8.679394154523091542e-02 5.212828168726380690e-02
1.000000000000000082e-05 4.059769731345541817e-03 1.875921471185144213e-02 7.287776135923232368e-02 1.069824158977850243e-01
1.000000000000000082e-05 1.000000000000000082e-05 9.124879569576953980e-03 2.651600449613315466e-02 1.121264254818279682e-01
1.000000000000000082e-05 1.000000000000000082e-05 3.575818407077426160e-03 2.565794799964567826e-03 6.711568405512138846e-02
3.719455730475747582e-03 1.000000000000000082e-05 1.000000000000000082e-05 1.000000000000000082e-05 2.747787432375819669e-02
5.992854579090277183e-03 1.000000000000000082e-05 1.000000000000000082e-05 1.000000000000000082e-05 1.474436195429133789e-02
8.688782744163953478e-03 1.000000000000000082e-05 1.000000000000000082e-05 1.000000000000000082e-05 2.405772383023284389e-02
1.288157571002455058e-02 7.615876681046633741e-03 1.000000000000000082e-05 1.000000000000000082e-05 5.414060183638588070e-02
1.714238807623695571e-02 2.462090887845834117e-02 1.000000000000000082e-05 1.000000000000000082e-05 9.921335605694805992e-02
2.945171736727145162e-02 4.326014064457114200e-02 1.000000000000000082e-05 1.000000000000000082e-05 1.274364128350723713e-01
4.596595900981335220e-02 6.184188010938992258e-02 1.000000000000000082e-05 4.241619192401922117e-02 9.093222700652692225e-02
7.296707695343773725e-02 5.791690939728325743e-02 1.000000000000000082e-05 9.153123268930177248e-02 2.296828963948553334e-02
9.502232047424566397e-02 2.927624662132818911e-02 7.695533468074402215e-03 1.010361691023179548e-01 1.000000000000000082e-05
9.114881478219272193e-02 1.000000000000000082e-05 8.022303000269905005e-02 5.647335088508090989e-02 1.000000000000000082e-05
6.167553854629882759e-02 1.000000000000000082e-05 1.169319917211810167e-01 2.012649654909976112e-03 1.000000000000000082e-05
2.390586948477869608e-02 1.000000000000000082e-05 8.703219405386138086e-02 1.000000000000000082e-05 1.216950944017989103e-02
1.870470733407276695e-03 1.000000000000000082e-05 3.453348441594035478e-02 1.000000000000000082e-05 8.584468690518941986e-03
1.000000000000000082e-05 1.000000000000000082e-05 1.569542867012759923e-03 1.000000000000000082e-05 1.200532600701788256e-03
0.000000000000000000e+00 0.000000000000000000e+00 -0.000000000000000000e+00 0.000000000000000000e+00 -0.000000000000000000e+00
0.000000000000000000e+00 0.000000000000000000e+00 -0.000000000000000000e+00 0.000000000000000000e+00 -0.000000000000000000e+00
0.000000000000000000e+00 0.000000000000000000e+00 -0.000000000000000000e+00 0.000000000000000000e+00 -0.000000000000000000e+00
0.000000000000000000e+00 0.000000000000000000e+00 -0.000000000000000000e+00 0.000000000000000000e+00 -0.000000000000000000e+00
0.000000000000000000e+00 0.000000000000000000e+00 -0.000000000000000000e+00 0.000000000000000000e+00 -0.000000000000000000e+00
1.393931863872832373e-04 2.470405610584826522e-05 1.000000000000000082e-05 4.497338543502931601e-05 1.000000000000000082e-05
4.476192156466342331e-02 9.494516928767715233e-03 1.000000000000000082e-05 1.000000000000000082e-05 2.434636558447457119e-03
1.053317046657902406e-01 5.339815063184170235e-02 1.451343677040981862e-02 1.000000000000000082e-05 1.000000000000000082e-05
1.001927310747409566e-01 9.643260435498270111e-02 5.348993902324793159e-02 1.000000000000000082e-05 1.000000000000000082e-05
5.672272683661828269e-02 9.362429582469487810e-02 7.420786613881560911e-02 4.428023135150662565e-02 1.211058098834756971e-02
2.374932180359681788e-02 3.259453378963973746e-02 6.053792443441378957e-02 8.386590874842263232e-02 5.903740113346283430e-02
1.424192145874220161e-02 1.000000000000000082e-05 3.640968541147854981e-02 7.517430226434586304e-02 1.070484241180217622e-01
1.784899302869672952e-02 1.000000000000000082e-05 2.004302982247649009e-02 2.900992597957800442e-02 1.159677255888011405e-01
2.168645292183083578e-02 1.000000000000000082e-05 7.403057449240443670e-03 3.020794787254249460e-03 7.908630803953066446e-02
2.536983155346400620e-02 1.000000000000000082e-05 1.000000000000000082e-05 1.000000000000000082e-05 4.690596832937365956e-02
2.900481354999147679e-02 1.000000000000000082e-05 1.000000000000000082e-05 1.000000000000000082e-05 4.071145550416718079e-02
3.445119218003046130e-02 4.220276112803352832e-03 1.000000000000000082e-05 1.000000000000000082e-05 5.926712874706401013e-02
4.399799825445038087e-02 2.100034308738878835e-02 1.000000000000000082e-05 1.000000000000000082e-05 9.337828752745409855e-02
5.406181452987589980e-02 3.867501890702094297e-02 1.000000000000000082e-05 1.000000000000000082e-05 1.208774020548144534e-01
6.724814258606602591e-02 5.775567878836142255e-02 1.000000000000000082e-05 2.276738442119319653e-02 1.048317883605991291e-01
8.324376710832025184e-02 5.495355738218459657e-02 1.000000000000000082e-05 7.683606202687502662e-02 4.446734606708170612e-02
9.345868562176483374e-02 3.033207933368500114e-02 1.000000000000000082e-05 1.096581543777105650e-01 1.000000000000000082e-05
8.862087011553776428e-02 1.000000000000000082e-05 5.322792219521995521e-02 8.690594122033842850e-02 1.000000000000000082e-05
6.317462986958663484e-02 1.000000000000000082e-05 1.109836756820418158e-01 3.107707801979511797e-02 1.000000000000000082e-05
2.719210168198418417e-02 1.000000000000000082e-05 1.138434411725105094e-01 1.000000000000000082e-05 5.455316453581789300e-03
3.246009719645061211e-03 1.000000000000000082e-05 6.701505971742392764e-02 1.000000000000000082e-05 1.040684588423666616e-02
1.000000000000000082e-05 1.000000000000000082e-05 2.182898726590351210e-02 1.000000000000000082e-05 6.345669416576808601e-03
1.000000000000000082e-05 1.000000000000000082e-05 1.886030034992001178e-03 1.000000000000000082e-05 1.365768745160441441e-03
0.000000000000000000e+00 0.000000000000000000e+00 -0.000000000000000000e+00 0.000000000000000000e+00 -0.000000000000000000e+00
0.000000000000000000e+00 0.000000000000000000e+00 -0.000000000000000000e+00 0.000000000000000000e+00 -0.000000000000000000e+00
0.000000000000000000e+00 0.000000000000000000e+00 -0.000000000000000000e+00 0.000000000000000000e+00 -0.000000000000000000e+00
0.000000000000000000e+00 0.000000000000000000e+00 -0.000000000000000000e+00 0.000000000000000000e+00 -0.000000000000000000e+00
0.000000000000000000e+00 0.000000000000000000e+00 -0.000000000000000000e+00 0.000000000000000000e+00 -0.000000000000000000e+00
2.552485969125323890e-04 3.148294608648995511e-04 1.000000000000000082e-05 1.000000000000000082e-05 1.816439894058309958e-04
3.280014574313041414e-02 1.890820828009941515e-02 1.000000000000000082e-05 1.000000000000000082e-05 1.000000000000000082e-05
8.527781121281938215e-02 6.812394884244900306e-02 1.550179474876521839e-03 1.000000000000000082e-05 1.000000000000000082e-05
9.142638480323904415e-02 1.083062191356124193e-01 3.859562001626837963e-02 1.000000000000000082e-05 1.000000000000000082e-05
6.814260176296181581e-02 9.642108660809001197e-02 6.637980120979705689e-02 3.615841651636797494e-02 1.175731523820012191e-02
5.187224183840526137e-02 2.223595760690547096e-02 6.925978754646405777e-02 7.710516948683511507e-02 5.688223525439563971e-02
5.299262762580404101e-02 1.000000000000000082e-05 5.428562952814843662e-02 7.844606430527742424e-02 1.022932721505956100e-01
6.156903947787876336e-02 1.000000000000000082e-05 3.462457577864672120e-02 3.631943462431947572e-02 1.215721023632515829e-01
6.384572449523155668e-02 1.000000000000000082e-05 1.758962557909179991e-02 2.596105368689996529e-03 1.075400625232833668e-01
7.093506214627416651e-02 1.000000000000000082e-05 2.755445059243130396e-03 1.000000000000000082e-05 8.813941587343508688e-02
7.535618469021461430e-02 1.000000000000000082e-05 1.000000000000000082e-05 1.000000000000000082e-05 8.314125185994253320e-02
8.069464701327877520e-02 1.720631003353124272e-02 1.000000000000000082e-05 1.000000000000000082e-05 9.844153247503553694e-02
8.501375346920699017e-02 3.381605070139299951e-02 1.000000000000000082e-05 1.000000000000000082e-05 1.128165716030830185e-01
8.627122275772210191e-02 5.483755624172318571e-02 1.000000000000000082e-05 2.101764724398252557e-02 9.960877380764895928e-02
8.902858354879017444e-02 5.059656805513283034e-02 1.000000000000000082e-05 7.019184219969494543e-02 5.600300664675771090e-02
8.945105875386460959e-02 3.053833505917487659e-02 1.000000000000000082e-05 1.079761627566181437e-01 1.000000000000000082e-05
8.110908978248110301e-02 1.000000000000000082e-05 4.330611595437205974e-02 1.025667076139741840e-01 1.000000000000000082e-05
5.251170238933472456e-02 1.000000000000000082e-05 1.040451034633713273e-01 5.278121375786349462e-02 1.000000000000000082e-05
2.313505684462942996e-02 1.000000000000000082e-05 1.254705507951010546e-01 7.019475069494895796e-03 1.000000000000000082e-05
1.411541031170609160e-03 1.000000000000000082e-05 9.011238888585657025e-02 1.000000000000000082e-05 8.769354538715704028e-03
1.000000000000000082e-05 1.000000000000000082e-05 3.981046071855069007e-02 1.000000000000000082e-05 7.921869086935991178e-03
1.000000000000000082e-05 1.000000000000000082e-05 9.748495446890492744e-03 1.000000000000000082e-05 4.521857149123898779e-03
1.000000000000000082e-05 1.000000000000000082e-05 1.090505643410236191e-03 1.000000000000000082e-05 6.141691725794303685e-04
0.000000000000000000e+00 0.000000000000000000e+00 -0.000000000000000000e+00 0.000000000000000000e+00 -0.000000000000000000e+00
0.000000000000000000e+00 0.000000000000000000e+00 -0.000000000000000000e+00 0.000000000000000000e+00 -0.000000000000000000e+00
0.000000000000000000e+00 0.000000000000000000e+00 -0.000000000000000000e+00 0.000000000000000000e+00 -0.000000000000000000e+00
0.000000000000000000e+00 0.000000000000000000e+00 -0.000000000000000000e+00 0.000000000000000000e+00 -0.000000000000000000e+00
0.000000000000000000e+00 0.000000000000000000e+00 -0.000000000000000000e+00 0.000000000000000000e+00 -0.000000000000000000e+00
3.454715019980156656e-04 1.708028791809348230e-04 1.000000000000000082e-05 1.544983120736085562e-05 1.000000000000000082e-05
1.765250370686365783e-02 2.168587069128518133e-02 1.000000000000000082e-05 1.000000000000000082e-05 1.000000000000000082e-05
5.628715856227643755e-02 7.297857300037076389e-02 1.000000000000000082e-05 1.000000000000000082e-05 1.000000000000000082e-05
7.313508185169874387e-02 1.209548039569360439e-01 1.386091492824266698e-02 1.000000000000000082e-05 1.000000000000000082e-05
6.627648946064336466e-02 1.151443390207070039e-01 4.857995672362090678e-02 2.549733046304330369e-02 1.378360257337830430e-03
6.493613672522653701e-02 5.080508588527478386e-02 6.487186388992559338e-02 6.798887011523110924e-02 3.777045080862091037e-02
7.595782902559973515e-02 1.000000000000000082e-05 6.559337405094832485e-02 8.073731330679567719e-02 8.119939899334897848e-02
9.222965200679740516e-02 1.000000000000000082e-05 4.949875179628510785e-02 5.610929696028837260e-02 1.097374883800608381e-01
9.961294666939921050e-02 1.000000000000000082e-05 3.109390127798067338e-02 2.390450584828914676e-02 1.155718661564101857e-01
1.011852858278448342e-01 1.000000000000000082e-05 1.494032537391843003e-02 4.165416609969305010e-03 1.098006704671194711e-01
1.016631969782589157e-01 1.898384797636360269e-02 1.000000000000000082e-05 1.000000000000000082e-05 1.031127858015392917e-01
9.922167101488610363e-02 4.045424654934804548e-02 1.000000000000000082e-05 9.592086753917790712e-03 9.974277854341806471e-02
9.249430443837414195e-02 5.447417974662183832e-02 1.000000000000000082e-05 3.586782846853217577e-02 8.485737314021835065e-02
8.679688683628460077e-02 4.684340517539811732e-02 1.000000000000000082e-05 7.560721707520748347e-02 5.173989453586661652e-02
7.935451329242525220e-02 2.516626170868583451e-02 8.573884293620765221e-03 1.095117412900444009e-01 2.133291880336264656e-03
6.300750840821325860e-02 3.109033149892541283e-03 5.614162931540816331e-02 1.063567378121712259e-01 1.000000000000000082e-05
3.476671473996701539e-02 1.000000000000000082e-05 1.099436315901419492e-01 6.390180626303558487e-02 1.000000000000000082e-05
1.088140435291165727e-02 1.000000000000000082e-05 1.301792568996131549e-01 1.862354371730905178e-02 1.000000000000000082e-05
1.000000000000000082e-05 1.000000000000000082e-05 1.021801918106965551e-01 1.000000000000000082e-05 8.616774362097803786e-03
1.000000000000000082e-05 5.178021969852184339e-04 5.372347431405143092e-02 1.000000000000000082e-05 8.344408022949724793e-03
1.000000000000000082e-05 1.000000000000000082e-05 1.951478471233533338e-02 1.000000000000000082e-05 5.853566555029673414e-03
1.000000000000000082e-05 1.000000000000000082e-05 3.826777753240546715e-03 1.000000000000000082e-05 2.624633381933597943e-03
1.000000000000000082e-05 1.000000000000000082e-05 1.005066753697868591e-04 6.742903292804529444e-05 2.340570445825828770e-04
9.272518708297021342e-05 1.000000000000000082e-05 1.000000000000000082e-05 1.838546574602764388e-04 3.874493585624226425e-04
0.000000000000000000e+00 0.000000000000000000e+00 -0.000000000000000000e+00 0.000000000000000000e+00 -0.000000000000000000e+00
0.000000000000000000e+00 0.000000000000000000e+00 -0.000000000000000000e+00 0.000000000000000000e+00 -0.000000000000000000e+00
0.000000000000000000e+00 0.000000000000000000e+00 -0.000000000000000000e+00 0.000000000000000000e+00 -0.000000000000000000e+00
0.000000000000000000e+00 0.000000000000000000e+00 -0.000000000000000000e+00 0.000000000000000000e+00 -0.000000000000000000e+00
3.118005484978703763e-04 5.525907286834478167e-05 1.000000000000000082e-05 1.005983621573024531e-04 1.000000000000000082e-05
8.404907349173549105e-03 1.565868685060208335e-02 1.000000000000000082e-05 1.000000000000000082e-05 1.000000000000000082e-05
2.419132094097706243e-02 6.510341116116154236e-02 1.000000000000000082e-05 1.000000000000000082e-05 1.000000000000000082e-05
3.985333178309662105e-02 1.215673575473266987e-01 1.000000000000000082e-05 1.000000000000000082e-05 1.000000000000000082e-05
4.685434024884138626e-02 1.468073457715606545e-01 1.983357862006806041e-02 9.652199194130716906e-03 1.000000000000000082e-05
5.276335777186086373e-02 1.113047839011774981e-01 4.688672505634699367e-02 5.020770865597035115e-02 8.712564251548631650e-03
6.015068490879696417e-02 6.199101708829366647e-02 5.902339641400057568e-02 7.907416891045616902e-02 4.263048652784641457e-02
7.160572813330741415e-02 3.074363662288679550e-02 6.103306589265020121e-02 7.816944974478604036e-02 6.976186211738583109e-02
7.847598026106843150e-02 2.725135355993264785e-02 5.734581654856409777e-02 6.168827674875195649e-02 8.380424449581276580e-02
8.191553327575366861e-02 3.987697222619147192e-02 4.349577713474717805e-02 5.170728726182487189e-02 8.424887986718682109e-02
8.026099967251384970e-02 5.161289974942771808e-02 3.335870736485768012e-02 5.276163595192031458e-02 7.683723516802638820e-02
7.104960270296351021e-02 5.800954765414377545e-02 2.875892408224053898e-02 6.600266152504151440e-02 6.525576522223411335e-02
6.051424992789576629e-02 4.842260153792025262e-02 3.319372197942729169e-02 9.073151825642222779e-02 4.142359624227253539e-02
4.749633763301291944e-02 2.524025971913070043e-02 5.333451389194385911e-02 1.114601712860667365e-01 3.162939398455895910e-03
3.234046497228363487e-02 2.575980817248855245e-03 8.871089446381673349e-02 1.047980688267094868e-01 1.000000000000000082e-05
1.028291252734185417e-02 1.000000000000000082e-05 1.204880960305308446e-01 6.639885114304221181e-02 1.000000000000000082e-05
1.000000000000000082e-05 1.000000000000000082e-05 1.314317979754379973e-01 2.265429371888756302e-02 1.000000000000000082e-05
1.000000000000000082e-05 1.000000000000000082e-05 1.026083740751906059e-01 1.000000000000000082e-05 9.059730761657048409e-03
1.000000000000000082e-05 1.983575507684151400e-04 5.878361193969046383e-02 1.000000000000000082e-05 8.559803192665738775e-03
1.000000000000000082e-05 1.000000000000000082e-05 2.407847939480513635e-02 1.000000000000000082e-05 6.686584023060310362e-03
1.000000000000000082e-05 1.000000000000000082e-05 5.979992062645143359e-03 1.000000000000000082e-05 3.088012316827165853e-03
1.000000000000000082e-05 1.000000000000000082e-05 1.414749085699759440e-03 1.000000000000000082e-05 8.414759262327781413e-04
5.443527811530899751e-05 1.000000000000000082e-05 1.000000000000000082e-05 1.345806226020624372e-04 3.101986726952533696e-04
1.616251524848995292e-04 1.000000000000000082e-05 1.000000000000000082e-05 3.204688821008989659e-04 6.753457569386672830e-04
0.000000000000000000e+00 0.000000000000000000e+00 -0.000000000000000000e+00 0.000000000000000000e+00 -0.000000000000000000e+00
0.000000000000000000e+00 0.000000000000000000e+00 -0.000000000000000000e+00 0.000000000000000000e+00 -0.000000000000000000e+00
0.000000000000000000e+00 0.000000000000000000e+00 -0.000000000000000000e+00 0.000000000000000000e+00 -0.000000000000000000e+00
0.000000000000000000e+00 0.000000000000000000e+00 -0.000000000000000000e+00 0.000000000000000000e+00 -0.000000000000000000e+00
3.118005484978703763e-04 5.525907286834478167e-05 1.000000000000000082e-05 1.005983621573024531e-04 1.000000000000000082e-05
2.873033282715639191e-03 8.247943019364096032e-03 1.000000000000000082e-05 1.000000000000000082e-05 1.000000000000000082e-05
6.453260806468527969e-03 3.937636941538719820e-02 1.000000000000000082e-05 1.000000000000000082e-05 1.000000000000000082e-05
1.039921737018474970e-02 9.263046679396151617e-02 1.000000000000000082e-05 1.000000000000000082e-05 1.000000000000000082e-05
1.502821878872005572e-02 1.423204722749003559e-01 1.000000000000000082e-05 1.000000000000000082e-05 1.000000000000000082e-05
1.447958563898927610e-02 1.581337623379019397e-01 1.620919906867309898e-02 2.466906244495529685e-02 1.000000000000000082e-05
1.424368088078535079e-02 1.369396708718375599e-01 4.114956305322858138e-02 6.166088000259252466e-02 1.000000000000000082e-05
1.871283180360749920e-02 1.065955085253263157e-01 5.819615511069733266e-02 8.656762907216432323e-02 1.667092041616983697e-02
2.051957803714694537e-02 8.883370192921055675e-02 6.778551666595199199e-02 9.324445183531769599e-02 3.080631136522774330e-02
1.907724077410973690e-02 8.046709063537675621e-02 7.118831487522694901e-02 9.430481833795967272e-02 3.883675214464624159e-02
1.577196623615706450e-02 6.989177664411669322e-02 7.736844190986416625e-02 9.823528505243359077e-02 3.742876283106315316e-02
9.731684856446889964e-03 4.790681452069973922e-02 8.311845720851034069e-02 1.093098013669103891e-01 2.241689021334687323e-02
3.588573540781357044e-03 2.044483636846377780e-02 9.642163633554548530e-02 1.125984059781422603e-01 1.000000000000000082e-05
1.000000000000000082e-05 6.727294413669426170e-04 1.145709969529904171e-01 9.303269411360615138e-02 1.000000000000000082e-05
1.000000000000000082e-05 1.000000000000000082e-05 1.256757169486097392e-01 5.481567698974285086e-02 1.000000000000000082e-05
1.000000000000000082e-05 1.000000000000000082e-05 1.177877128311740074e-01 1.933154488760469719e-02 2.167732874571630299e-03
1.000000000000000082e-05 1.000000000000000082e-05 8.904697610107425998e-02 5.342041805673212237e-04 8.212409109026517356e-03
1.000000000000000082e-05 1.000000000000000082e-05 4.929143599702518613e-02 1.000000000000000082e-05 8.657974644734377570e-03
1.000000000000000082e-05 7.007915114629982350e-04 2.020157143977672001e-02 1.000000000000000082e-05 4.493327612116407993e-03
1.000000000000000082e-05 1.000000000000000082e-05 6.479282359309943180e-03 1.000000000000000082e-05 2.936128699204039808e-03
1.000000000000000082e-05 2.014365180558588049e-04 1.187678566648800536e-03 1.000000000000000082e-05 3.921848400909486404e-04
1.000000000000000082e-05 1.000000000000000082e-05 1.166735748664960934e-04 4.473261969113946701e-06 5.427634508445945477e-05
3.992334443850104021e-05 1.000000000000000082e-05 1.000000000000000082e-05 7.915964418428574013e-05 1.668184738254876087e-04
9.143733726237339605e-05 1.000000000000000082e-05 1.000000000000000082e-05 1.813011205511061842e-04 3.820681174712778241e-04
0.000000000000000000e+00 0.000000000000000000e+00 -0.000000000000000000e+00 0.000000000000000000e+00 -0.000000000000000000e+00
0.000000000000000000e+00 0.000000000000000000e+00 -0.000000000000000000e+00 0.000000000000000000e+00 -0.000000000000000000e+00
0.000000000000000000e+00 0.000000000000000000e+00 -0.000000000000000000e+00 0.000000000000000000e+00 -0.000000000000000000e+00
0.000000000000000000e+00 0.000000000000000000e+00 -0.000000000000000000e+00 0.000000000000000000e+00 -0.000000000000000000e+00
0.000000000000000000e+00 0.000000000000000000e+00 -0.000000000000000000e+00 0.000000000000000000e+00 -0.000000000000000000e+00
1.116734215026460048e-04 2.025076367047279943e-03 1.000000000000000082e-05 1.000000000000000082e-05 3.100696633511913617e-04
2.526571224264705356e-04 1.283133293383379586e-02 1.000000000000000082e-05 1.000000000000000082e-05 1.565607446508543140e-03
1.000000000000000082e-05 3.704477845697653343e-02 1.000000000000000082e-05 1.000000000000000082e-05 1.000000000000000082e-05
1.000000000000000082e-05 8.046476327776057313e-02 1.000000000000000082e-05 1.000000000000000082e-05 1.000000000000000082e-05
1.000000000000000082e-05 1.260302290190156715e-01 1.610289866253646496e-03 2.587866578872232565e-03 1.000000000000000082e-05
1.000000000000000082e-05 1.424255782519504854e-01 1.410130200271792790e-02 2.372738374550141874e-02 1.000000000000000082e-05
1.000000000000000082e-05 1.330896838359562073e-01 3.102749050057698743e-02 5.214225135299290631e-02 1.000000000000000082e-05
1.000000000000000082e-05 1.071853863588558275e-01 4.841807207812170999e-02 8.194169385745149470e-02 1.000000000000000082e-05
1.000000000000000082e-05 7.449749337324798604e-02 6.691180685680990503e-02 9.804084666228944644e-02 4.600955680513736830e-03
1.000000000000000082e-05 4.351666336028491705e-02 8.224276966973928515e-02 9.924048194639058240e-02 2.151249397184555254e-03
1.000000000000000082e-05 1.649809790902941053e-02 9.399616454067866167e-02 9.023332498531173862e-02 1.000000000000000082e-05
1.000000000000000082e-05 2.858437278208759112e-03 9.905790519209572986e-02 6.462394054597929427e-02 1.000000000000000082e-05
1.000000000000000082e-05 1.000000000000000082e-05 9.356537215551612163e-02 3.411732257925286643e-02 1.000000000000000082e-05
1.000000000000000082e-05 1.000000000000000082e-05 7.681460669470953351e-02 1.228548446804441328e-02 4.248890503547687013e-03
1.000000000000000082e-05 1.000000000000000082e-05 5.032694578056404883e-02 1.869124867932190313e-03 6.824794256488552965e-03
1.000000000000000082e-05 1.000000000000000082e-05 2.476261237974942617e-02 1.000000000000000082e-05 4.595960178866087369e-03
1.000000000000000082e-05 3.968746131983603835e-04 9.845401545646307803e-03 1.000000000000000082e-05 2.316444442066326222e-03
1.000000000000000082e-05 2.604527877136821436e-04 3.469953912655938250e-03 1.000000000000000082e-05 1.031120309830782945e-03
1.000000000000000082e-05 1.342536421956437532e-04 9.276678714837544850e-04 1.000000000000000082e-05 2.631219946648863752e-04
4.242290244797649695e-05 1.000000000000000082e-05 1.000000000000000082e-05 3.746872720647370712e-04 1.489939368699785024e-04
1.080067400389649080e-05 1.000000000000000082e-05 1.000000000000000082e-05 1.221745543338662032e-04 4.495923844320620720e-05
0.000000000000000000e+00 0.000000000000000000e+00 -0.000000000000000000e+00 0.000000000000000000e+00 -0.000000000000000000e+00
0.000000000000000000e+00 0.000000000000000000e+00 -0.000000000000000000e+00 0.000000000000000000e+00 -0.000000000000000000e+00
0.000000000000000000e+00 0.000000000000000000e+00 -0.000000000000000000e+00 0.000000000000000000e+00 -0.000000000000000000e+00
0.000000000000000000e+00 0.000000000000000000e+00 -0.000000000000000000e+00 0.000000000000000000e+00 -0.000000000000000000e+00
0.000000000000000000e+00 0.000000000000000000e+00 -0.000000000000000000e+00 0.000000000000000000e+00 -0.000000000000000000e+00
0.000000000000000000e+00 0.000000000000000000e+00 -0.000000000000000000e+00 0.000000000000000000e+00 -0.000000000000000000e+00
0.000000000000000000e+00 0.000000000000000000e+00 -0.000000000000000000e+00 0.000000000000000000e+00 -0.000000000000000000e+00
1.000000000000000082e-05 3.839647276170781191e-04 1.000000000000000082e-05 1.000000000000000082e-05 1.000000000000000082e-05
1.000000000000000082e-05 1.506475395549921768e-03 1.000000000000000082e-05 1.000000000000000082e-05 3.664577061467946210e-04
1.000000000000000082e-05 4.742245026900366450e-03 1.000000000000000082e-05 1.000000000000000082e-05 3.133464571316864995e-04
1.000000000000000082e-05 1.261817241751825823e-02 1.000000000000000082e-05 1.000000000000000082e-05 1.000000000000000082e-05
1.000000000000000082e-05 2.502544003905654568e-02 2.408371933440155328e-03 1.000000000000000082e-05 1.000000000000000082e-05
1.000000000000000082e-05 3.843446988622207378e-02 5.867889368570251840e-03 3.096909834413634661e-03 1.000000000000000082e-05
1.000000000000000082e-05 4.216447093385758405e-02 1.073624079434253205e-02 9.702330548555175571e-03 1.000000000000000082e-05
1.000000000000000082e-05 3.817149497218968318e-02 1.826182392814024169e-02 1.725742821571040961e-02 1.000000000000000082e-05
1.000000000000000082e-05 2.789284808227147569e-02 2.682152794226346990e-02 2.238344956514392095e-02 1.000000000000000082e-05
1.000000000000000082e-05 1.749754818851110422e-02 3.295036863738267513e-02 2.367975927141614118e-02 1.000000000000000082e-05
1.000000000000000082e-05 6.919300124507820476e-03 3.427016501536401388e-02 1.792155100764348391e-02 1.000000000000000082e-05
1.000000000000000082e-05 2.275461528273685970e-03 3.089189377742680362e-02 9.837483010926875021e-03 1.000000000000000082e-05
1.000000000000000082e-05 1.000000000000000082e-05 2.211747359030242707e-02 4.061996081473238755e-03 1.657980234567542994e-03
1.000000000000000082e-05 1.000000000000000082e-05 1.238567157567449679e-02 1.035457185482329626e-03 2.151448821876113856e-03
1.000000000000000082e-05 1.000000000000000082e-05 5.547206090210798739e-03 4.092173278681118738e-05 1.408555702086779693e-03
1.000000000000000082e-05 2.968348046284155430e-04 2.837726072429733702e-03 1.000000000000000082e-05 7.825635949611250801e-04
1.000000000000000082e-05 2.569594619307187370e-04 1.374058582223329928e-03 1.000000000000000082e-05 2.976006672920307374e-04
1.740340044555702657e-05 2.011365031584370141e-04 3.656762485468761687e-04 1.000000000000000082e-05 1.000000000000000082e-05
2.959158065790382753e-05 1.000000000000000082e-05 1.000000000000000082e-05 1.519183632777445744e-04 5.098866295196637500e-05
3.833478660537923755e-05 1.000000000000000082e-05 1.000000000000000082e-05 4.336336294666811989e-04 1.595736350378593052e-04
1.080067400389649080e-05 1.000000000000000082e-05 1.000000000000000082e-05 1.221745543338662032e-04 4.495923844320620720e-05
0.000000000000000000e+00 0.000000000000000000e+00 -0.000000000000000000e+00 0.000000000000000000e+00 -0.000000000000000000e+00
0.000000000000000000e+00 0.000000000000000000e+00 -0.000000000000000000e+00 0.000000000000000000e+00 -0.000000000000000000e+00
0.000000000000000000e+00 0.000000000000000000e+00 -0.000000000000000000e+00 0.000000000000000000e+00 -0.000000000000000000e+00
0.000000000000000000e+00 0.000000000000000000e+00 -0.000000000000000000e+00 0.000000000000000000e+00 -0.000000000000000000e+00
0.000000000000000000e+00 0.000000000000000000e+00 -0.000000000000000000e+00 0.000000000000000000e+00 -0.000000000000000000e+00
0.000000000000000000e+00 0.000000000000000000e+00 -0.000000000000000000e+00 0.000000000000000000e+00 -0.000000000000000000e+00
0.000000000000000000e+00 0.000000000000000000e+00 -0.000000000000000000e+00 0.000000000000000000e+00 -0.000000000000000000e+00
0.000000000000000000e+00 0.000000000000000000e+00 -0.000000000000000000e+00 0.000000000000000000e+00 -0.000000000000000000e+00
0.000000000000000000e+00 0.000000000000000000e+00 -0.000000000000000000e+00 0.000000000000000000e+00 -0.000000000000000000e+00
0.000000000000000000e+00 0.000000000000000000e+00 -0.000000000000000000e+00 0.000000000000000000e+00 -0.000000000000000000e+00
2.007543989995972400e-05 2.156112435179120251e-05 1.000000000000000082e-05 7.936086884239820002e-06 4.816950411779281752e-05
8.947535205580237733e-05 1.963606199464630316e-04 1.000000000000000082e-05 6.429646709749801861e-05 2.664531823343650459e-04
1.000000000000000082e-05 6.620633865118370287e-04 3.108567075946683310e-04 1.451604214829507809e-04 2.159799038686322707e-04
1.000000000000000082e-05 7.359062625342032912e-04 4.664364800060154356e-04 2.603121437448062707e-04 4.145894866423431601e-04
1.000000000000000082e-05 4.986479190617780282e-04 5.782657609090332716e-04 4.306007142081730212e-04 6.521978103504560932e-04
1.000000000000000082e-05 3.981388122007001708e-04 7.371962866561097318e-04 3.346791730886450864e-04 6.652819695844440799e-04
6.757530080647969513e-04 1.000000000000000082e-05 1.455162929926850663e-04 5.950183320912377566e-04 1.089011183810293347e-03
2.086267001394768897e-04 1.000000000000000082e-05 1.000000000000000082e-05 3.837632214582848344e-04 7.542298655514555195e-04
1.484284139862555776e-04 1.000000000000000082e-05 5.707080391211240359e-05 1.830147611152900286e-05 2.131146308032413536e-04
0.000000000000000000e+00 0.000000000000000000e+00 -0.000000000000000000e+00 0.000000000000000000e+00 -0.000000000000000000e+00
0.000000000000000000e+00 0.000000000000000000e+00 -0.000000000000000000e+00 0.000000000000000000e+00 -0.000000000000000000e+00
0.000000000000000000e+00 0.000000000000000000e+00 -0.000000000000000000e+00 0.000000000000000000e+00 -0.000000000000000000e+00
0.000000000000000000e+00 0.000000000000000000e+00 -0.000000000000000000e+00 0.000000000000000000e+00 -0.000000000000000000e+00
0.000000000000000000e+00 0.000000000000000000e+00 -0.000000000000000000e+00 0.000000000000000000e+00 -0.000000000000000000e+00
0.000000000000000000e+00 0.000000000000000000e+00 -0.000000000000000000e+00 0.000000000000000000e+00 -0.000000000000000000e+00
0.000000000000000000e+00 0.000000000000000000e+00 -0.000000000000000000e+00 0.000000000000000000e+00 -0.000000000000000000e+00
0.000000000000000000e+00 0.000000000000000000e+00 -0.000000000000000000e+00 0.000000000000000000e+00 -0.000000000000000000e+00
0.000000000000000000e+00 0.000000000000000000e+00 -0.000000000000000000e+00 0.000000000000000000e+00 -0.000000000000000000e+00
0.000000000000000000e+00 0.000000000000000000e+00 -0.000000000000000000e+00 0.000000000000000000e+00 -0.000000000000000000e+00
0.000000000000000000e+00 0.000000000000000000e+00 -0.000000000000000000e+00 0.000000000000000000e+00 -0.000000000000000000e+00
0.000000000000000000e+00 0.000000000000000000e+00 -0.000000000000000000e+00 0.000000000000000000e+00 -0.000000000000000000e+00
0.000000000000000000e+00 0.000000000000000000e+00 -0.000000000000000000e+00 0.000000000000000000e+00 -0.000000000000000000e+00
0.000000000000000000e+00 0.000000000000000000e+00 -0.000000000000000000e+00 0.000000000000000000e+00 -0.000000000000000000e+00
0.000000000000000000e+00 0.000000000000000000e+00 -0.000000000000000000e+00 0.000000000000000000e+00 -0.000000000000000000e+00
0.000000000000000000e+00 0.000000000000000000e+00 -0.000000000000000000e+00 0.000000000000000000e+00 -0.000000000000000000e+00
0.000000000000000000e+00 0.000000000000000000e+00 -0.000000000000000000e+00 0.000000000000000000e+00 -0.000000000000000000e+00
0.000000000000000000e+00 0.000000000000000000e+00 -0.000000000000000000e+00 0.000000000000000000e+00 -0.000000000000000000e+00
0.000000000000000000e+00 0.000000000000000000e+00 -0.000000000000000000e+00 0.000000000000000000e+00 -0.000000000000000000e+00
0.000000000000000000e+00 0.000000000000000000e+00 -0.000000000000000000e+00 0.000000000000000000e+00 -0.000000000000000000e+00
0.000000000000000000e+00 0.000000000000000000e+00 -0.000000000000000000e+00 0.000000000000000000e+00 -0.000000000000000000e+00
0.000000000000000000e+00 0.000000000000000000e+00 -0.000000000000000000e+00 0.000000000000000000e+00 -0.000000000000000000e+00
0.000000000000000000e+00 0.000000000000000000e+00 -0.000000000000000000e+00 0.000000000000000000e+00 -0.000000000000000000e+00
0.000000000000000000e+00 0.000000000000000000e+00 -0.000000000000000000e+00 0.000000000000000000e+00 -0.000000000000000000e+00
0.000000000000000000e+00 0.000000000000000000e+00 -0.000000000000000000e+00 0.000000000000000000e+00 -0.000000000000000000e+00
0.000000000000000000e+00 0.000000000000000000e+00 -0.000000000000000000e+00 0.000000000000000000e+00 -0.000000000000000000e+00
0.000000000000000000e+00 0.000000000000000000e+00 -0.000000000000000000e+00 0.000000000000000000e+00 -0.000000000000000000e+00
0.000000000000000000e+00 0.000000000000000000e+00 -0.000000000000000000e+00 0.000000000000000000e+00 -0.000000000000000000e+00
0.000000000000000000e+00 0.000000000000000000e+00 -0.000000000000000000e+00 0.000000000000000000e+00 -0.000000000000000000e+00
0.000000000000000000e+00 0.000000000000000000e+00 -0.000000000000000000e+00 0.000000000000000000e+00 -0.000000000000000000e+00
0.000000000000000000e+00 0.000000000000000000e+00 -0.000000000000000000e+00 0.000000000000000000e+00 -0.000000000000000000e+00
0.000000000000000000e+00 0.000000000000000000e+00 -0.000000000000000000e+00 0.000000000000000000e+00 -0.000000000000000000e+00
0.000000000000000000e+00 0.000000000000000000e+00 -0.000000000000000000e+00 0.000000000000000000e+00 -0.000000000000000000e+00
0.000000000000000000e+00 0.000000000000000000e+00 -0.000000000000000000e+00 0.000000000000000000e+00 -0.000000000000000000e+00
0.000000000000000000e+00 0.000000000000000000e+00 -0.000000000000000000e+00 0.000000000000000000e+00 -0.000000000000000000e+00
0.000000000000000000e+00 0.000000000000000000e+00 -0.000000000000000000e+00 0.000000000000000000e+00 -0.000000000000000000e+00
0.000000000000000000e+00 0.000000000000000000e+00 -0.000000000000000000e+00 0.000000000000000000e+00 -0.000000000000000000e+00
0.000000000000000000e+00 0.000000000000000000e+00 -0.000000000000000000e+00 0.000000000000000000e+00 -0.000000000000000000e+00
0.000000000000000000e+00 0.000000000000000000e+00 -0.000000000000000000e+00 0.000000000000000000e+00 -0.000000000000000000e+00
0.000000000000000000e+00 0.000000000000000000e+00 -0.000000000000000000e+00 0.000000000000000000e+00 -0.000000000000000000e+00
0.000000000000000000e+00 0.000000000000000000e+00 -0.000000000000000000e+00 0.000000000000000000e+00 -0.000000000000000000e+00
0.000000000000000000e+00 0.000000000000000000e+00 -0.000000000000000000e+00 0.000000000000000000e+00 -0.000000000000000000e+00
0.000000000000000000e+00 0.000000000000000000e+00 -0.000000000000000000e+00 0.000000000000000000e+00 -0.000000000000000000e+00
0.000000000000000000e+00 0.000000000000000000e+00 -0.000000000000000000e+00 0.000000000000000000e+00 -0.000000000000000000e+00
0.000000000000000000e+00 0.000000000000000000e+00 -0.000000000000000000e+00 0.000000000000000000e+00 -0.000000000000000000e+00
0.000000000000000000e+00 0.000000000000000000e+00 -0.000000000000000000e+00 0.000000000000000000e+00 -0.000000000000000000e+00
0.000000000000000000e+00 0.000000000000000000e+00 -0.000000000000000000e+00 0.000000000000000000e+00 -0.000000000000000000e+00
0.000000000000000000e+00 0.000000000000000000e+00 -0.000000000000000000e+00 0.000000000000000000e+00 -0.000000000000000000e+00
0.000000000000000000e+00 0.000000000000000000e+00 -0.000000000000000000e+00 0.000000000000000000e+00 -0.000000000000000000e+00
0.000000000000000000e+00 0.000000000000000000e+00 -0.000000000000000000e+00 0.000000000000000000e+00 -0.000000000000000000e+00
0.000000000000000000e+00 0.000000000000000000e+00 -0.000000000000000000e+00 0.000000000000000000e+00 -0.000000000000000000e+00
0.000000000000000000e+00 0.000000000000000000e+00 -0.000000000000000000e+00 0.000000000000000000e+00 -0.000000000000000000e+00
0.000000000000000000e+00 0.000000000000000000e+00 -0.000000000000000000e+00 0.000000000000000000e+00 -0.000000000000000000e+00
0.000000000000000000e+00 0.000000000000000000e+00 -0.000000000000000000e+00 0.000000000000000000e+00 -0.000000000000000000e+00
0.000000000000000000e+00 0.000000000000000000e+00 -0.000000000000000000e+00 0.000000000000000000e+00 -0.000000000000000000e+00
0.000000000000000000e+00 0.000000000000000000e+00 -0.000000000000000000e+00 0.000000000000000000e+00 -0.000000000000000000e+00
0.000000000000000000e+00 0.000000000000000000e+00 -0.000000000000000000e+00 0.000000000000000000e+00 -0.000000000000000000e+00
0.000000000000000000e+00 0.000000000000000000e+00 -0.000000000000000000e+00 0.000000000000000000e+00 -0.000000000000000000e+00
0.000000000000000000e+00 0.000000000000000000e+00 -0.000000000000000000e+00 0.000000000000000000e+00 -0.000000000000000000e+00
0.000000000000000000e+00 0.000000000000000000e+00 -0.000000000000000000e+00 0.000000000000000000e+00 -0.000000000000000000e+00
0.000000000000000000e+00 0.000000000000000000e+00 -0.000000000000000000e+00 0.000000000000000000e+00 -0.000000000000000000e+00
0.000000000000000000e+00 0.000000000000000000e+00 -0.000000000000000000e+00 0.000000000000000000e+00 -0.000000000000000000e+00
0.000000000000000000e+00 0.000000000000000000e+00 -0.000000000000000000e+00 0.000000000000000000e+00 -0.000000000000000000e+00
0.000000000000000000e+00 0.000000000000000000e+00 -0.000000000000000000e+00 0.000000000000000000e+00 -0.000000000000000000e+00
0.000000000000000000e+00 0.000000000000000000e+00 -0.000000000000000000e+00 0.000000000000000000e+00 -0.000000000000000000e+00
0.000000000000000000e+00 0.000000000000000000e+00 -0.000000000000000000e+00 0.000000000000000000e+00 -0.000000000000000000e+00
0.000000000000000000e+00 0.000000000000000000e+00 -0.000000000000000000e+00 0.000000000000000000e+00 -0.000000000000000000e+00
0.000000000000000000e+00 0.000000000000000000e+00 -0.000000000000000000e+00 0.000000000000000000e+00 -0.000000000000000000e+00
