0.000000000000000000e+00 0.000000000000000000e+00 -0.000000000000000000e+00 0.000000000000000000e+00 0.000000000000000000e+00
0.000000000000000000e+00 0.000000000000000000e+00 -0.000000000000000000e+00 0.000000000000000000e+00 0.000000000000000000e+00
0.000000000000000000e+00 0.000000000000000000e+00 -0.000000000000000000e+00 0.000000000000000000e+00 0.000000000000000000e+00
0.000000000000000000e+00 0.000000000000000000e+00 -0.000000000000000000e+00 -0.000000000000000000e+00 0.000000000000000000e+00
0.000000000000000000e+00 0.000000000000000000e+00 -0.000000000000000000e+00 -0.000000000000000000e+00 0.000000000000000000e+00
0.000000000000000000e+00 0.000000000000000000e+00 -0.000000000000000000e+00 -0.000000000000000000e+00 0.000000000000000000e+00
0.000000000000000000e+00 0.000000000000000000e+00 -0.000000000000000000e+00 -0.000000000000000000e+00 0.000000000000000000e+00
0.000000000000000000e+00 0.000000000000000000e+00 -0.000000000000000000e+00 -0.000000000000000000e+00 0.000000000000000000e+00
0.000000000000000000e+00 0.000000000000000000e+00 -0.000000000000000000e+00 -0.000000000000000000e+00 0.000000000000000000e+00
0.000000000000000000e+00 0.000000000000000000e+00 -0.000000000000000000e+00 -0.000000000000000000e+00 0.000000000000000000e+00
0.000000000000000000e+00 0.000000000000000000e+00 -0.000000000000000000e+00 -0.000000000000000000e+00 0.000000000000000000e+00
0.000000000000000000e+00 0.000000000000000000e+00 -0.000000000000000000e+00 -0.000000000000000000e+00 0.000000000000000000e+00
0.000000000000000000e+00 0.000000000000000000e+00 -0.000000000000000000e+00 -0.000000000000000000e+00 0.000000000000000000e+00
0.000000000000000000e+00 0.000000000000000000e+00 -0.000000000000000000e+00 -0.000000000000000000e+00 0.000000000000000000e+00
0.000000000000000000e+00 0.000000000000000000e+00 -0.000000000000000000e+00 -0.000000000000000000e+00 0.000000000000000000e+00
0.000000000000000000e+00 0.000000000000000000e+00 -0.000000000000000000e+00 -0.000000000000000000e+00 0.000000000000000000e+00
0.000000000000000000e+00 0.000000000000000000e+00 -0.000000000000000000e+00 -0.000000000000000000e+00 0.000000000000000000e+00
0.000000000000000000e+00 0.000000000000000000e+00 -0.000000000000000000e+00 -0.000000000000000000e+00 0.000000000000000000e+00
0.000000000000000000e+00 0.000000000000000000e+00 -0.000000000000000000e+00 -0.000000000000000000e+00 0.000000000000000000e+00
0.000000000000000000e+00 0.000000000000000000e+00 -0.000000000000000000e+00 -0.000000000000000000e+00 0.000000000000000000e+00
0.000000000000000000e+00 0.000000000000000000e+00 -0.000000000000000000e+00 -0.000000000000000000e+00 0.000000000000000000e+00
0.000000000000000000e+00 0.000000000000000000e+00 -0.000000000000000000e+00 -0.000000000000000000e+00 0.000000000000000000e+00
0.000000000000000000e+00 0.000000000000000000e+00 -0.000000000000000000e+00 -0.000000000000000000e+00 0.000000000000000000e+00
0.000000000000000000e+00 0.000000000000000000e+00 -0.000000000000000000e+00 -0.000000000000000000e+00 0.000000000000000000e+00
0.000000000000000000e+00 0.000000000000000000e+00 -0.000000000000000000e+00 -0.000000000000000000e+00 0.000000000000000000e+00
0.000000000000000000e+00 0.000000000000000000e+00 -0.000000000000000000e+00 -0.000000000000000000e+00 0.000000000000000000e+00
0.000000000000000000e+00 0.000000000000000000e+00 -0.000000000000000000e+00 -0.000000000000000000e+00 0.000000000000000000e+00
0.000000000000000000e+00 0.000000000000000000e+00 -0.000000000000000000e+00 -0.000000000000000000e+00 0.000000000000000000e+00
0.000000000000000000e+00 0.000000000000000000e+00 -0.000000000000000000e+00 -0.000000000000000000e+00 0.000000000000000000e+00
0.000000000000000000e+00 0.000000000000000000e+00 -0.000000000000000000e+00 -0.000000000000000000e+00 0.000000000000000000e+00
0.000000000000000000e+00 0.000000000000000000e+00 -0.000000000000000000e+00 -0.000000000000000000e+00 0.000000000000000000e+00
0.000000000000000000e+00 0.000000000000000000e+00 -0.000000000000000000e+00 -0.000000000000000000e+00 0.000000000000000000e+00
0.000000000000000000e+00 0.000000000000000000e+00 -0.000000000000000000e+00 -0.000000000000000000e+00 0.000000000000000000e+00
0.000000000000000000e+00 0.000000000000000000e+00 -0.000000000000000000e+00 -0.000000000000000000e+00 0.000000000000000000e+00
0.000000000000000000e+00 0.000000000000000000e+00 -0.000000000000000000e+00 -0.000000000000000000e+00 0.000000000000000000e+00
0.000000000000000000e+00 0.000000000000000000e+00 -0.000000000000000000e+00 -0.000000000000000000e+00 0.000000000000000000e+00
0.000000000000000000e+00 0.000000000000000000e+00 -0.000000000000000000e+00 -0.000000000000000000e+00 0.000000000000000000e+00
0.000000000000000000e+00 0.000000000000000000e+00 -0.000000000000000000e+00 -0.000000000000000000e+00 0.000000000000000000e+00
0.000000000000000000e+00 0.000000000000000000e+00 -0.000000000000000000e+00 -0.000000000000000000e+00 0.000000000000000000e+00
0.000000000000000000e+00 0.000000000000000000e+00 -0.000000000000000000e+00 -0.000000000000000000e+00 0.000000000000000000e+00
0.000000000000000000e+00 0.000000000000000000e+00 -0.000000000000000000e+00 -0.000000000000000000e+00 0.000000000000000000e+00
0.000000000000000000e+00 0.000000000000000000e+00 -0.000000000000000000e+00 -0.000000000000000000e+00 0.000000000000000000e+00
0.000000000000000000e+00 0.000000000000000000e+00 -0.000000000000000000e+00 -0.000000000000000000e+00 0.000000000000000000e+00
0.000000000000000000e+00 0.000000000000000000e+00 -0.000000000000000000e+00 -0.000000000000000000e+00 0.000000000000000000e+00
0.000000000000000000e+00 0.000000000000000000e+00 -0.000000000000000000e+00 -0.000000000000000000e+00 0.000000000000000000e+00
0.000000000000000000e+00 0.000000000000000000e+00 -0.000000000000000000e+00 -0.000000000000000000e+00 0.000000000000000000e+00
0.000000000000000000e+00 0.000000000000000000e+00 -0.000000000000000000e+00 -0.000000000000000000e+00 0.000000000000000000e+00
0.000000000000000000e+00 0.000000000000000000e+00 -0.000000000000000000e+00 -0.000000000000000000e+00 0.000000000000000000e+00
0.000000000000000000e+00 0.000000000000000000e+00 -0.000000000000000000e+00 -0.000000000000000000e+00 0.000000000000000000e+00
0.000000000000000000e+00 0.000000000000000000e+00 -0.000000000000000000e+00 -0.000000000000000000e+00 0.000000000000000000e+00
0.000000000000000000e+00 0.000000000000000000e+00 -0.000000000000000000e+00 -0.000000000000000000e+00 0.000000000000000000e+00
0.000000000000000000e+00 0.000000000000000000e+00 -0.000000000000000000e+00 -0.000000000000000000e+00 0.000000000000000000e+00
0.000000000000000000e+00 0.000000000000000000e+00 -0.000000000000000000e+00 -0.000000000000000000e+00 0.000000000000000000e+00
0.000000000000000000e+00 0.000000000000000000e+00 -0.000000000000000000e+00 -0.000000000000000000e+00 0.000000000000000000e+00
0.000000000000000000e+00 0.000000000000000000e+00 -0.000000000000000000e+00 -0.000000000000000000e+00 0.000000000000000000e+00
0.000000000000000000e+00 0.000000000000000000e+00 -0.000000000000000000e+00 -0.000000000000000000e+00 0.000000000000000000e+00
0.000000000000000000e+00 0.000000000000000000e+00 -0.000000000000000000e+00 -0.000000000000000000e+00 0.000000000000000000e+00
0.000000000000000000e+00 0.000000000000000000e+00 -0.000000000000000000e+00 -0.000000000000000000e+00 0.000000000000000000e+00
0.000000000000000000e+00 0.000000000000000000e+00 -0.000000000000000000e+00 -0.000000000000000000e+00 0.000000000000000000e+00
0.000000000000000000e+00 0.000000000000000000e+00 -0.000000000000000000e+00 -0.000000000000000000e+00 0.000000000000000000e+00
0.000000000000000000e+00 0.000000000000000000e+00 -0.000000000000000000e+00 -0.000000000000000000e+00 0.000000000000000000e+00
0.000000000000000000e+00 0.000000000000000000e+00 -0.000000000000000000e+00 -0.000000000000000000e+00 0.000000000000000000e+00
0.000000000000000000e+00 0.000000000000000000e+00 -0.000000000000000000e+00 -0.000000000000000000e+00 0.000000000000000000e+00
0.000000000000000000e+00 0.000000000000000000e+00 -0.000000000000000000e+00 -0.000000000000000000e+00 0.000000000000000000e+00
0.000000000000000000e+00 0.000000000000000000e+00 -0.000000000000000000e+00 -0.000000000000000000e+00 0.000000000000000000e+00
0.000000000000000000e+00 0.000000000000000000e+00 -0.000000000000000000e+00 -0.000000000000000000e+00 0.000000000000000000e+00
0.000000000000000000e+00 0.000000000000000000e+00 -0.000000000000000000e+00 -0.000000000000000000e+00 0.000000000000000000e+00
0.000000000000000000e+00 0.000000000000000000e+00 -0.000000000000000000e+00 -0.000000000000000000e+00 0.000000000000000000e+00
0.000000000000000000e+00 0.000000000000000000e+00 -0.000000000000000000e+00 -0.000000000000000000e+00 0.000000000000000000e+00
0.000000000000000000e+00 0.000000000000000000e+00 -0.000000000000000000e+00 -0.000000000000000000e+00 0.000000000000000000e+00
0.000000000000000000e+00 0.000000000000000000e+00 -0.000000000000000000e+00 -0.000000000000000000e+00 0.000000000000000000e+00
0.000000000000000000e+00 0.000000000000000000e+00 -0.000000000000000000e+00 -0.000000000000000000e+00 0.000000000000000000e+00
0.000000000000000000e+00 0.000000000000000000e+00 -0.000000000000000000e+00 -0.000000000000000000e+00 0.000000000000000000e+00
0.000000000000000000e+00 0.000000000000000000e+00 -0.000000000000000000e+00 -0.000000000000000000e+00 0.000000000000000000e+00
0.000000000000000000e+00 0.000000000000000000e+00 -0.000000000000000000e+00 -0.000000000000000000e+00 0.000000000000000000e+00
0.000000000000000000e+00 0.000000000000000000e+00 -0.000000000000000000e+00 -0.000000000000000000e+00 0.000000000000000000e+00
0.000000000000000000e+00 0.000000000000000000e+00 -0.000000000000000000e+00 -0.000000000000000000e+00 0.000000000000000000e+00
0.000000000000000000e+00 0.000000000000000000e+00 -0.000000000000000000e+00 -0.000000000000000000e+00 0.000000000000000000e+00
0.000000000000000000e+00 0.000000000000000000e+00 -0.000000000000000000e+00 -0.000000000000000000e+00 0.000000000000000000e+00
0.000000000000000000e+00 0.000000000000000000e+00 -0.000000000000000000e+00 -0.000000000000000000e+00 0.000000000000000000e+00
0.000000000000000000e+00 0.000000000000000000e+00 -0.000000000000000000e+00 -0.000000000000000000e+00 0.000000000000000000e+00
0.000000000000000000e+00 0.000000000000000000e+00 -0.000000000000000000e+00 -0.000000000000000000e+00 0.000000000000000000e+00
0.000000000000000000e+00 0.000000000000000000e+00 -0.000000000000000000e+00 -0.000000000000000000e+00 0.000000000000000000e+00
0.000000000000000000e+00 0.000000000000000000e+00 -0.000000000000000000e+00 -0.000000000000000000e+00 0.000000000000000000e+00
0.000000000000000000e+00 0.000000000000000000e+00 -0.000000000000000000e+00 -0.000000000000000000e+00 0.000000000000000000e+00
0.000000000000000000e+00 0.000000000000000000e+00 -0.000000000000000000e+00 -0.000000000000000000e+00 0.000000000000000000e+00
0.000000000000000000e+00 0.000000000000000000e+00 -0.000000000000000000e+00 -0.000000000000000000e+00 0.000000000000000000e+00
0.000000000000000000e+00 0.000000000000000000e+00 -0.000000000000000000e+00 -0.000000000000000000e+00 0.000000000000000000e+00
0.000000000000000000e+00 0.000000000000000000e+00 -0.000000000000000000e+00 -0.000000000000000000e+00 0.000000000000000000e+00
0.000000000000000000e+00 0.000000000000000000e+00 -0.000000000000000000e+00 -0.000000000000000000e+00 0.000000000000000000e+00
0.000000000000000000e+00 0.000000000000000000e+00 -0.000000000000000000e+00 -0.000000000000000000e+00 0.000000000000000000e+00
0.000000000000000000e+00 0.000000000000000000e+00 -0.000000000000000000e+00 -0.000000000000000000e+00 0.000000000000000000e+00
0.000000000000000000e+00 0.000000000000000000e+00 -0.000000000000000000e+00 -0.000000000000000000e+00 0.000000000000000000e+00
0.000000000000000000e+00 0.000000000000000000e+00 -0.000000000000000000e+00 -0.000000000000000000e+00 0.000000000000000000e+00
0.000000000000000000e+00 0.000000000000000000e+00 -0.000000000000000000e+00 -0.000000000000000000e+00 0.000000000000000000e+00
1.000000000000000082e-05 1.000000000000000082e-05 5.398023814451852588e-04 1.007419657455941751e-03 3.968320733647936896e-04
1.000000000000000082e-05 1.000000000000000082e-05 2.380914075302871177e-03 4.443440274850316875e-03 1.750312895019714987e-03
1.000000000000000082e-05 1.000000000000000082e-05 1.166358717051203505e-03 2.176746045574445062e-03 8.574407299489291041e-04
1.000000000000000082e-05 1.000000000000000082e-05 1.000000000000000082e-05 3.483987372263556374e-03 7.381659382630086736e-04
1.000000000000000082e-05 1.000000000000000082e-05 1.000000000000000082e-05 1.466149132793591499e-02 2.776910975575495877e-03
1.000000000000000082e-05 1.000000000000000082e-05 2.795239913907594711e-04 1.438136072053708935e-02 2.062725515823587031e-03
1.000000000000000082e-05 1.000000000000000082e-05 3.442543641052577723e-04 9.969583559844482148e-03 1.179030590568035629e-03
8.953296204125202329e-03 1.000000000000000082e-05 1.101592705395799910e-03 3.288114234240387579e-04 1.000000000000000082e-05
1.164684731844289022e-02 1.000000000000000082e-05 7.132893264304633694e-04 1.000000000000000082e-05 1.000000000000000082e-05
6.197770495530712832e-03 1.000000000000000082e-05 1.000000000000000082e-05 1.000000000000000082e-05 5.100598932004604159e-04
1.516666271798707520e-03 1.000000000000000082e-05 1.000000000000000082e-05 1.000000000000000082e-05 1.427492369740056158e-04
0.000000000000000000e+00 0.000000000000000000e+00 -0.000000000000000000e+00 -0.000000000000000000e+00 0.000000000000000000e+00
0.000000000000000000e+00 0.000000000000000000e+00 -0.000000000000000000e+00 -0.000000000000000000e+00 0.000000000000000000e+00
0.000000000000000000e+00 0.000000000000000000e+00 -0.000000000000000000e+00 -0.000000000000000000e+00 0.000000000000000000e+00
0.000000000000000000e+00 0.000000000000000000e+00 -0.000000000000000000e+00 -0.000000000000000000e+00 0.000000000000000000e+00
0.000000000000000000e+00 0.000000000000000000e+00 -0.000000000000000000e+00 -0.000000000000000000e+00 0.000000000000000000e+00
0.000000000000000000e+00 0.000000000000000000e+00 -0.000000000000000000e+00 -0.000000000000000000e+00 0.000000000000000000e+00
0.000000000000000000e+00 0.000000000000000000e+00 -0.000000000000000000e+00 -0.000000000000000000e+00 0.000000000000000000e+00
0.000000000000000000e+00 0.000000000000000000e+00 -0.000000000000000000e+00 -0.000000000000000000e+00 0.000000000000000000e+00
0.000000000000000000e+00 0.000000000000000000e+00 -0.000000000000000000e+00 -0.000000000000000000e+00 0.000000000000000000e+00
0.000000000000000000e+00 0.000000000000000000e+00 -0.000000000000000000e+00 -0.000000000000000000e+00 0.000000000000000000e+00
0.000000000000000000e+00 0.000000000000000000e+00 -0.000000000000000000e+00 -0.000000000000000000e+00 0.000000000000000000e+00
0.000000000000000000e+00 0.000000000000000000e+00 -0.000000000000000000e+00 -0.000000000000000000e+00 0.000000000000000000e+00
0.000000000000000000e+00 0.000000000000000000e+00 -0.000000000000000000e+00 -0.000000000000000000e+00 0.000000000000000000e+00
0.000000000000000000e+00 0.000000000000000000e+00 -0.000000000000000000e+00 -0.000000000000000000e+00 0.000000000000000000e+00
4.203746055969069696e-05 1.000000000000000082e-05 1.066816095574729499e-03 1.918395344260501168e-04 1.000000000000000082e-05
2.218056333586874583e-04 1.000000000000000082e-05 8.986348689400637177e-03 1.192420767560951238e-03 1.000000000000000082e-05
1.222106764679040938e-03 1.000000000000000082e-05 1.911256815928454381e-02 8.157428270841062239e-04 1.000000000000000082e-05
6.676651340588949648e-04 2.151902664183022625e-03 3.973946063857887456e-02 1.053464983856850640e-03 1.000000000000000082e-05
1.000000000000000082e-05 6.365380761575624088e-03 5.749510142673462665e-02 9.078443495052641518e-03 2.879572097601646764e-03
1.000000000000000082e-05 1.064103029371347812e-02 6.235614831910529787e-02 2.037504112027837058e-02 4.063529348529602500e-03
1.000000000000000082e-05 1.000000000000000082e-05 6.317951183833799000e-02 5.919280863727858361e-02 1.304012577531229837e-02
1.000000000000000082e-05 1.000000000000000082e-05 3.764666931035141190e-02 7.484641566907679344e-02 2.587159397466723063e-02
1.000000000000000082e-05 1.000000000000000082e-05 1.634193615899890220e-02 7.533909488161981416e-02 3.990598124080969172e-02
1.000000000000000082e-05 1.000000000000000082e-05 8.017974978619897553e-03 6.801847486242232343e-02 5.124649605021914384e-02
2.230607363060112258e-02 1.000000000000000082e-05 5.694757779807589106e-03 2.711298703640561622e-02 4.347497045713723945e-02
7.220553773169159639e-02 1.000000000000000082e-05 1.000000000000000082e-05 1.000000000000000082e-05 2.587701203828283655e-02
8.796248551853731723e-02 1.000000000000000082e-05 1.000000000000000082e-05 1.000000000000000082e-05 1.370097686622888389e-02
5.689828752326396566e-02 1.000000000000000082e-05 1.000000000000000082e-05 1.000000000000000082e-05 1.055255681576608776e-02
2.811541976076262911e-02 1.000000000000000082e-05 1.000000000000000082e-05 1.000000000000000082e-05 8.970107677826869019e-03
1.137601802318558529e-02 1.000000000000000082e-05 1.000000000000000082e-05 1.000000000000000082e-05 4.779012838990808268e-03
6.082944675041135471e-04 1.000000000000000082e-05 1.000000000000000082e-05 1.000000000000000082e-05 3.991620326835314432e-04
0.000000000000000000e+00 0.000000000000000000e+00 -0.000000000000000000e+00 -0.000000000000000000e+00 0.000000000000000000e+00
0.000000000000000000e+00 0.000000000000000000e+00 -0.000000000000000000e+00 -0.000000000000000000e+00 0.000000000000000000e+00
0.000000000000000000e+00 0.000000000000000000e+00 -0.000000000000000000e+00 -0.000000000000000000e+00 0.000000000000000000e+00
0.000000000000000000e+00 0.000000000000000000e+00 -0.000000000000000000e+00 -0.000000000000000000e+00 0.000000000000000000e+00
0.000000000000000000e+00 0.000000000000000000e+00 -0.000000000000000000e+00 -0.000000000000000000e+00 0.000000000000000000e+00
0.000000000000000000e+00 0.000000000000000000e+00 -0.000000000000000000e+00 -0.000000000000000000e+00 0.000000000000000000e+00
0.000000000000000000e+00 0.000000000000000000e+00 -0.000000000000000000e+00 -0.000000000000000000e+00 0.000000000000000000e+00
0.000000000000000000e+00 0.000000000000000000e+00 -0.000000000000000000e+00 -0.000000000000000000e+00 0.000000000000000000e+00
0.000000000000000000e+00 0.000000000000000000e+00 -0.000000000000000000e+00 -0.000000000000000000e+00 0.000000000000000000e+00
0.000000000000000000e+00 0.000000000000000000e+00 -0.000000000000000000e+00 -0.000000000000000000e+00 0.000000000000000000e+00
1.988695249554592391e-04 1.000000000000000082e-05 5.046860759834302483e-03 9.075485667078530541e-04 1.000000000000000082e-05
6.879683372733487456e-04 1.000000000000000082e-05 1.508946321524539877e-02 1.543256125471408231e-03 1.000000000000000082e-05
1.686483202375633572e-04 1.000000000000000082e-05 3.296689440122271136e-02 4.624469126016420364e-03 1.000000000000000082e-05
1.071155563124378277e-04 7.005479266529752481e-03 6.127657309421850884e-02 2.029546077852163212e-03 1.000000000000000082e-05
1.000000000000000082e-05 2.253372412618328754e-02 9.012910817470695668e-02 1.609770849304739985e-03 1.000000000000000082e-05
1.000000000000000082e-05 4.144134676145359852e-02 9.280392737805294445e-02 2.519049374805135827e-02 1.000000000000000082e-05
1.000000000000000082e-05 5.155495868562669920e-02 8.737268420288034354e-02 6.209163238346183250e-02 1.000000000000000082e-05
1.000000000000000082e-05 5.708879540823233456e-02 7.155309006760190993e-02 9.704548747835807510e-02 1.538675298993929901e-02
1.000000000000000082e-05 6.052827855003336394e-02 5.170174801188134189e-02 1.057777472426140730e-01 4.192785469983902752e-02
1.000000000000000082e-05 4.947860366411202526e-02 2.409069393886154389e-02 9.524024194151961553e-02 7.579092928915658056e-02
2.760761010459718973e-02 1.612719612979143097e-02 1.343279300073681702e-02 8.709626643934433032e-02 8.268767327369286324e-02
6.721744945875277044e-02 1.000000000000000082e-05 8.435998306108961203e-03 6.424590166858938634e-02 7.429593978608382832e-02
9.143709806009803209e-02 1.000000000000000082e-05 7.272382876756458212e-03 1.908105971737436915e-02 6.510005534016409523e-02
9.971915700635199109e-02 1.000000000000000082e-05 1.000000000000000082e-05 1.000000000000000082e-05 4.990413590166440511e-02
9.015251925985197368e-02 1.000000000000000082e-05 1.000000000000000082e-05 1.000000000000000082e-05 2.674657623951478408e-02
4.749597925824945721e-02 1.000000000000000082e-05 1.000000000000000082e-05 1.000000000000000082e-05 1.190144598897552308e-02
2.900814232513811847e-02 1.000000000000000082e-05 2.475127331021843976e-04 1.000000000000000082e-05 9.997810234593614703e-03
2.640189315023516205e-03 1.000000000000000082e-05 2.553989817001645358e-05 1.000000000000000082e-05 1.882666622873716651e-03
0.000000000000000000e+00 0.000000000000000000e+00 -0.000000000000000000e+00 -0.000000000000000000e+00 0.000000000000000000e+00
0.000000000000000000e+00 0.000000000000000000e+00 -0.000000000000000000e+00 -0.000000000000000000e+00 0.000000000000000000e+00
0.000000000000000000e+00 0.000000000000000000e+00 -0.000000000000000000e+00 -0.000000000000000000e+00 0.000000000000000000e+00
0.000000000000000000e+00 0.000000000000000000e+00 -0.000000000000000000e+00 -0.000000000000000000e+00 0.000000000000000000e+00
0.000000000000000000e+00 0.000000000000000000e+00 -0.000000000000000000e+00 -0.000000000000000000e+00 0.000000000000000000e+00
0.000000000000000000e+00 0.000000000000000000e+00 -0.000000000000000000e+00 -0.000000000000000000e+00 0.000000000000000000e+00
0.000000000000000000e+00 0.000000000000000000e+00 -0.000000000000000000e+00 -0.000000000000000000e+00 0.000000000000000000e+00
0.000000000000000000e+00 0.000000000000000000e+00 -0.000000000000000000e+00 -0.000000000000000000e+00 0.000000000000000000e+00
0.000000000000000000e+00 0.000000000000000000e+00 -0.000000000000000000e+00 -0.000000000000000000e+00 0.000000000000000000e+00
1.325796833036397095e-04 1.000000000000000082e-05 3.364573839889533399e-03 6.050323778052356946e-04 1.000000000000000082e-05
3.854164859634332560e-04 1.000000000000000082e-05 1.606845612700899192e-02 2.880228331137656226e-03 1.000000000000000082e-05
1.435492822015496488e-03 1.000000000000000082e-05 3.340751775516428296e-02 1.178772625573363750e-03 1.000000000000000082e-05
2.430101056419817001e-04 6.471953786935507116e-03 6.991703851285932525e-02 3.384451106150610563e-03 1.000000000000000082e-05
1.000000000000000082e-05 2.117940332545640778e-02 1.067264506100013277e-01 1.003438326585513133e-03 1.000000000000000082e-05
1.000000000000000082e-05 3.945377761503620490e-02 1.076273434237804139e-01 1.815371481697233141e-02 1.000000000000000082e-05
1.000000000000000082e-05 6.630559574858799210e-02 9.870510399344517571e-02 4.981068098662932986e-02 1.000000000000000082e-05
1.000000000000000082e-05 8.620308522013700459e-02 7.821803315153542935e-02 7.473018998818227454e-02 1.260015736104759011e-02
1.000000000000000082e-05 9.607282559020587087e-02 5.220154627604745717e-02 7.798994016409460661e-02 5.012498236571828747e-02
6.888650761501351194e-03 8.307351184096883889e-02 4.968211245478888066e-02 8.435520436254470567e-02 7.948878763576210094e-02
4.500972954139614846e-02 5.890854432633854665e-02 5.160824711695018857e-02 8.863740853328037905e-02 8.305391300967587820e-02
7.315464347713795945e-02 2.752216897488064806e-02 5.198166569451530966e-02 8.026042912728252599e-02 8.028997294263648388e-02
7.241111112879689005e-02 6.030668519744827351e-03 3.653123622774017559e-02 8.375541680955649049e-02 8.599270306610017067e-02
8.832010865281671175e-02 1.000000000000000082e-05 2.198894063520897765e-02 5.254487738185649459e-02 8.345870098591480490e-02
8.872138334554804939e-02 1.000000000000000082e-05 1.054137805524636359e-02 1.247942918821160797e-02 7.466997056925736564e-02
7.924486933315319503e-02 1.000000000000000082e-05 1.000000000000000082e-05 1.000000000000000082e-05 5.644936914832412306e-02
4.054930534371877643e-02 1.000000000000000082e-05 1.000000000000000082e-05 1.000000000000000082e-05 3.413192302776324460e-02
2.463006630846144643e-02 1.000000000000000082e-05 4.490374601711324097e-03 1.000000000000000082e-05 1.405085746650097667e-02
1.875267798793523203e-03 1.000000000000000082e-05 3.916871134828412045e-03 1.000000000000000082e-05 2.796688741137090799e-03
0.000000000000000000e+00 0.000000000000000000e+00 -0.000000000000000000e+00 -0.000000000000000000e+00 0.000000000000000000e+00
0.000000000000000000e+00 0.000000000000000000e+00 -0.000000000000000000e+00 -0.000000000000000000e+00 0.000000000000000000e+00
0.000000000000000000e+00 0.000000000000000000e+00 -0.000000000000000000e+00 -0.000000000000000000e+00 0.000000000000000000e+00
0.000000000000000000e+00 0.000000000000000000e+00 -0.000000000000000000e+00 -0.000000000000000000e+00 0.000000000000000000e+00
0.000000000000000000e+00 0.000000000000000000e+00 -0.000000000000000000e+00 -0.000000000000000000e+00 0.000000000000000000e+00
0.000000000000000000e+00 0.000000000000000000e+00 -0.000000000000000000e+00 -0.000000000000000000e+00 0.000000000000000000e+00
0.000000000000000000e+00 0.000000000000000000e+00 -0.000000000000000000e+00 -0.000000000000000000e+00 0.000000000000000000e+00
0.000000000000000000e+00 0.000000000000000000e+00 -0.000000000000000000e+00 -0.000000000000000000e+00 0.000000000000000000e+00
0.000000000000000000e+00 0.000000000000000000e+00 -0.000000000000000000e+00 -0.000000000000000000e+00 0.000000000000000000e+00
2.460177787218120900e-04 1.000000000000000082e-05 9.555449623052714170e-03 1.925780601107194385e-03 1.000000000000000082e-05
9.454751156086968608e-04 1.000000000000000082e-05 3.439121953937333831e-02 5.886659560921289266e-03 1.000000000000000082e-05
1.044121509024721747e-03 1.000000000000000082e-05 6.735797883983507539e-02 4.327851793784310598e-03 1.000000000000000082e-05
1.000000000000000082e-05 5.560280015991778992e-03 1.062935836601082429e-01 8.274746290902393678e-03 1.000000000000000082e-05
1.000000000000000082e-05 4.048240083635379349e-02 1.086951054963516822e-01 4.372598101754013311e-03 1.000000000000000082e-05
1.000000000000000082e-05 7.980933021538876015e-02 8.178282071685739896e-02 3.629805196394359640e-02 1.000000000000000082e-05
1.000000000000000082e-05 9.199662554065371478e-02 5.791739825370338657e-02 6.412362371410144923e-02 2.125789820865165575e-02
1.000000000000000082e-05 9.028707633054876280e-02 4.101821182736938715e-02 7.650634679663766147e-02 6.703269244098646051e-02
1.943017695442839088e-02 8.344055484656147381e-02 3.455647941100702808e-02 7.172935610941209850e-02 8.441431098147414436e-02
7.324877433954674055e-02 8.007260792231155055e-02 4.521473359278058157e-02 6.173732194128253581e-02 7.261944754886559550e-02
8.974299064612339949e-02 7.018006635464102416e-02 5.475113075874443735e-02 5.741520758485793574e-02 7.204685559619512791e-02
8.255863764007469185e-02 6.664376067334408515e-02 6.017793379333960524e-02 6.227766976533719023e-02 7.002723495595479519e-02
6.482032541627831546e-02 2.683492024242048815e-02 6.440165612831502684e-02 8.161694506070929500e-02 7.210692172394786437e-02
5.839410511946181020e-02 4.822433612115769631e-03 5.302284553896011166e-02 7.967169919555071311e-02 8.240284194621004532e-02
6.237903281526453736e-02 1.000000000000000082e-05 3.482426236018656973e-02 3.666205902161070312e-02 9.055561601822957607e-02
7.288361502411840054e-02 1.000000000000000082e-05 7.889335491381849197e-03 1.000000000000000082e-05 8.118770058901055020e-02
3.624658601006944258e-02 1.000000000000000082e-05 1.000000000000000082e-05 1.000000000000000082e-05 5.539638984050769543e-02
1.524920388752682050e-02 1.000000000000000082e-05 3.247559583241171628e-03 1.000000000000000082e-05 2.742091300493653544e-02
4.178096152457268122e-04 1.000000000000000082e-05 7.000621800458373470e-03 1.000000000000000082e-05 5.080213865826182541e-03
0.000000000000000000e+00 0.000000000000000000e+00 -0.000000000000000000e+00 -0.000000000000000000e+00 0.000000000000000000e+00
0.000000000000000000e+00 0.000000000000000000e+00 -0.000000000000000000e+00 -0.000000000000000000e+00 0.000000000000000000e+00
0.000000000000000000e+00 0.000000000000000000e+00 -0.000000000000000000e+00 -0.000000000000000000e+00 0.000000000000000000e+00
0.000000000000000000e+00 0.000000000000000000e+00 -0.000000000000000000e+00 -0.000000000000000000e+00 0.000000000000000000e+00
0.000000000000000000e+00 0.000000000000000000e+00 -0.000000000000000000e+00 -0.000000000000000000e+00 0.000000000000000000e+00
0.000000000000000000e+00 0.000000000000000000e+00 -0.000000000000000000e+00 -0.000000000000000000e+00 0.000000000000000000e+00
0.000000000000000000e+00 0.000000000000000000e+00 -0.000000000000000000e+00 -0.000000000000000000e+00 0.000000000000000000e+00
0.000000000000000000e+00 0.000000000000000000e+00 -0.000000000000000000e+00 -0.000000000000000000e+00 0.000000000000000000e+00
1.080712003330683605e-04 1.000000000000000082e-05 4.121208568951514710e-03 8.548781187893868521e-04 1.000000000000000082e-05
4.671507074309100738e-04 1.000000000000000082e-05 2.847749869952677024e-02 5.853405832693349929e-03 1.000000000000000082e-05
8.588544563938941808e-04 1.000000000000000082e-05 5.571887118076955525e-02 9.012147127856527315e-03 1.000000000000000082e-05
1.000000000000000082e-05 1.903332023777456116e-03 1.036072097422623822e-01 7.687223946284182713e-04 1.000000000000000082e-05
1.000000000000000082e-05 3.265136283797547695e-02 1.068652596481169254e-01 1.992160860391750232e-03 3.976495445580084144e-04
1.000000000000000082e-05 7.543293385670507556e-02 8.626826831845599286e-02 2.364162862298505030e-02 7.301691293849733519e-03
1.000000000000000082e-05 9.862637167521313974e-02 4.135456860835215465e-02 6.399712922902364709e-02 2.805778047069949765e-02
1.000000000000000082e-05 8.719408486119915869e-02 1.619830919882023212e-02 6.182279329747489283e-02 7.578801953068987907e-02
1.969869871369233846e-02 6.821748742544057886e-02 8.481455810638516973e-03 6.820050054108911519e-02 9.365657728181120412e-02
8.217314606204738359e-02 7.598110883582595565e-02 1.000000000000000082e-05 4.269067494728792656e-02 7.611938267489067045e-02
1.115436239244839145e-01 7.239766341114339809e-02 3.885869137564843326e-03 2.816171923174552727e-02 5.989921938171350463e-02
1.216574226545925758e-01 8.333107263202871318e-02 2.077812225119325326e-02 1.948177712081695934e-02 3.316116042008254716e-02
7.835847488779922043e-02 9.781166469238956884e-02 4.591547118383999121e-02 2.422200058097017869e-02 3.279377133497241026e-02
3.634535744874590329e-02 7.971581461466743790e-02 5.745628666771350479e-02 6.220098538584160203e-02 3.570817165177203600e-02
4.583540124836078811e-02 4.019098827856253109e-02 7.725030002151195285e-02 7.975247803713761408e-02 5.025013731638191400e-02
5.892255196085094404e-02 8.350744129327821244e-03 5.671421590703155935e-02 5.512639387560386295e-02 7.458780803918910185e-02
7.315882250228310235e-02 1.000000000000000082e-05 3.763753424860836333e-02 2.282714290556947783e-03 9.284820990707585986e-02
4.450604304746512419e-02 1.000000000000000082e-05 1.927532910616329073e-02 1.000000000000000082e-05 7.138086950542180120e-02
1.617287831636789533e-02 1.000000000000000082e-05 6.375759456250805306e-03 1.000000000000000082e-05 3.981608539839266714e-02
1.000000000000000082e-05 1.000000000000000082e-05 8.088477697735100766e-03 1.029130348577680237e-03 1.127873725813574070e-02
0.000000000000000000e+00 0.000000000000000000e+00 -0.000000000000000000e+00 -0.000000000000000000e+00 0.000000000000000000e+00
0.000000000000000000e+00 0.000000000000000000e+00 -0.000000000000000000e+00 -0.000000000000000000e+00 0.000000000000000000e+00
0.000000000000000000e+00 0.000000000000000000e+00 -0.000000000000000000e+00 -0.000000000000000000e+00 0.000000000000000000e+00
0.000000000000000000e+00 0.000000000000000000e+00 -0.000000000000000000e+00 -0.000000000000000000e+00 0.000000000000000000e+00
0.000000000000000000e+00 0.000000000000000000e+00 -0.000000000000000000e+00 -0.000000000000000000e+00 0.000000000000000000e+00
0.000000000000000000e+00 0.000000000000000000e+00 -0.000000000000000000e+00 -0.000000000000000000e+00 0.000000000000000000e+00
0.000000000000000000e+00 0.000000000000000000e+00 -0.000000000000000000e+00 -0.000000000000000000e+00 0.000000000000000000e+00
0.000000000000000000e+00 0.000000000000000000e+00 -0.000000000000000000e+00 -0.000000000000000000e+00 0.000000000000000000e+00
1.000000000000000082e-05 1.000000000000000082e-05 1.176688325016243299e-02 3.117545718234151185e-03 1.000000000000000082e-05
1.000000000000000082e-05 1.000000000000000082e-05 4.617251091792294593e-02 9.259455851400920021e-03 1.000000000000000082e-05
1.000000000000000082e-05 1.000000000000000082e-05 7.913370407038365639e-02 5.427904783942911343e-03 1.000000000000000082e-05
1.000000000000000082e-05 2.327817955654660695e-02 1.095469188956041950e-01 1.000000000000000082e-05 1.000000000000000082e-05
1.000000000000000082e-05 5.257191994114038952e-02 9.817239665316145059e-02 5.483265197262602057e-04 1.249839712750091571e-02
1.000000000000000082e-05 8.377389756350200889e-02 5.618784586479102366e-02 3.257384059027940842e-02 3.817389958753458767e-02
1.000000000000000082e-05 8.461877740923662294e-02 1.021303868818737061e-02 6.945339658912066949e-02 8.474176843526770586e-02
2.085624493537804880e-02 6.568029080733760183e-02 1.000000000000000082e-05 6.947916633959411170e-02 9.116285981974510400e-02
9.470906741550196017e-02 6.431967000908631049e-02 1.000000000000000082e-05 4.053610454575996142e-02 7.346399047205859345e-02
1.208136921453572959e-01 4.915603813409313849e-02 1.000000000000000082e-05 2.717108011430729303e-02 5.193646998937333226e-02
1.283782458987307029e-01 5.135633375585960114e-02 1.000000000000000082e-05 8.674905780649340425e-03 2.136663020980191993e-02
8.176321782091611201e-02 7.783579756373207315e-02 1.000000000000000082e-05 5.595717800940047844e-03 1.011568888764293947e-02
4.421317558056581803e-02 1.005881236308781568e-01 1.502197046744037888e-02 1.424246376549056017e-02 4.779416201239396547e-03
3.623683829801067902e-02 1.013882163786994361e-01 2.689069718699233641e-02 5.778557934635600302e-02 1.000000000000000082e-05
4.844315009457424159e-02 8.860603648809034505e-02 4.792003440927885410e-02 7.697691429443785649e-02 2.270869748681075134e-02
7.624549492899712622e-02 4.861401160149188966e-02 6.550023823529096956e-02 4.902639643688549986e-02 5.392577367771955732e-02
7.724124859047913627e-02 1.000000000000000082e-05 5.783126046570656598e-02 5.083562794986049016e-03 8.576183310513732505e-02
4.323946222558586183e-02 1.000000000000000082e-05 4.896722660832254076e-02 1.000000000000000082e-05 8.051805280904006379e-02
1.118042653510836759e-02 1.000000000000000082e-05 1.301452178692592485e-02 1.000000000000000082e-05 5.164486427529836610e-02
1.000000000000000082e-05 1.000000000000000082e-05 9.732051041196383354e-03 2.293158123212376501e-03 1.550132805774159274e-02
0.000000000000000000e+00 0.000000000000000000e+00 -0.000000000000000000e+00 -0.000000000000000000e+00 0.000000000000000000e+00
0.000000000000000000e+00 0.000000000000000000e+00 -0.000000000000000000e+00 -0.000000000000000000e+00 0.000000000000000000e+00
0.000000000000000000e+00 0.000000000000000000e+00 -0.000000000000000000e+00 -0.000000000000000000e+00 0.000000000000000000e+00
0.000000000000000000e+00 0.000000000000000000e+00 -0.000000000000000000e+00 -0.000000000000000000e+00 0.000000000000000000e+00
0.000000000000000000e+00 0.000000000000000000e+00 -0.000000000000000000e+00 -0.000000000000000000e+00 0.000000000000000000e+00
0.000000000000000000e+00 0.000000000000000000e+00 -0.000000000000000000e+00 -0.000000000000000000e+00 0.000000000000000000e+00
0.000000000000000000e+00 0.000000000000000000e+00 -0.000000000000000000e+00 -0.000000000000000000e+00 0.000000000000000000e+00
0.000000000000000000e+00 0.000000000000000000e+00 -0.000000000000000000e+00 -0.000000000000000000e+00 0.000000000000000000e+00
1.257677184426566751e-04 1.000000000000000082e-05 1.788483108932310481e-02 4.001423688963910708e-03 1.000000000000000082e-05
1.000000000000000082e-05 1.000000000000000082e-05 5.846496859897604842e-02 7.857927761281691126e-03 9.380368631673921109e-04
1.000000000000000082e-05 1.000000000000000082e-05 1.013465746198793371e-01 1.000000000000000082e-05 3.963811054525146794e-03
1.000000000000000082e-05 3.433926076588802306e-02 1.115461503200512600e-01 1.000000000000000082e-05 1.129833753413843865e-02
1.000000000000000082e-05 6.921134870728190558e-02 7.740745316507646745e-02 1.532908918203113903e-02 3.544978397648607810e-02
1.000000000000000082e-05 8.511081731179181986e-02 6.015607882287369972e-03 5.354808726392022711e-02 8.498740636364815471e-02
1.169174840014556432e-02 5.936237555737877009e-02 1.000000000000000082e-05 8.130070765862695836e-02 9.804539105977569391e-02
8.698142727862578916e-02 5.197302726778901816e-02 1.000000000000000082e-05 5.878317158278044408e-02 7.638087077537684955e-02
1.205345838262103231e-01 3.761062735052508876e-02 1.000000000000000082e-05 4.349539087606676263e-02 5.147256230300730623e-02
1.224102744453209601e-01 1.696255671602772686e-02 1.000000000000000082e-05 2.597700255240537742e-02 2.332081794341723732e-02
6.681686793368066257e-02 2.997395372360011495e-02 1.000000000000000082e-05 5.557437526185924834e-03 6.922839761269259512e-03
2.386531404848185253e-02 4.524970296760446459e-02 1.000000000000000082e-05 4.325775983292001227e-03 5.569318633652420650e-03
2.032007522235117214e-02 6.996783593382800703e-02 1.000000000000000082e-05 1.765386142051563259e-02 1.000000000000000082e-05
4.171984998010289797e-02 9.103262883376873893e-02 6.317920720690333239e-03 5.766569312621033089e-02 1.000000000000000082e-05
5.596811891220132562e-02 1.039600185076377387e-01 2.514416855009426674e-02 8.429933817945521601e-02 1.000000000000000082e-05
8.962045670155105448e-02 9.200546708092539883e-02 5.340667573683905572e-02 4.390483059064809179e-02 3.222251562755620857e-02
7.977004019951745850e-02 2.790245391093528968e-02 6.793392249975878372e-02 7.361215154533961094e-03 7.557084202512809323e-02
3.175129412239753590e-02 1.000000000000000082e-05 6.522164661383757223e-02 1.000000000000000082e-05 8.991414433382947935e-02
1.000000000000000082e-05 1.000000000000000082e-05 3.695217384668628147e-02 2.993194743531698686e-03 5.665143464591106126e-02
1.000000000000000082e-05 1.000000000000000082e-05 1.035433258902737456e-02 2.491071326086056244e-03 2.273669134393025912e-02
0.000000000000000000e+00 0.000000000000000000e+00 -0.000000000000000000e+00 -0.000000000000000000e+00 0.000000000000000000e+00
0.000000000000000000e+00 0.000000000000000000e+00 -0.000000000000000000e+00 -0.000000000000000000e+00 0.000000000000000000e+00
0.000000000000000000e+00 0.000000000000000000e+00 -0.000000000000000000e+00 -0.000000000000000000e+00 0.000000000000000000e+00
0.000000000000000000e+00 0.000000000000000000e+00 -0.000000000000000000e+00 -0.000000000000000000e+00 0.000000000000000000e+00
0.000000000000000000e+00 0.000000000000000000e+00 -0.000000000000000000e+00 -0.000000000000000000e+00 0.000000000000000000e+00
0.000000000000000000e+00 0.000000000000000000e+00 -0.000000000000000000e+00 -0.000000000000000000e+00 0.000000000000000000e+00
0.000000000000000000e+00 0.000000000000000000e+00 -0.000000000000000000e+00 -0.000000000000000000e+00 0.000000000000000000e+00
0.000000000000000000e+00 0.000000000000000000e+00 -0.000000000000000000e+00 -0.000000000000000000e+00 0.000000000000000000e+00
1.000000000000000082e-05 1.000000000000000082e-05 3.456332621581742481e-02 5.877974169958827613e-03 1.247893944673717209e-03
1.000000000000000082e-05 1.000000000000000082e-05 8.972095841251133408e-02 6.621430978738984154e-03 3.595368929503952368e-03
1.000000000000000082e-05 1.859228928269586120e-02 1.120942620417988006e-01 1.000000000000000082e-05 9.536615741585832695e-03
1.000000000000000082e-05 4.062813545102346435e-02 1.052222237128872806e-01 1.000000000000000082e-05 2.769561063724737190e-02
1.000000000000000082e-05 7.689695016793325621e-02 3.447592866399131623e-02 2.491827909584983305e-02 8.025858873388694303e-02
4.875073054210117031e-03 8.084124266072194309e-02 1.000000000000000082e-05 6.144232701830446008e-02 9.988663394074923096e-02
7.602912705090324186e-02 4.797600154181517335e-02 1.000000000000000082e-05 8.060229739148241923e-02 7.743536486857323375e-02
1.145586322901821635e-01 3.901140594189793365e-02 1.000000000000000082e-05 5.319690934136287602e-02 5.222687477452953031e-02
1.199834913044577622e-01 1.586456541495395375e-02 1.000000000000000082e-05 4.682311759687594888e-02 1.496612250283250838e-02
6.783252624410056331e-02 1.162059903935916405e-02 1.000000000000000082e-05 2.560845321406341607e-02 1.000000000000000082e-05
2.274098687319633938e-02 1.873528109425045413e-02 1.000000000000000082e-05 1.359377373648687449e-03 1.000000000000000082e-05
5.279611746016030227e-03 2.061115103267820853e-02 1.000000000000000082e-05 3.326952581114242004e-04 5.715143097072355148e-03
4.780154260187357770e-03 3.470858052469456140e-02 1.000000000000000082e-05 2.216198808728450306e-02 1.000000000000000082e-05
3.011026691002223130e-02 4.877031909119140807e-02 1.000000000000000082e-05 6.811323982297821933e-02 1.000000000000000082e-05
6.764264464906784291e-02 8.436922620492549874e-02 6.282738573123303541e-03 9.251476138996993226e-02 1.000000000000000082e-05
9.856802682865745124e-02 9.612187200862501446e-02 3.893838629700580034e-02 3.897060585754292400e-02 2.062494909272013024e-02
7.922187836148986140e-02 5.936339639096504389e-02 6.192857189284495939e-02 1.000000000000000082e-05 7.255987167743696564e-02
2.320866111966243123e-02 1.000000000000000082e-05 8.789381036083714072e-02 1.000000000000000082e-05 8.985661329540743647e-02
1.000000000000000082e-05 1.000000000000000082e-05 6.458062594857029437e-02 5.832175717306702957e-03 6.651891533769364873e-02
1.000000000000000082e-05 1.000000000000000082e-05 1.869200754235798151e-02 2.966772145636955519e-03 2.625081046626125125e-02
1.000000000000000082e-05 1.871964333188858064e-04 1.000000000000000082e-05 2.445558589717423351e-03 8.625210983089788954e-05
1.000000000000000082e-05 4.321449577680685507e-04 1.000000000000000082e-05 5.645598020943411004e-03 1.991139131202641097e-04
0.000000000000000000e+00 0.000000000000000000e+00 -0.000000000000000000e+00 -0.000000000000000000e+00 0.000000000000000000e+00
0.000000000000000000e+00 0.000000000000000000e+00 -0.000000000000000000e+00 -0.000000000000000000e+00 0.000000000000000000e+00
0.000000000000000000e+00 0.000000000000000000e+00 -0.000000000000000000e+00 -0.000000000000000000e+00 0.000000000000000000e+00
0.000000000000000000e+00 0.000000000000000000e+00 -0.000000000000000000e+00 -0.000000000000000000e+00 0.000000000000000000e+00
0.000000000000000000e+00 0.000000000000000000e+00 -0.000000000000000000e+00 -0.000000000000000000e+00 0.000000000000000000e+00
1.000000000000000082e-05 1.000000000000000082e-05 3.803146428815606809e-04 1.000000000000000082e-05 2.112576892879408663e-04
1.000000000000000082e-05 1.000000000000000082e-05 5.217660846648754236e-02 6.819844716978395310e-03 4.706131401484198867e-03
1.000000000000000082e-05 1.000000000000000082e-05 1.117287620804645748e-01 2.445267903874033012e-03 9.891126364031126508e-03
1.000000000000000082e-05 2.537430829700820789e-02 1.131630140411204882e-01 1.000000000000000082e-05 2.400532109294189337e-02
1.000000000000000082e-05 4.768109439323788695e-02 7.102069141411805620e-02 8.665132887402823836e-03 7.366028466108642814e-02
7.328176620065897547e-03 1.036236667954048424e-01 1.000000000000000082e-05 3.956923554002964721e-02 9.400004823303471924e-02
5.195742501985777667e-02 7.051216582015701340e-02 1.000000000000000082e-05 8.049462684704991600e-02 8.444031777101772274e-02
1.027239405891611224e-01 2.848966262955321405e-02 1.000000000000000082e-05 7.646627097396628547e-02 5.665885941972543388e-02
1.130414818014059547e-01 1.092950153991946449e-02 1.000000000000000082e-05 6.201541820385336051e-02 1.123850362877852789e-02
7.381075158407417180e-02 5.287764804493014226e-03 1.000000000000000082e-05 4.289637543869755099e-02 1.000000000000000082e-05
2.427838351731838318e-02 9.958945896918914437e-03 1.000000000000000082e-05 1.144974649317285174e-02 1.000000000000000082e-05
6.181491379413516993e-03 1.159039267772031707e-02 1.000000000000000082e-05 1.000000000000000082e-05 2.401865209873951974e-03
1.684113991997675526e-05 1.226669343010945538e-02 1.000000000000000082e-05 1.000000000000000082e-05 3.169848472551826512e-03
1.884951000885838439e-03 1.905872299286827387e-02 1.000000000000000082e-05 2.967556991824433013e-02 1.000000000000000082e-05
3.182815725443121496e-02 2.517973442743078397e-02 1.000000000000000082e-05 8.313462480295605306e-02 1.000000000000000082e-05
7.320296826165681447e-02 5.305636369492508497e-02 1.000000000000000082e-05 1.043007819021231630e-01 1.000000000000000082e-05
1.017349624371673006e-01 8.949362406602420772e-02 2.235010313082740410e-02 5.384702243750037060e-02 1.913950098881470052e-02
6.682975524645476395e-02 6.545458859375680172e-02 6.058600998935687737e-02 1.000000000000000082e-05 7.259692156198464807e-02
1.117881269892730296e-02 1.262780291812395927e-02 9.006725590694968087e-02 1.000000000000000082e-05 8.983700229029122075e-02
1.000000000000000082e-05 1.000000000000000082e-05 8.535895875438921643e-02 2.646986286235083422e-03 6.138346972773321003e-02
1.000000000000000082e-05 1.000000000000000082e-05 3.085494693660176951e-02 4.198987396977501597e-03 2.184104021614540619e-02
1.000000000000000082e-05 2.170682045931748968e-04 1.000000000000000082e-05 2.835807300842543236e-03 1.000157443783815224e-04
1.000000000000000082e-05 3.445210953634829831e-04 1.000000000000000082e-05 4.500868468309722481e-03 1.587405851143118345e-04
0.000000000000000000e+00 0.000000000000000000e+00 -0.000000000000000000e+00 -0.000000000000000000e+00 0.000000000000000000e+00
0.000000000000000000e+00 0.000000000000000000e+00 -0.000000000000000000e+00 -0.000000000000000000e+00 0.000000000000000000e+00
0.000000000000000000e+00 0.000000000000000000e+00 -0.000000000000000000e+00 -0.000000000000000000e+00 0.000000000000000000e+00
1.609732546334049401e-03 1.000000000000000082e-05 2.474865323270673497e-04 1.000000000000000082e-05 1.000000000000000082e-05
0.000000000000000000e+00 0.000000000000000000e+00 -0.000000000000000000e+00 -0.000000000000000000e+00 0.000000000000000000e+00
2.391777685384605502e-04 1.000000000000000082e-05 3.162614722017969941e-03 1.000000000000000082e-05 3.334396766919403739e-03
1.000000000000000082e-05 1.000000000000000082e-05 6.663631800035715869e-02 8.258890039284691453e-03 5.484873787882729897e-03
1.000000000000000082e-05 1.000000000000000082e-05 1.187191037734404292e-01 1.000000000000000082e-05 2.035500625917973511e-02
1.000000000000000082e-05 2.491243965106502284e-02 1.044970487037721329e-01 1.000000000000000082e-05 5.760585412811310146e-02
3.480527245998403692e-03 6.834964543263512271e-02 3.655445790514590121e-02 1.509236987641013675e-02 9.693619595139928158e-02
5.293520520217540742e-02 9.951224644241313255e-02 1.000000000000000082e-05 5.142577190962799305e-02 8.479540386628951765e-02
8.985794397354297802e-02 4.886179020594431238e-02 1.000000000000000082e-05 9.016360214297944320e-02 5.798281733492880591e-02
1.090396376238575438e-01 1.834367453150636054e-02 1.000000000000000082e-05 7.032276633577737301e-02 2.184559846447763770e-02
7.763830292729498317e-02 1.000000000000000082e-05 2.058602077172768264e-03 6.416867845600546238e-02 1.000000000000000082e-05
2.250994841382963907e-02 1.000000000000000082e-05 5.592833794910264528e-03 2.854301871825487905e-02 1.000000000000000082e-05
3.956608081261014757e-03 8.080478521907796807e-03 1.000000000000000082e-05 1.000000000000000082e-05 2.484423770293714049e-04
2.459976386959014313e-03 9.867657034775788316e-03 1.000000000000000082e-05 1.000000000000000082e-05 1.051300499961104872e-03
9.523961161197830533e-04 5.382572146145582145e-03 1.000000000000000082e-05 1.000000000000000082e-05 4.163802669277099104e-04
9.079938427769509990e-03 1.000000000000000082e-05 1.000000000000000082e-05 3.204774339644198000e-02 1.000000000000000082e-05
6.016372046539715523e-02 1.933402551801557262e-02 1.000000000000000082e-05 8.625632467599372855e-02 1.000000000000000082e-05
9.912794251042839067e-02 3.906256592035160791e-02 1.000000000000000082e-05 1.033589239598525639e-01 1.000000000000000082e-05
9.035268874797125482e-02 8.217136964735338722e-02 1.000000000000000082e-05 7.033123338166162586e-02 3.209118360810345877e-02
4.359317706661507835e-02 7.830862656267210953e-02 5.104018763345102849e-02 5.005170673234226805e-03 8.077603537457375693e-02
1.000000000000000082e-05 1.969855454222320737e-02 9.277155481853299746e-02 1.000000000000000082e-05 9.225049047766617494e-02
1.000000000000000082e-05 1.000000000000000082e-05 9.952815329015493595e-02 1.000000000000000082e-05 4.675698783357895572e-02
1.000000000000000082e-05 1.000000000000000082e-05 4.120914930468730364e-02 3.723386012382107462e-03 1.224804958993339771e-02
1.000000000000000082e-05 6.173499396686670155e-05 1.000000000000000082e-05 8.065140029919159971e-04 2.844484473146628202e-05
1.000000000000000082e-05 3.982902836572047906e-05 1.000000000000000082e-05 5.203316148334939748e-04 1.835151272997826406e-05
0.000000000000000000e+00 0.000000000000000000e+00 -0.000000000000000000e+00 -0.000000000000000000e+00 0.000000000000000000e+00
0.000000000000000000e+00 0.000000000000000000e+00 -0.000000000000000000e+00 -0.000000000000000000e+00 0.000000000000000000e+00
0.000000000000000000e+00 0.000000000000000000e+00 -0.000000000000000000e+00 -0.000000000000000000e+00 0.000000000000000000e+00
0.000000000000000000e+00 0.000000000000000000e+00 -0.000000000000000000e+00 -0.000000000000000000e+00 0.000000000000000000e+00
0.000000000000000000e+00 0.000000000000000000e+00 -0.000000000000000000e+00 -0.000000000000000000e+00 0.000000000000000000e+00
1.000000000000000082e-05 1.000000000000000082e-05 5.622331015974459979e-03 1.599858536528341106e-05 3.723347787443653367e-03
1.000000000000000082e-05 1.000000000000000082e-05 7.781449747432109265e-02 8.574235151930219637e-03 1.582689999009365134e-02
1.000000000000000082e-05 1.000000000000000082e-05 1.194844980107742372e-01 1.000000000000000082e-05 4.541700274063700804e-02
4.722405282007811032e-03 3.559680920248425862e-02 8.037414264405601250e-02 1.000000000000000082e-05 9.019224432980703365e-02
3.876048324560715796e-02 9.188428905766601873e-02 2.164512846728273640e-02 2.034653449804383132e-02 9.130913681415249450e-02
7.633227607978367024e-02 8.785255884191835174e-02 1.000000000000000082e-05 7.657545321482130130e-02 6.344742770770717133e-02
9.550866333831795063e-02 2.757223635162785874e-02 1.000000000000000082e-05 9.962297198724516523e-02 2.847162181414667273e-02
7.826413134663784410e-02 4.234616605825956316e-03 1.000000000000000082e-05 7.758252979375426794e-02 1.000000000000000082e-05
2.507602482818819395e-02 1.000000000000000082e-05 5.794906493945474642e-03 4.692822252059523219e-02 1.000000000000000082e-05
8.559120005167387274e-03 1.000000000000000082e-05 5.512721611282004990e-03 1.320696189628060152e-02 1.000000000000000082e-05
8.055899045009452808e-04 2.515361284190195494e-03 1.000000000000000082e-05 1.000000000000000082e-05 1.041845924236979386e-04
7.102301826616358796e-04 2.736872823289947070e-03 1.000000000000000082e-05 1.000000000000000082e-05 1.915361866576995682e-04
7.790083682286966238e-03 1.955736572008376611e-04 6.587176684349807217e-04 1.000000000000000082e-05 1.000000000000000082e-05
3.919892131787788836e-02 1.000000000000000082e-05 1.325999487833844515e-03 3.040781934870212533e-02 1.000000000000000082e-05
8.955446588450137468e-02 4.449409028311697260e-03 1.000000000000000082e-05 7.776300618480269655e-02 1.000000000000000082e-05
1.018520010559486461e-01 2.817548022883706663e-02 1.000000000000000082e-05 1.057474518548996295e-01 9.919607538994763309e-04
6.461792212364148025e-02 6.599479000211722068e-02 1.000000000000000082e-05 7.535616997886887547e-02 6.266815268117482962e-02
8.744147071479286756e-03 7.277152028650808735e-02 3.556667018603792974e-02 6.557451473466300619e-03 9.996193955623668137e-02
1.000000000000000082e-05 2.060174643744929271e-02 9.062194248064085744e-02 1.000000000000000082e-05 8.606147055189768136e-02
1.000000000000000082e-05 1.000000000000000082e-05 1.127981826748939570e-01 1.000000000000000082e-05 3.165109400212110652e-02
1.000000000000000082e-05 1.000000000000000082e-05 5.677388493076570425e-02 3.858576373900668953e-03 4.467270007857501724e-03
0.000000000000000000e+00 0.000000000000000000e+00 -0.000000000000000000e+00 -0.000000000000000000e+00 0.000000000000000000e+00
0.000000000000000000e+00 0.000000000000000000e+00 -0.000000000000000000e+00 -0.000000000000000000e+00 0.000000000000000000e+00
0.000000000000000000e+00 0.000000000000000000e+00 -0.000000000000000000e+00 -0.000000000000000000e+00 0.000000000000000000e+00
0.000000000000000000e+00 0.000000000000000000e+00 -0.000000000000000000e+00 -0.000000000000000000e+00 0.000000000000000000e+00
0.000000000000000000e+00 0.000000000000000000e+00 -0.000000000000000000e+00 -0.000000000000000000e+00 0.000000000000000000e+00
0.000000000000000000e+00 0.000000000000000000e+00 -0.000000000000000000e+00 -0.000000000000000000e+00 0.000000000000000000e+00
0.000000000000000000e+00 0.000000000000000000e+00 -0.000000000000000000e+00 -0.000000000000000000e+00 0.000000000000000000e+00
1.000000000000000082e-05 1.000000000000000082e-05 6.046794205965540930e-03 1.617352006934322597e-04 3.927612749936431995e-03
1.000000000000000082e-05 1.000000000000000082e-05 7.856040340443333492e-02 3.027925650948855036e-03 4.113637817823903586e-02
4.208086488391846701e-03 1.000000000000000082e-05 1.065599360880424840e-01 1.000000000000000082e-05 7.794239499128949311e-02
3.152151142427022518e-02 4.045927304432957866e-02 7.078651411210751254e-02 1.000000000000000082e-05 9.678819553166941037e-02
7.377980859475674613e-02 1.020541223772854778e-01 1.367424385870183098e-02 3.653960165818428973e-02 7.511947889834176550e-02
8.887478964942516213e-02 8.067420778146791593e-02 1.000000000000000082e-05 9.392391968907257138e-02 3.379965226796290134e-02
8.107720682338678819e-02 2.563524174809389891e-02 1.000000000000000082e-05 9.980653437121389526e-02 1.537030891406659418e-03
3.389593907851827514e-02 1.000000000000000082e-05 1.000000000000000082e-05 6.381619935543790534e-02 1.000000000000000082e-05
8.348199210056677505e-03 1.000000000000000082e-05 1.852940863712326455e-03 2.575759054054930358e-02 1.000000000000000082e-05
6.415827355502027804e-03 1.000000000000000082e-05 6.380645781632672976e-04 2.897144304168139395e-03 1.000000000000000082e-05
0.000000000000000000e+00 0.000000000000000000e+00 -0.000000000000000000e+00 -0.000000000000000000e+00 0.000000000000000000e+00
8.776877282874456917e-04 6.046024033314092826e-05 6.477697074147764405e-05 1.000000000000000082e-05 1.000000000000000082e-05
2.816243365750276811e-02 1.000000000000000082e-05 2.531834969757166230e-03 1.000000000000000082e-05 1.000000000000000082e-05
7.414103485323583764e-02 1.000000000000000082e-05 3.545835065812671938e-03 2.927690325894465734e-02 1.000000000000000082e-05
9.995912659257634447e-02 1.000000000000000082e-05 1.000000000000000082e-05 8.842167615888152365e-02 1.000000000000000082e-05
8.038778891252884584e-02 1.096414705425763879e-02 1.000000000000000082e-05 1.153315063627590453e-01 3.444587752014366400e-02
2.929225446729631990e-02 6.583359621898682290e-02 1.000000000000000082e-05 7.272217206789353960e-02 9.229128499837582766e-02
1.000000000000000082e-05 6.271673312758324625e-02 3.663998521331036928e-02 1.000000000000000082e-05 1.077250633783057993e-01
1.000000000000000082e-05 2.526090845790964629e-02 8.655407701951831068e-02 1.000000000000000082e-05 6.415100963435414749e-02
1.000000000000000082e-05 1.000000000000000082e-05 1.148038478705809828e-01 1.000000000000000082e-05 1.368197600739009742e-02
2.548709150899232043e-03 1.000000000000000082e-05 6.597882622408141051e-02 1.853407643094719896e-03 1.000000000000000082e-05
0.000000000000000000e+00 0.000000000000000000e+00 -0.000000000000000000e+00 -0.000000000000000000e+00 0.000000000000000000e+00
0.000000000000000000e+00 0.000000000000000000e+00 -0.000000000000000000e+00 -0.000000000000000000e+00 0.000000000000000000e+00
0.000000000000000000e+00 0.000000000000000000e+00 -0.000000000000000000e+00 -0.000000000000000000e+00 0.000000000000000000e+00
0.000000000000000000e+00 0.000000000000000000e+00 -0.000000000000000000e+00 -0.000000000000000000e+00 0.000000000000000000e+00
0.000000000000000000e+00 0.000000000000000000e+00 -0.000000000000000000e+00 -0.000000000000000000e+00 0.000000000000000000e+00
0.000000000000000000e+00 0.000000000000000000e+00 -0.000000000000000000e+00 -0.000000000000000000e+00 0.000000000000000000e+00
0.000000000000000000e+00 0.000000000000000000e+00 -0.000000000000000000e+00 -0.000000000000000000e+00 0.000000000000000000e+00
1.000000000000000082e-05 1.000000000000000082e-05 5.666871425125999048e-03 2.500813449805918158e-04 1.022016310332218673e-02
1.000000000000000082e-05 1.000000000000000082e-05 7.059282065054522937e-02 1.000000000000000082e-05 6.660736618005703991e-02
3.386776056545248020e-02 1.000000000000000082e-05 9.706439559833696107e-02 1.000000000000000082e-05 9.007864434713781787e-02
6.989167641600482761e-02 4.602397537690033208e-02 6.798490227906833772e-02 8.000181645184761825e-03 8.828130244835993845e-02
8.965047207769638593e-02 9.383518715384280007e-02 2.052494836917342913e-02 5.784612127079990368e-02 5.008629623024960648e-02
7.995654179215422319e-02 7.236912458139070636e-02 1.000000000000000082e-05 1.071279836363503435e-01 5.965613681499491207e-03
3.109444053753885467e-02 2.221767970487933952e-02 1.000000000000000082e-05 1.024968653589718587e-01 1.000000000000000082e-05
5.724802007585884367e-03 7.115538578787529217e-04 1.000000000000000082e-05 4.962164572792161776e-02 1.000000000000000082e-05
4.433489349202159903e-03 1.000000000000000082e-05 1.023972808018374162e-03 1.529061218076330567e-02 1.000000000000000082e-05
3.345063638342916186e-04 1.000000000000000082e-05 5.204001148830195790e-05 8.484898723918617809e-05 1.000000000000000082e-05
2.060957467161864294e-03 2.098290901009694910e-04 8.980091052542706997e-05 1.000000000000000082e-05 1.000000000000000082e-05
2.222509287646790010e-02 6.666617632002563897e-04 1.726398278374589954e-03 1.000000000000000082e-05 1.000000000000000082e-05
6.808412780914940843e-02 1.000000000000000082e-05 6.209358696531405361e-03 3.823159769716826320e-03 1.000000000000000082e-05
1.007566324280154552e-01 1.000000000000000082e-05 8.151194659067610010e-03 4.880059992699471716e-02 1.000000000000000082e-05
8.144610350263478682e-02 1.000000000000000082e-05 1.000000000000000082e-05 1.128093956066113512e-01 2.200050103401497009e-02
4.255960946501612802e-02 8.400154757689438922e-03 1.000000000000000082e-05 1.165317365266884397e-01 7.603373179645032953e-02
1.000000000000000082e-05 7.295626781500745561e-02 1.000000000000000082e-05 5.569807391813080821e-02 1.101908553449442441e-01
1.000000000000000082e-05 6.586839736906713316e-02 4.170565336786000860e-02 1.000000000000000082e-05 9.675403080447220194e-02
1.000000000000000082e-05 3.324264433652334566e-02 8.613625380576349355e-02 1.000000000000000082e-05 3.618233423018529793e-02
3.065319907436994847e-03 1.000000000000000082e-05 1.089097214482485781e-01 1.000000000000000082e-05 1.000000000000000082e-05
5.078767447376487942e-03 1.000000000000000082e-05 6.619902426083960900e-02 1.161181311580534439e-03 1.000000000000000082e-05
0.000000000000000000e+00 0.000000000000000000e+00 -0.000000000000000000e+00 -0.000000000000000000e+00 0.000000000000000000e+00
0.000000000000000000e+00 0.000000000000000000e+00 -0.000000000000000000e+00 -0.000000000000000000e+00 0.000000000000000000e+00
0.000000000000000000e+00 0.000000000000000000e+00 -0.000000000000000000e+00 -0.000000000000000000e+00 0.000000000000000000e+00
0.000000000000000000e+00 0.000000000000000000e+00 -0.000000000000000000e+00 -0.000000000000000000e+00 0.000000000000000000e+00
0.000000000000000000e+00 0.000000000000000000e+00 -0.000000000000000000e+00 -0.000000000000000000e+00 0.000000000000000000e+00
0.000000000000000000e+00 0.000000000000000000e+00 -0.000000000000000000e+00 -0.000000000000000000e+00 0.000000000000000000e+00
0.000000000000000000e+00 0.000000000000000000e+00 -0.000000000000000000e+00 -0.000000000000000000e+00 0.000000000000000000e+00
1.081786565952241180e-03 1.000000000000000082e-05 1.021079247381594416e-03 1.000000000000000082e-05 2.718892599437004384e-02
1.035026883684500923e-02 1.000000000000000082e-05 5.543666101906341570e-02 1.000000000000000082e-05 8.346097583348810467e-02
5.933956612763963134e-02 1.000000000000000082e-05 8.792196154584808188e-02 1.000000000000000082e-05 9.504158788356548149e-02
8.997443341266417316e-02 4.158797327454345771e-02 8.080352051961343929e-02 1.401321382175819627e-02 7.343401985303060764e-02
9.174362790957829583e-02 8.999246829328057251e-02 3.542373641975241766e-02 6.941901203358184780e-02 2.785362049494584380e-02
4.202997782932165610e-02 6.886936563629328378e-02 1.545961049542237883e-02 1.141941700596089543e-01 1.000000000000000082e-05
3.770914466964351945e-03 2.836143206010203685e-02 1.000000000000000082e-05 9.126176579966627234e-02 1.000000000000000082e-05
6.527265374910807237e-03 7.169210226433175674e-03 1.000000000000000082e-05 3.820041496321371910e-02 1.000000000000000082e-05
3.276860139640931126e-03 5.909091159189891734e-04 1.000000000000000082e-05 9.624729769567684154e-03 1.000000000000000082e-05
5.435454928429298872e-03 5.238191264811513110e-04 2.613720735410105791e-04 1.000000000000000082e-05 1.000000000000000082e-05
3.275197936217875971e-02 7.052840031889360184e-04 2.575958095741605336e-03 1.000000000000000082e-05 1.000000000000000082e-05
6.842774411381748190e-02 1.000000000000000082e-05 5.095362238054805017e-03 1.000000000000000082e-05 1.000000000000000082e-05
1.018383625551652488e-01 1.000000000000000082e-05 8.337696414801318637e-03 3.441847249771860795e-02 1.000000000000000082e-05
9.096053097943072874e-02 1.000000000000000082e-05 3.699549024539170936e-03 7.818413349594491302e-02 2.008536792382427036e-02
3.993685719637091874e-02 1.000000000000000082e-05 1.000000000000000082e-05 1.301081001566305184e-01 7.884342904141884711e-02
2.301412325057242050e-03 3.124155955234603904e-02 1.000000000000000082e-05 9.946096036276373675e-02 1.082974056447002648e-01
1.000000000000000082e-05 8.624062219057042344e-02 1.000000000000000082e-05 2.255403346794655414e-02 1.059861878632286647e-01
1.000000000000000082e-05 7.167475628842369384e-02 4.066907177520119598e-02 1.000000000000000082e-05 6.053790421808925154e-02
8.237684770955405419e-05 3.039669544139885632e-02 9.012306461645981648e-02 1.000000000000000082e-05 1.020810030709062323e-02
3.420971519957444369e-03 1.000000000000000082e-05 1.022437944977275248e-01 1.000000000000000082e-05 1.000000000000000082e-05
5.533310089297204665e-03 1.000000000000000082e-05 6.045116480322321878e-02 6.028195865998617732e-04 1.000000000000000082e-05
0.000000000000000000e+00 0.000000000000000000e+00 -0.000000000000000000e+00 -0.000000000000000000e+00 0.000000000000000000e+00
0.000000000000000000e+00 0.000000000000000000e+00 -0.000000000000000000e+00 -0.000000000000000000e+00 0.000000000000000000e+00
0.000000000000000000e+00 0.000000000000000000e+00 -0.000000000000000000e+00 -0.000000000000000000e+00 0.000000000000000000e+00
0.000000000000000000e+00 0.000000000000000000e+00 -0.000000000000000000e+00 -0.000000000000000000e+00 0.000000000000000000e+00
0.000000000000000000e+00 0.000000000000000000e+00 -0.000000000000000000e+00 -0.000000000000000000e+00 0.000000000000000000e+00
0.000000000000000000e+00 0.000000000000000000e+00 -0.000000000000000000e+00 -0.000000000000000000e+00 0.000000000000000000e+00
0.000000000000000000e+00 0.000000000000000000e+00 -0.000000000000000000e+00 -0.000000000000000000e+00 0.000000000000000000e+00
1.094112768215401398e-02 1.000000000000000082e-05 1.000000000000000082e-05 1.000000000000000082e-05 3.691712036913177841e-02
3.753676722914826153e-02 1.000000000000000082e-05 2.652975206715110085e-02 1.000000000000000082e-05 8.397994154411568546e-02
8.249156759342285428e-02 2.251032874765639298e-03 7.233312109772638276e-02 1.000000000000000082e-05 9.251263085201792691e-02
9.891621562601131401e-02 3.923918274784412435e-02 8.541901225151013466e-02 2.227118460990022350e-02 6.284500580607350895e-02
6.500782830341972351e-02 7.516828369616979089e-02 6.198847045826622743e-02 7.915283252895272126e-02 1.690686755248818965e-02
1.000000000000000082e-05 5.484595212596250768e-02 4.701251683466790843e-02 1.170771017161957445e-01 1.000000000000000082e-05
1.000000000000000082e-05 2.111403914408193846e-02 2.511500582129367123e-02 9.333419810701444608e-02 1.000000000000000082e-05
4.581297135277686422e-03 3.648041567097978256e-03 1.101140230320260191e-02 4.096283007410440880e-02 1.000000000000000082e-05
2.129921233587867696e-02 8.154772352654235694e-04 1.029564572223991455e-03 7.972159213385499738e-03 1.000000000000000082e-05
4.763812822634123922e-02 1.000000000000000082e-05 2.880101670154596675e-03 1.000000000000000082e-05 1.000000000000000082e-05
7.598592337929688245e-02 1.000000000000000082e-05 6.464972407607857442e-03 7.067993748796871142e-04 1.000000000000000082e-05
9.878558896236890041e-02 1.000000000000000082e-05 8.289829292769543279e-03 3.077096374736859249e-02 1.000000000000000082e-05
8.537958241554861882e-02 1.000000000000000082e-05 6.900852515667271758e-03 7.824527171193597364e-02 3.047655058596277985e-02
4.513897066132923491e-02 1.000000000000000082e-05 1.000000000000000082e-05 1.225158066651226008e-01 7.777438725800792096e-02
2.270658398761914165e-03 1.000000000000000082e-05 1.000000000000000082e-05 1.207279252336695557e-01 1.115261110849205539e-01
1.000000000000000082e-05 6.377589569341836351e-02 1.000000000000000082e-05 6.711796603657327331e-02 1.077598610781511784e-01
1.000000000000000082e-05 9.309111085586052603e-02 1.514343112478808324e-02 1.000000000000000082e-05 6.893623716965709136e-02
1.000000000000000082e-05 6.069867604006651263e-02 6.714632994180960712e-02 1.000000000000000082e-05 1.963359775248264133e-02
1.177244218007044525e-03 1.302465776925778966e-02 9.964967380852901568e-02 1.000000000000000082e-05 1.000000000000000082e-05
7.155549924574937208e-03 1.000000000000000082e-05 8.455305001142979227e-02 1.000000000000000082e-05 1.000000000000000082e-05
3.888001831100275710e-03 1.000000000000000082e-05 4.413482411990640036e-02 2.736287662699738842e-03 1.000000000000000082e-05
3.191475432583208011e-04 4.573073554719585135e-04 2.115073319429232497e-03 1.000000000000000082e-05 1.000000000000000082e-05
0.000000000000000000e+00 0.000000000000000000e+00 -0.000000000000000000e+00 -0.000000000000000000e+00 0.000000000000000000e+00
0.000000000000000000e+00 0.000000000000000000e+00 -0.000000000000000000e+00 -0.000000000000000000e+00 0.000000000000000000e+00
0.000000000000000000e+00 0.000000000000000000e+00 -0.000000000000000000e+00 -0.000000000000000000e+00 0.000000000000000000e+00
0.000000000000000000e+00 0.000000000000000000e+00 -0.000000000000000000e+00 -0.000000000000000000e+00 0.000000000000000000e+00
0.000000000000000000e+00 0.000000000000000000e+00 -0.000000000000000000e+00 -0.000000000000000000e+00 0.000000000000000000e+00
0.000000000000000000e+00 0.000000000000000000e+00 -0.000000000000000000e+00 -0.000000000000000000e+00 0.000000000000000000e+00
1.760154292239201473e-02 1.000000000000000082e-05 1.000000000000000082e-05 1.000000000000000082e-05 3.839063327718857804e-02
5.964173849590739124e-02 1.000000000000000082e-05 7.766746734865949929e-03 1.000000000000000082e-05 7.639194547901541343e-02
9.678266299579126042e-02 6.052741720618049978e-03 5.599176689635607107e-02 1.000000000000000082e-05 8.735952214388520431e-02
8.784929472943420192e-02 2.804023405475107936e-02 8.068424667718267218e-02 1.883101480873872538e-02 6.742478638644980315e-02
2.343606132078028190e-02 5.992063689893619566e-02 8.304519841146874859e-02 7.657653987996032585e-02 3.287426948466433407e-02
1.000000000000000082e-05 4.780616360513180452e-02 7.562228444728782972e-02 1.162851518350407065e-01 4.906276663518660368e-03
4.599613448650240015e-03 1.259834075757176354e-02 6.606783796366624828e-02 1.093539010421262503e-01 1.000000000000000082e-05
3.498991747004438074e-02 1.000000000000000082e-05 5.163753980586358039e-02 6.555742321612732793e-02 1.000000000000000082e-05
6.312568390027452347e-02 1.000000000000000082e-05 3.506872141065517368e-02 2.799403235534898490e-02 1.000000000000000082e-05
8.420581507267876908e-02 1.000000000000000082e-05 2.023945262398225628e-02 1.865448993483594109e-02 3.946968898294125200e-03
1.000648219361199298e-01 1.000000000000000082e-05 1.338147430268924604e-02 4.208260386351589388e-02 1.753880333954031118e-02
7.115783110421798618e-02 1.000000000000000082e-05 1.029295284719813734e-02 9.255734633276990753e-02 4.139608965303329807e-02
3.153585762279439292e-02 1.000000000000000082e-05 1.000000000000000082e-05 1.140505542462729449e-01 9.210495901687316966e-02
1.000000000000000082e-05 1.000000000000000082e-05 1.000000000000000082e-05 1.225275133056092230e-01 1.126655634952599960e-01
1.000000000000000082e-05 4.059060514784054025e-02 1.000000000000000082e-05 9.008677012635520065e-02 1.058698843669447359e-01
1.000000000000000082e-05 1.037578890406537779e-01 8.191505358920849605e-03 1.574965393312734163e-02 7.221220013404949789e-02
1.000000000000000082e-05 9.207930906473808796e-02 4.811578697416719202e-02 1.000000000000000082e-05 2.346276087741132679e-02
1.000000000000000082e-05 3.883392706724585891e-02 9.213848536432280023e-02 1.000000000000000082e-05 3.074704938510018117e-03
5.452741313391224962e-03 3.514789520922885057e-03 9.186381917050492896e-02 1.000000000000000082e-05 1.000000000000000082e-05
8.960610658110528676e-03 1.000000000000000082e-05 6.939325768861272226e-02 1.000000000000000082e-05 1.000000000000000082e-05
2.627299874504320128e-03 1.000000000000000082e-05 2.139882640237853254e-02 8.717326887954231587e-05 1.000000000000000082e-05
1.879910186316139482e-04 2.693728258259491643e-04 1.245865105965162506e-03 1.000000000000000082e-05 1.000000000000000082e-05
0.000000000000000000e+00 0.000000000000000000e+00 -0.000000000000000000e+00 -0.000000000000000000e+00 0.000000000000000000e+00
0.000000000000000000e+00 0.000000000000000000e+00 -0.000000000000000000e+00 -0.000000000000000000e+00 0.000000000000000000e+00
0.000000000000000000e+00 0.000000000000000000e+00 -0.000000000000000000e+00 -0.000000000000000000e+00 0.000000000000000000e+00
0.000000000000000000e+00 0.000000000000000000e+00 -0.000000000000000000e+00 -0.000000000000000000e+00 0.000000000000000000e+00
0.000000000000000000e+00 0.000000000000000000e+00 -0.000000000000000000e+00 -0.000000000000000000e+00 0.000000000000000000e+00
0.000000000000000000e+00 0.000000000000000000e+00 -0.000000000000000000e+00 -0.000000000000000000e+00 0.000000000000000000e+00
2.926902228554273747e-02 1.000000000000000082e-05 1.000000000000000082e-05 1.000000000000000082e-05 3.428191063620253387e-02
7.310113937970219578e-02 1.219511153152006214e-03 1.000000000000000082e-05 1.000000000000000082e-05 5.942732198450919462e-02
1.084164845987854592e-01 4.525451392108591903e-03 2.160892928133494734e-02 1.000000000000000082e-05 8.277310278030092228e-02
7.100210665640699359e-02 2.103774807961730428e-02 5.446458504968604286e-02 7.761052308709356744e-03 8.341023515514982278e-02
2.429424552696536621e-02 4.774782438415371005e-02 7.953009532665553105e-02 5.697170099639769364e-02 6.022929293826996544e-02
1.567727333354139788e-02 4.204437243192593598e-02 9.132844266382431075e-02 9.943846834667588452e-02 3.003246764183205644e-02
3.246880646638619639e-02 9.027427065678822818e-03 8.991514285348709001e-02 1.113598969154509927e-01 2.447704002513111793e-02
5.563455527620641411e-02 1.000000000000000082e-05 8.201592940285669375e-02 1.066034238921114152e-01 2.398963805522220244e-02
7.140019817425148629e-02 1.000000000000000082e-05 7.803553245605941713e-02 9.198407501039895795e-02 3.930126291199419891e-02
7.319470290083494868e-02 1.000000000000000082e-05 7.269646206359889340e-02 9.846523927339495552e-02 5.472384456645540407e-02
5.220042054737966675e-02 1.000000000000000082e-05 5.603034944859738159e-02 1.137305540837437734e-01 7.494450363990157182e-02
2.538977381707650458e-02 1.000000000000000082e-05 4.092333976680900820e-02 1.251457126283180288e-01 9.395302063517350921e-02
1.000000000000000082e-05 1.000000000000000082e-05 1.609225143625670276e-02 1.173629445668125243e-01 1.096135479997879941e-01
1.000000000000000082e-05 3.986395067607208242e-02 1.699420619794625789e-02 9.850308392794694667e-02 9.830373598125863310e-02
1.000000000000000082e-05 8.654080646185165204e-02 3.441354649841089908e-02 3.556475422758267196e-02 6.121453495282612456e-02
1.000000000000000082e-05 9.648208468142847882e-02 5.869297650216481060e-02 1.000000000000000082e-05 1.327726436988333966e-02
9.746249155750533796e-04 6.491089539523142715e-02 9.197277130323384953e-02 1.000000000000000082e-05 1.000000000000000082e-05
4.966193210094379216e-03 1.441391388700796403e-02 9.454279812142268868e-02 1.000000000000000082e-05 1.000000000000000082e-05
8.162263358911613434e-03 1.000000000000000082e-05 8.083662610249903180e-02 1.000000000000000082e-05 1.000000000000000082e-05
4.853200457596003846e-03 7.245482190473520774e-04 3.870669504635169955e-02 1.295751669847813544e-04 1.000000000000000082e-05
8.195203685184863571e-04 1.212987726985550975e-03 4.428178916487146219e-03 1.000000000000000082e-05 1.000000000000000082e-05
1.000000000000000082e-05 1.254614393520194437e-04 1.000000000000000082e-05 1.639044586725506162e-03 5.780726509943153975e-05
1.000000000000000082e-05 2.867690042331904362e-04 1.000000000000000082e-05 3.746387626801153409e-03 1.321308916558433955e-04
0.000000000000000000e+00 0.000000000000000000e+00 -0.000000000000000000e+00 -0.000000000000000000e+00 0.000000000000000000e+00
0.000000000000000000e+00 0.000000000000000000e+00 -0.000000000000000000e+00 -0.000000000000000000e+00 0.000000000000000000e+00
0.000000000000000000e+00 0.000000000000000000e+00 -0.000000000000000000e+00 -0.000000000000000000e+00 0.000000000000000000e+00
0.000000000000000000e+00 0.000000000000000000e+00 -0.000000000000000000e+00 -0.000000000000000000e+00 0.000000000000000000e+00
0.000000000000000000e+00 0.000000000000000000e+00 -0.000000000000000000e+00 -0.000000000000000000e+00 0.000000000000000000e+00
2.405051207411868994e-02 1.000000000000000082e-05 1.000000000000000082e-05 1.000000000000000082e-05 2.421708447780719642e-02
8.911262974892400490e-02 1.327155235873037466e-03 1.000000000000000082e-05 1.000000000000000082e-05 3.810989318188996722e-02
1.140511968478782195e-01 3.589715603122991486e-03 1.000000000000000082e-05 1.000000000000000082e-05 6.413884385415848099e-02
9.563425815853199285e-02 1.962044560999561330e-02 1.690147614603891221e-02 1.000000000000000082e-05 9.089401639551446255e-02
7.178411370076064058e-02 4.780400669079633985e-02 4.127174807518767252e-02 1.402698941204274727e-02 9.387380111202449362e-02
6.989047884144496126e-02 5.373796035117908015e-02 5.875785815446672028e-02 6.311788692579219096e-02 8.136211194429864013e-02
6.712829186700555728e-02 3.150687619362536190e-02 8.294362344410030619e-02 9.941122476980884803e-02 7.122201879757374121e-02
6.238475236785673977e-02 1.000000000000000082e-05 9.007407571413682257e-02 1.163802146224305334e-01 7.580018291260631758e-02
5.385089806618924280e-02 1.000000000000000082e-05 8.411769184593895221e-02 1.187551020395426205e-01 8.267462382728406334e-02
3.228077893186687142e-02 1.000000000000000082e-05 7.978994246474180319e-02 1.269740894259246966e-01 9.052808997737354924e-02
8.895856333768317400e-03 1.000000000000000082e-05 6.724942522850863025e-02 1.238193539462211223e-01 1.003733310208091978e-01
1.000000000000000082e-05 9.475413256039684484e-03 5.581767547372887273e-02 1.184106487935144836e-01 1.016841675176613363e-01
1.000000000000000082e-05 5.083311300915090841e-02 5.618671946161436087e-02 1.016545463465888394e-01 7.607250104881796426e-02
1.000000000000000082e-05 8.995162902119741011e-02 6.349039671764182546e-02 5.530296652397353324e-02 3.761786631993225410e-02
1.000000000000000082e-05 1.022825794898517826e-01 7.482326651777918003e-02 3.831414066454826451e-03 2.609421420916274281e-03
5.254857170836187141e-03 7.050162286535020806e-02 9.260773512016513831e-02 1.000000000000000082e-05 1.000000000000000082e-05
9.323591050807423369e-03 3.160900760541418553e-02 9.479492163037486763e-02 1.000000000000000082e-05 1.000000000000000082e-05
9.680682023452742702e-03 3.624877578737462774e-03 7.903081023558730656e-02 1.000000000000000082e-05 1.000000000000000082e-05
5.606590335661703131e-03 2.242730510987200974e-03 4.428306259647659532e-02 1.000000000000000082e-05 1.000000000000000082e-05
1.804195971147022149e-03 2.554513158924071395e-03 1.049878209536816639e-02 1.000000000000000082e-05 1.000000000000000082e-05
4.852791411188172883e-04 6.953577596902423170e-04 3.216070389817049426e-03 1.000000000000000082e-05 1.000000000000000082e-05
1.000000000000000082e-05 2.170682045931748968e-04 1.000000000000000082e-05 2.835807300842543236e-03 1.000157443783815224e-04
1.000000000000000082e-05 4.998543059897926286e-04 1.000000000000000082e-05 6.530161766160350913e-03 2.303114847612273053e-04
0.000000000000000000e+00 0.000000000000000000e+00 -0.000000000000000000e+00 -0.000000000000000000e+00 0.000000000000000000e+00
0.000000000000000000e+00 0.000000000000000000e+00 -0.000000000000000000e+00 -0.000000000000000000e+00 0.000000000000000000e+00
0.000000000000000000e+00 0.000000000000000000e+00 -0.000000000000000000e+00 -0.000000000000000000e+00 0.000000000000000000e+00
0.000000000000000000e+00 0.000000000000000000e+00 -0.000000000000000000e+00 -0.000000000000000000e+00 0.000000000000000000e+00
0.000000000000000000e+00 0.000000000000000000e+00 -0.000000000000000000e+00 -0.000000000000000000e+00 0.000000000000000000e+00
2.094489187860343674e-02 1.000000000000000082e-05 1.000000000000000082e-05 1.000000000000000082e-05 1.120397116058315795e-02
7.393471998975495452e-02 1.118893839600140506e-04 1.000000000000000082e-05 1.000000000000000082e-05 2.085348440588885230e-02
1.106917464378052718e-01 1.365729846277861795e-03 1.000000000000000082e-05 1.000000000000000082e-05 3.561157791016087565e-02
1.023597625152766893e-01 1.855493762791039433e-02 1.000000000000000082e-05 1.000000000000000082e-05 6.365126922834726808e-02
8.758549109933200238e-02 4.358090050094647755e-02 1.000000000000000082e-05 1.000000000000000082e-05 8.608484796438385656e-02
8.155305700012541181e-02 6.353520313865755609e-02 2.102468749999494152e-02 1.417120152025417093e-02 9.069576854062418036e-02
6.355751104915262351e-02 7.484531965876332904e-02 3.748544334271617512e-02 5.680215180687354926e-02 8.964664415161867350e-02
4.577938310855699661e-02 7.019185090404739258e-02 5.274712620677912689e-02 8.547494219791641756e-02 8.564025313178848242e-02
2.717452081827441759e-02 4.602721118916609094e-02 6.590125200656166138e-02 1.041367510784111522e-01 8.616322420717416330e-02
2.253419153248687606e-03 4.732864375950627395e-02 7.272387043204406321e-02 1.036161571489169764e-01 8.157715960262833244e-02
1.000000000000000082e-05 6.900199107680239641e-02 7.317103787025197592e-02 9.350538623565927965e-02 6.378894261612078065e-02
1.000000000000000082e-05 8.673704250486984069e-02 7.536702001543656160e-02 7.877277279122663067e-02 4.338114788719158593e-02
1.000000000000000082e-05 1.065332092470958336e-01 7.956950022929493160e-02 3.849344234926753427e-02 9.202897652260474612e-03
1.000000000000000082e-05 9.434652075084737355e-02 8.712382487856387692e-02 3.938743441217133767e-03 1.000000000000000082e-05
8.690277040649027271e-03 6.344611625443584424e-02 8.846210940831022995e-02 1.000000000000000082e-05 1.000000000000000082e-05
1.116088675612493877e-02 4.058488498440521869e-02 8.387222603616720229e-02 1.000000000000000082e-05 1.000000000000000082e-05
9.901442823812837274e-03 1.413582100868198549e-02 6.425542047096560738e-02 1.000000000000000082e-05 1.000000000000000082e-05
4.297925321160632993e-03 1.701556762619192307e-03 3.656534134261084368e-02 2.558365489462085390e-04 1.000000000000000082e-05
9.160206199099325515e-04 1.000000000000000082e-05 1.228505401340184051e-02 1.356062166883409328e-03 1.000000000000000082e-05
6.557826231335365684e-05 9.396726482300550131e-05 4.346041067320334235e-04 1.000000000000000082e-05 1.000000000000000082e-05
4.809072569645935467e-05 6.890932753687072716e-05 3.187096782701579487e-04 1.000000000000000082e-05 1.000000000000000082e-05
1.000000000000000082e-05 1.234699879337334031e-04 1.000000000000000082e-05 1.613028005983831994e-03 5.688968946293256404e-05
1.000000000000000082e-05 2.827861013966164036e-04 1.000000000000000082e-05 3.694354465317807677e-03 1.302957403828457694e-04
0.000000000000000000e+00 0.000000000000000000e+00 -0.000000000000000000e+00 -0.000000000000000000e+00 0.000000000000000000e+00
0.000000000000000000e+00 0.000000000000000000e+00 -0.000000000000000000e+00 -0.000000000000000000e+00 0.000000000000000000e+00
0.000000000000000000e+00 0.000000000000000000e+00 -0.000000000000000000e+00 -0.000000000000000000e+00 0.000000000000000000e+00
0.000000000000000000e+00 0.000000000000000000e+00 -0.000000000000000000e+00 -0.000000000000000000e+00 0.000000000000000000e+00
0.000000000000000000e+00 0.000000000000000000e+00 -0.000000000000000000e+00 -0.000000000000000000e+00 0.000000000000000000e+00
6.429554122159377751e-03 1.000000000000000082e-05 3.611193360116346637e-04 2.099350287306832124e-05 1.000000000000000082e-05
3.550854759728992727e-02 1.000000000000000082e-05 1.000000000000000082e-05 1.000000000000000082e-05 1.722769072532096445e-06
6.166253676520973281e-02 6.531608292179805902e-03 1.000000000000000082e-05 1.000000000000000082e-05 5.001728447148920745e-03
8.166583028547638734e-02 1.408748744440046184e-02 1.000000000000000082e-05 1.000000000000000082e-05 1.869031753727664127e-02
7.811808979203845038e-02 3.161916570093797202e-02 1.000000000000000082e-05 1.000000000000000082e-05 4.433341470070693152e-02
6.802298128397844812e-02 5.746461843109714612e-02 1.000000000000000082e-05 1.000000000000000082e-05 5.708059618090826487e-02
5.136933921789806068e-02 7.745890683784961706e-02 1.000000000000000082e-05 1.354597576895725207e-02 6.093943080859968997e-02
3.097634384442732314e-02 1.058117328625653164e-01 1.000000000000000082e-05 3.358704641109276634e-02 5.596792552889952310e-02
7.788813842211720836e-03 1.253728537831039491e-01 9.265248861858635041e-03 4.379036708575530235e-02 4.046218666205412401e-02
1.000000000000000082e-05 1.329996351331423354e-01 3.529710824911976019e-02 3.927458363320845969e-02 1.572712028759605182e-02
1.000000000000000082e-05 1.334163329762535488e-01 4.640613883645714616e-02 2.762020822513823470e-02 1.000000000000000082e-05
2.973445272216587287e-03 1.208872881918127834e-01 5.505398649574184955e-02 2.942896900855626607e-03 1.000000000000000082e-05
9.633396385754323249e-03 9.304701523350733527e-02 4.869545535917367551e-02 1.000000000000000082e-05 1.000000000000000082e-05
1.198737019045984648e-02 6.693438882374851129e-02 4.546943068173261993e-02 1.000000000000000082e-05 1.000000000000000082e-05
9.905225848437391664e-03 4.488334366965356093e-02 3.955162997174038741e-02 1.000000000000000082e-05 1.000000000000000082e-05
7.238068131203570857e-03 2.050205488527816200e-02 3.032174609061728462e-02 1.000000000000000082e-05 1.000000000000000082e-05
2.854961072424452764e-03 2.163661085364211676e-03 1.929617778537740316e-02 1.000000000000000082e-05 1.000000000000000082e-05
2.986481610207179630e-04 1.000000000000000082e-05 5.642221913160197846e-03 7.611426937377060867e-04 1.000000000000000082e-05
2.800001722754019815e-04 2.940412424149738764e-04 2.348407159303817805e-03 8.837324091163267282e-05 1.000000000000000082e-05
0.000000000000000000e+00 0.000000000000000000e+00 -0.000000000000000000e+00 -0.000000000000000000e+00 0.000000000000000000e+00
0.000000000000000000e+00 0.000000000000000000e+00 -0.000000000000000000e+00 -0.000000000000000000e+00 0.000000000000000000e+00
0.000000000000000000e+00 0.000000000000000000e+00 -0.000000000000000000e+00 -0.000000000000000000e+00 0.000000000000000000e+00
0.000000000000000000e+00 0.000000000000000000e+00 -0.000000000000000000e+00 -0.000000000000000000e+00 0.000000000000000000e+00
0.000000000000000000e+00 0.000000000000000000e+00 -0.000000000000000000e+00 -0.000000000000000000e+00 0.000000000000000000e+00
0.000000000000000000e+00 0.000000000000000000e+00 -0.000000000000000000e+00 -0.000000000000000000e+00 0.000000000000000000e+00
0.000000000000000000e+00 0.000000000000000000e+00 -0.000000000000000000e+00 -0.000000000000000000e+00 0.000000000000000000e+00
0.000000000000000000e+00 0.000000000000000000e+00 -0.000000000000000000e+00 -0.000000000000000000e+00 0.000000000000000000e+00
0.000000000000000000e+00 0.000000000000000000e+00 -0.000000000000000000e+00 -0.000000000000000000e+00 0.000000000000000000e+00
0.000000000000000000e+00 0.000000000000000000e+00 -0.000000000000000000e+00 -0.000000000000000000e+00 0.000000000000000000e+00
0.000000000000000000e+00 0.000000000000000000e+00 -0.000000000000000000e+00 -0.000000000000000000e+00 0.000000000000000000e+00
6.293678478421833216e-04 3.091744830485576145e-03 1.000000000000000082e-05 1.000000000000000082e-05 3.250245742144506028e-04
4.062492396873251289e-03 1.962967867225423602e-02 1.000000000000000082e-05 1.000000000000000082e-05 2.004920902445467626e-03
4.240566823110948624e-03 2.046530840492098366e-02 1.000000000000000082e-05 1.000000000000000082e-05 2.010567713910725671e-03
5.734869659176995184e-03 2.854594345125566202e-02 1.000000000000000082e-05 1.000000000000000082e-05 1.903442201958516732e-03
7.943188826084248214e-03 4.037586411934726560e-02 1.000000000000000082e-05 1.000000000000000082e-05 5.357691439517818770e-04
9.461796411181052496e-03 5.986110608954314100e-02 1.000000000000000082e-05 1.000000000000000082e-05 1.000000000000000082e-05
7.384892512084166409e-03 7.349184285331085420e-02 1.000000000000000082e-05 1.000000000000000082e-05 1.000000000000000082e-05
6.513307615682901661e-03 7.805860293067254374e-02 1.000000000000000082e-05 1.000000000000000082e-05 1.000000000000000082e-05
6.438708773266211063e-03 7.853562005518911759e-02 1.000000000000000082e-05 1.000000000000000082e-05 1.000000000000000082e-05
5.387210483821171410e-03 5.680221370644519124e-02 1.000000000000000082e-05 1.000000000000000082e-05 1.000000000000000082e-05
4.649571432632848729e-03 3.584203230875953466e-02 1.713268035343991618e-03 1.000000000000000082e-05 1.000000000000000082e-05
3.933107056738299745e-03 2.153457340031949066e-02 4.337039566213216069e-03 1.000000000000000082e-05 1.000000000000000082e-05
2.443096770913611229e-03 9.114818392008689624e-03 3.206683859922019545e-03 1.000000000000000082e-05 1.000000000000000082e-05
9.167764639200922348e-04 3.189557269694885330e-03 1.051277452943718323e-03 1.000000000000000082e-05 1.000000000000000082e-05
0.000000000000000000e+00 0.000000000000000000e+00 -0.000000000000000000e+00 -0.000000000000000000e+00 0.000000000000000000e+00
0.000000000000000000e+00 0.000000000000000000e+00 -0.000000000000000000e+00 -0.000000000000000000e+00 0.000000000000000000e+00
0.000000000000000000e+00 0.000000000000000000e+00 -0.000000000000000000e+00 -0.000000000000000000e+00 0.000000000000000000e+00
0.000000000000000000e+00 0.000000000000000000e+00 -0.000000000000000000e+00 -0.000000000000000000e+00 0.000000000000000000e+00
0.000000000000000000e+00 0.000000000000000000e+00 -0.000000000000000000e+00 -0.000000000000000000e+00 0.000000000000000000e+00
0.000000000000000000e+00 0.000000000000000000e+00 -0.000000000000000000e+00 -0.000000000000000000e+00 0.000000000000000000e+00
0.000000000000000000e+00 0.000000000000000000e+00 -0.000000000000000000e+00 -0.000000000000000000e+00 0.000000000000000000e+00
0.000000000000000000e+00 0.000000000000000000e+00 -0.000000000000000000e+00 -0.000000000000000000e+00 0.000000000000000000e+00
0.000000000000000000e+00 0.000000000000000000e+00 -0.000000000000000000e+00 -0.000000000000000000e+00 0.000000000000000000e+00
0.000000000000000000e+00 0.000000000000000000e+00 -0.000000000000000000e+00 -0.000000000000000000e+00 0.000000000000000000e+00
0.000000000000000000e+00 0.000000000000000000e+00 -0.000000000000000000e+00 -0.000000000000000000e+00 0.000000000000000000e+00
0.000000000000000000e+00 0.000000000000000000e+00 -0.000000000000000000e+00 -0.000000000000000000e+00 0.000000000000000000e+00
0.000000000000000000e+00 0.000000000000000000e+00 -0.000000000000000000e+00 -0.000000000000000000e+00 0.000000000000000000e+00
0.000000000000000000e+00 0.000000000000000000e+00 -0.000000000000000000e+00 -0.000000000000000000e+00 0.000000000000000000e+00
0.000000000000000000e+00 0.000000000000000000e+00 -0.000000000000000000e+00 -0.000000000000000000e+00 0.000000000000000000e+00
0.000000000000000000e+00 0.000000000000000000e+00 -0.000000000000000000e+00 -0.000000000000000000e+00 0.000000000000000000e+00
0.000000000000000000e+00 0.000000000000000000e+00 -0.000000000000000000e+00 -0.000000000000000000e+00 0.000000000000000000e+00
0.000000000000000000e+00 0.000000000000000000e+00 -0.000000000000000000e+00 -0.000000000000000000e+00 0.000000000000000000e+00
0.000000000000000000e+00 0.000000000000000000e+00 -0.000000000000000000e+00 -0.000000000000000000e+00 0.000000000000000000e+00
0.000000000000000000e+00 0.000000000000000000e+00 -0.000000000000000000e+00 -0.000000000000000000e+00 0.000000000000000000e+00
0.000000000000000000e+00 0.000000000000000000e+00 -0.000000000000000000e+00 -0.000000000000000000e+00 0.000000000000000000e+00
0.000000000000000000e+00 0.000000000000000000e+00 -0.000000000000000000e+00 -0.000000000000000000e+00 0.000000000000000000e+00
0.000000000000000000e+00 0.000000000000000000e+00 -0.000000000000000000e+00 -0.000000000000000000e+00 0.000000000000000000e+00
0.000000000000000000e+00 0.000000000000000000e+00 -0.000000000000000000e+00 -0.000000000000000000e+00 0.000000000000000000e+00
0.000000000000000000e+00 0.000000000000000000e+00 -0.000000000000000000e+00 -0.000000000000000000e+00 0.000000000000000000e+00
0.000000000000000000e+00 0.000000000000000000e+00 -0.000000000000000000e+00 -0.000000000000000000e+00 0.000000000000000000e+00
0.000000000000000000e+00 0.000000000000000000e+00 -0.000000000000000000e+00 -0.000000000000000000e+00 0.000000000000000000e+00
0.000000000000000000e+00 0.000000000000000000e+00 -0.000000000000000000e+00 -0.000000000000000000e+00 0.000000000000000000e+00
0.000000000000000000e+00 0.000000000000000000e+00 -0.000000000000000000e+00 -0.000000000000000000e+00 0.000000000000000000e+00
0.000000000000000000e+00 0.000000000000000000e+00 -0.000000000000000000e+00 -0.000000000000000000e+00 0.000000000000000000e+00
0.000000000000000000e+00 0.000000000000000000e+00 -0.000000000000000000e+00 -0.000000000000000000e+00 0.000000000000000000e+00
0.000000000000000000e+00 0.000000000000000000e+00 -0.000000000000000000e+00 -0.000000000000000000e+00 0.000000000000000000e+00
0.000000000000000000e+00 0.000000000000000000e+00 -0.000000000000000000e+00 -0.000000000000000000e+00 0.000000000000000000e+00
0.000000000000000000e+00 0.000000000000000000e+00 -0.000000000000000000e+00 -0.000000000000000000e+00 0.000000000000000000e+00
0.000000000000000000e+00 0.000000000000000000e+00 -0.000000000000000000e+00 -0.000000000000000000e+00 0.000000000000000000e+00
0.000000000000000000e+00 0.000000000000000000e+00 -0.000000000000000000e+00 -0.000000000000000000e+00 0.000000000000000000e+00
0.000000000000000000e+00 0.000000000000000000e+00 -0.000000000000000000e+00 -0.000000000000000000e+00 0.000000000000000000e+00
0.000000000000000000e+00 0.000000000000000000e+00 -0.000000000000000000e+00 -0.000000000000000000e+00 0.000000000000000000e+00
0.000000000000000000e+00 0.000000000000000000e+00 -0.000000000000000000e+00 -0.000000000000000000e+00 0.000000000000000000e+00
0.000000000000000000e+00 0.000000000000000000e+00 -0.000000000000000000e+00 -0.000000000000000000e+00 0.000000000000000000e+00
0.000000000000000000e+00 0.000000000000000000e+00 -0.000000000000000000e+00 -0.000000000000000000e+00 0.000000000000000000e+00
0.000000000000000000e+00 0.000000000000000000e+00 -0.000000000000000000e+00 -0.000000000000000000e+00 0.000000000000000000e+00
0.000000000000000000e+00 0.000000000000000000e+00 -0.000000000000000000e+00 -0.000000000000000000e+00 0.000000000000000000e+00
0.000000000000000000e+00 0.000000000000000000e+00 -0.000000000000000000e+00 -0.000000000000000000e+00 0.000000000000000000e+00
0.000000000000000000e+00 0.000000000000000000e+00 -0.000000000000000000e+00 -0.000000000000000000e+00 0.000000000000000000e+00
0.000000000000000000e+00 0.000000000000000000e+00 -0.000000000000000000e+00 -0.000000000000000000e+00 0.000000000000000000e+00
0.000000000000000000e+00 0.000000000000000000e+00 -0.000000000000000000e+00 -0.000000000000000000e+00 0.000000000000000000e+00
0.000000000000000000e+00 0.000000000000000000e+00 -0.000000000000000000e+00 -0.000000000000000000e+00 0.000000000000000000e+00
0.000000000000000000e+00 0.000000000000000000e+00 -0.000000000000000000e+00 -0.000000000000000000e+00 0.000000000000000000e+00
0.000000000000000000e+00 0.000000000000000000e+00 -0.000000000000000000e+00 -0.000000000000000000e+00 0.000000000000000000e+00
0.000000000000000000e+00 0.000000000000000000e+00 -0.000000000000000000e+00 -0.000000000000000000e+00 0.000000000000000000e+00
0.000000000000000000e+00 0.000000000000000000e+00 -0.000000000000000000e+00 -0.000000000000000000e+00 0.000000000000000000e+00
0.000000000000000000e+00 0.000000000000000000e+00 -0.000000000000000000e+00 -0.000000000000000000e+00 0.000000000000000000e+00
0.000000000000000000e+00 0.000000000000000000e+00 -0.000000000000000000e+00 -0.000000000000000000e+00 0.000000000000000000e+00
0.000000000000000000e+00 0.000000000000000000e+00 -0.000000000000000000e+00 -0.000000000000000000e+00 0.000000000000000000e+00
0.000000000000000000e+00 0.000000000000000000e+00 -0.000000000000000000e+00 -0.000000000000000000e+00 0.000000000000000000e+00
0.000000000000000000e+00 0.000000000000000000e+00 -0.000000000000000000e+00 -0.000000000000000000e+00 0.000000000000000000e+00
0.000000000000000000e+00 0.000000000000000000e+00 -0.000000000000000000e+00 -0.000000000000000000e+00 0.000000000000000000e+00
0.000000000000000000e+00 0.000000000000000000e+00 -0.000000000000000000e+00 -0.000000000000000000e+00 0.000000000000000000e+00
0.000000000000000000e+00 0.000000000000000000e+00 -0.000000000000000000e+00 -0.000000000000000000e+00 0.000000000000000000e+00
0.000000000000000000e+00 0.000000000000000000e+00 -0.000000000000000000e+00 -0.000000000000000000e+00 0.000000000000000000e+00
0.000000000000000000e+00 0.000000000000000000e+00 -0.000000000000000000e+00 -0.000000000000000000e+00 0.000000000000000000e+00
0.000000000000000000e+00 0.000000000000000000e+00 -0.000000000000000000e+00 -0.000000000000000000e+00 0.000000000000000000e+00
0.000000000000000000e+00 0.000000000000000000e+00 -0.000000000000000000e+00 -0.000000000000000000e+00 0.000000000000000000e+00
0.000000000000000000e+00 0.000000000000000000e+00 -0.000000000000000000e+00 -0.000000000000000000e+00 0.000000000000000000e+00
0.000000000000000000e+00 0.000000000000000000e+00 -0.000000000000000000e+00 -0.000000000000000000e+00 0.000000000000000000e+00
0.000000000000000000e+00 0.000000000000000000e+00 -0.000000000000000000e+00 -0.000000000000000000e+00 0.000000000000000000e+00
0.000000000000000000e+00 0.000000000000000000e+00 -0.000000000000000000e+00 -0.000000000000000000e+00 0.000000000000000000e+00
0.000000000000000000e+00 0.000000000000000000e+00 -0.000000000000000000e+00 -0.000000000000000000e+00 0.000000000000000000e+00
0.000000000000000000e+00 0.000000000000000000e+00 -0.000000000000000000e+00 -0.000000000000000000e+00 0.000000000000000000e+00
0.000000000000000000e+00 0.000000000000000000e+00 -0.000000000000000000e+00 -0.000000000000000000e+00 0.000000000000000000e+00
0.000000000000000000e+00 0.000000000000000000e+00 -0.000000000000000000e+00 -0.000000000000000000e+00 0.000000000000000000e+00
0.000000000000000000e+00 0.000000000000000000e+00 -0.000000000000000000e+00 -0.000000000000000000e+00 0.000000000000000000e+00
0.000000000000000000e+00 0.000000000000000000e+00 -0.000000000000000000e+00 -0.000000000000000000e+00 0.000000000000000000e+00
0.000000000000000000e+00 0.000000000000000000e+00 -0.000000000000000000e+00 -0.000000000000000000e+00 0.000000000000000000e+00
0.000000000000000000e+00 0.000000000000000000e+00 -0.000000000000000000e+00 -0.000000000000000000e+00 0.000000000000000000e+00
0.000000000000000000e+00 0.000000000000000000e+00 -0.000000000000000000e+00 -0.000000000000000000e+00 0.000000000000000000e+00
0.000000000000000000e+00 0.000000000000000000e+00 -0.000000000000000000e+00 -0.000000000000000000e+00 0.000000000000000000e+00
0.000000000000000000e+00 0.000000000000000000e+00 -0.000000000000000000e+00 -0.000000000000000000e+00 0.000000000000000000e+00
0.000000000000000000e+00 0.000000000000000000e+00 -0.000000000000000000e+00 -0.000000000000000000e+00 0.000000000000000000e+00
0.000000000000000000e+00 0.000000000000000000e+00 -0.000000000000000000e+00 -0.000000000000000000e+00 0.000000000000000000e+00
0.000000000000000000e+00 0.000000000000000000e+00 -0.000000000000000000e+00 -0.000000000000000000e+00 0.000000000000000000e+00
0.000000000000000000e+00 0.000000000000000000e+00 -0.000000000000000000e+00 -0.000000000000000000e+00 0.000000000000000000e+00
0.000000000000000000e+00 0.000000000000000000e+00 -0.000000000000000000e+00 -0.000000000000000000e+00 0.000000000000000000e+00
0.000000000000000000e+00 0.000000000000000000e+00 -0.000000000000000000e+00 -0.000000000000000000e+00 0.000000000000000000e+00
0.000000000000000000e+00 0.000000000000000000e+00 -0.000000000000000000e+00 -0.000000000000000000e+00 0.000000000000000000e+00
0.000000000000000000e+00 0.000000000000000000e+00 -0.000000000000000000e+00 -0.000000000000000000e+00 0.000000000000000000e+00
0.000000000000000000e+00 0.000000000000000000e+00 -0.000000000000000000e+00 -0.000000000000000000e+00 0.000000000000000000e+00
0.000000000000000000e+00 0.000000000000000000e+00 -0.000000000000000000e+00 -0.000000000000000000e+00 0.000000000000000000e+00
0.000000000000000000e+00 0.000000000000000000e+00 -0.000000000000000000e+00 -0.000000000000000000e+00 0.000000000000000000e+00
0.000000000000000000e+00 0.000000000000000000e+00 -0.000000000000000000e+00 -0.000000000000000000e+00 0.000000000000000000e+00
0.000000000000000000e+00 0.000000000000000000e+00 -0.000000000000000000e+00 -0.000000000000000000e+00 0.000000000000000000e+00
