0.000000000000000000e+00 0.000000000000000000e+00 0.000000000000000000e+00 0.000000000000000000e+00 -0.000000000000000000e+00
0.000000000000000000e+00 0.000000000000000000e+00 0.000000000000000000e+00 0.000000000000000000e+00 -0.000000000000000000e+00
0.000000000000000000e+00 0.000000000000000000e+00 0.000000000000000000e+00 0.000000000000000000e+00 -0.000000000000000000e+00
0.000000000000000000e+00 0.000000000000000000e+00 0.000000000000000000e+00 0.000000000000000000e+00 -0.000000000000000000e+00
0.000000000000000000e+00 0.000000000000000000e+00 0.000000000000000000e+00 0.000000000000000000e+00 -0.000000000000000000e+00
0.000000000000000000e+00 0.000000000000000000e+00 0.000000000000000000e+00 0.000000000000000000e+00 -0.000000000000000000e+00
0.000000000000000000e+00 0.000000000000000000e+00 0.000000000000000000e+00 0.000000000000000000e+00 -0.000000000000000000e+00
0.000000000000000000e+00 0.000000000000000000e+00 0.000000000000000000e+00 0.000000000000000000e+00 -0.000000000000000000e+00
0.000000000000000000e+00 0.000000000000000000e+00 0.000000000000000000e+00 0.000000000000000000e+00 -0.000000000000000000e+00
0.000000000000000000e+00 0.000000000000000000e+00 0.000000000000000000e+00 0.000000000000000000e+00 -0.000000000000000000e+00
0.000000000000000000e+00 0.000000000000000000e+00 0.000000000000000000e+00 0.000000000000000000e+00 -0.000000000000000000e+00
0.000000000000000000e+00 0.000000000000000000e+00 0.000000000000000000e+00 0.000000000000000000e+00 -0.000000000000000000e+00
0.000000000000000000e+00 0.000000000000000000e+00 0.000000000000000000e+00 0.000000000000000000e+00 -0.000000000000000000e+00
0.000000000000000000e+00 0.000000000000000000e+00 0.000000000000000000e+00 0.000000000000000000e+00 -0.000000000000000000e+00
0.000000000000000000e+00 0.000000000000000000e+00 0.000000000000000000e+00 0.000000000000000000e+00 -0.000000000000000000e+00
0.000000000000000000e+00 0.000000000000000000e+00 0.000000000000000000e+00 0.000000000000000000e+00 -0.000000000000000000e+00
0.000000000000000000e+00 0.000000000000000000e+00 0.000000000000000000e+00 0.000000000000000000e+00 -0.000000000000000000e+00
0.000000000000000000e+00 0.000000000000000000e+00 0.000000000000000000e+00 0.000000000000000000e+00 -0.000000000000000000e+00
0.000000000000000000e+00 0.000000000000000000e+00 0.000000000000000000e+00 0.000000000000000000e+00 -0.000000000000000000e+00
0.000000000000000000e+00 0.000000000000000000e+00 0.000000000000000000e+00 0.000000000000000000e+00 -0.000000000000000000e+00
0.000000000000000000e+00 0.000000000000000000e+00 0.000000000000000000e+00 0.000000000000000000e+00 -0.000000000000000000e+00
0.000000000000000000e+00 0.000000000000000000e+00 0.000000000000000000e+00 0.000000000000000000e+00 -0.000000000000000000e+00
0.000000000000000000e+00 0.000000000000000000e+00 0.000000000000000000e+00 0.000000000000000000e+00 -0.000000000000000000e+00
0.000000000000000000e+00 0.000000000000000000e+00 0.000000000000000000e+00 0.000000000000000000e+00 -0.000000000000000000e+00
0.000000000000000000e+00 0.000000000000000000e+00 0.000000000000000000e+00 0.000000000000000000e+00 -0.000000000000000000e+00
0.000000000000000000e+00 0.000000000000000000e+00 0.000000000000000000e+00 0.000000000000000000e+00 -0.000000000000000000e+00
0.000000000000000000e+00 0.000000000000000000e+00 0.000000000000000000e+00 0.000000000000000000e+00 -0.000000000000000000e+00
0.000000000000000000e+00 0.000000000000000000e+00 0.000000000000000000e+00 0.000000000000000000e+00 -0.000000000000000000e+00
0.000000000000000000e+00 0.000000000000000000e+00 0.000000000000000000e+00 0.000000000000000000e+00 -0.000000000000000000e+00
0.000000000000000000e+00 0.000000000000000000e+00 0.000000000000000000e+00 0.000000000000000000e+00 -0.000000000000000000e+00
0.000000000000000000e+00 0.000000000000000000e+00 0.000000000000000000e+00 0.000000000000000000e+00 -0.000000000000000000e+00
0.000000000000000000e+00 0.000000000000000000e+00 0.000000000000000000e+00 0.000000000000000000e+00 -0.000000000000000000e+00
0.000000000000000000e+00 0.000000000000000000e+00 0.000000000000000000e+00 0.000000000000000000e+00 -0.000000000000000000e+00
0.000000000000000000e+00 0.000000000000000000e+00 0.000000000000000000e+00 0.000000000000000000e+00 -0.000000000000000000e+00
0.000000000000000000e+00 0.000000000000000000e+00 0.000000000000000000e+00 0.000000000000000000e+00 -0.000000000000000000e+00
0.000000000000000000e+00 0.000000000000000000e+00 0.000000000000000000e+00 0.000000000000000000e+00 -0.000000000000000000e+00
0.000000000000000000e+00 0.000000000000000000e+00 0.000000000000000000e+00 0.000000000000000000e+00 -0.000000000000000000e+00
0.000000000000000000e+00 0.000000000000000000e+00 0.000000000000000000e+00 0.000000000000000000e+00 -0.000000000000000000e+00
0.000000000000000000e+00 0.000000000000000000e+00 0.000000000000000000e+00 0.000000000000000000e+00 -0.000000000000000000e+00
0.000000000000000000e+00 0.000000000000000000e+00 0.000000000000000000e+00 0.000000000000000000e+00 -0.000000000000000000e+00
0.000000000000000000e+00 0.000000000000000000e+00 0.000000000000000000e+00 0.000000000000000000e+00 -0.000000000000000000e+00
0.000000000000000000e+00 0.000000000000000000e+00 0.000000000000000000e+00 0.000000000000000000e+00 -0.000000000000000000e+00
0.000000000000000000e+00 0.000000000000000000e+00 0.000000000000000000e+00 0.000000000000000000e+00 -0.000000000000000000e+00
0.000000000000000000e+00 0.000000000000000000e+00 0.000000000000000000e+00 0.000000000000000000e+00 -0.000000000000000000e+00
0.000000000000000000e+00 0.000000000000000000e+00 0.000000000000000000e+00 0.000000000000000000e+00 -0.000000000000000000e+00
0.000000000000000000e+00 0.000000000000000000e+00 0.000000000000000000e+00 0.000000000000000000e+00 -0.000000000000000000e+00
0.000000000000000000e+00 0.000000000000000000e+00 0.000000000000000000e+00 0.000000000000000000e+00 -0.000000000000000000e+00
0.000000000000000000e+00 0.000000000000000000e+00 0.000000000000000000e+00 0.000000000000000000e+00 -0.000000000000000000e+00
0.000000000000000000e+00 0.000000000000000000e+00 0.000000000000000000e+00 0.000000000000000000e+00 -0.000000000000000000e+00
0.000000000000000000e+00 0.000000000000000000e+00 0.000000000000000000e+00 0.000000000000000000e+00 -0.000000000000000000e+00
0.000000000000000000e+00 0.000000000000000000e+00 0.000000000000000000e+00 0.000000000000000000e+00 -0.000000000000000000e+00
0.000000000000000000e+00 0.000000000000000000e+00 0.000000000000000000e+00 0.000000000000000000e+00 -0.000000000000000000e+00
0.000000000000000000e+00 0.000000000000000000e+00 0.000000000000000000e+00 0.000000000000000000e+00 -0.000000000000000000e+00
0.000000000000000000e+00 0.000000000000000000e+00 0.000000000000000000e+00 0.000000000000000000e+00 -0.000000000000000000e+00
0.000000000000000000e+00 0.000000000000000000e+00 0.000000000000000000e+00 0.000000000000000000e+00 -0.000000000000000000e+00
0.000000000000000000e+00 0.000000000000000000e+00 0.000000000000000000e+00 0.000000000000000000e+00 -0.000000000000000000e+00
0.000000000000000000e+00 0.000000000000000000e+00 0.000000000000000000e+00 0.000000000000000000e+00 -0.000000000000000000e+00
0.000000000000000000e+00 0.000000000000000000e+00 0.000000000000000000e+00 0.000000000000000000e+00 -0.000000000000000000e+00
0.000000000000000000e+00 0.000000000000000000e+00 0.000000000000000000e+00 0.000000000000000000e+00 -0.000000000000000000e+00
0.000000000000000000e+00 0.000000000000000000e+00 0.000000000000000000e+00 0.000000000000000000e+00 -0.000000000000000000e+00
0.000000000000000000e+00 0.000000000000000000e+00 0.000000000000000000e+00 0.000000000000000000e+00 -0.000000000000000000e+00
0.000000000000000000e+00 0.000000000000000000e+00 0.000000000000000000e+00 0.000000000000000000e+00 -0.000000000000000000e+00
0.000000000000000000e+00 0.000000000000000000e+00 0.000000000000000000e+00 0.000000000000000000e+00 -0.000000000000000000e+00
0.000000000000000000e+00 0.000000000000000000e+00 0.000000000000000000e+00 0.000000000000000000e+00 -0.000000000000000000e+00
0.000000000000000000e+00 0.000000000000000000e+00 0.000000000000000000e+00 0.000000000000000000e+00 -0.000000000000000000e+00
0.000000000000000000e+00 0.000000000000000000e+00 0.000000000000000000e+00 0.000000000000000000e+00 -0.000000000000000000e+00
0.000000000000000000e+00 0.000000000000000000e+00 0.000000000000000000e+00 0.000000000000000000e+00 -0.000000000000000000e+00
0.000000000000000000e+00 0.000000000000000000e+00 0.000000000000000000e+00 0.000000000000000000e+00 -0.000000000000000000e+00
0.000000000000000000e+00 0.000000000000000000e+00 0.000000000000000000e+00 0.000000000000000000e+00 -0.000000000000000000e+00
0.000000000000000000e+00 0.000000000000000000e+00 0.000000000000000000e+00 0.000000000000000000e+00 -0.000000000000000000e+00
0.000000000000000000e+00 0.000000000000000000e+00 0.000000000000000000e+00 0.000000000000000000e+00 -0.000000000000000000e+00
0.000000000000000000e+00 0.000000000000000000e+00 0.000000000000000000e+00 0.000000000000000000e+00 -0.000000000000000000e+00
0.000000000000000000e+00 0.000000000000000000e+00 0.000000000000000000e+00 0.000000000000000000e+00 -0.000000000000000000e+00
0.000000000000000000e+00 0.000000000000000000e+00 0.000000000000000000e+00 0.000000000000000000e+00 -0.000000000000000000e+00
0.000000000000000000e+00 0.000000000000000000e+00 0.000000000000000000e+00 0.000000000000000000e+00 -0.000000000000000000e+00
0.000000000000000000e+00 0.000000000000000000e+00 0.000000000000000000e+00 0.000000000000000000e+00 -0.000000000000000000e+00
0.000000000000000000e+00 0.000000000000000000e+00 0.000000000000000000e+00 0.000000000000000000e+00 -0.000000000000000000e+00
0.000000000000000000e+00 0.000000000000000000e+00 0.000000000000000000e+00 0.000000000000000000e+00 -0.000000000000000000e+00
0.000000000000000000e+00 0.000000000000000000e+00 0.000000000000000000e+00 0.000000000000000000e+00 -0.000000000000000000e+00
0.000000000000000000e+00 0.000000000000000000e+00 0.000000000000000000e+00 0.000000000000000000e+00 -0.000000000000000000e+00
0.000000000000000000e+00 0.000000000000000000e+00 0.000000000000000000e+00 0.000000000000000000e+00 -0.000000000000000000e+00
0.000000000000000000e+00 0.000000000000000000e+00 0.000000000000000000e+00 0.000000000000000000e+00 -0.000000000000000000e+00
0.000000000000000000e+00 0.000000000000000000e+00 0.000000000000000000e+00 0.000000000000000000e+00 -0.000000000000000000e+00
0.000000000000000000e+00 0.000000000000000000e+00 0.000000000000000000e+00 0.000000000000000000e+00 -0.000000000000000000e+00
0.000000000000000000e+00 0.000000000000000000e+00 0.000000000000000000e+00 0.000000000000000000e+00 -0.000000000000000000e+00
0.000000000000000000e+00 0.000000000000000000e+00 0.000000000000000000e+00 0.000000000000000000e+00 -0.000000000000000000e+00
0.000000000000000000e+00 0.000000000000000000e+00 0.000000000000000000e+00 0.000000000000000000e+00 -0.000000000000000000e+00
0.000000000000000000e+00 0.000000000000000000e+00 0.000000000000000000e+00 0.000000000000000000e+00 -0.000000000000000000e+00
0.000000000000000000e+00 0.000000000000000000e+00 0.000000000000000000e+00 0.000000000000000000e+00 -0.000000000000000000e+00
0.000000000000000000e+00 0.000000000000000000e+00 0.000000000000000000e+00 0.000000000000000000e+00 -0.000000000000000000e+00
0.000000000000000000e+00 0.000000000000000000e+00 0.000000000000000000e+00 0.000000000000000000e+00 -0.000000000000000000e+00
0.000000000000000000e+00 0.000000000000000000e+00 0.000000000000000000e+00 0.000000000000000000e+00 -0.000000000000000000e+00
0.000000000000000000e+00 0.000000000000000000e+00 0.000000000000000000e+00 0.000000000000000000e+00 -0.000000000000000000e+00
0.000000000000000000e+00 0.000000000000000000e+00 0.000000000000000000e+00 0.000000000000000000e+00 -0.000000000000000000e+00
0.000000000000000000e+00 0.000000000000000000e+00 0.000000000000000000e+00 0.000000000000000000e+00 -0.000000000000000000e+00
0.000000000000000000e+00 0.000000000000000000e+00 0.000000000000000000e+00 0.000000000000000000e+00 -0.000000000000000000e+00
0.000000000000000000e+00 0.000000000000000000e+00 0.000000000000000000e+00 0.000000000000000000e+00 -0.000000000000000000e+00
1.796421808940785103e-04 1.000000000000000082e-05 1.666144985073375996e-03 1.000000000000000082e-05 1.409630211353087416e-03
5.361196336057651255e-04 1.000000000000000082e-05 4.972401439828357320e-03 1.000000000000000082e-05 4.206865162006872064e-03
2.600160437841875834e-03 7.117863289185258303e-04 1.000000000000000082e-05 1.000000000000000082e-05 3.480549289986721584e-02
6.123979491382656667e-03 1.079189655744899499e-03 1.000000000000000082e-05 1.000000000000000082e-05 5.460906410629889213e-02
6.365047031377738494e-03 1.000000000000000082e-05 1.000000000000000082e-05 1.000000000000000082e-05 3.245150488765414371e-02
5.953053930414761762e-04 1.000000000000000082e-05 1.000000000000000082e-05 7.259731400425867764e-04 3.182132602866454951e-03
0.000000000000000000e+00 0.000000000000000000e+00 0.000000000000000000e+00 0.000000000000000000e+00 -0.000000000000000000e+00
0.000000000000000000e+00 0.000000000000000000e+00 0.000000000000000000e+00 0.000000000000000000e+00 -0.000000000000000000e+00
0.000000000000000000e+00 0.000000000000000000e+00 0.000000000000000000e+00 0.000000000000000000e+00 -0.000000000000000000e+00
0.000000000000000000e+00 0.000000000000000000e+00 0.000000000000000000e+00 0.000000000000000000e+00 -0.000000000000000000e+00
0.000000000000000000e+00 0.000000000000000000e+00 0.000000000000000000e+00 0.000000000000000000e+00 -0.000000000000000000e+00
0.000000000000000000e+00 0.000000000000000000e+00 0.000000000000000000e+00 0.000000000000000000e+00 -0.000000000000000000e+00
0.000000000000000000e+00 0.000000000000000000e+00 0.000000000000000000e+00 0.000000000000000000e+00 -0.000000000000000000e+00
0.000000000000000000e+00 0.000000000000000000e+00 0.000000000000000000e+00 0.000000000000000000e+00 -0.000000000000000000e+00
0.000000000000000000e+00 0.000000000000000000e+00 0.000000000000000000e+00 0.000000000000000000e+00 -0.000000000000000000e+00
0.000000000000000000e+00 0.000000000000000000e+00 0.000000000000000000e+00 0.000000000000000000e+00 -0.000000000000000000e+00
0.000000000000000000e+00 0.000000000000000000e+00 0.000000000000000000e+00 0.000000000000000000e+00 -0.000000000000000000e+00
0.000000000000000000e+00 0.000000000000000000e+00 0.000000000000000000e+00 0.000000000000000000e+00 -0.000000000000000000e+00
0.000000000000000000e+00 0.000000000000000000e+00 0.000000000000000000e+00 0.000000000000000000e+00 -0.000000000000000000e+00
0.000000000000000000e+00 0.000000000000000000e+00 0.000000000000000000e+00 0.000000000000000000e+00 -0.000000000000000000e+00
0.000000000000000000e+00 0.000000000000000000e+00 0.000000000000000000e+00 0.000000000000000000e+00 -0.000000000000000000e+00
0.000000000000000000e+00 0.000000000000000000e+00 0.000000000000000000e+00 0.000000000000000000e+00 -0.000000000000000000e+00
1.000000000000000082e-05 1.000000000000000082e-05 9.226789994666405445e-05 1.000000000000000082e-05 1.895768527302887918e-02
1.000000000000000082e-05 1.000000000000000082e-05 2.746326904294792907e-04 1.000000000000000082e-05 5.642699263619186528e-02
1.000000000000000082e-05 1.000000000000000082e-05 1.432866210936419677e-04 1.000000000000000082e-05 2.944017007105663095e-02
1.000000000000000082e-05 1.000000000000000082e-05 9.769542347293781308e-06 1.000000000000000082e-05 2.007284323026587054e-03
1.000000000000000082e-05 1.000000000000000082e-05 1.595209944665510263e-02 2.328752673736067980e-04 1.440939680499491197e-03
1.000000000000000082e-05 1.000000000000000082e-05 7.806242826099811516e-02 1.643997729002638110e-03 5.443148169719178898e-03
1.000000000000000082e-05 1.000000000000000082e-05 9.336741308611708201e-02 1.000000000000000082e-05 2.684107000857862205e-03
3.744440356717063101e-02 1.829979971569308536e-03 6.885157003983746749e-02 1.000000000000000082e-05 1.000000000000000082e-05
7.859693430035916140e-02 5.516294816783210223e-04 5.410259747453367157e-03 1.000000000000000082e-05 2.018563176499154482e-02
7.259918807867066226e-02 1.000000000000000082e-05 1.000000000000000082e-05 1.158985717590535827e-02 6.086189065823565530e-02
2.874030026620916223e-02 1.000000000000000082e-05 1.000000000000000082e-05 6.444586930781451284e-02 7.943860901827275167e-02
1.000000000000000082e-05 1.000000000000000082e-05 1.000000000000000082e-05 8.234881250042792866e-02 2.661437361793950879e-02
1.000000000000000082e-05 1.955285770800956231e-03 1.149991115774499743e-03 4.574647831861068659e-02 3.039227386931791716e-02
1.000000000000000082e-05 2.468553094383904231e-02 1.375312995451495601e-03 1.296791139161306873e-02 1.000000000000000082e-05
5.380877923013790455e-04 5.918323060579338407e-02 1.000000000000000082e-05 1.000000000000000082e-05 1.000000000000000082e-05
4.104193902048503938e-04 4.132289800756223236e-02 1.000000000000000082e-05 1.000000000000000082e-05 1.000000000000000082e-05
1.000000000000000082e-05 1.360823761901525531e-03 1.000000000000000082e-05 1.000000000000000082e-05 1.000000000000000082e-05
0.000000000000000000e+00 0.000000000000000000e+00 0.000000000000000000e+00 0.000000000000000000e+00 -0.000000000000000000e+00
0.000000000000000000e+00 0.000000000000000000e+00 0.000000000000000000e+00 0.000000000000000000e+00 -0.000000000000000000e+00
0.000000000000000000e+00 0.000000000000000000e+00 0.000000000000000000e+00 0.000000000000000000e+00 -0.000000000000000000e+00
0.000000000000000000e+00 0.000000000000000000e+00 0.000000000000000000e+00 0.000000000000000000e+00 -0.000000000000000000e+00
0.000000000000000000e+00 0.000000000000000000e+00 0.000000000000000000e+00 0.000000000000000000e+00 -0.000000000000000000e+00
0.000000000000000000e+00 0.000000000000000000e+00 0.000000000000000000e+00 0.000000000000000000e+00 -0.000000000000000000e+00
0.000000000000000000e+00 0.000000000000000000e+00 0.000000000000000000e+00 0.000000000000000000e+00 -0.000000000000000000e+00
0.000000000000000000e+00 0.000000000000000000e+00 0.000000000000000000e+00 0.000000000000000000e+00 -0.000000000000000000e+00
0.000000000000000000e+00 0.000000000000000000e+00 0.000000000000000000e+00 0.000000000000000000e+00 -0.000000000000000000e+00
0.000000000000000000e+00 0.000000000000000000e+00 0.000000000000000000e+00 0.000000000000000000e+00 -0.000000000000000000e+00
1.000000000000000082e-05 1.000000000000000082e-05 8.901138583089874352e-05 1.000000000000000082e-05 1.828859049868669651e-02
1.000000000000000082e-05 1.000000000000000082e-05 2.616066339664251486e-04 1.000000000000000082e-05 5.375061353882306520e-02
1.000000000000000082e-05 1.000000000000000082e-05 2.724616810189714597e-04 1.000000000000000082e-05 5.598092945329705833e-02
1.000000000000000082e-05 1.000000000000000082e-05 2.724616810189714597e-04 1.000000000000000082e-05 5.598092945329705833e-02
1.000000000000000082e-05 1.000000000000000082e-05 4.228979477066066453e-04 1.000000000000000082e-05 2.765021694872280694e-02
1.000000000000000082e-05 1.000000000000000082e-05 2.475187116396541237e-02 8.066939271220184083e-04 9.195965666592453066e-04
1.000000000000000082e-05 1.000000000000000082e-05 1.126783020370095423e-01 2.929348006918902538e-03 1.000000000000000082e-05
4.245513776268276460e-03 1.000000000000000082e-05 1.461896953704810709e-01 1.000000000000000082e-05 1.000000000000000082e-05
6.593995791739552803e-02 4.136894040532434515e-03 9.990652225777363338e-02 1.000000000000000082e-05 1.000000000000000082e-05
1.427859634426332236e-01 4.372408471351111291e-03 8.240922587961331883e-03 1.000000000000000082e-05 1.416618797197965150e-02
1.272392817495566486e-01 1.000000000000000082e-05 1.000000000000000082e-05 3.317287108416634017e-02 6.054310903232123370e-02
4.807697787554118807e-02 1.000000000000000082e-05 1.000000000000000082e-05 1.094815914451665456e-01 1.213605676156816748e-01
1.000000000000000082e-05 1.000000000000000082e-05 1.000000000000000082e-05 1.330644601187487286e-01 4.589223369085874277e-02
1.000000000000000082e-05 5.836604889341778790e-02 3.669748556194496730e-03 9.785763008659451034e-02 3.168038962767093236e-02
1.000000000000000082e-05 1.330594188560874358e-01 2.257656399948414910e-03 2.528153502582354550e-02 1.000000000000000082e-05
1.000000000000000082e-05 1.178764966928422669e-01 1.000000000000000082e-05 1.000000000000000082e-05 1.000000000000000082e-05
2.555027340129568253e-03 7.195622019641099987e-02 1.000000000000000082e-05 1.000000000000000082e-05 1.000000000000000082e-05
1.879404929423436534e-03 2.327253876830210483e-02 1.000000000000000082e-05 1.000000000000000082e-05 1.000000000000000082e-05
3.085861503726091293e-04 3.306842711099095347e-03 1.000000000000000082e-05 1.000000000000000082e-05 1.000000000000000082e-05
0.000000000000000000e+00 0.000000000000000000e+00 0.000000000000000000e+00 0.000000000000000000e+00 -0.000000000000000000e+00
1.000000000000000082e-05 8.612737869462507500e-04 2.778428708840965412e-04 6.106045825291583169e-04 1.000000000000000082e-05
0.000000000000000000e+00 0.000000000000000000e+00 0.000000000000000000e+00 0.000000000000000000e+00 -0.000000000000000000e+00
0.000000000000000000e+00 0.000000000000000000e+00 0.000000000000000000e+00 0.000000000000000000e+00 -0.000000000000000000e+00
0.000000000000000000e+00 0.000000000000000000e+00 0.000000000000000000e+00 0.000000000000000000e+00 -0.000000000000000000e+00
0.000000000000000000e+00 0.000000000000000000e+00 0.000000000000000000e+00 0.000000000000000000e+00 -0.000000000000000000e+00
0.000000000000000000e+00 0.000000000000000000e+00 0.000000000000000000e+00 0.000000000000000000e+00 -0.000000000000000000e+00
0.000000000000000000e+00 0.000000000000000000e+00 0.000000000000000000e+00 0.000000000000000000e+00 -0.000000000000000000e+00
0.000000000000000000e+00 0.000000000000000000e+00 0.000000000000000000e+00 0.000000000000000000e+00 -0.000000000000000000e+00
1.000000000000000082e-05 1.000000000000000082e-05 1.899633234196003429e-04 1.000000000000000082e-05 3.903052850329476187e-02
1.000000000000000082e-05 1.000000000000000082e-05 2.724616810189714597e-04 1.000000000000000082e-05 5.598092945329705833e-02
1.000000000000000082e-05 1.000000000000000082e-05 2.724616810189714597e-04 1.000000000000000082e-05 5.598092945329705833e-02
1.000000000000000082e-05 1.000000000000000082e-05 2.724616810189714597e-04 1.000000000000000082e-05 5.598092945329705833e-02
1.000000000000000082e-05 1.000000000000000082e-05 2.166395276386764816e-03 1.000000000000000082e-05 5.625059936443724262e-02
1.000000000000000082e-05 1.000000000000000082e-05 3.317723236000614390e-02 1.000000000000000082e-05 3.103094518323231202e-02
1.000000000000000082e-05 1.000000000000000082e-05 1.177400786020568885e-01 1.448347409001623154e-03 1.000000000000000082e-05
1.000000000000000082e-05 1.000000000000000082e-05 1.662594485861981219e-01 1.000000000000000082e-05 1.000000000000000082e-05
9.297577926001636406e-02 5.193927688274526874e-03 1.207279096240255062e-01 1.000000000000000082e-05 1.000000000000000082e-05
1.608482079542975507e-01 4.137130214758866220e-03 1.161621288720368801e-02 1.000000000000000082e-05 3.999501241592840622e-02
1.352539806056759220e-01 1.000000000000000082e-05 1.000000000000000082e-05 6.957936072326395549e-02 8.752921917128979323e-02
4.927414321117456336e-02 1.000000000000000082e-05 1.000000000000000082e-05 1.351732706941622120e-01 1.008882120728530063e-01
1.000000000000000082e-05 1.757685363982310414e-02 1.000000000000000082e-05 1.421744433922828288e-01 5.528155389255896834e-02
1.000000000000000082e-05 1.110956172304790324e-01 3.935806664503684743e-03 9.271844279391359966e-02 2.858101562184089256e-02
1.000000000000000082e-05 1.521668480271310964e-01 1.707965141857424552e-03 2.325685106224140153e-02 1.000000000000000082e-05
2.227395742323244610e-05 1.280047297300612730e-01 1.000000000000000082e-05 1.000000000000000082e-05 1.000000000000000082e-05
1.977061500774434950e-03 5.278974453443985304e-02 1.000000000000000082e-05 1.000000000000000082e-05 1.000000000000000082e-05
1.725692241361548827e-03 1.925805936867268364e-02 1.000000000000000082e-05 1.000000000000000082e-05 1.000000000000000082e-05
2.057241002484062398e-04 2.204561807399398055e-03 1.000000000000000082e-05 1.000000000000000082e-05 1.000000000000000082e-05
0.000000000000000000e+00 0.000000000000000000e+00 0.000000000000000000e+00 0.000000000000000000e+00 -0.000000000000000000e+00
0.000000000000000000e+00 0.000000000000000000e+00 0.000000000000000000e+00 0.000000000000000000e+00 -0.000000000000000000e+00
0.000000000000000000e+00 0.000000000000000000e+00 0.000000000000000000e+00 0.000000000000000000e+00 -0.000000000000000000e+00
0.000000000000000000e+00 0.000000000000000000e+00 0.000000000000000000e+00 0.000000000000000000e+00 -0.000000000000000000e+00
0.000000000000000000e+00 0.000000000000000000e+00 0.000000000000000000e+00 0.000000000000000000e+00 -0.000000000000000000e+00
0.000000000000000000e+00 0.000000000000000000e+00 0.000000000000000000e+00 0.000000000000000000e+00 -0.000000000000000000e+00
0.000000000000000000e+00 0.000000000000000000e+00 0.000000000000000000e+00 0.000000000000000000e+00 -0.000000000000000000e+00
0.000000000000000000e+00 0.000000000000000000e+00 0.000000000000000000e+00 0.000000000000000000e+00 -0.000000000000000000e+00
0.000000000000000000e+00 0.000000000000000000e+00 0.000000000000000000e+00 0.000000000000000000e+00 -0.000000000000000000e+00
1.000000000000000082e-05 1.000000000000000082e-05 1.411156116831324155e-05 1.000000000000000082e-05 2.899410688816182746e-03
1.000000000000000082e-05 1.000000000000000082e-05 2.214429598719938445e-04 1.000000000000000082e-05 4.549844465526931003e-02
1.000000000000000082e-05 1.000000000000000082e-05 2.724616810189714597e-04 1.000000000000000082e-05 5.598092945329705833e-02
1.000000000000000082e-05 1.000000000000000082e-05 2.172908304618294869e-03 1.000000000000000082e-05 5.758878891312164267e-02
1.000000000000000082e-05 1.000000000000000082e-05 6.416371313477053050e-03 1.000000000000000082e-05 6.117894085766153317e-02
1.000000000000000082e-05 1.000000000000000082e-05 3.113234219263736474e-02 1.000000000000000082e-05 6.002582902239474855e-02
1.000000000000000082e-05 1.000000000000000082e-05 1.231814558140940791e-01 1.068554810572088605e-03 2.326991310994218701e-02
6.826059872636193113e-03 1.000000000000000082e-05 1.654203959167518390e-01 1.000000000000000082e-05 5.795689961323424212e-03
1.053972142827219183e-01 8.666994840728274238e-03 1.193108095640313254e-01 1.000000000000000082e-05 2.595500086503114978e-02
1.674241329189150862e-01 1.000000000000000082e-05 1.257517466855227403e-02 1.686514956152509320e-02 3.180580908697676346e-02
1.271929180524049852e-01 1.000000000000000082e-05 1.000000000000000082e-05 1.057386774908839339e-01 7.206243072838754149e-02
3.288204089030471317e-02 1.000000000000000082e-05 1.000000000000000082e-05 1.526841798702367470e-01 4.468870588400474658e-02
1.000000000000000082e-05 6.665408216775055295e-02 1.000000000000000082e-05 1.317252162706411822e-01 5.533627920546421719e-02
1.000000000000000082e-05 1.457356677458632177e-01 9.226578734049360611e-04 7.181224116722234596e-02 3.279904041167557710e-02
1.000000000000000082e-05 1.650316782218145539e-01 1.000000000000000082e-05 2.988391477447038033e-03 2.206798540104389084e-02
2.919854657542946246e-03 1.119244946156523202e-01 1.000000000000000082e-05 1.000000000000000082e-05 3.226850783679232476e-02
2.228480479079364852e-03 3.535581176272177550e-02 1.000000000000000082e-05 1.000000000000000082e-05 9.848747431678234535e-03
9.473361974861027861e-04 1.047432115975805919e-02 1.000000000000000082e-05 1.000000000000000082e-05 1.000000000000000082e-05
0.000000000000000000e+00 0.000000000000000000e+00 0.000000000000000000e+00 0.000000000000000000e+00 -0.000000000000000000e+00
0.000000000000000000e+00 0.000000000000000000e+00 0.000000000000000000e+00 0.000000000000000000e+00 -0.000000000000000000e+00
0.000000000000000000e+00 0.000000000000000000e+00 0.000000000000000000e+00 0.000000000000000000e+00 -0.000000000000000000e+00
0.000000000000000000e+00 0.000000000000000000e+00 0.000000000000000000e+00 0.000000000000000000e+00 -0.000000000000000000e+00
0.000000000000000000e+00 0.000000000000000000e+00 0.000000000000000000e+00 0.000000000000000000e+00 -0.000000000000000000e+00
0.000000000000000000e+00 0.000000000000000000e+00 0.000000000000000000e+00 0.000000000000000000e+00 -0.000000000000000000e+00
0.000000000000000000e+00 0.000000000000000000e+00 0.000000000000000000e+00 0.000000000000000000e+00 -0.000000000000000000e+00
0.000000000000000000e+00 0.000000000000000000e+00 0.000000000000000000e+00 0.000000000000000000e+00 -0.000000000000000000e+00
0.000000000000000000e+00 0.000000000000000000e+00 0.000000000000000000e+00 0.000000000000000000e+00 -0.000000000000000000e+00
0.000000000000000000e+00 0.000000000000000000e+00 0.000000000000000000e+00 0.000000000000000000e+00 -0.000000000000000000e+00
0.000000000000000000e+00 0.000000000000000000e+00 0.000000000000000000e+00 0.000000000000000000e+00 -0.000000000000000000e+00
1.000000000000000082e-05 1.000000000000000082e-05 4.233468350493983985e-05 1.000000000000000082e-05 8.698232066448544769e-03
1.000000000000000082e-05 1.000000000000000082e-05 2.724616810189714597e-04 1.000000000000000082e-05 5.598092945329705833e-02
1.000000000000000082e-05 1.000000000000000082e-05 5.010561482321386137e-03 1.000000000000000082e-05 5.998956536683239943e-02
1.000000000000000082e-05 1.000000000000000082e-05 6.810182502994112201e-03 1.000000000000000082e-05 6.202726972368860503e-02
1.000000000000000082e-05 1.000000000000000082e-05 2.525570140853197060e-02 1.000000000000000082e-05 7.998994836555901877e-02
1.000000000000000082e-05 1.000000000000000082e-05 1.138158348968935363e-01 1.000000000000000082e-05 7.386013491790366370e-02
1.106717116461711052e-02 2.108541852304605924e-04 1.617765673262023529e-01 1.000000000000000082e-05 5.813030324952798977e-02
1.226510090926362651e-01 7.228874231864644605e-04 1.235206633045370372e-01 1.000000000000000082e-05 3.044063252623362831e-02
1.705259228258600435e-01 1.000000000000000082e-05 2.402809945168581790e-02 5.294554618767503829e-02 1.687825097697149418e-02
1.120211797977643114e-01 1.000000000000000082e-05 1.000000000000000082e-05 1.342630577342037168e-01 4.097887400629714183e-02
1.287440355985636047e-02 4.622121788995021269e-02 1.000000000000000082e-05 1.516600573610639713e-01 4.567368300145776411e-02
1.000000000000000082e-05 1.241498633513066635e-01 1.000000000000000082e-05 1.068606212118156512e-01 5.943490970605124629e-02
1.000000000000000082e-05 1.666935596932103969e-01 1.000000000000000082e-05 2.902879381043791535e-02 3.255743926868612942e-02
1.255637704579780790e-03 1.245941613249464119e-01 1.000000000000000082e-05 1.000000000000000082e-05 3.049468749194561915e-02
2.674013473239903252e-03 5.090869612423736673e-02 1.000000000000000082e-05 1.000000000000000082e-05 2.722360609431588932e-02
1.126899372131059040e-03 1.384788824547369956e-02 1.000000000000000082e-05 1.000000000000000082e-05 1.575791634463406116e-02
0.000000000000000000e+00 0.000000000000000000e+00 0.000000000000000000e+00 0.000000000000000000e+00 -0.000000000000000000e+00
0.000000000000000000e+00 0.000000000000000000e+00 0.000000000000000000e+00 0.000000000000000000e+00 -0.000000000000000000e+00
0.000000000000000000e+00 0.000000000000000000e+00 0.000000000000000000e+00 0.000000000000000000e+00 -0.000000000000000000e+00
0.000000000000000000e+00 0.000000000000000000e+00 0.000000000000000000e+00 0.000000000000000000e+00 -0.000000000000000000e+00
0.000000000000000000e+00 0.000000000000000000e+00 0.000000000000000000e+00 0.000000000000000000e+00 -0.000000000000000000e+00
0.000000000000000000e+00 0.000000000000000000e+00 0.000000000000000000e+00 0.000000000000000000e+00 -0.000000000000000000e+00
0.000000000000000000e+00 0.000000000000000000e+00 0.000000000000000000e+00 0.000000000000000000e+00 -0.000000000000000000e+00
0.000000000000000000e+00 0.000000000000000000e+00 0.000000000000000000e+00 0.000000000000000000e+00 -0.000000000000000000e+00
0.000000000000000000e+00 0.000000000000000000e+00 0.000000000000000000e+00 0.000000000000000000e+00 -0.000000000000000000e+00
0.000000000000000000e+00 0.000000000000000000e+00 0.000000000000000000e+00 0.000000000000000000e+00 -0.000000000000000000e+00
0.000000000000000000e+00 0.000000000000000000e+00 0.000000000000000000e+00 0.000000000000000000e+00 -0.000000000000000000e+00
0.000000000000000000e+00 0.000000000000000000e+00 0.000000000000000000e+00 0.000000000000000000e+00 -0.000000000000000000e+00
1.000000000000000082e-05 1.000000000000000082e-05 1.628257057882303774e-05 1.000000000000000082e-05 3.345473871710979291e-03
1.000000000000000082e-05 1.000000000000000082e-05 1.682532293145036549e-04 1.000000000000000082e-05 3.456989667434677560e-02
1.000000000000000082e-05 3.544243818014488891e-05 3.195555911731964762e-03 1.000000000000000082e-05 6.635292391010870483e-02
1.000000000000000082e-05 4.722580198660474883e-03 3.250806736551353510e-03 1.000000000000000082e-05 9.662166612664374599e-02
1.000000000000000082e-05 3.753049905534405328e-03 1.788895643287380724e-02 1.000000000000000082e-05 1.032146415380581078e-01
1.000000000000000082e-05 1.000000000000000082e-05 1.001778381904192688e-01 1.000000000000000082e-05 1.276275463650412556e-01
1.277245627443644380e-02 1.000000000000000082e-05 1.656433879918415564e-01 1.000000000000000082e-05 1.001533469900796336e-01
1.316106310764525444e-01 1.000000000000000082e-05 1.335625202277527512e-01 9.227724413221482722e-03 1.000000000000000082e-05
1.618328626729440556e-01 1.000000000000000082e-05 3.496536362458345371e-02 8.991426127702074889e-02 1.000000000000000082e-05
9.689877291196713482e-02 2.764418731896689171e-02 1.000000000000000082e-05 1.469726261895664687e-01 2.927930119587716234e-02
1.000000000000000082e-05 9.700435358215132864e-02 1.000000000000000082e-05 1.324440974054398035e-01 6.200222165702823363e-02
1.000000000000000082e-05 1.536932547303213048e-01 1.000000000000000082e-05 7.238191487581978334e-02 5.990493500614409855e-02
1.000000000000000082e-05 1.463671494353359914e-01 1.000000000000000082e-05 3.607601461189711631e-03 3.291443074645954148e-02
4.502071445336447257e-03 7.666445310667754920e-02 1.000000000000000082e-05 1.000000000000000082e-05 2.070785343741759349e-02
6.810230359660389594e-04 7.638643020231507090e-03 1.000000000000000082e-05 1.000000000000000082e-05 8.575706983862019413e-04
2.938915717834372435e-05 3.149374010570565397e-04 1.000000000000000082e-05 1.000000000000000082e-05 1.000000000000000082e-05
0.000000000000000000e+00 0.000000000000000000e+00 0.000000000000000000e+00 0.000000000000000000e+00 -0.000000000000000000e+00
0.000000000000000000e+00 0.000000000000000000e+00 0.000000000000000000e+00 0.000000000000000000e+00 -0.000000000000000000e+00
0.000000000000000000e+00 0.000000000000000000e+00 0.000000000000000000e+00 0.000000000000000000e+00 -0.000000000000000000e+00
0.000000000000000000e+00 0.000000000000000000e+00 0.000000000000000000e+00 0.000000000000000000e+00 -0.000000000000000000e+00
0.000000000000000000e+00 0.000000000000000000e+00 0.000000000000000000e+00 0.000000000000000000e+00 -0.000000000000000000e+00
0.000000000000000000e+00 0.000000000000000000e+00 0.000000000000000000e+00 0.000000000000000000e+00 -0.000000000000000000e+00
0.000000000000000000e+00 0.000000000000000000e+00 0.000000000000000000e+00 0.000000000000000000e+00 -0.000000000000000000e+00
0.000000000000000000e+00 0.000000000000000000e+00 0.000000000000000000e+00 0.000000000000000000e+00 -0.000000000000000000e+00
0.000000000000000000e+00 0.000000000000000000e+00 0.000000000000000000e+00 0.000000000000000000e+00 -0.000000000000000000e+00
0.000000000000000000e+00 0.000000000000000000e+00 0.000000000000000000e+00 0.000000000000000000e+00 -0.000000000000000000e+00
0.000000000000000000e+00 0.000000000000000000e+00 0.000000000000000000e+00 0.000000000000000000e+00 -0.000000000000000000e+00
0.000000000000000000e+00 0.000000000000000000e+00 0.000000000000000000e+00 0.000000000000000000e+00 -0.000000000000000000e+00
4.562252976066262562e-06 5.753743338315018272e-05 1.000000000000000082e-05 1.000000000000000082e-05 3.159305607575814477e-04
1.000000000000000082e-05 4.122796717947490273e-03 1.000000000000000082e-05 1.000000000000000082e-05 2.625043952663563135e-02
1.000000000000000082e-05 6.595031503371619024e-03 1.000000000000000082e-05 1.000000000000000082e-05 7.438957863965318940e-02
1.000000000000000082e-05 6.381715554153523894e-03 1.000000000000000082e-05 1.000000000000000082e-05 9.622793288905377718e-02
1.000000000000000082e-05 2.440543949290968195e-03 1.425241468897477104e-02 1.000000000000000082e-05 1.127652691569890342e-01
1.000000000000000082e-05 1.000000000000000082e-05 8.992917251778467791e-02 1.000000000000000082e-05 1.312967171226237240e-01
2.397322466219975814e-02 1.000000000000000082e-05 1.623599034883536907e-01 1.000000000000000082e-05 8.350287639114209459e-02
1.399291055508969372e-01 1.000000000000000082e-05 1.348482213257627405e-01 4.917710467820269465e-02 5.692119446406082063e-03
1.478758070926586010e-01 2.603008163865106264e-02 4.720826687306199643e-02 1.210014254540632966e-01 1.000000000000000082e-05
8.529318669146959686e-02 7.887894496416521239e-02 1.000000000000000082e-05 1.404001278029148037e-01 3.829155937506432961e-02
1.000000000000000082e-05 1.429629838536067010e-01 1.000000000000000082e-05 1.040977198695074574e-01 8.094254957343244294e-02
1.000000000000000082e-05 1.527982300108232383e-01 1.000000000000000082e-05 3.396393926965558113e-02 5.440134738362320532e-02
3.453827310443868988e-03 8.810152128243117775e-02 1.000000000000000082e-05 1.000000000000000082e-05 2.993316062796870167e-02
1.641014181965881049e-03 1.964268284196699771e-02 1.000000000000000082e-05 1.000000000000000082e-05 2.533120177257449203e-04
0.000000000000000000e+00 0.000000000000000000e+00 0.000000000000000000e+00 0.000000000000000000e+00 -0.000000000000000000e+00
0.000000000000000000e+00 0.000000000000000000e+00 0.000000000000000000e+00 0.000000000000000000e+00 -0.000000000000000000e+00
0.000000000000000000e+00 0.000000000000000000e+00 0.000000000000000000e+00 0.000000000000000000e+00 -0.000000000000000000e+00
0.000000000000000000e+00 0.000000000000000000e+00 0.000000000000000000e+00 0.000000000000000000e+00 -0.000000000000000000e+00
0.000000000000000000e+00 0.000000000000000000e+00 0.000000000000000000e+00 0.000000000000000000e+00 -0.000000000000000000e+00
0.000000000000000000e+00 0.000000000000000000e+00 0.000000000000000000e+00 0.000000000000000000e+00 -0.000000000000000000e+00
0.000000000000000000e+00 0.000000000000000000e+00 0.000000000000000000e+00 0.000000000000000000e+00 -0.000000000000000000e+00
0.000000000000000000e+00 0.000000000000000000e+00 0.000000000000000000e+00 0.000000000000000000e+00 -0.000000000000000000e+00
0.000000000000000000e+00 0.000000000000000000e+00 0.000000000000000000e+00 0.000000000000000000e+00 -0.000000000000000000e+00
0.000000000000000000e+00 0.000000000000000000e+00 0.000000000000000000e+00 0.000000000000000000e+00 -0.000000000000000000e+00
0.000000000000000000e+00 0.000000000000000000e+00 0.000000000000000000e+00 0.000000000000000000e+00 -0.000000000000000000e+00
0.000000000000000000e+00 0.000000000000000000e+00 0.000000000000000000e+00 0.000000000000000000e+00 -0.000000000000000000e+00
0.000000000000000000e+00 0.000000000000000000e+00 0.000000000000000000e+00 0.000000000000000000e+00 -0.000000000000000000e+00
7.894682554807819403e-05 2.434556436485095510e-04 1.000000000000000082e-05 1.000000000000000082e-05 2.981385190796556096e-03
6.493442084911779308e-04 4.491008309123854444e-03 1.000000000000000082e-05 1.000000000000000082e-05 3.274550179145459261e-02
1.112363338689430778e-03 7.885808011569055836e-03 1.000000000000000082e-05 1.000000000000000082e-05 5.673086153582396207e-02
1.400595299593901041e-03 8.198699445356567861e-03 1.000000000000000082e-05 1.000000000000000082e-05 6.571256619847076763e-02
1.000000000000000082e-05 5.624287835111580966e-03 1.000000000000000082e-05 1.000000000000000082e-05 1.149042953078618229e-01
1.000000000000000082e-05 1.000000000000000082e-05 1.047322363764325963e-02 1.000000000000000082e-05 1.144204593758448713e-01
1.000000000000000082e-05 1.000000000000000082e-05 7.264018598781325775e-02 1.000000000000000082e-05 1.115472366042149777e-01
4.298275331759947304e-02 1.000000000000000082e-05 1.625314241984174846e-01 2.240540628351912755e-02 3.172306308082206705e-02
1.403630444998647531e-01 1.000000000000000082e-05 1.435832939719737245e-01 8.880854936782911491e-02 1.000000000000000082e-05
1.374685607310288382e-01 6.633929144134921574e-02 4.904894427671729201e-02 1.303345098861339590e-01 1.843975470739177974e-02
5.748688819606892486e-02 1.215232490280839101e-01 1.000000000000000082e-05 1.227633203087378500e-01 8.399304553006865792e-02
1.000000000000000082e-05 1.509296571897668915e-01 1.000000000000000082e-05 7.670736206078761221e-02 9.151730900349620834e-02
1.000000000000000082e-05 1.025468018581970342e-01 1.000000000000000082e-05 5.009154379674514088e-03 5.648026945256873904e-02
2.356014394191776468e-03 3.309446139149644500e-02 1.000000000000000082e-05 1.000000000000000082e-05 1.207996907576537431e-02
0.000000000000000000e+00 0.000000000000000000e+00 0.000000000000000000e+00 0.000000000000000000e+00 -0.000000000000000000e+00
0.000000000000000000e+00 0.000000000000000000e+00 0.000000000000000000e+00 0.000000000000000000e+00 -0.000000000000000000e+00
0.000000000000000000e+00 0.000000000000000000e+00 0.000000000000000000e+00 0.000000000000000000e+00 -0.000000000000000000e+00
0.000000000000000000e+00 0.000000000000000000e+00 0.000000000000000000e+00 0.000000000000000000e+00 -0.000000000000000000e+00
0.000000000000000000e+00 0.000000000000000000e+00 0.000000000000000000e+00 0.000000000000000000e+00 -0.000000000000000000e+00
0.000000000000000000e+00 0.000000000000000000e+00 0.000000000000000000e+00 0.000000000000000000e+00 -0.000000000000000000e+00
0.000000000000000000e+00 0.000000000000000000e+00 0.000000000000000000e+00 0.000000000000000000e+00 -0.000000000000000000e+00
0.000000000000000000e+00 0.000000000000000000e+00 0.000000000000000000e+00 0.000000000000000000e+00 -0.000000000000000000e+00
0.000000000000000000e+00 0.000000000000000000e+00 0.000000000000000000e+00 0.000000000000000000e+00 -0.000000000000000000e+00
0.000000000000000000e+00 0.000000000000000000e+00 0.000000000000000000e+00 0.000000000000000000e+00 -0.000000000000000000e+00
0.000000000000000000e+00 0.000000000000000000e+00 0.000000000000000000e+00 0.000000000000000000e+00 -0.000000000000000000e+00
0.000000000000000000e+00 0.000000000000000000e+00 0.000000000000000000e+00 0.000000000000000000e+00 -0.000000000000000000e+00
0.000000000000000000e+00 0.000000000000000000e+00 0.000000000000000000e+00 0.000000000000000000e+00 -0.000000000000000000e+00
1.368675892819878091e-05 1.726123001494505617e-04 1.000000000000000082e-05 1.000000000000000082e-05 9.477916822727445057e-04
5.468918555852922631e-04 4.327205860492115697e-03 1.000000000000000082e-05 1.000000000000000082e-05 2.937918096791129752e-02
1.754087327118246213e-03 8.582434222643134727e-03 1.000000000000000082e-05 1.000000000000000082e-05 7.672786436964143530e-02
1.789659718145379620e-03 6.649117725188691611e-03 1.000000000000000082e-05 1.000000000000000082e-05 7.132018111822419071e-02
1.598045093150593553e-03 4.232545523096382066e-03 1.000000000000000082e-05 1.000000000000000082e-05 5.805109756640579322e-02
1.000000000000000082e-05 1.172389787851350808e-03 1.000000000000000082e-05 1.000000000000000082e-05 6.544470863404754091e-02
1.000000000000000082e-05 1.000000000000000082e-05 7.630857131155834895e-03 1.000000000000000082e-05 7.975026657105874217e-02
1.000000000000000082e-05 1.000000000000000082e-05 7.072304466988893479e-02 5.136658298276994793e-03 5.783391733293449799e-02
5.817035389943078783e-02 1.000000000000000082e-05 1.588529477697971093e-01 5.410146462644366966e-02 1.000000000000000082e-05
1.335776476015912706e-01 5.342294881880563923e-02 1.430025989049716062e-01 1.130488065345849336e-01 1.000000000000000082e-05
1.323369053768736758e-01 1.179311481517760912e-01 4.785420377650859841e-02 1.193530362873129469e-01 7.008915997762212025e-02
3.701776723590056301e-02 1.358824556547023332e-01 1.000000000000000082e-05 1.069934624662967765e-01 1.474342112635314284e-01
1.000000000000000082e-05 1.099242936122840492e-01 1.000000000000000082e-05 4.288336048434562842e-02 1.056527663868567363e-01
1.501985019293938361e-03 3.622902972290175522e-02 1.000000000000000082e-05 1.000000000000000082e-05 3.797634308773898543e-02
2.938915717834372435e-05 3.149374010570565397e-04 1.000000000000000082e-05 1.000000000000000082e-05 1.000000000000000082e-05
0.000000000000000000e+00 0.000000000000000000e+00 0.000000000000000000e+00 0.000000000000000000e+00 -0.000000000000000000e+00
0.000000000000000000e+00 0.000000000000000000e+00 0.000000000000000000e+00 0.000000000000000000e+00 -0.000000000000000000e+00
0.000000000000000000e+00 0.000000000000000000e+00 0.000000000000000000e+00 0.000000000000000000e+00 -0.000000000000000000e+00
0.000000000000000000e+00 0.000000000000000000e+00 0.000000000000000000e+00 0.000000000000000000e+00 -0.000000000000000000e+00
0.000000000000000000e+00 0.000000000000000000e+00 0.000000000000000000e+00 0.000000000000000000e+00 -0.000000000000000000e+00
0.000000000000000000e+00 0.000000000000000000e+00 0.000000000000000000e+00 0.000000000000000000e+00 -0.000000000000000000e+00
0.000000000000000000e+00 0.000000000000000000e+00 0.000000000000000000e+00 0.000000000000000000e+00 -0.000000000000000000e+00
0.000000000000000000e+00 0.000000000000000000e+00 0.000000000000000000e+00 0.000000000000000000e+00 -0.000000000000000000e+00
0.000000000000000000e+00 0.000000000000000000e+00 0.000000000000000000e+00 0.000000000000000000e+00 -0.000000000000000000e+00
0.000000000000000000e+00 0.000000000000000000e+00 0.000000000000000000e+00 0.000000000000000000e+00 -0.000000000000000000e+00
0.000000000000000000e+00 0.000000000000000000e+00 0.000000000000000000e+00 0.000000000000000000e+00 -0.000000000000000000e+00
0.000000000000000000e+00 0.000000000000000000e+00 0.000000000000000000e+00 0.000000000000000000e+00 -0.000000000000000000e+00
0.000000000000000000e+00 0.000000000000000000e+00 0.000000000000000000e+00 0.000000000000000000e+00 -0.000000000000000000e+00
1.459920952341204020e-04 1.841197868260805847e-03 1.000000000000000082e-05 1.000000000000000082e-05 1.010977794424260633e-02
5.794061279604171937e-04 7.307254039660074710e-03 1.000000000000000082e-05 1.000000000000000082e-05 4.012318121621281930e-02
4.418277605767954429e-04 5.133388138116577216e-03 1.000000000000000082e-05 1.000000000000000082e-05 2.914611750701815926e-02
2.712226817720216499e-04 6.625209598452674962e-04 1.000000000000000082e-05 1.000000000000000082e-05 9.668023456557043455e-03
2.392869109395575223e-04 2.597589261632163933e-04 1.000000000000000082e-05 1.000000000000000082e-05 7.456509531253976628e-03
4.986380017063280368e-05 1.608859579706807975e-04 1.000000000000000082e-05 1.000000000000000082e-05 6.199141728546523483e-03
1.000000000000000082e-05 1.000000000000000082e-05 1.046929389291976001e-02 4.820734014319067763e-04 1.000951756137797265e-02
1.031613349809195083e-03 1.019202396100014419e-03 6.941343616425640906e-02 2.672535573857945726e-02 2.094751451535678544e-02
7.772127797580093145e-02 3.956991572755812203e-02 1.497160231494754634e-01 9.633530711832652416e-02 1.000000000000000082e-05
1.384648068345081251e-01 1.075043395079267189e-01 1.367208377327769897e-01 1.180981853086517236e-01 1.000000000000000082e-05
1.299507339583729215e-01 1.249531489672359580e-01 5.341658208853403145e-02 1.122465346493721206e-01 8.171196085189988412e-02
2.524652081266382658e-02 1.257071029280927565e-01 1.000000000000000082e-05 7.450704582486168681e-02 1.932053126116683728e-01
4.379460839358375289e-03 4.596159068101922374e-02 1.000000000000000082e-05 1.308038066040552103e-02 1.032605150579596065e-01
7.405432691360094594e-04 2.305288780807866669e-03 1.000000000000000082e-05 1.172297617263897427e-03 1.259415834361739261e-02
0.000000000000000000e+00 0.000000000000000000e+00 0.000000000000000000e+00 0.000000000000000000e+00 -0.000000000000000000e+00
0.000000000000000000e+00 0.000000000000000000e+00 0.000000000000000000e+00 0.000000000000000000e+00 -0.000000000000000000e+00
0.000000000000000000e+00 0.000000000000000000e+00 0.000000000000000000e+00 0.000000000000000000e+00 -0.000000000000000000e+00
0.000000000000000000e+00 0.000000000000000000e+00 0.000000000000000000e+00 0.000000000000000000e+00 -0.000000000000000000e+00
0.000000000000000000e+00 0.000000000000000000e+00 0.000000000000000000e+00 0.000000000000000000e+00 -0.000000000000000000e+00
0.000000000000000000e+00 0.000000000000000000e+00 0.000000000000000000e+00 0.000000000000000000e+00 -0.000000000000000000e+00
0.000000000000000000e+00 0.000000000000000000e+00 0.000000000000000000e+00 0.000000000000000000e+00 -0.000000000000000000e+00
0.000000000000000000e+00 0.000000000000000000e+00 0.000000000000000000e+00 0.000000000000000000e+00 -0.000000000000000000e+00
0.000000000000000000e+00 0.000000000000000000e+00 0.000000000000000000e+00 0.000000000000000000e+00 -0.000000000000000000e+00
0.000000000000000000e+00 0.000000000000000000e+00 0.000000000000000000e+00 0.000000000000000000e+00 -0.000000000000000000e+00
0.000000000000000000e+00 0.000000000000000000e+00 0.000000000000000000e+00 0.000000000000000000e+00 -0.000000000000000000e+00
0.000000000000000000e+00 0.000000000000000000e+00 0.000000000000000000e+00 0.000000000000000000e+00 -0.000000000000000000e+00
0.000000000000000000e+00 0.000000000000000000e+00 0.000000000000000000e+00 0.000000000000000000e+00 -0.000000000000000000e+00
0.000000000000000000e+00 0.000000000000000000e+00 0.000000000000000000e+00 0.000000000000000000e+00 -0.000000000000000000e+00
2.463616607075790423e-04 3.107021402690109731e-03 1.000000000000000082e-05 1.000000000000000082e-05 1.706025028090939200e-02
2.212692693392140570e-04 2.790565519082784628e-03 1.000000000000000082e-05 1.000000000000000082e-05 1.532263219674269428e-02
3.421689732049708018e-05 4.315307503736263094e-04 1.000000000000000082e-05 1.000000000000000082e-05 2.369479205681859855e-03
0.000000000000000000e+00 0.000000000000000000e+00 0.000000000000000000e+00 0.000000000000000000e+00 -0.000000000000000000e+00
0.000000000000000000e+00 0.000000000000000000e+00 0.000000000000000000e+00 0.000000000000000000e+00 -0.000000000000000000e+00
0.000000000000000000e+00 0.000000000000000000e+00 0.000000000000000000e+00 0.000000000000000000e+00 -0.000000000000000000e+00
1.000000000000000082e-05 2.444955159317751658e-03 1.129386552620452629e-02 4.244053278145167724e-03 1.000000000000000082e-05
1.000000000000000082e-05 3.690601462796381377e-02 7.382169705669734683e-02 5.541725627137073645e-02 1.000000000000000082e-05
8.733438841984848822e-02 1.025460692195944296e-01 1.418503999760120371e-01 1.156838851549382846e-01 1.000000000000000082e-05
1.390294510078278756e-01 1.133496935491593305e-01 1.355072625623964244e-01 1.207190537696704591e-01 1.000000000000000082e-05
1.137645198915493011e-01 1.188946226161944619e-01 6.101961917248173439e-02 9.800192785974341791e-02 1.121497481481411457e-01
1.888762889264641517e-02 5.709980106739919598e-02 1.000000000000000082e-05 3.875501479526062554e-02 2.145341327988667945e-01
1.000000000000000082e-05 1.000000000000000082e-05 1.000000000000000082e-05 5.249595769576262221e-03 1.265734126269219828e-01
2.480439137672817672e-04 1.000000000000000082e-05 1.000000000000000082e-05 3.024888083510776518e-04 1.325888584527690466e-03
0.000000000000000000e+00 0.000000000000000000e+00 0.000000000000000000e+00 0.000000000000000000e+00 -0.000000000000000000e+00
0.000000000000000000e+00 0.000000000000000000e+00 0.000000000000000000e+00 0.000000000000000000e+00 -0.000000000000000000e+00
0.000000000000000000e+00 0.000000000000000000e+00 0.000000000000000000e+00 0.000000000000000000e+00 -0.000000000000000000e+00
0.000000000000000000e+00 0.000000000000000000e+00 0.000000000000000000e+00 0.000000000000000000e+00 -0.000000000000000000e+00
0.000000000000000000e+00 0.000000000000000000e+00 0.000000000000000000e+00 0.000000000000000000e+00 -0.000000000000000000e+00
0.000000000000000000e+00 0.000000000000000000e+00 0.000000000000000000e+00 0.000000000000000000e+00 -0.000000000000000000e+00
0.000000000000000000e+00 0.000000000000000000e+00 0.000000000000000000e+00 0.000000000000000000e+00 -0.000000000000000000e+00
0.000000000000000000e+00 0.000000000000000000e+00 0.000000000000000000e+00 0.000000000000000000e+00 -0.000000000000000000e+00
0.000000000000000000e+00 0.000000000000000000e+00 0.000000000000000000e+00 0.000000000000000000e+00 -0.000000000000000000e+00
0.000000000000000000e+00 0.000000000000000000e+00 0.000000000000000000e+00 0.000000000000000000e+00 -0.000000000000000000e+00
0.000000000000000000e+00 0.000000000000000000e+00 0.000000000000000000e+00 0.000000000000000000e+00 -0.000000000000000000e+00
0.000000000000000000e+00 0.000000000000000000e+00 0.000000000000000000e+00 0.000000000000000000e+00 -0.000000000000000000e+00
0.000000000000000000e+00 0.000000000000000000e+00 0.000000000000000000e+00 0.000000000000000000e+00 -0.000000000000000000e+00
0.000000000000000000e+00 0.000000000000000000e+00 0.000000000000000000e+00 0.000000000000000000e+00 -0.000000000000000000e+00
0.000000000000000000e+00 0.000000000000000000e+00 0.000000000000000000e+00 0.000000000000000000e+00 -0.000000000000000000e+00
1.000000000000000082e-05 2.095638251240345134e-04 1.000000000000000082e-05 3.695924271249922434e-05 1.000000000000000082e-05
1.000000000000000082e-05 1.646572911688843786e-03 1.000000000000000082e-05 2.903940498839225389e-04 1.000000000000000082e-05
0.000000000000000000e+00 0.000000000000000000e+00 0.000000000000000000e+00 0.000000000000000000e+00 -0.000000000000000000e+00
0.000000000000000000e+00 0.000000000000000000e+00 0.000000000000000000e+00 0.000000000000000000e+00 -0.000000000000000000e+00
1.000000000000000082e-05 1.883306799532984480e-03 2.023431725070029964e-04 8.908365773502263229e-04 1.000000000000000082e-05
1.000000000000000082e-05 3.446831900908062934e-02 1.419079652443493503e-02 1.890238726874833922e-02 1.000000000000000082e-05
9.151603550539842355e-03 1.026924609571974456e-01 7.371945262895021611e-02 9.148365628068752531e-02 1.000000000000000082e-05
1.084729731557230181e-01 1.102970166967954802e-01 1.343933863070654877e-01 1.254159876410853025e-01 1.000000000000000082e-05
1.346896894956516599e-01 1.085198246369557945e-01 1.332737415099717326e-01 1.168955315322678379e-01 2.319632788799396578e-02
9.101561771439385662e-02 6.249233580745673644e-02 6.653320223186180715e-02 7.201327696473415474e-02 1.490694634084582249e-01
9.555814103737377344e-03 2.133463036378300919e-03 1.000000000000000082e-05 1.647498488066193381e-02 1.996455281707022467e-01
1.000000000000000082e-05 1.000000000000000082e-05 1.000000000000000082e-05 5.351647661218477932e-04 8.479978154417945613e-02
1.000000000000000082e-05 1.000000000000000082e-05 7.815633877835025047e-05 1.000000000000000082e-05 1.605827458421269643e-02
0.000000000000000000e+00 0.000000000000000000e+00 0.000000000000000000e+00 0.000000000000000000e+00 -0.000000000000000000e+00
0.000000000000000000e+00 0.000000000000000000e+00 0.000000000000000000e+00 0.000000000000000000e+00 -0.000000000000000000e+00
0.000000000000000000e+00 0.000000000000000000e+00 0.000000000000000000e+00 0.000000000000000000e+00 -0.000000000000000000e+00
0.000000000000000000e+00 0.000000000000000000e+00 0.000000000000000000e+00 0.000000000000000000e+00 -0.000000000000000000e+00
0.000000000000000000e+00 0.000000000000000000e+00 0.000000000000000000e+00 0.000000000000000000e+00 -0.000000000000000000e+00
0.000000000000000000e+00 0.000000000000000000e+00 0.000000000000000000e+00 0.000000000000000000e+00 -0.000000000000000000e+00
0.000000000000000000e+00 0.000000000000000000e+00 0.000000000000000000e+00 0.000000000000000000e+00 -0.000000000000000000e+00
0.000000000000000000e+00 0.000000000000000000e+00 0.000000000000000000e+00 0.000000000000000000e+00 -0.000000000000000000e+00
0.000000000000000000e+00 0.000000000000000000e+00 0.000000000000000000e+00 0.000000000000000000e+00 -0.000000000000000000e+00
0.000000000000000000e+00 0.000000000000000000e+00 0.000000000000000000e+00 0.000000000000000000e+00 -0.000000000000000000e+00
0.000000000000000000e+00 0.000000000000000000e+00 0.000000000000000000e+00 0.000000000000000000e+00 -0.000000000000000000e+00
0.000000000000000000e+00 0.000000000000000000e+00 0.000000000000000000e+00 0.000000000000000000e+00 -0.000000000000000000e+00
0.000000000000000000e+00 0.000000000000000000e+00 0.000000000000000000e+00 0.000000000000000000e+00 -0.000000000000000000e+00
0.000000000000000000e+00 0.000000000000000000e+00 0.000000000000000000e+00 0.000000000000000000e+00 -0.000000000000000000e+00
1.000000000000000082e-05 4.490653395515024860e-04 1.000000000000000082e-05 7.919837724106974515e-05 1.000000000000000082e-05
1.000000000000000082e-05 7.185045432824045415e-04 1.000000000000000082e-05 1.267174035857116031e-04 1.000000000000000082e-05
1.000000000000000082e-05 6.885668539789710279e-04 1.000000000000000082e-05 1.214375117696402660e-04 1.000000000000000082e-05
0.000000000000000000e+00 0.000000000000000000e+00 0.000000000000000000e+00 0.000000000000000000e+00 -0.000000000000000000e+00
1.000000000000000082e-05 3.175899756679737354e-03 5.892138016606082284e-06 1.000000000000000082e-05 1.000000000000000082e-05
1.000000000000000082e-05 1.892637124761265693e-02 1.249202216329632414e-03 5.938807401750481781e-03 1.000000000000000082e-05
1.000000000000000082e-05 1.104397991499556364e-01 1.545627776471764775e-02 4.792748660232967750e-02 1.000000000000000082e-05
2.264599555788375518e-02 1.152137153861063495e-01 5.034183452848156604e-02 1.239190808288704732e-01 1.000000000000000082e-05
1.190052878986593010e-01 1.065725538533459915e-01 1.254547519499304153e-01 1.274774984558930957e-01 1.000000000000000082e-05
1.375233114130371137e-01 6.957578395280152039e-02 1.317566747099729874e-01 1.007182917716324538e-01 4.162163782232787546e-02
8.045044480300736489e-02 5.243882826096717131e-03 8.274732058927689038e-02 3.562387803460924374e-02 1.747436951235026570e-01
6.082074160826065820e-03 1.000000000000000082e-05 9.779709406591789028e-03 4.909693107971292193e-03 1.630516843234514346e-01
1.000000000000000082e-05 1.000000000000000082e-05 1.000000000000000082e-05 1.000000000000000082e-05 7.109181125380320543e-02
1.000000000000000082e-05 1.000000000000000082e-05 2.398965398613231480e-04 1.000000000000000082e-05 4.928998170987512056e-02
1.000000000000000082e-05 1.000000000000000082e-05 1.100823819731013226e-03 1.000000000000000082e-05 1.534431477846768914e-02
3.368290891763968680e-05 1.000000000000000082e-05 3.124021847012580671e-04 1.000000000000000082e-05 2.643056646287040125e-04
0.000000000000000000e+00 0.000000000000000000e+00 0.000000000000000000e+00 0.000000000000000000e+00 -0.000000000000000000e+00
0.000000000000000000e+00 0.000000000000000000e+00 0.000000000000000000e+00 0.000000000000000000e+00 -0.000000000000000000e+00
0.000000000000000000e+00 0.000000000000000000e+00 0.000000000000000000e+00 0.000000000000000000e+00 -0.000000000000000000e+00
0.000000000000000000e+00 0.000000000000000000e+00 0.000000000000000000e+00 0.000000000000000000e+00 -0.000000000000000000e+00
0.000000000000000000e+00 0.000000000000000000e+00 0.000000000000000000e+00 0.000000000000000000e+00 -0.000000000000000000e+00
0.000000000000000000e+00 0.000000000000000000e+00 0.000000000000000000e+00 0.000000000000000000e+00 -0.000000000000000000e+00
0.000000000000000000e+00 0.000000000000000000e+00 0.000000000000000000e+00 0.000000000000000000e+00 -0.000000000000000000e+00
0.000000000000000000e+00 0.000000000000000000e+00 0.000000000000000000e+00 0.000000000000000000e+00 -0.000000000000000000e+00
0.000000000000000000e+00 0.000000000000000000e+00 0.000000000000000000e+00 0.000000000000000000e+00 -0.000000000000000000e+00
0.000000000000000000e+00 0.000000000000000000e+00 0.000000000000000000e+00 0.000000000000000000e+00 -0.000000000000000000e+00
0.000000000000000000e+00 0.000000000000000000e+00 0.000000000000000000e+00 0.000000000000000000e+00 -0.000000000000000000e+00
0.000000000000000000e+00 0.000000000000000000e+00 0.000000000000000000e+00 0.000000000000000000e+00 -0.000000000000000000e+00
1.000000000000000082e-05 1.706448290295709946e-03 1.000000000000000082e-05 3.009538335160649963e-04 1.000000000000000082e-05
1.000000000000000082e-05 2.484828212184981081e-03 1.000000000000000082e-05 4.382310207339191652e-04 1.000000000000000082e-05
0.000000000000000000e+00 0.000000000000000000e+00 0.000000000000000000e+00 0.000000000000000000e+00 -0.000000000000000000e+00
0.000000000000000000e+00 0.000000000000000000e+00 0.000000000000000000e+00 0.000000000000000000e+00 -0.000000000000000000e+00
1.389646109817491270e-06 1.070050419668846023e-02 1.000000000000000082e-05 1.000000000000000082e-05 1.000000000000000082e-05
1.000000000000000082e-05 8.734263593428515104e-02 2.001606480814266831e-03 2.141437646781097978e-02 1.000000000000000082e-05
1.000000000000000082e-05 1.284051291288856311e-01 6.617558237231270166e-03 9.835415827111504417e-02 1.000000000000000082e-05
4.426959831034354281e-02 1.045095513179252061e-01 2.115293409088048193e-02 1.389808934526260975e-01 1.000000000000000082e-05
1.259142990751696833e-01 6.640288635713877119e-02 1.168003238206922617e-01 1.332930438654325034e-01 1.000000000000000082e-05
1.392028408582879351e-01 1.571515838317968580e-02 1.335074256082487698e-01 7.048916205572765270e-02 2.720974899699785121e-02
5.794005855274338146e-02 1.000000000000000082e-05 9.710164333555766636e-02 3.994098034741004090e-03 1.800851857218724594e-01
1.000000000000000082e-05 1.000000000000000082e-05 3.440840463334888383e-02 1.000000000000000082e-05 1.361539499064216008e-01
1.000000000000000082e-05 1.000000000000000082e-05 1.099116398817535445e-03 1.000000000000000082e-05 6.789916873426557475e-02
1.000000000000000082e-05 1.000000000000000082e-05 4.086142832417461422e-03 1.000000000000000082e-05 5.873885311439496631e-02
1.000000000000000082e-05 1.000000000000000082e-05 6.604299125121555585e-03 2.861674134836547450e-04 2.516982096303114341e-02
4.098087251646159680e-04 1.000000000000000082e-05 3.800893247198640530e-03 1.000000000000000082e-05 3.215718919649231990e-03
0.000000000000000000e+00 0.000000000000000000e+00 0.000000000000000000e+00 0.000000000000000000e+00 -0.000000000000000000e+00
0.000000000000000000e+00 0.000000000000000000e+00 0.000000000000000000e+00 0.000000000000000000e+00 -0.000000000000000000e+00
0.000000000000000000e+00 0.000000000000000000e+00 0.000000000000000000e+00 0.000000000000000000e+00 -0.000000000000000000e+00
0.000000000000000000e+00 0.000000000000000000e+00 0.000000000000000000e+00 0.000000000000000000e+00 -0.000000000000000000e+00
0.000000000000000000e+00 0.000000000000000000e+00 0.000000000000000000e+00 0.000000000000000000e+00 -0.000000000000000000e+00
0.000000000000000000e+00 0.000000000000000000e+00 0.000000000000000000e+00 0.000000000000000000e+00 -0.000000000000000000e+00
0.000000000000000000e+00 0.000000000000000000e+00 0.000000000000000000e+00 0.000000000000000000e+00 -0.000000000000000000e+00
0.000000000000000000e+00 0.000000000000000000e+00 0.000000000000000000e+00 0.000000000000000000e+00 -0.000000000000000000e+00
0.000000000000000000e+00 0.000000000000000000e+00 0.000000000000000000e+00 0.000000000000000000e+00 -0.000000000000000000e+00
0.000000000000000000e+00 0.000000000000000000e+00 0.000000000000000000e+00 0.000000000000000000e+00 -0.000000000000000000e+00
0.000000000000000000e+00 0.000000000000000000e+00 0.000000000000000000e+00 0.000000000000000000e+00 -0.000000000000000000e+00
0.000000000000000000e+00 0.000000000000000000e+00 0.000000000000000000e+00 0.000000000000000000e+00 -0.000000000000000000e+00
0.000000000000000000e+00 0.000000000000000000e+00 0.000000000000000000e+00 0.000000000000000000e+00 -0.000000000000000000e+00
0.000000000000000000e+00 0.000000000000000000e+00 0.000000000000000000e+00 0.000000000000000000e+00 -0.000000000000000000e+00
0.000000000000000000e+00 0.000000000000000000e+00 0.000000000000000000e+00 0.000000000000000000e+00 -0.000000000000000000e+00
1.502160748244607004e-04 8.274168952053972265e-03 1.000000000000000082e-05 1.000000000000000082e-05 1.000000000000000082e-05
1.000000000000000082e-05 7.555038027457271210e-02 1.000000000000000082e-05 1.000000000000000082e-05 1.000000000000000082e-05
1.000000000000000082e-05 1.472926045420716312e-01 3.496623428430591270e-03 5.163920821673647493e-02 1.000000000000000082e-05
1.000000000000000082e-05 1.233724896790274195e-01 1.000000000000000082e-05 1.232517560905573017e-01 1.000000000000000082e-05
6.272945471301298592e-02 6.851970631512642462e-02 1.611730740996666217e-02 1.470822450499766620e-01 1.000000000000000082e-05
1.441366206893002211e-01 1.809507258213565459e-03 9.772482447053548738e-02 1.172206272239108976e-01 1.000000000000000082e-05
1.405149922976920429e-01 1.000000000000000082e-05 1.386692899088525499e-01 3.002305315881929892e-02 4.315563648750062736e-02
4.697342791763590292e-02 1.000000000000000082e-05 1.109405543795230487e-01 1.000000000000000082e-05 1.338787916441938064e-01
1.000000000000000082e-05 1.000000000000000082e-05 5.871731094293291403e-02 1.000000000000000082e-05 1.148194276435909461e-01
1.000000000000000082e-05 1.000000000000000082e-05 1.138155576315194942e-02 1.000000000000000082e-05 7.761722251486843915e-02
1.000000000000000082e-05 1.000000000000000082e-05 6.634946643284529884e-03 1.000000000000000082e-05 6.458402913626642983e-02
1.000000000000000082e-05 1.000000000000000082e-05 6.557500433265233547e-03 1.000000000000000082e-05 4.419428754701116430e-02
1.046395433995770405e-03 3.031809000614003641e-04 1.685830509374484140e-03 1.000000000000000082e-05 3.476357120621299812e-02
4.241904330292155289e-04 4.604817327438833082e-04 1.000000000000000082e-05 1.000000000000000082e-05 1.321835780540477762e-02
0.000000000000000000e+00 0.000000000000000000e+00 0.000000000000000000e+00 0.000000000000000000e+00 -0.000000000000000000e+00
0.000000000000000000e+00 0.000000000000000000e+00 0.000000000000000000e+00 0.000000000000000000e+00 -0.000000000000000000e+00
0.000000000000000000e+00 0.000000000000000000e+00 0.000000000000000000e+00 0.000000000000000000e+00 -0.000000000000000000e+00
0.000000000000000000e+00 0.000000000000000000e+00 0.000000000000000000e+00 0.000000000000000000e+00 -0.000000000000000000e+00
0.000000000000000000e+00 0.000000000000000000e+00 0.000000000000000000e+00 0.000000000000000000e+00 -0.000000000000000000e+00
0.000000000000000000e+00 0.000000000000000000e+00 0.000000000000000000e+00 0.000000000000000000e+00 -0.000000000000000000e+00
0.000000000000000000e+00 0.000000000000000000e+00 0.000000000000000000e+00 0.000000000000000000e+00 -0.000000000000000000e+00
0.000000000000000000e+00 0.000000000000000000e+00 0.000000000000000000e+00 0.000000000000000000e+00 -0.000000000000000000e+00
0.000000000000000000e+00 0.000000000000000000e+00 0.000000000000000000e+00 0.000000000000000000e+00 -0.000000000000000000e+00
0.000000000000000000e+00 0.000000000000000000e+00 0.000000000000000000e+00 0.000000000000000000e+00 -0.000000000000000000e+00
0.000000000000000000e+00 0.000000000000000000e+00 0.000000000000000000e+00 0.000000000000000000e+00 -0.000000000000000000e+00
0.000000000000000000e+00 0.000000000000000000e+00 0.000000000000000000e+00 0.000000000000000000e+00 -0.000000000000000000e+00
0.000000000000000000e+00 0.000000000000000000e+00 0.000000000000000000e+00 0.000000000000000000e+00 -0.000000000000000000e+00
5.766111392971309986e-04 1.030634996875247865e-02 1.000000000000000082e-05 1.000000000000000082e-05 1.081236838028311635e-03
1.281822352433565791e-03 5.068159017444739955e-02 1.000000000000000082e-05 1.000000000000000082e-05 5.309658493612408846e-03
1.000000000000000082e-05 1.307306463500573501e-01 1.000000000000000082e-05 1.227879783283397468e-02 8.960617508555528132e-03
1.000000000000000082e-05 1.471826654981389093e-01 1.000000000000000082e-05 9.089752252408639377e-02 2.816971388797873121e-02
1.000000000000000082e-05 9.539028844694109888e-02 1.000000000000000082e-05 1.388814727866831966e-01 3.545675844174860786e-02
7.586147026686755612e-02 1.815845393639640634e-02 1.772591256292628406e-03 1.465028608384308095e-01 2.392463933338346421e-02
1.621628471910138702e-01 1.000000000000000082e-05 6.958761644984447214e-02 7.462376570683841581e-02 2.662265015308785607e-02
1.351990365509238012e-01 1.000000000000000082e-05 1.367692858181739635e-01 1.177949140417958911e-03 6.602756288764902171e-02
5.230167103088703695e-02 9.456536231024701951e-04 1.316217026873447993e-01 1.000000000000000082e-05 9.364628397579272123e-02
1.000000000000000082e-05 1.000000000000000082e-05 7.601934073749470888e-02 1.000000000000000082e-05 1.159332066342611545e-01
1.000000000000000082e-05 1.000000000000000082e-05 1.857433401951552945e-02 1.000000000000000082e-05 1.120596860986470683e-01
1.000000000000000082e-05 6.062335442972339875e-04 1.967696184767599339e-03 1.000000000000000082e-05 1.073693715164170531e-01
1.000000000000000082e-05 1.000000000000000082e-05 2.742757693842576890e-03 1.000000000000000082e-05 1.009995111549131519e-01
1.000000000000000082e-05 5.199385814538854279e-04 1.000000000000000082e-05 1.000000000000000082e-05 8.114392187499715192e-02
7.504907661286114307e-04 8.146984502391780647e-04 1.000000000000000082e-05 1.000000000000000082e-05 2.338632534802384533e-02
0.000000000000000000e+00 0.000000000000000000e+00 0.000000000000000000e+00 0.000000000000000000e+00 -0.000000000000000000e+00
0.000000000000000000e+00 0.000000000000000000e+00 0.000000000000000000e+00 0.000000000000000000e+00 -0.000000000000000000e+00
0.000000000000000000e+00 0.000000000000000000e+00 0.000000000000000000e+00 0.000000000000000000e+00 -0.000000000000000000e+00
0.000000000000000000e+00 0.000000000000000000e+00 0.000000000000000000e+00 0.000000000000000000e+00 -0.000000000000000000e+00
0.000000000000000000e+00 0.000000000000000000e+00 0.000000000000000000e+00 0.000000000000000000e+00 -0.000000000000000000e+00
0.000000000000000000e+00 0.000000000000000000e+00 0.000000000000000000e+00 0.000000000000000000e+00 -0.000000000000000000e+00
0.000000000000000000e+00 0.000000000000000000e+00 0.000000000000000000e+00 0.000000000000000000e+00 -0.000000000000000000e+00
0.000000000000000000e+00 0.000000000000000000e+00 0.000000000000000000e+00 0.000000000000000000e+00 -0.000000000000000000e+00
0.000000000000000000e+00 0.000000000000000000e+00 0.000000000000000000e+00 0.000000000000000000e+00 -0.000000000000000000e+00
0.000000000000000000e+00 0.000000000000000000e+00 0.000000000000000000e+00 0.000000000000000000e+00 -0.000000000000000000e+00
0.000000000000000000e+00 0.000000000000000000e+00 0.000000000000000000e+00 0.000000000000000000e+00 -0.000000000000000000e+00
0.000000000000000000e+00 0.000000000000000000e+00 0.000000000000000000e+00 0.000000000000000000e+00 -0.000000000000000000e+00
3.706115393399195333e-04 5.163263370676096121e-03 1.000000000000000082e-05 1.000000000000000082e-05 3.890201772808838439e-03
2.726804686463576727e-03 4.196358647791863933e-02 1.000000000000000082e-05 1.000000000000000082e-05 2.811407906629871667e-02
7.011003037410999455e-04 1.035180200471363943e-01 1.000000000000000082e-05 1.000000000000000082e-05 3.990758136022880959e-02
1.000000000000000082e-05 1.571012831121475772e-01 1.000000000000000082e-05 4.565086559884576345e-02 3.456163136519182361e-02
1.000000000000000082e-05 1.211043483162230483e-01 1.000000000000000082e-05 1.119369156133651622e-01 5.572996814059906490e-02
2.117697811979192199e-02 4.143939863177686922e-02 1.000000000000000082e-05 1.521865284463767287e-01 5.725479101098928519e-02
1.004222935633938829e-01 1.000000000000000082e-05 1.000000000000000082e-05 1.183523041889062988e-01 4.134560147978071781e-02
1.712423580427989145e-01 1.000000000000000082e-05 4.627035207436176051e-02 3.148093482452121034e-02 3.586733909412799515e-02
1.338861268383548520e-01 8.549984985581775970e-03 1.292052627659100172e-01 1.000000000000000082e-05 4.167261577989000987e-02
4.995260983442253999e-02 5.514183651706364847e-04 1.512384556039709504e-01 1.000000000000000082e-05 2.947378001157278937e-02
1.986703801899606867e-03 1.000000000000000082e-05 8.594986860937875450e-02 1.000000000000000082e-05 1.011505117829821637e-01
1.000000000000000082e-05 1.000000000000000082e-05 3.656813161797895645e-02 1.000000000000000082e-05 1.328809732254594422e-01
1.000000000000000082e-05 4.204458844934209731e-03 1.182377581804763128e-02 1.000000000000000082e-05 1.308418289453797956e-01
1.000000000000000082e-05 1.000000000000000082e-05 9.596511965967684374e-04 1.000000000000000082e-05 8.233497696793017073e-02
1.000000000000000082e-05 1.000000000000000082e-05 1.000000000000000082e-05 1.000000000000000082e-05 7.889638927545022939e-02
1.000000000000000082e-05 1.000000000000000082e-05 1.000000000000000082e-05 1.000000000000000082e-05 4.024215347402158166e-02
0.000000000000000000e+00 0.000000000000000000e+00 0.000000000000000000e+00 0.000000000000000000e+00 -0.000000000000000000e+00
0.000000000000000000e+00 0.000000000000000000e+00 0.000000000000000000e+00 0.000000000000000000e+00 -0.000000000000000000e+00
0.000000000000000000e+00 0.000000000000000000e+00 0.000000000000000000e+00 0.000000000000000000e+00 -0.000000000000000000e+00
0.000000000000000000e+00 0.000000000000000000e+00 0.000000000000000000e+00 0.000000000000000000e+00 -0.000000000000000000e+00
0.000000000000000000e+00 0.000000000000000000e+00 0.000000000000000000e+00 0.000000000000000000e+00 -0.000000000000000000e+00
0.000000000000000000e+00 0.000000000000000000e+00 0.000000000000000000e+00 0.000000000000000000e+00 -0.000000000000000000e+00
0.000000000000000000e+00 0.000000000000000000e+00 0.000000000000000000e+00 0.000000000000000000e+00 -0.000000000000000000e+00
0.000000000000000000e+00 0.000000000000000000e+00 0.000000000000000000e+00 0.000000000000000000e+00 -0.000000000000000000e+00
0.000000000000000000e+00 0.000000000000000000e+00 0.000000000000000000e+00 0.000000000000000000e+00 -0.000000000000000000e+00
0.000000000000000000e+00 0.000000000000000000e+00 0.000000000000000000e+00 0.000000000000000000e+00 -0.000000000000000000e+00
0.000000000000000000e+00 0.000000000000000000e+00 0.000000000000000000e+00 0.000000000000000000e+00 -0.000000000000000000e+00
0.000000000000000000e+00 0.000000000000000000e+00 0.000000000000000000e+00 0.000000000000000000e+00 -0.000000000000000000e+00
2.537163220024033113e-03 2.453544654816199044e-02 1.000000000000000082e-05 1.000000000000000082e-05 4.043882864673768729e-02
6.876980128644579783e-03 8.944988104969185672e-02 1.000000000000000082e-05 1.000000000000000082e-05 7.850958660023120428e-02
1.000000000000000082e-05 1.406374556965919731e-01 1.000000000000000082e-05 8.637725300569514333e-03 6.116510106045387751e-02
1.000000000000000082e-05 1.450980964787655092e-01 1.000000000000000082e-05 8.093174539565875514e-02 6.477996758416419698e-02
1.000000000000000082e-05 6.724310107608021114e-02 3.028332437570083581e-04 1.356980266204469154e-01 6.746462663975499874e-02
3.594119809362255474e-02 1.000000000000000082e-05 1.000000000000000082e-05 1.477300082118107039e-01 4.745058194381721745e-02
1.105920323291403051e-01 1.000000000000000082e-05 1.000000000000000082e-05 9.342004174809145911e-02 2.744685384481126283e-02
1.728940800046638582e-01 1.000000000000000082e-05 2.556537734493904979e-02 9.157521042786959803e-03 2.583175497241716172e-03
1.340625961039884906e-01 1.422578101590079268e-02 1.119644794230164608e-01 1.000000000000000082e-05 1.000000000000000082e-05
5.198904711935714573e-02 6.442586038605331751e-03 1.533929465016008742e-01 1.000000000000000082e-05 1.775432194982047573e-02
2.754175260796735535e-03 1.000000000000000082e-05 1.039038109841763646e-01 1.000000000000000082e-05 6.444424367629347783e-02
1.000000000000000082e-05 1.000000000000000082e-05 4.597357954528904361e-02 1.000000000000000082e-05 1.067851041297491616e-01
1.000000000000000082e-05 7.993610592489283065e-04 1.944960475540283978e-02 1.000000000000000082e-05 9.358475030848482923e-02
1.000000000000000082e-05 1.000000000000000082e-05 9.902986426174242504e-03 1.000000000000000082e-05 6.456096327118661382e-02
1.000000000000000082e-05 1.000000000000000082e-05 2.123354104425723317e-03 1.000000000000000082e-05 5.782085090225425744e-02
1.000000000000000082e-05 1.000000000000000082e-05 1.877923140090922136e-04 1.000000000000000082e-05 3.858446532039995491e-02
0.000000000000000000e+00 0.000000000000000000e+00 0.000000000000000000e+00 0.000000000000000000e+00 -0.000000000000000000e+00
0.000000000000000000e+00 0.000000000000000000e+00 0.000000000000000000e+00 0.000000000000000000e+00 -0.000000000000000000e+00
0.000000000000000000e+00 0.000000000000000000e+00 0.000000000000000000e+00 0.000000000000000000e+00 -0.000000000000000000e+00
0.000000000000000000e+00 0.000000000000000000e+00 0.000000000000000000e+00 0.000000000000000000e+00 -0.000000000000000000e+00
4.074225857715494011e-03 1.000000000000000082e-05 1.000000000000000082e-05 7.010219965338947059e-05 2.780217453344318874e-03
0.000000000000000000e+00 0.000000000000000000e+00 0.000000000000000000e+00 0.000000000000000000e+00 -0.000000000000000000e+00
0.000000000000000000e+00 0.000000000000000000e+00 0.000000000000000000e+00 0.000000000000000000e+00 -0.000000000000000000e+00
0.000000000000000000e+00 0.000000000000000000e+00 0.000000000000000000e+00 0.000000000000000000e+00 -0.000000000000000000e+00
0.000000000000000000e+00 0.000000000000000000e+00 0.000000000000000000e+00 0.000000000000000000e+00 -0.000000000000000000e+00
0.000000000000000000e+00 0.000000000000000000e+00 0.000000000000000000e+00 0.000000000000000000e+00 -0.000000000000000000e+00
0.000000000000000000e+00 0.000000000000000000e+00 0.000000000000000000e+00 0.000000000000000000e+00 -0.000000000000000000e+00
5.007261378061546742e-04 5.894487438190079177e-03 1.000000000000000082e-05 1.000000000000000082e-05 1.000000000000000082e-05
3.919090377773035150e-03 4.915139289839288300e-02 1.000000000000000082e-05 1.000000000000000082e-05 3.133671789521516593e-02
4.021993368365647629e-03 1.093042111041580278e-01 1.000000000000000082e-05 1.000000000000000082e-05 7.193823346420102904e-02
1.000000000000000082e-05 1.496577338727330675e-01 1.000000000000000082e-05 3.087846568690645263e-02 7.441140908199030124e-02
1.000000000000000082e-05 1.061256562775704931e-01 1.000000000000000082e-05 1.044552894736229948e-01 7.498716485775890062e-02
1.000000000000000082e-05 3.687895871295579497e-02 1.000000000000000082e-05 1.430204884112792341e-01 6.328888738963239780e-02
5.599344028082012259e-02 1.000000000000000082e-05 1.000000000000000082e-05 1.260272760516577550e-01 6.161929934864174979e-02
1.098386428269729209e-01 1.000000000000000082e-05 1.000000000000000082e-05 5.883381613191476789e-02 4.980031015220876683e-02
1.640236525562763781e-01 7.404081857313681708e-03 2.270023387156773487e-02 1.000000000000000082e-05 1.000000000000000082e-05
1.424989794848222913e-01 1.771016639305581647e-02 8.003404484711727773e-02 1.000000000000000082e-05 1.000000000000000082e-05
4.333529187850217179e-02 9.287170796738922207e-03 1.396904198253878515e-01 1.000000000000000082e-05 1.968062231206251650e-03
2.146546158692179233e-03 1.000000000000000082e-05 1.090526248109386920e-01 1.000000000000000082e-05 2.523350764051501480e-02
1.000000000000000082e-05 1.000000000000000082e-05 5.976877346923263612e-02 1.000000000000000082e-05 7.592411861119488514e-02
1.000000000000000082e-05 1.000000000000000082e-05 3.894901352097809855e-02 2.619586050155619703e-04 6.595911089461480026e-02
1.000000000000000082e-05 1.000000000000000082e-05 2.960102401589575008e-02 1.000000000000000082e-05 6.512758724895477414e-02
1.000000000000000082e-05 1.000000000000000082e-05 4.899692739535846386e-03 1.000000000000000082e-05 6.058073307569007693e-02
1.000000000000000082e-05 1.000000000000000082e-05 1.877923140090922136e-04 1.000000000000000082e-05 3.858446532039995491e-02
0.000000000000000000e+00 0.000000000000000000e+00 0.000000000000000000e+00 0.000000000000000000e+00 -0.000000000000000000e+00
0.000000000000000000e+00 0.000000000000000000e+00 0.000000000000000000e+00 0.000000000000000000e+00 -0.000000000000000000e+00
0.000000000000000000e+00 0.000000000000000000e+00 0.000000000000000000e+00 0.000000000000000000e+00 -0.000000000000000000e+00
0.000000000000000000e+00 0.000000000000000000e+00 0.000000000000000000e+00 0.000000000000000000e+00 -0.000000000000000000e+00
0.000000000000000000e+00 0.000000000000000000e+00 0.000000000000000000e+00 0.000000000000000000e+00 -0.000000000000000000e+00
0.000000000000000000e+00 0.000000000000000000e+00 0.000000000000000000e+00 0.000000000000000000e+00 -0.000000000000000000e+00
0.000000000000000000e+00 0.000000000000000000e+00 0.000000000000000000e+00 0.000000000000000000e+00 -0.000000000000000000e+00
0.000000000000000000e+00 0.000000000000000000e+00 0.000000000000000000e+00 0.000000000000000000e+00 -0.000000000000000000e+00
0.000000000000000000e+00 0.000000000000000000e+00 0.000000000000000000e+00 0.000000000000000000e+00 -0.000000000000000000e+00
0.000000000000000000e+00 0.000000000000000000e+00 0.000000000000000000e+00 0.000000000000000000e+00 -0.000000000000000000e+00
0.000000000000000000e+00 0.000000000000000000e+00 0.000000000000000000e+00 0.000000000000000000e+00 -0.000000000000000000e+00
1.258607400922816342e-03 1.454467713562940419e-02 1.000000000000000082e-05 1.000000000000000082e-05 1.000000000000000082e-05
3.956832254347868692e-03 4.755477090630708115e-02 1.000000000000000082e-05 1.000000000000000082e-05 9.448310560536724804e-04
6.839187648979429919e-04 1.093737101539586226e-01 1.000000000000000082e-05 1.000000000000000082e-05 8.665039421594706442e-03
1.000000000000000082e-05 1.181364953246258204e-01 8.709279903280235169e-05 3.563474771186746909e-02 1.317419520116307544e-02
1.000000000000000082e-05 7.939997990626333768e-02 2.252825150986374411e-03 1.025498466637849992e-01 4.563166848608170290e-02
1.000000000000000082e-05 7.967169448385916578e-03 7.306246252996574338e-05 1.244040515457432716e-01 4.305894870833668064e-02
4.143201148933980255e-02 1.000000000000000082e-05 1.000000000000000082e-05 8.817254416095021696e-02 2.342298679590277405e-02
8.718933909389722792e-02 1.000000000000000082e-05 1.000000000000000082e-05 2.436590871828074600e-02 1.037970151522808054e-02
1.182387679368272354e-01 6.828975667704468254e-03 1.000000000000000082e-05 1.000000000000000082e-05 1.000000000000000082e-05
9.566691311039543510e-02 1.648103421350869888e-02 5.858751961534378050e-02 1.000000000000000082e-05 1.000000000000000082e-05
3.351243627920412471e-02 2.960614518383691308e-03 9.422077331871860084e-02 1.000000000000000082e-05 1.000000000000000082e-05
1.000000000000000082e-05 1.000000000000000082e-05 7.711349442944416543e-02 1.000000000000000082e-05 1.764864719473335179e-03
1.000000000000000082e-05 1.000000000000000082e-05 5.637500149896493284e-02 1.381654224295594206e-03 2.657496123683947276e-02
1.000000000000000082e-05 1.000000000000000082e-05 3.627365903918502305e-02 1.002007944985261771e-03 3.763000746296275151e-02
1.000000000000000082e-05 1.000000000000000082e-05 8.600509437367846038e-03 1.000000000000000082e-05 5.817043065581349592e-02
1.000000000000000082e-05 1.000000000000000082e-05 1.197907892722347659e-03 1.000000000000000082e-05 5.690089017777564401e-02
1.000000000000000082e-05 1.000000000000000082e-05 1.877923140090922136e-04 1.000000000000000082e-05 3.858446532039995491e-02
0.000000000000000000e+00 0.000000000000000000e+00 0.000000000000000000e+00 0.000000000000000000e+00 -0.000000000000000000e+00
0.000000000000000000e+00 0.000000000000000000e+00 0.000000000000000000e+00 0.000000000000000000e+00 -0.000000000000000000e+00
0.000000000000000000e+00 0.000000000000000000e+00 0.000000000000000000e+00 0.000000000000000000e+00 -0.000000000000000000e+00
0.000000000000000000e+00 0.000000000000000000e+00 0.000000000000000000e+00 0.000000000000000000e+00 -0.000000000000000000e+00
0.000000000000000000e+00 0.000000000000000000e+00 0.000000000000000000e+00 0.000000000000000000e+00 -0.000000000000000000e+00
0.000000000000000000e+00 0.000000000000000000e+00 0.000000000000000000e+00 0.000000000000000000e+00 -0.000000000000000000e+00
0.000000000000000000e+00 0.000000000000000000e+00 0.000000000000000000e+00 0.000000000000000000e+00 -0.000000000000000000e+00
0.000000000000000000e+00 0.000000000000000000e+00 0.000000000000000000e+00 0.000000000000000000e+00 -0.000000000000000000e+00
0.000000000000000000e+00 0.000000000000000000e+00 0.000000000000000000e+00 0.000000000000000000e+00 -0.000000000000000000e+00
0.000000000000000000e+00 0.000000000000000000e+00 0.000000000000000000e+00 0.000000000000000000e+00 -0.000000000000000000e+00
0.000000000000000000e+00 0.000000000000000000e+00 0.000000000000000000e+00 0.000000000000000000e+00 -0.000000000000000000e+00
1.258607400922816342e-03 1.454467713562940419e-02 1.000000000000000082e-05 1.000000000000000082e-05 1.000000000000000082e-05
3.765637833511569291e-03 4.341047244837258068e-02 1.000000000000000082e-05 1.000000000000000082e-05 1.000000000000000082e-05
6.833738380762093738e-04 5.342619283554477655e-02 1.000000000000000082e-05 1.000000000000000082e-05 1.000000000000000082e-05
1.000000000000000082e-05 3.844891040590726894e-02 1.317286736749453523e-03 1.393093573197111933e-02 1.000000000000000082e-05
1.000000000000000082e-05 2.829952670229658740e-02 3.131900496584843086e-03 3.849929928019637376e-02 1.557685992651378689e-03
1.000000000000000082e-05 1.364093408999970079e-02 3.209404019222604747e-03 4.178540737232985108e-02 1.000000000000000082e-05
7.301314232747013223e-03 1.000000000000000082e-05 1.000000000000000082e-05 2.605998647153610556e-02 1.000000000000000082e-05
1.399111684375983246e-02 1.000000000000000082e-05 1.000000000000000082e-05 7.756360768630273482e-03 1.000000000000000082e-05
1.277551712237775389e-02 9.782493604560964402e-04 1.000000000000000082e-05 1.444212827494223373e-03 1.000000000000000082e-05
2.464291085370234891e-02 3.273934693682623541e-03 1.125951586992087958e-02 1.000000000000000082e-05 1.000000000000000082e-05
1.268851824298015962e-02 9.880626337397512698e-04 1.743737820826201518e-02 1.000000000000000082e-05 1.000000000000000082e-05
4.357235247528212221e-04 1.000000000000000082e-05 1.134725198150657657e-02 1.000000000000000082e-05 1.000000000000000082e-05
1.000000000000000082e-05 1.000000000000000082e-05 9.375380207749910155e-03 4.128512799248984684e-04 1.000000000000000082e-05
1.000000000000000082e-05 1.000000000000000082e-05 1.270081787225559207e-03 6.924109937603887502e-05 1.000000000000000082e-05
0.000000000000000000e+00 0.000000000000000000e+00 0.000000000000000000e+00 0.000000000000000000e+00 -0.000000000000000000e+00
0.000000000000000000e+00 0.000000000000000000e+00 0.000000000000000000e+00 0.000000000000000000e+00 -0.000000000000000000e+00
0.000000000000000000e+00 0.000000000000000000e+00 0.000000000000000000e+00 0.000000000000000000e+00 -0.000000000000000000e+00
0.000000000000000000e+00 0.000000000000000000e+00 0.000000000000000000e+00 0.000000000000000000e+00 -0.000000000000000000e+00
0.000000000000000000e+00 0.000000000000000000e+00 0.000000000000000000e+00 0.000000000000000000e+00 -0.000000000000000000e+00
0.000000000000000000e+00 0.000000000000000000e+00 0.000000000000000000e+00 0.000000000000000000e+00 -0.000000000000000000e+00
0.000000000000000000e+00 0.000000000000000000e+00 0.000000000000000000e+00 0.000000000000000000e+00 -0.000000000000000000e+00
0.000000000000000000e+00 0.000000000000000000e+00 0.000000000000000000e+00 0.000000000000000000e+00 -0.000000000000000000e+00
0.000000000000000000e+00 0.000000000000000000e+00 0.000000000000000000e+00 0.000000000000000000e+00 -0.000000000000000000e+00
0.000000000000000000e+00 0.000000000000000000e+00 0.000000000000000000e+00 0.000000000000000000e+00 -0.000000000000000000e+00
0.000000000000000000e+00 0.000000000000000000e+00 0.000000000000000000e+00 0.000000000000000000e+00 -0.000000000000000000e+00
0.000000000000000000e+00 0.000000000000000000e+00 0.000000000000000000e+00 0.000000000000000000e+00 -0.000000000000000000e+00
0.000000000000000000e+00 0.000000000000000000e+00 0.000000000000000000e+00 0.000000000000000000e+00 -0.000000000000000000e+00
0.000000000000000000e+00 0.000000000000000000e+00 0.000000000000000000e+00 0.000000000000000000e+00 -0.000000000000000000e+00
0.000000000000000000e+00 0.000000000000000000e+00 0.000000000000000000e+00 0.000000000000000000e+00 -0.000000000000000000e+00
0.000000000000000000e+00 0.000000000000000000e+00 0.000000000000000000e+00 0.000000000000000000e+00 -0.000000000000000000e+00
0.000000000000000000e+00 0.000000000000000000e+00 0.000000000000000000e+00 0.000000000000000000e+00 -0.000000000000000000e+00
0.000000000000000000e+00 0.000000000000000000e+00 0.000000000000000000e+00 0.000000000000000000e+00 -0.000000000000000000e+00
0.000000000000000000e+00 0.000000000000000000e+00 0.000000000000000000e+00 0.000000000000000000e+00 -0.000000000000000000e+00
0.000000000000000000e+00 0.000000000000000000e+00 0.000000000000000000e+00 0.000000000000000000e+00 -0.000000000000000000e+00
0.000000000000000000e+00 0.000000000000000000e+00 0.000000000000000000e+00 0.000000000000000000e+00 -0.000000000000000000e+00
0.000000000000000000e+00 0.000000000000000000e+00 0.000000000000000000e+00 0.000000000000000000e+00 -0.000000000000000000e+00
0.000000000000000000e+00 0.000000000000000000e+00 0.000000000000000000e+00 0.000000000000000000e+00 -0.000000000000000000e+00
0.000000000000000000e+00 0.000000000000000000e+00 0.000000000000000000e+00 0.000000000000000000e+00 -0.000000000000000000e+00
0.000000000000000000e+00 0.000000000000000000e+00 0.000000000000000000e+00 0.000000000000000000e+00 -0.000000000000000000e+00
0.000000000000000000e+00 0.000000000000000000e+00 0.000000000000000000e+00 0.000000000000000000e+00 -0.000000000000000000e+00
0.000000000000000000e+00 0.000000000000000000e+00 0.000000000000000000e+00 0.000000000000000000e+00 -0.000000000000000000e+00
0.000000000000000000e+00 0.000000000000000000e+00 0.000000000000000000e+00 0.000000000000000000e+00 -0.000000000000000000e+00
0.000000000000000000e+00 0.000000000000000000e+00 0.000000000000000000e+00 0.000000000000000000e+00 -0.000000000000000000e+00
0.000000000000000000e+00 0.000000000000000000e+00 0.000000000000000000e+00 0.000000000000000000e+00 -0.000000000000000000e+00
0.000000000000000000e+00 0.000000000000000000e+00 0.000000000000000000e+00 0.000000000000000000e+00 -0.000000000000000000e+00
0.000000000000000000e+00 0.000000000000000000e+00 0.000000000000000000e+00 0.000000000000000000e+00 -0.000000000000000000e+00
0.000000000000000000e+00 0.000000000000000000e+00 0.000000000000000000e+00 0.000000000000000000e+00 -0.000000000000000000e+00
0.000000000000000000e+00 0.000000000000000000e+00 0.000000000000000000e+00 0.000000000000000000e+00 -0.000000000000000000e+00
0.000000000000000000e+00 0.000000000000000000e+00 0.000000000000000000e+00 0.000000000000000000e+00 -0.000000000000000000e+00
0.000000000000000000e+00 0.000000000000000000e+00 0.000000000000000000e+00 0.000000000000000000e+00 -0.000000000000000000e+00
0.000000000000000000e+00 0.000000000000000000e+00 0.000000000000000000e+00 0.000000000000000000e+00 -0.000000000000000000e+00
0.000000000000000000e+00 0.000000000000000000e+00 0.000000000000000000e+00 0.000000000000000000e+00 -0.000000000000000000e+00
0.000000000000000000e+00 0.000000000000000000e+00 0.000000000000000000e+00 0.000000000000000000e+00 -0.000000000000000000e+00
0.000000000000000000e+00 0.000000000000000000e+00 0.000000000000000000e+00 0.000000000000000000e+00 -0.000000000000000000e+00
0.000000000000000000e+00 0.000000000000000000e+00 0.000000000000000000e+00 0.000000000000000000e+00 -0.000000000000000000e+00
0.000000000000000000e+00 0.000000000000000000e+00 0.000000000000000000e+00 0.000000000000000000e+00 -0.000000000000000000e+00
0.000000000000000000e+00 0.000000000000000000e+00 0.000000000000000000e+00 0.000000000000000000e+00 -0.000000000000000000e+00
0.000000000000000000e+00 0.000000000000000000e+00 0.000000000000000000e+00 0.000000000000000000e+00 -0.000000000000000000e+00
0.000000000000000000e+00 0.000000000000000000e+00 0.000000000000000000e+00 0.000000000000000000e+00 -0.000000000000000000e+00
0.000000000000000000e+00 0.000000000000000000e+00 0.000000000000000000e+00 0.000000000000000000e+00 -0.000000000000000000e+00
0.000000000000000000e+00 0.000000000000000000e+00 0.000000000000000000e+00 0.000000000000000000e+00 -0.000000000000000000e+00
0.000000000000000000e+00 0.000000000000000000e+00 0.000000000000000000e+00 0.000000000000000000e+00 -0.000000000000000000e+00
0.000000000000000000e+00 0.000000000000000000e+00 0.000000000000000000e+00 0.000000000000000000e+00 -0.000000000000000000e+00
0.000000000000000000e+00 0.000000000000000000e+00 0.000000000000000000e+00 0.000000000000000000e+00 -0.000000000000000000e+00
0.000000000000000000e+00 0.000000000000000000e+00 0.000000000000000000e+00 0.000000000000000000e+00 -0.000000000000000000e+00
0.000000000000000000e+00 0.000000000000000000e+00 0.000000000000000000e+00 0.000000000000000000e+00 -0.000000000000000000e+00
0.000000000000000000e+00 0.000000000000000000e+00 0.000000000000000000e+00 0.000000000000000000e+00 -0.000000000000000000e+00
0.000000000000000000e+00 0.000000000000000000e+00 0.000000000000000000e+00 0.000000000000000000e+00 -0.000000000000000000e+00
0.000000000000000000e+00 0.000000000000000000e+00 0.000000000000000000e+00 0.000000000000000000e+00 -0.000000000000000000e+00
0.000000000000000000e+00 0.000000000000000000e+00 0.000000000000000000e+00 0.000000000000000000e+00 -0.000000000000000000e+00
0.000000000000000000e+00 0.000000000000000000e+00 0.000000000000000000e+00 0.000000000000000000e+00 -0.000000000000000000e+00
0.000000000000000000e+00 0.000000000000000000e+00 0.000000000000000000e+00 0.000000000000000000e+00 -0.000000000000000000e+00
0.000000000000000000e+00 0.000000000000000000e+00 0.000000000000000000e+00 0.000000000000000000e+00 -0.000000000000000000e+00
0.000000000000000000e+00 0.000000000000000000e+00 0.000000000000000000e+00 0.000000000000000000e+00 -0.000000000000000000e+00
0.000000000000000000e+00 0.000000000000000000e+00 0.000000000000000000e+00 0.000000000000000000e+00 -0.000000000000000000e+00
0.000000000000000000e+00 0.000000000000000000e+00 0.000000000000000000e+00 0.000000000000000000e+00 -0.000000000000000000e+00
0.000000000000000000e+00 0.000000000000000000e+00 0.000000000000000000e+00 0.000000000000000000e+00 -0.000000000000000000e+00
0.000000000000000000e+00 0.000000000000000000e+00 0.000000000000000000e+00 0.000000000000000000e+00 -0.000000000000000000e+00
0.000000000000000000e+00 0.000000000000000000e+00 0.000000000000000000e+00 0.000000000000000000e+00 -0.000000000000000000e+00
0.000000000000000000e+00 0.000000000000000000e+00 0.000000000000000000e+00 0.000000000000000000e+00 -0.000000000000000000e+00
0.000000000000000000e+00 0.000000000000000000e+00 0.000000000000000000e+00 0.000000000000000000e+00 -0.000000000000000000e+00
0.000000000000000000e+00 0.000000000000000000e+00 0.000000000000000000e+00 0.000000000000000000e+00 -0.000000000000000000e+00
0.000000000000000000e+00 0.000000000000000000e+00 0.000000000000000000e+00 0.000000000000000000e+00 -0.000000000000000000e+00
0.000000000000000000e+00 0.000000000000000000e+00 0.000000000000000000e+00 0.000000000000000000e+00 -0.000000000000000000e+00
0.000000000000000000e+00 0.000000000000000000e+00 0.000000000000000000e+00 0.000000000000000000e+00 -0.000000000000000000e+00
0.000000000000000000e+00 0.000000000000000000e+00 0.000000000000000000e+00 0.000000000000000000e+00 -0.000000000000000000e+00
0.000000000000000000e+00 0.000000000000000000e+00 0.000000000000000000e+00 0.000000000000000000e+00 -0.000000000000000000e+00
0.000000000000000000e+00 0.000000000000000000e+00 0.000000000000000000e+00 0.000000000000000000e+00 -0.000000000000000000e+00
0.000000000000000000e+00 0.000000000000000000e+00 0.000000000000000000e+00 0.000000000000000000e+00 -0.000000000000000000e+00
0.000000000000000000e+00 0.000000000000000000e+00 0.000000000000000000e+00 0.000000000000000000e+00 -0.000000000000000000e+00
0.000000000000000000e+00 0.000000000000000000e+00 0.000000000000000000e+00 0.000000000000000000e+00 -0.000000000000000000e+00
0.000000000000000000e+00 0.000000000000000000e+00 0.000000000000000000e+00 0.000000000000000000e+00 -0.000000000000000000e+00
0.000000000000000000e+00 0.000000000000000000e+00 0.000000000000000000e+00 0.000000000000000000e+00 -0.000000000000000000e+00
0.000000000000000000e+00 0.000000000000000000e+00 0.000000000000000000e+00 0.000000000000000000e+00 -0.000000000000000000e+00
0.000000000000000000e+00 0.000000000000000000e+00 0.000000000000000000e+00 0.000000000000000000e+00 -0.000000000000000000e+00
0.000000000000000000e+00 0.000000000000000000e+00 0.000000000000000000e+00 0.000000000000000000e+00 -0.000000000000000000e+00
0.000000000000000000e+00 0.000000000000000000e+00 0.000000000000000000e+00 0.000000000000000000e+00 -0.000000000000000000e+00
0.000000000000000000e+00 0.000000000000000000e+00 0.000000000000000000e+00 0.000000000000000000e+00 -0.000000000000000000e+00
0.000000000000000000e+00 0.000000000000000000e+00 0.000000000000000000e+00 0.000000000000000000e+00 -0.000000000000000000e+00
0.000000000000000000e+00 0.000000000000000000e+00 0.000000000000000000e+00 0.000000000000000000e+00 -0.000000000000000000e+00
0.000000000000000000e+00 0.000000000000000000e+00 0.000000000000000000e+00 0.000000000000000000e+00 -0.000000000000000000e+00
0.000000000000000000e+00 0.000000000000000000e+00 0.000000000000000000e+00 0.000000000000000000e+00 -0.000000000000000000e+00
0.000000000000000000e+00 0.000000000000000000e+00 0.000000000000000000e+00 0.000000000000000000e+00 -0.000000000000000000e+00
0.000000000000000000e+00 0.000000000000000000e+00 0.000000000000000000e+00 0.000000000000000000e+00 -0.000000000000000000e+00
0.000000000000000000e+00 0.000000000000000000e+00 0.000000000000000000e+00 0.000000000000000000e+00 -0.000000000000000000e+00
0.000000000000000000e+00 0.000000000000000000e+00 0.000000000000000000e+00 0.000000000000000000e+00 -0.000000000000000000e+00
0.000000000000000000e+00 0.000000000000000000e+00 0.000000000000000000e+00 0.000000000000000000e+00 -0.000000000000000000e+00
