0.000000000000000000e+00 0.000000000000000000e+00 0.000000000000000000e+00 -0.000000000000000000e+00 0.000000000000000000e+00
0.000000000000000000e+00 0.000000000000000000e+00 0.000000000000000000e+00 -0.000000000000000000e+00 0.000000000000000000e+00
0.000000000000000000e+00 0.000000000000000000e+00 -0.000000000000000000e+00 -0.000000000000000000e+00 0.000000000000000000e+00
0.000000000000000000e+00 0.000000000000000000e+00 -0.000000000000000000e+00 -0.000000000000000000e+00 0.000000000000000000e+00
0.000000000000000000e+00 0.000000000000000000e+00 -0.000000000000000000e+00 -0.000000000000000000e+00 0.000000000000000000e+00
0.000000000000000000e+00 0.000000000000000000e+00 -0.000000000000000000e+00 -0.000000000000000000e+00 0.000000000000000000e+00
0.000000000000000000e+00 0.000000000000000000e+00 -0.000000000000000000e+00 -0.000000000000000000e+00 0.000000000000000000e+00
0.000000000000000000e+00 0.000000000000000000e+00 -0.000000000000000000e+00 -0.000000000000000000e+00 0.000000000000000000e+00
0.000000000000000000e+00 0.000000000000000000e+00 -0.000000000000000000e+00 -0.000000000000000000e+00 0.000000000000000000e+00
0.000000000000000000e+00 0.000000000000000000e+00 -0.000000000000000000e+00 -0.000000000000000000e+00 0.000000000000000000e+00
0.000000000000000000e+00 0.000000000000000000e+00 -0.000000000000000000e+00 -0.000000000000000000e+00 0.000000000000000000e+00
0.000000000000000000e+00 0.000000000000000000e+00 -0.000000000000000000e+00 -0.000000000000000000e+00 0.000000000000000000e+00
1.000000000000000082e-05 1.000000000000000082e-05 1.000000000000000082e-05 1.000000000000000082e-05 8.984134240896396117e-06
1.000000000000000082e-05 1.000000000000000082e-05 1.000000000000000082e-05 1.000000000000000082e-05 1.940572996033611112e-04
1.000000000000000082e-05 1.000000000000000082e-05 1.000000000000000082e-05 1.000000000000000082e-05 1.940572996033611112e-04
1.000000000000000082e-05 1.000000000000000082e-05 1.000000000000000082e-05 1.000000000000000082e-05 8.085720816806687557e-06
0.000000000000000000e+00 0.000000000000000000e+00 -0.000000000000000000e+00 -0.000000000000000000e+00 0.000000000000000000e+00
0.000000000000000000e+00 0.000000000000000000e+00 -0.000000000000000000e+00 -0.000000000000000000e+00 0.000000000000000000e+00
0.000000000000000000e+00 0.000000000000000000e+00 -0.000000000000000000e+00 -0.000000000000000000e+00 0.000000000000000000e+00
0.000000000000000000e+00 0.000000000000000000e+00 -0.000000000000000000e+00 -0.000000000000000000e+00 0.000000000000000000e+00
0.000000000000000000e+00 0.000000000000000000e+00 -0.000000000000000000e+00 -0.000000000000000000e+00 0.000000000000000000e+00
0.000000000000000000e+00 0.000000000000000000e+00 -0.000000000000000000e+00 -0.000000000000000000e+00 0.000000000000000000e+00
0.000000000000000000e+00 0.000000000000000000e+00 -0.000000000000000000e+00 -0.000000000000000000e+00 0.000000000000000000e+00
0.000000000000000000e+00 0.000000000000000000e+00 -0.000000000000000000e+00 -0.000000000000000000e+00 0.000000000000000000e+00
0.000000000000000000e+00 0.000000000000000000e+00 -0.000000000000000000e+00 -0.000000000000000000e+00 0.000000000000000000e+00
0.000000000000000000e+00 0.000000000000000000e+00 -0.000000000000000000e+00 -0.000000000000000000e+00 0.000000000000000000e+00
0.000000000000000000e+00 0.000000000000000000e+00 -0.000000000000000000e+00 -0.000000000000000000e+00 0.000000000000000000e+00
0.000000000000000000e+00 0.000000000000000000e+00 -0.000000000000000000e+00 -0.000000000000000000e+00 0.000000000000000000e+00
0.000000000000000000e+00 0.000000000000000000e+00 -0.000000000000000000e+00 -0.000000000000000000e+00 0.000000000000000000e+00
0.000000000000000000e+00 0.000000000000000000e+00 -0.000000000000000000e+00 -0.000000000000000000e+00 0.000000000000000000e+00
0.000000000000000000e+00 0.000000000000000000e+00 -0.000000000000000000e+00 -0.000000000000000000e+00 0.000000000000000000e+00
0.000000000000000000e+00 0.000000000000000000e+00 -0.000000000000000000e+00 -0.000000000000000000e+00 0.000000000000000000e+00
0.000000000000000000e+00 0.000000000000000000e+00 -0.000000000000000000e+00 -0.000000000000000000e+00 0.000000000000000000e+00
0.000000000000000000e+00 0.000000000000000000e+00 -0.000000000000000000e+00 -0.000000000000000000e+00 0.000000000000000000e+00
0.000000000000000000e+00 0.000000000000000000e+00 -0.000000000000000000e+00 -0.000000000000000000e+00 0.000000000000000000e+00
1.000000000000000082e-05 1.540673256662301093e-06 1.000000000000000082e-05 1.000000000000000082e-05 2.363074511516393003e-07
1.000000000000000082e-05 7.497943182423130878e-05 1.000000000000000082e-05 1.000000000000000082e-05 1.150029595604643517e-05
1.000000000000000082e-05 1.048860008924894363e-04 5.871022057753553098e-05 1.000000000000000082e-05 2.052603996235300647e-05
1.000000000000000082e-05 2.344452978578199067e-04 1.405526499233373486e-04 1.000000000000000082e-05 1.104409269983331904e-04
1.000000000000000082e-05 2.564826695320346741e-04 1.947454666802957732e-04 1.000000000000000082e-05 1.238145631811032106e-04
1.000000000000000082e-05 1.191950861939422015e-04 1.660909997453510431e-04 1.000000000000000082e-05 2.880820880596038228e-05
1.000000000000000082e-05 2.793535740308469988e-05 7.640811011701025468e-05 1.000000000000000082e-05 2.182801718101344286e-04
1.000000000000000082e-05 2.088034976778908956e-05 8.555592519768493375e-05 1.000000000000000082e-05 6.475894711634701739e-04
1.000000000000000082e-05 3.113411174927083788e-05 1.563186047101963760e-04 1.000000000000000082e-05 6.804299890292345686e-04
1.000000000000000082e-05 4.090593052072409515e-05 2.372456114419031000e-04 1.000000000000000082e-05 6.666813764804920949e-04
1.000000000000000082e-05 1.802918675008610144e-05 6.825534521415237881e-05 1.000000000000000082e-05 8.356931703871294914e-05
1.000000000000000082e-05 8.621557526033191035e-07 5.462402640297364301e-06 1.000000000000000082e-05 2.522556451050666858e-06
0.000000000000000000e+00 0.000000000000000000e+00 -0.000000000000000000e+00 -0.000000000000000000e+00 0.000000000000000000e+00
0.000000000000000000e+00 0.000000000000000000e+00 -0.000000000000000000e+00 -0.000000000000000000e+00 0.000000000000000000e+00
0.000000000000000000e+00 0.000000000000000000e+00 -0.000000000000000000e+00 -0.000000000000000000e+00 0.000000000000000000e+00
0.000000000000000000e+00 0.000000000000000000e+00 -0.000000000000000000e+00 -0.000000000000000000e+00 0.000000000000000000e+00
0.000000000000000000e+00 0.000000000000000000e+00 -0.000000000000000000e+00 -0.000000000000000000e+00 0.000000000000000000e+00
0.000000000000000000e+00 0.000000000000000000e+00 -0.000000000000000000e+00 -0.000000000000000000e+00 0.000000000000000000e+00
0.000000000000000000e+00 0.000000000000000000e+00 -0.000000000000000000e+00 -0.000000000000000000e+00 0.000000000000000000e+00
0.000000000000000000e+00 0.000000000000000000e+00 -0.000000000000000000e+00 -0.000000000000000000e+00 0.000000000000000000e+00
0.000000000000000000e+00 0.000000000000000000e+00 -0.000000000000000000e+00 -0.000000000000000000e+00 0.000000000000000000e+00
0.000000000000000000e+00 0.000000000000000000e+00 -0.000000000000000000e+00 -0.000000000000000000e+00 0.000000000000000000e+00
0.000000000000000000e+00 0.000000000000000000e+00 -0.000000000000000000e+00 -0.000000000000000000e+00 0.000000000000000000e+00
0.000000000000000000e+00 0.000000000000000000e+00 -0.000000000000000000e+00 -0.000000000000000000e+00 0.000000000000000000e+00
0.000000000000000000e+00 0.000000000000000000e+00 -0.000000000000000000e+00 -0.000000000000000000e+00 0.000000000000000000e+00
0.000000000000000000e+00 0.000000000000000000e+00 -0.000000000000000000e+00 -0.000000000000000000e+00 0.000000000000000000e+00
4.430521454943489120e-06 2.390771756081657871e-05 1.729077411855029363e-05 1.000000000000000082e-05 1.000000000000000082e-05
1.000000000000000082e-05 1.095222080747617520e-04 1.099792499685323626e-04 1.000000000000000082e-05 5.940159779976054234e-05
1.000000000000000082e-05 1.166456294408221693e-04 1.913503698832165467e-04 1.000000000000000082e-05 3.924328299851351036e-04
1.000000000000000082e-05 4.264513923344796288e-04 3.495312462569100847e-04 1.000000000000000082e-05 7.666004627864950920e-04
1.000000000000000082e-05 8.789246090960643873e-04 1.035621253655516754e-03 1.000000000000000082e-05 1.718777233410049643e-03
1.000000000000000082e-05 1.014459891718787893e-03 1.741915217872308215e-03 1.000000000000000082e-05 3.169376803571604447e-03
1.000000000000000082e-05 8.532101686080728956e-04 2.783307636178527882e-03 1.000000000000000082e-05 4.442619021655964430e-03
1.000000000000000082e-05 3.339008906852541057e-04 3.954045633580481264e-03 1.000000000000000082e-05 5.180711072397539523e-03
1.000000000000000082e-05 1.000000000000000082e-05 4.360313098454616197e-03 1.000000000000000082e-05 5.649834278658666734e-03
2.121024736805068292e-04 1.000000000000000082e-05 4.073638956897813676e-03 1.000000000000000082e-05 6.771470804467009420e-03
5.122803005105545319e-04 1.000000000000000082e-05 3.345151342464334869e-03 1.000000000000000082e-05 7.373527335370194669e-03
6.223564616267873760e-04 1.000000000000000082e-05 2.135065968883144514e-03 1.000000000000000082e-05 5.957728553014705018e-03
8.555530003457025240e-04 1.000000000000000082e-05 1.042048649186996974e-03 1.000000000000000082e-05 3.319216280606575569e-03
9.407317131962747046e-04 1.000000000000000082e-05 3.016525994635778081e-04 1.000000000000000082e-05 1.537428082963897876e-03
9.803577552251281548e-04 1.000000000000000082e-05 5.744750892704350023e-05 1.000000000000000082e-05 6.407307931289929828e-04
5.344256876544223843e-04 1.000000000000000082e-05 1.000000000000000082e-05 1.000000000000000082e-05 7.125035577939674465e-05
1.005259895578505011e-04 1.000000000000000082e-05 1.000000000000000082e-05 1.000000000000000082e-05 5.543538976139497312e-05
3.856477095554070374e-06 1.000000000000000082e-05 5.614481472627495042e-07 1.000000000000000082e-05 5.442052297704704331e-06
1.520890709907078329e-04 1.189290122323693457e-04 1.000000000000000082e-05 1.000000000000000082e-05 1.000000000000000082e-05
7.014382413140387673e-05 2.724828177749242185e-04 1.000000000000000082e-05 1.000000000000000082e-05 1.000000000000000082e-05
1.007253001339460474e-06 1.486780080262296258e-04 1.000000000000000082e-05 1.000000000000000082e-05 2.498191661648221647e-05
0.000000000000000000e+00 0.000000000000000000e+00 -0.000000000000000000e+00 -0.000000000000000000e+00 0.000000000000000000e+00
0.000000000000000000e+00 0.000000000000000000e+00 -0.000000000000000000e+00 -0.000000000000000000e+00 0.000000000000000000e+00
0.000000000000000000e+00 0.000000000000000000e+00 -0.000000000000000000e+00 -0.000000000000000000e+00 0.000000000000000000e+00
0.000000000000000000e+00 0.000000000000000000e+00 -0.000000000000000000e+00 -0.000000000000000000e+00 0.000000000000000000e+00
8.085171530728995479e-06 1.000000000000000082e-05 3.815074122034366720e-06 1.000000000000000082e-05 1.000000000000000082e-05
0.000000000000000000e+00 0.000000000000000000e+00 -0.000000000000000000e+00 -0.000000000000000000e+00 0.000000000000000000e+00
1.000000000000000082e-05 3.057986970218538381e-05 1.745256329725475590e-05 1.000000000000000082e-05 7.151719977249632053e-06
1.000000000000000082e-05 2.462784612949207755e-04 1.718667620849617975e-04 6.512164125419570102e-05 1.966886004054785200e-04
1.000000000000000082e-05 6.981384818099987477e-04 1.464642624375816181e-03 1.000000000000000082e-05 6.380243079966636029e-04
1.000000000000000082e-05 1.149613538646825127e-03 3.952441539703526775e-03 1.000000000000000082e-05 2.513084932076936964e-03
1.000000000000000082e-05 4.285944674004078976e-04 8.951230830503999897e-03 1.000000000000000082e-05 7.337340842456649935e-03
1.000000000000000082e-05 1.183025580155002961e-04 1.659024959368354465e-02 1.000000000000000082e-05 1.494417472022853757e-02
1.000000000000000082e-05 1.000000000000000082e-05 2.642684444495686444e-02 1.000000000000000082e-05 2.394423706377329236e-02
1.000000000000000082e-05 1.000000000000000082e-05 3.952460556392763114e-02 1.000000000000000082e-05 3.216225290548654914e-02
1.000000000000000082e-05 1.000000000000000082e-05 4.985907599151794684e-02 1.000000000000000082e-05 4.318591147742715380e-02
1.000000000000000082e-05 1.000000000000000082e-05 5.778821480185175608e-02 1.000000000000000082e-05 5.195079716233667183e-02
1.000000000000000082e-05 1.000000000000000082e-05 5.737262619376635314e-02 1.000000000000000082e-05 5.241983382443488743e-02
9.338366275293894306e-03 1.000000000000000082e-05 5.081318118874252748e-02 1.000000000000000082e-05 4.606324943801975297e-02
2.493694210062809974e-02 1.000000000000000082e-05 3.547705174728110755e-02 1.000000000000000082e-05 3.242556299905943046e-02
3.303654516323033252e-02 1.000000000000000082e-05 1.848334661432745815e-02 1.000000000000000082e-05 1.868274912462544735e-02
3.128233048684753159e-02 1.000000000000000082e-05 6.139942149485538327e-03 1.000000000000000082e-05 8.286922809072993015e-03
2.339345977998861723e-02 1.000000000000000082e-05 1.259205582733445268e-03 1.000000000000000082e-05 2.465157760382364217e-03
1.405116408256208184e-02 1.000000000000000082e-05 1.000000000000000082e-05 1.000000000000000082e-05 8.890925631460357354e-04
6.647688212101708280e-03 1.000000000000000082e-05 1.000000000000000082e-05 1.000000000000000082e-05 6.893131485128924053e-04
2.188801034489110120e-03 1.000000000000000082e-05 1.000000000000000082e-05 1.000000000000000082e-05 2.327925634156993251e-04
4.721101578614872061e-04 1.411182032494970122e-04 1.000000000000000082e-05 1.000000000000000082e-05 1.000000000000000082e-05
2.662543501161295382e-05 2.444875975057356904e-04 1.000000000000000082e-05 1.000000000000000082e-05 1.970594776372067280e-05
1.001148437694895754e-06 1.477769291897070730e-04 1.000000000000000082e-05 1.000000000000000082e-05 2.483051106123089938e-05
0.000000000000000000e+00 0.000000000000000000e+00 -0.000000000000000000e+00 -0.000000000000000000e+00 0.000000000000000000e+00
0.000000000000000000e+00 0.000000000000000000e+00 -0.000000000000000000e+00 -0.000000000000000000e+00 0.000000000000000000e+00
0.000000000000000000e+00 0.000000000000000000e+00 -0.000000000000000000e+00 -0.000000000000000000e+00 0.000000000000000000e+00
0.000000000000000000e+00 0.000000000000000000e+00 -0.000000000000000000e+00 -0.000000000000000000e+00 0.000000000000000000e+00
3.087065493551069184e-05 1.000000000000000082e-05 1.456664664776740245e-05 1.000000000000000082e-05 1.000000000000000082e-05
0.000000000000000000e+00 0.000000000000000000e+00 -0.000000000000000000e+00 -0.000000000000000000e+00 0.000000000000000000e+00
1.000000000000000082e-05 1.743995095398789537e-04 1.368299269374837336e-04 2.005062165150185141e-04 1.304665467000343715e-04
1.000000000000000082e-05 4.976229607782968467e-04 1.835779218468704772e-03 1.797237540805742776e-03 1.073745842844441972e-04
1.000000000000000082e-05 7.316395659596388202e-04 6.015024724792364906e-03 2.707039578334782468e-03 1.775178469727774558e-03
1.000000000000000082e-05 2.660447009120718749e-04 1.351858974878793022e-02 6.507746491338321608e-03 6.072808161942572051e-03
1.000000000000000082e-05 1.000000000000000082e-05 2.698237841755151897e-02 1.224953986434830500e-02 1.467169883183664335e-02
1.000000000000000082e-05 1.000000000000000082e-05 4.710782772999919099e-02 1.973994068905349231e-02 2.950526296347410343e-02
1.000000000000000082e-05 1.000000000000000082e-05 6.953241218514376321e-02 3.081011885685509474e-02 4.571739320008601920e-02
1.000000000000000082e-05 1.000000000000000082e-05 9.346392634268145538e-02 4.197702825247114772e-02 6.478952646795224646e-02
1.000000000000000082e-05 1.000000000000000082e-05 1.111781958594607322e-01 5.049405091850850402e-02 7.916648620202242082e-02
1.000000000000000082e-05 1.000000000000000082e-05 1.210236724022854260e-01 5.436641844969453130e-02 8.671274439553632030e-02
5.424657210671714712e-03 1.000000000000000082e-05 1.224404520592843743e-01 4.872776359962947834e-02 8.598690132797752461e-02
3.884695596548116969e-02 1.000000000000000082e-05 1.131792200546154481e-01 3.489436010993397785e-02 7.428908941237515051e-02
7.274437220860671682e-02 1.000000000000000082e-05 9.189373699345951274e-02 1.621311920567089157e-02 5.425575632508249785e-02
9.702746979669440996e-02 1.000000000000000082e-05 5.755463227094757828e-02 1.000000000000000082e-05 2.859074435575802153e-02
1.035296138573349178e-01 1.000000000000000082e-05 2.601421079987535981e-02 1.000000000000000082e-05 5.458810947739991225e-03
8.801545868908798587e-02 1.000000000000000082e-05 8.460203589427211374e-03 1.000000000000000082e-05 1.000000000000000082e-05
5.700478783294034985e-02 1.000000000000000082e-05 1.582680702222787452e-03 1.000000000000000082e-05 1.000000000000000082e-05
2.867233204581338957e-02 1.000000000000000082e-05 1.000000000000000082e-05 1.000000000000000082e-05 1.000000000000000082e-05
1.027585363899254783e-02 1.000000000000000082e-05 1.000000000000000082e-05 1.000000000000000082e-05 1.000000000000000082e-05
1.698856342853921359e-03 1.762880813770948177e-04 1.000000000000000082e-05 1.000000000000000082e-05 1.000000000000000082e-05
5.158015450342870478e-05 2.596902688889550222e-04 1.000000000000000082e-05 1.000000000000000082e-05 2.558706445523524107e-05
2.957128787076152872e-05 1.702381451053246121e-04 1.000000000000000082e-05 1.000000000000000082e-05 1.423082761109454378e-05
0.000000000000000000e+00 0.000000000000000000e+00 -0.000000000000000000e+00 -0.000000000000000000e+00 0.000000000000000000e+00
0.000000000000000000e+00 0.000000000000000000e+00 -0.000000000000000000e+00 -0.000000000000000000e+00 0.000000000000000000e+00
0.000000000000000000e+00 0.000000000000000000e+00 -0.000000000000000000e+00 -0.000000000000000000e+00 0.000000000000000000e+00
0.000000000000000000e+00 0.000000000000000000e+00 -0.000000000000000000e+00 -0.000000000000000000e+00 0.000000000000000000e+00
0.000000000000000000e+00 0.000000000000000000e+00 -0.000000000000000000e+00 -0.000000000000000000e+00 0.000000000000000000e+00
7.970135673087703755e-06 2.210867198726929538e-05 5.008387329568263679e-06 8.313711187253937666e-05 1.000000000000000082e-05
1.000000000000000082e-05 1.000000000000000082e-05 1.184430423989318360e-04 2.105726975644124557e-03 1.000000000000000082e-05
1.000000000000000082e-05 5.474779305953245308e-04 3.446169147593393465e-03 6.837548103270846452e-03 1.000000000000000082e-05
1.000000000000000082e-05 2.255307751759486924e-03 1.128296660945110781e-02 1.454644939046841057e-02 1.254915780725952964e-03
1.000000000000000082e-05 2.269420297664592918e-03 2.370823234912519326e-02 2.884451504849296077e-02 7.215339851308910819e-03
1.000000000000000082e-05 1.000000000000000082e-05 4.265207244112614871e-02 4.546802129794123154e-02 1.963267817173010299e-02
1.000000000000000082e-05 1.000000000000000082e-05 6.695861811150267962e-02 6.660118080760195347e-02 3.244605836953537437e-02
1.000000000000000082e-05 1.000000000000000082e-05 8.843632015265145974e-02 8.729855367034289326e-02 4.807254725341537915e-02
1.000000000000000082e-05 1.000000000000000082e-05 1.034932116482588094e-01 1.035937602475706515e-01 6.080391741257782506e-02
1.000000000000000082e-05 1.000000000000000082e-05 1.110225315565278453e-01 1.102019938499871760e-01 6.353614419173055083e-02
1.319387664496421940e-02 1.000000000000000082e-05 1.120205237535040893e-01 1.095662757973086404e-01 6.268709386964349539e-02
3.799878154404835034e-02 1.000000000000000082e-05 1.114708651611704127e-01 1.026109177765321540e-01 6.299748219710581132e-02
6.183633177497650096e-02 1.000000000000000082e-05 1.119200588826646248e-01 8.760417689690302989e-02 6.224646317542131824e-02
8.656653636615058156e-02 1.000000000000000082e-05 1.049420672512435260e-01 6.567438566585931392e-02 6.015923891012982944e-02
1.121182349615818252e-01 1.000000000000000082e-05 8.333842098813697141e-02 3.983402530969376576e-02 4.820295081254622610e-02
1.339683037557457268e-01 1.000000000000000082e-05 4.689540189255062691e-02 1.200118645481010847e-02 2.001633907714881963e-02
1.335103230767573090e-01 1.000000000000000082e-05 1.641263225882304971e-02 1.000000000000000082e-05 1.000000000000000082e-05
1.032759721194249081e-01 1.000000000000000082e-05 2.645954442713787779e-03 1.000000000000000082e-05 1.000000000000000082e-05
5.892912614466377930e-02 1.000000000000000082e-05 1.000000000000000082e-05 1.000000000000000082e-05 1.000000000000000082e-05
2.489952394571054439e-02 7.298192172192223591e-04 1.000000000000000082e-05 1.000000000000000082e-05 1.000000000000000082e-05
5.026431694085605438e-03 2.411022625029139472e-04 1.000000000000000082e-05 1.000000000000000082e-05 1.000000000000000082e-05
2.684575211547640325e-04 1.785583896365718884e-04 1.000000000000000082e-05 1.000000000000000082e-05 1.000000000000000082e-05
9.459720803089044939e-05 1.496577298520877905e-04 1.000000000000000082e-05 1.000000000000000082e-05 1.000000000000000082e-05
0.000000000000000000e+00 0.000000000000000000e+00 -0.000000000000000000e+00 -0.000000000000000000e+00 0.000000000000000000e+00
0.000000000000000000e+00 0.000000000000000000e+00 -0.000000000000000000e+00 -0.000000000000000000e+00 0.000000000000000000e+00
0.000000000000000000e+00 0.000000000000000000e+00 -0.000000000000000000e+00 -0.000000000000000000e+00 0.000000000000000000e+00
0.000000000000000000e+00 0.000000000000000000e+00 -0.000000000000000000e+00 -0.000000000000000000e+00 0.000000000000000000e+00
1.000000000000000082e-05 1.702033997983027841e-06 1.000000000000000082e-05 6.354247905292722413e-06 1.000000000000000082e-05
1.173147960929981014e-05 7.568269628336685823e-05 1.115893846096732536e-05 2.811458725159610714e-04 1.000000000000000082e-05
1.000000000000000082e-05 1.000000000000000082e-05 3.730381034022156247e-04 4.283308320519881029e-03 1.000000000000000082e-05
1.000000000000000082e-05 2.671082735199880112e-03 2.570874546091906840e-03 1.505189417948205217e-02 1.000000000000000082e-05
1.000000000000000082e-05 8.637692014238113059e-03 1.227318189698618778e-02 3.039399781162395106e-02 1.000000000000000082e-05
1.000000000000000082e-05 1.368620329003804141e-02 2.532586024813578487e-02 5.455411303399786832e-02 3.059718912100726010e-03
1.000000000000000082e-05 1.636826028709442021e-02 4.133194561594847466e-02 8.126472902608279647e-02 9.892210394030750975e-03
1.000000000000000082e-05 1.955022464837997964e-02 5.631272721686235438e-02 1.042846148516134996e-01 1.983153151640379072e-02
1.000000000000000082e-05 2.779662282816027993e-02 6.279622512183978544e-02 1.190754658270752886e-01 2.670487923983700176e-02
3.019522088277679182e-03 3.778386475580942927e-02 6.242180141387110998e-02 1.230794746512004489e-01 2.626623031106477268e-02
3.431784509781345832e-02 5.468837780703079965e-02 5.607561375552259225e-02 1.158255669751057232e-01 1.576738682015333889e-02
5.806166687728106512e-02 6.698139205430074516e-02 4.873783748634456098e-02 1.054275516670675900e-01 1.235105951618817310e-02
6.866184867747578136e-02 7.060760489744591362e-02 4.852136684023584945e-02 9.663490304819985499e-02 1.606534193421095200e-02
6.612880389228634193e-02 5.309410534813447519e-02 6.207006777703871075e-02 9.245395976236155111e-02 3.170961957462505726e-02
6.208969105768583074e-02 1.720187404491128197e-02 8.030923086335094163e-02 8.890072845343278962e-02 5.181008223124623085e-02
7.487639499668254095e-02 1.000000000000000082e-05 8.282695753101285141e-02 7.510492654454554995e-02 6.276346310225271174e-02
1.085970021456563600e-01 1.000000000000000082e-05 5.812207836493925306e-02 4.787462692112483958e-02 4.902676197808163855e-02
1.373601354273511765e-01 1.000000000000000082e-05 2.168523776261710792e-02 1.452347453371573630e-02 1.556352430084594583e-02
1.298274238394329927e-01 1.000000000000000082e-05 2.900344910539752984e-03 1.000000000000000082e-05 1.000000000000000082e-05
8.742793701514875448e-02 5.236999624495267342e-04 1.000000000000000082e-05 1.000000000000000082e-05 1.000000000000000082e-05
3.980228579643119852e-02 1.728956684579720411e-03 1.000000000000000082e-05 1.000000000000000082e-05 1.000000000000000082e-05
9.157510004682621260e-03 7.094101766928563634e-04 1.000000000000000082e-05 1.000000000000000082e-05 1.000000000000000082e-05
5.278136722667480440e-04 1.095060498683875547e-04 1.000000000000000082e-05 1.000000000000000082e-05 1.000000000000000082e-05
2.336214236019505119e-05 2.156553330602772417e-05 1.000000000000000082e-05 1.000000000000000082e-05 1.000000000000000082e-05
0.000000000000000000e+00 0.000000000000000000e+00 -0.000000000000000000e+00 -0.000000000000000000e+00 0.000000000000000000e+00
0.000000000000000000e+00 0.000000000000000000e+00 -0.000000000000000000e+00 -0.000000000000000000e+00 0.000000000000000000e+00
0.000000000000000000e+00 0.000000000000000000e+00 -0.000000000000000000e+00 -0.000000000000000000e+00 0.000000000000000000e+00
0.000000000000000000e+00 0.000000000000000000e+00 -0.000000000000000000e+00 -0.000000000000000000e+00 0.000000000000000000e+00
1.000000000000000082e-05 3.139307151835353841e-05 1.000000000000000082e-05 1.172005724753992956e-04 1.000000000000000082e-05
1.000000000000000082e-05 1.841105670095437795e-04 1.000000000000000082e-05 8.238826058690803394e-04 1.000000000000000082e-05
1.000000000000000082e-05 6.425879603126949434e-04 1.000000000000000082e-05 7.019385843240265321e-03 1.000000000000000082e-05
1.000000000000000082e-05 8.563107392284859468e-03 8.681887250043994952e-04 2.093984376741313616e-02 1.000000000000000082e-05
1.000000000000000082e-05 2.151116710818259253e-02 7.270372911311767140e-03 4.306518517386601769e-02 1.000000000000000082e-05
1.000000000000000082e-05 3.129039860676918056e-02 1.419377524155843520e-02 7.068499422697593904e-02 1.000000000000000082e-05
1.000000000000000082e-05 4.385383218586042658e-02 2.298528105146856529e-02 9.065502611196346594e-02 1.000000000000000082e-05
1.000000000000000082e-05 5.666816705430216539e-02 2.646235013736786615e-02 1.035888055702568616e-01 1.000000000000000082e-05
8.342089168243523728e-03 7.477674347881570205e-02 2.159566475878702679e-02 1.036175128520887972e-01 1.000000000000000082e-05
4.079147061047632555e-02 9.610637694691775978e-02 1.093942664252095694e-02 9.063453372203365832e-02 1.000000000000000082e-05
6.891210460832870865e-02 1.169691528560795196e-01 1.000000000000000082e-05 7.032924702626590363e-02 1.000000000000000082e-05
8.202140538468079278e-02 1.346096025650569128e-01 1.000000000000000082e-05 5.285605905109724834e-02 1.000000000000000082e-05
7.174978674269240353e-02 1.408694687863331629e-01 1.000000000000000082e-05 4.798804555803024008e-02 1.000000000000000082e-05
4.703687200946889135e-02 1.263906067872842820e-01 2.090202365740606583e-02 5.434563296884210165e-02 4.490627423342908112e-03
1.984256762406344521e-02 8.106323010303050081e-02 5.747190946264289779e-02 7.305354378169809371e-02 3.345155901680740840e-02
1.876242799211168960e-02 1.846493608200664577e-02 7.964639158246328288e-02 8.502844880978620290e-02 6.462990246218378032e-02
5.738273335763626609e-02 1.000000000000000082e-05 6.547319380371414976e-02 7.710936401299937903e-02 6.562971053848189185e-02
1.141265467487476148e-01 1.000000000000000082e-05 2.848354848859216762e-02 4.196515924485221677e-02 3.527981017257100782e-02
1.336004887098961591e-01 1.000000000000000082e-05 7.929880854782077413e-04 3.474014016458543824e-03 5.849278908529233038e-03
1.028261384024470454e-01 1.000000000000000082e-05 1.000000000000000082e-05 1.000000000000000082e-05 1.000000000000000082e-05
5.039619373230048299e-02 2.447196834243784303e-03 1.000000000000000082e-05 1.000000000000000082e-05 1.000000000000000082e-05
1.219337952018459403e-02 1.026606485895454517e-03 1.000000000000000082e-05 1.000000000000000082e-05 1.000000000000000082e-05
6.061491357767194573e-04 1.604149312703634497e-04 1.643040899655137216e-05 1.000000000000000082e-05 1.000000000000000082e-05
5.856294143507045718e-05 5.295928175061590616e-05 1.000000000000000082e-05 1.000000000000000082e-05 1.000000000000000082e-05
0.000000000000000000e+00 0.000000000000000000e+00 -0.000000000000000000e+00 -0.000000000000000000e+00 0.000000000000000000e+00
0.000000000000000000e+00 0.000000000000000000e+00 -0.000000000000000000e+00 -0.000000000000000000e+00 0.000000000000000000e+00
0.000000000000000000e+00 0.000000000000000000e+00 -0.000000000000000000e+00 -0.000000000000000000e+00 0.000000000000000000e+00
0.000000000000000000e+00 0.000000000000000000e+00 -0.000000000000000000e+00 -0.000000000000000000e+00 0.000000000000000000e+00
1.000000000000000082e-05 1.008482268251596146e-04 1.000000000000000082e-05 2.634769689144906418e-04 1.000000000000000082e-05
1.000000000000000082e-05 2.128935062967146456e-04 1.000000000000000082e-05 1.565986297490089317e-03 1.000000000000000082e-05
1.000000000000000082e-05 1.925980466369894405e-03 1.000000000000000082e-05 8.678112609157944551e-03 1.000000000000000082e-05
1.000000000000000082e-05 1.482618106070829334e-02 1.000000000000000082e-05 2.183681562073872331e-02 1.000000000000000082e-05
1.000000000000000082e-05 3.300891642277264254e-02 3.931085654095826292e-04 4.280643328700262096e-02 1.000000000000000082e-05
1.000000000000000082e-05 4.856098098342383207e-02 1.135748266232608017e-03 6.276493833178430071e-02 1.000000000000000082e-05
1.000000000000000082e-05 6.257025645474756370e-02 1.749023215428874766e-03 7.537913083305113060e-02 1.000000000000000082e-05
6.794639818321682005e-03 8.057876403906594209e-02 1.000000000000000082e-05 7.418778535039322053e-02 1.000000000000000082e-05
3.142691985416058709e-02 1.012304873070327821e-01 1.000000000000000082e-05 6.159686647405362980e-02 1.000000000000000082e-05
5.678310945052523345e-02 1.166439625519415380e-01 1.000000000000000082e-05 4.076822075117030736e-02 1.000000000000000082e-05
7.558430072450410264e-02 1.275245363891184258e-01 1.000000000000000082e-05 1.740857507996038459e-02 1.000000000000000082e-05
7.435608753566973206e-02 1.393347191431882071e-01 1.000000000000000082e-05 2.454751658910195311e-03 1.000000000000000082e-05
5.372618223228117773e-02 1.508441153149389091e-01 1.000000000000000082e-05 8.068497605927771278e-04 1.000000000000000082e-05
1.918474456834247041e-02 1.507113422861630081e-01 1.014422629466068398e-02 1.280288922232888753e-02 1.000000000000000082e-05
1.000000000000000082e-05 1.141529889021858646e-01 5.550744495368615389e-02 4.392352570035260029e-02 1.989529874304219945e-02
1.000000000000000082e-05 4.672478924535804906e-02 8.680566456888134941e-02 7.991849446382714994e-02 5.005298646308820043e-02
2.212787402459287858e-02 1.000000000000000082e-05 7.351142362304378952e-02 9.326273046505163811e-02 6.884732144335468929e-02
9.260660908540151171e-02 1.000000000000000082e-05 2.808467589215756649e-02 6.619852402436655903e-02 4.866966611284190281e-02
1.297301475393786707e-01 1.000000000000000082e-05 1.000000000000000082e-05 1.895408732321440110e-02 1.888127901780732934e-02
1.032917436156083474e-01 1.000000000000000082e-05 1.000000000000000082e-05 1.000000000000000082e-05 5.563196844319004755e-03
5.191246263816973183e-02 1.799494366247534260e-03 1.000000000000000082e-05 1.000000000000000082e-05 3.837887453663006362e-03
1.260046683237551687e-02 1.446751719430615368e-03 1.000000000000000082e-05 1.000000000000000082e-05 8.261116011420913249e-04
3.304593564985792075e-04 1.612827962717178112e-04 1.000000000000000082e-05 1.804705553656001587e-05 1.000000000000000082e-05
1.000000000000000082e-05 5.776765833298758883e-05 1.982677839871620050e-05 1.000000000000000082e-05 1.000000000000000082e-05
0.000000000000000000e+00 0.000000000000000000e+00 -0.000000000000000000e+00 -0.000000000000000000e+00 0.000000000000000000e+00
0.000000000000000000e+00 0.000000000000000000e+00 -0.000000000000000000e+00 -0.000000000000000000e+00 0.000000000000000000e+00
0.000000000000000000e+00 0.000000000000000000e+00 -0.000000000000000000e+00 -0.000000000000000000e+00 0.000000000000000000e+00
0.000000000000000000e+00 0.000000000000000000e+00 -0.000000000000000000e+00 -0.000000000000000000e+00 0.000000000000000000e+00
1.406062971338399074e-05 1.264557558861961457e-04 1.000000000000000082e-05 3.071471156588880848e-04 1.000000000000000082e-05
1.000000000000000082e-05 3.980707527613450538e-04 1.000000000000000082e-05 9.819991504734415424e-04 1.000000000000000082e-05
1.000000000000000082e-05 2.592929565688309890e-03 1.000000000000000082e-05 7.634035497465216542e-03 1.000000000000000082e-05
1.000000000000000082e-05 1.538016899875735768e-02 1.000000000000000082e-05 1.956608643053204394e-02 1.000000000000000082e-05
1.000000000000000082e-05 3.574585941497705754e-02 1.000000000000000082e-05 3.411919347720875073e-02 1.000000000000000082e-05
1.000000000000000082e-05 4.959201232784170993e-02 1.000000000000000082e-05 4.641382727445093198e-02 1.000000000000000082e-05
4.932087172534842245e-03 6.087758762265884499e-02 1.000000000000000082e-05 5.014116302928073310e-02 1.000000000000000082e-05
1.858852549867705262e-02 7.344424785934276778e-02 1.000000000000000082e-05 4.630722512050474554e-02 1.000000000000000082e-05
3.643244381370378676e-02 8.523952296594522471e-02 1.000000000000000082e-05 3.280026378182011870e-02 1.000000000000000082e-05
5.054312844151386680e-02 9.200964349047828506e-02 1.000000000000000082e-05 1.281100882367232352e-02 1.000000000000000082e-05
5.310407750894102774e-02 9.459172572371730980e-02 1.000000000000000082e-05 1.000000000000000082e-05 1.000000000000000082e-05
4.509126143597961406e-02 1.000988070963789722e-01 1.000000000000000082e-05 1.000000000000000082e-05 1.000000000000000082e-05
2.377806480310543438e-02 1.151218539417437903e-01 1.000000000000000082e-05 1.000000000000000082e-05 1.000000000000000082e-05
1.000000000000000082e-05 1.326457792364553745e-01 2.571794420065977999e-02 1.000000000000000082e-05 1.000000000000000082e-05
1.000000000000000082e-05 1.171540034886831977e-01 7.366003039735483093e-02 1.916738018504809266e-02 7.094059211239671370e-03
1.000000000000000082e-05 5.772791288706358159e-02 1.002569500972777805e-01 7.055385716411441410e-02 3.176788911406159405e-02
1.772648798171213083e-02 1.000000000000000082e-05 7.539644880464001220e-02 9.972881709170929032e-02 5.828113560774864088e-02
8.715229198922415377e-02 1.000000000000000082e-05 2.080192021039912326e-02 8.217409834163197369e-02 5.507463024985178451e-02
1.238896861938425104e-01 1.000000000000000082e-05 1.000000000000000082e-05 3.231683717761923980e-02 2.936615629423758311e-02
9.581467474197065404e-02 1.000000000000000082e-05 1.000000000000000082e-05 1.000000000000000082e-05 1.451010333661281217e-02
4.501955669514480507e-02 8.797230742064219384e-04 1.000000000000000082e-05 1.000000000000000082e-05 9.858303513694670686e-03
1.039982660317923663e-02 1.460143492222599169e-03 1.000000000000000082e-05 1.000000000000000082e-05 2.513424364389177899e-03
1.297138855741462643e-04 2.149101486970409413e-04 1.000000000000000082e-05 5.942032672809143093e-05 1.000000000000000082e-05
1.000000000000000082e-05 2.319876219626193668e-05 1.000000000000000082e-05 1.000000000000000082e-05 6.823019065021872677e-06
1.000000000000000082e-05 1.000000000000000082e-05 5.447429509386868886e-07 2.004933381717428677e-07 6.414388063300626553e-07
0.000000000000000000e+00 0.000000000000000000e+00 -0.000000000000000000e+00 -0.000000000000000000e+00 0.000000000000000000e+00
0.000000000000000000e+00 0.000000000000000000e+00 -0.000000000000000000e+00 -0.000000000000000000e+00 0.000000000000000000e+00
0.000000000000000000e+00 0.000000000000000000e+00 -0.000000000000000000e+00 -0.000000000000000000e+00 0.000000000000000000e+00
1.000000000000000082e-05 6.879165267441641064e-05 1.000000000000000082e-05 1.638624630887439441e-04 1.000000000000000082e-05
7.253842479990138005e-05 4.162093747526153455e-04 1.000000000000000082e-05 4.973340788895768295e-04 1.000000000000000082e-05
1.000000000000000082e-05 2.817035226369349332e-03 1.000000000000000082e-05 4.045804929365995686e-03 1.000000000000000082e-05
1.000000000000000082e-05 1.264271800427092286e-02 1.000000000000000082e-05 1.216738876325744109e-02 1.000000000000000082e-05
1.000000000000000082e-05 2.863147464768062492e-02 1.000000000000000082e-05 2.165456381040701053e-02 1.000000000000000082e-05
2.228634759852702631e-03 3.751190212719108380e-02 1.000000000000000082e-05 2.647353578589094550e-02 1.000000000000000082e-05
1.032936497451886725e-02 4.459115451712702266e-02 1.000000000000000082e-05 2.823834794279425978e-02 1.000000000000000082e-05
1.890593261105657369e-02 5.086177567951687822e-02 1.000000000000000082e-05 2.478280438696093407e-02 1.000000000000000082e-05
2.941249767004687488e-02 5.526086452618431816e-02 1.000000000000000082e-05 1.442973436992469986e-02 1.000000000000000082e-05
3.274722853018863927e-02 5.430649261543814971e-02 1.000000000000000082e-05 2.070128004467916127e-03 1.000000000000000082e-05
2.871190604137535338e-02 5.422816740389502232e-02 1.000000000000000082e-05 1.000000000000000082e-05 1.000000000000000082e-05
1.814812343795646488e-02 5.888491619046460485e-02 1.000000000000000082e-05 1.000000000000000082e-05 1.000000000000000082e-05
1.869142622231450461e-03 8.248637383175996818e-02 1.229542474278443737e-02 1.000000000000000082e-05 1.000000000000000082e-05
1.000000000000000082e-05 1.132729151447389032e-01 5.230245116981586950e-02 1.000000000000000082e-05 1.000000000000000082e-05
1.000000000000000082e-05 1.118323151155341394e-01 1.006686864069717274e-01 4.793148499683539884e-03 1.000000000000000082e-05
1.000000000000000082e-05 6.345087970838898805e-02 1.084912221060392867e-01 6.104237961764705234e-02 1.293534049524825737e-02
3.518416263852806869e-02 1.000000000000000082e-05 6.356935769580034090e-02 1.012062028632893101e-01 4.790681019908839960e-02
9.341232135310054141e-02 1.000000000000000082e-05 3.763378340877336289e-03 8.942418579506689058e-02 6.237250353011327547e-02
1.132682682296003995e-01 1.000000000000000082e-05 1.000000000000000082e-05 3.981992664840917212e-02 4.211662258243543261e-02
8.017609047822951696e-02 1.000000000000000082e-05 1.000000000000000082e-05 4.569394026628210981e-03 2.308826579957196784e-02
3.315261412113909567e-02 1.000000000000000082e-05 1.000000000000000082e-05 1.000000000000000082e-05 1.356768348831087836e-02
6.830086355561397135e-03 9.903988882140341964e-04 1.000000000000000082e-05 1.000000000000000082e-05 3.624396288040186102e-03
1.217455154588470068e-05 4.898601090808756822e-04 1.000000000000000082e-05 1.440172345999365369e-04 1.305100956254062435e-04
1.000000000000000082e-05 1.967043280429037872e-04 6.967786449004484075e-06 1.000000000000000082e-05 8.979021869034925572e-05
1.000000000000000082e-05 6.774704356223572820e-05 1.000000000000000082e-05 5.192418033403904909e-05 1.036693919146511089e-04
0.000000000000000000e+00 0.000000000000000000e+00 -0.000000000000000000e+00 -0.000000000000000000e+00 0.000000000000000000e+00
0.000000000000000000e+00 0.000000000000000000e+00 -0.000000000000000000e+00 -0.000000000000000000e+00 0.000000000000000000e+00
0.000000000000000000e+00 0.000000000000000000e+00 -0.000000000000000000e+00 -0.000000000000000000e+00 0.000000000000000000e+00
0.000000000000000000e+00 0.000000000000000000e+00 -0.000000000000000000e+00 -0.000000000000000000e+00 0.000000000000000000e+00
1.214276810003243570e-04 2.329804206795504484e-04 1.000000000000000082e-05 2.256603924829327144e-04 1.000000000000000082e-05
3.367729882613407027e-04 2.055896198064594439e-03 1.000000000000000082e-05 2.087639535248736033e-03 1.000000000000000082e-05
5.469532170413599070e-04 8.944371874390002683e-03 1.000000000000000082e-05 6.645598383012895662e-03 1.000000000000000082e-05
8.318824865993006091e-04 1.777812207436600678e-02 1.000000000000000082e-05 1.016717505038691911e-02 1.000000000000000082e-05
2.605297453889199137e-03 2.156555324937052542e-02 1.000000000000000082e-05 1.206335614957736863e-02 1.000000000000000082e-05
8.236727731031767349e-03 2.276878962215461710e-02 1.000000000000000082e-05 1.338765592956053449e-02 1.000000000000000082e-05
1.262501023180187358e-02 2.635952613349155926e-02 1.000000000000000082e-05 1.153924746766100268e-02 1.000000000000000082e-05
1.595792390384710713e-02 2.773453878558990865e-02 1.000000000000000082e-05 5.782050199638524846e-03 1.000000000000000082e-05
1.475833527596943570e-02 2.784209957218145709e-02 1.000000000000000082e-05 1.000000000000000082e-05 1.000000000000000082e-05
7.927291648456910936e-03 2.965201233927229965e-02 1.000000000000000082e-05 1.000000000000000082e-05 3.224209421883723718e-03
1.000000000000000082e-05 4.002793865155508668e-02 1.022812046016333826e-02 1.000000000000000082e-05 7.391841100424460104e-03
1.000000000000000082e-05 6.991444732898277614e-02 3.901421691204047526e-02 1.000000000000000082e-05 1.000000000000000082e-05
1.000000000000000082e-05 1.035064072792487161e-01 8.738374206904822583e-02 1.000000000000000082e-05 1.000000000000000082e-05
1.000000000000000082e-05 1.059752790571672487e-01 1.201190620227452904e-01 7.483782163881011864e-04 1.000000000000000082e-05
1.615222053161803617e-02 6.407789021362836346e-02 9.913254156250593530e-02 6.004363873994154194e-02 7.827976248000120818e-04
6.111514794635718867e-02 2.784406178379229910e-03 3.699118818989011875e-02 1.022860640698270013e-01 4.564663436197700930e-02
9.657238364646811291e-02 1.000000000000000082e-05 1.000000000000000082e-05 8.979092227304670548e-02 7.271752659346585046e-02
9.437424535017485683e-02 1.000000000000000082e-05 1.000000000000000082e-05 4.248491148324295974e-02 5.573873923642932993e-02
5.584111548208929576e-02 1.000000000000000082e-05 1.000000000000000082e-05 8.768702228518708910e-03 3.215235702807262702e-02
2.024422646728336883e-02 1.000000000000000082e-05 1.000000000000000082e-05 7.025967668558927987e-04 1.384897016816507426e-02
3.597772668349815545e-03 3.858092948264147792e-04 1.000000000000000082e-05 2.349911247365799657e-04 4.181327656705247781e-03
1.000000000000000082e-05 1.052776513457149687e-03 1.000000000000000082e-05 1.000000000000000082e-05 6.034774861575919894e-04
1.000000000000000082e-05 8.521859864758615961e-04 1.000000000000000082e-05 1.000000000000000082e-05 2.338358628386376153e-04
1.000000000000000082e-05 2.458522831081756731e-05 1.000000000000000082e-05 1.000000000000000082e-05 2.383442975779727344e-06
0.000000000000000000e+00 0.000000000000000000e+00 -0.000000000000000000e+00 -0.000000000000000000e+00 0.000000000000000000e+00
0.000000000000000000e+00 0.000000000000000000e+00 -0.000000000000000000e+00 -0.000000000000000000e+00 0.000000000000000000e+00
0.000000000000000000e+00 0.000000000000000000e+00 -0.000000000000000000e+00 -0.000000000000000000e+00 0.000000000000000000e+00
0.000000000000000000e+00 0.000000000000000000e+00 -0.000000000000000000e+00 -0.000000000000000000e+00 0.000000000000000000e+00
6.148849204319780347e-05 3.829024476009301980e-05 1.000000000000000082e-05 2.576070526851339539e-04 1.000000000000000082e-05
3.938953171533222768e-04 1.282466161081530177e-03 1.000000000000000082e-05 1.127225658922179985e-03 1.000000000000000082e-05
4.269590392508853952e-04 5.610495231185803205e-03 1.000000000000000082e-05 3.323781116704770892e-03 1.000000000000000082e-05
1.063378211819514859e-03 8.172859279841819188e-03 1.000000000000000082e-05 4.729282910305033193e-03 1.000000000000000082e-05
2.067267688391565775e-03 9.011210969070520410e-03 1.000000000000000082e-05 5.383095330641502092e-03 1.000000000000000082e-05
4.666927091756862059e-03 8.829472849598288958e-03 1.000000000000000082e-05 6.320017797128302424e-03 9.407375286614678761e-04
5.439362982701283732e-03 9.588926139776529980e-03 1.000000000000000082e-05 4.542878170558545779e-03 5.300139994447158019e-03
3.138547014882771876e-03 1.036258390566679143e-02 1.000000000000000082e-05 1.095115913244034235e-03 1.200157747000288495e-02
1.000000000000000082e-05 1.357971304485968735e-02 2.234826387903451200e-03 1.000000000000000082e-05 1.841601849511993738e-02
1.000000000000000082e-05 2.187805873152405892e-02 1.078663718198556894e-02 1.000000000000000082e-05 2.241352315020413502e-02
1.000000000000000082e-05 3.939105545776736689e-02 3.370369620990348175e-02 1.000000000000000082e-05 1.835214294778982069e-02
1.000000000000000082e-05 6.980030661550125359e-02 7.574203769893020355e-02 1.000000000000000082e-05 7.098845992794079263e-04
1.000000000000000082e-05 9.941975515801033947e-02 1.158584025916495758e-01 1.000000000000000082e-05 1.000000000000000082e-05
1.317489427191420592e-02 1.006229040671287323e-01 1.178566245801061368e-01 8.464109113345125862e-03 1.000000000000000082e-05
4.918261084066608002e-02 5.779824998304318451e-02 6.998385071604963648e-02 6.836176186297472646e-02 2.298239848736361238e-03
8.072279146191196908e-02 1.615348011155612741e-04 3.159396194255217460e-03 1.047628120596179740e-01 5.706532217198952844e-02
8.823524641522446921e-02 1.000000000000000082e-05 1.000000000000000082e-05 8.587360416355117876e-02 8.585014041214292235e-02
6.723087743329098087e-02 1.000000000000000082e-05 1.000000000000000082e-05 4.113410313097694976e-02 6.636120201984035960e-02
3.232084858465882754e-02 1.000000000000000082e-05 1.000000000000000082e-05 1.054131265833899676e-02 3.599970053405210368e-02
9.568598600607547411e-03 1.000000000000000082e-05 1.000000000000000082e-05 2.590260699831561670e-03 1.316930546264783418e-02
9.276079843496738177e-04 9.606771816372012152e-04 1.000000000000000082e-05 2.939957011862540993e-04 4.468206990628020327e-03
1.000000000000000082e-05 2.523763248525454604e-03 1.000000000000000082e-05 1.000000000000000082e-05 1.127366805464922930e-03
1.000000000000000082e-05 1.838029344163935336e-03 1.000000000000000082e-05 1.000000000000000082e-05 6.755279619989782922e-04
1.000000000000000082e-05 2.369100221374247127e-04 1.000000000000000082e-05 1.000000000000000082e-05 1.802499722260167902e-04
1.000000000000000082e-05 1.638371443543561835e-05 1.000000000000000082e-05 1.000000000000000082e-05 2.401348264102197178e-05
0.000000000000000000e+00 0.000000000000000000e+00 -0.000000000000000000e+00 -0.000000000000000000e+00 0.000000000000000000e+00
0.000000000000000000e+00 0.000000000000000000e+00 -0.000000000000000000e+00 -0.000000000000000000e+00 0.000000000000000000e+00
0.000000000000000000e+00 0.000000000000000000e+00 -0.000000000000000000e+00 -0.000000000000000000e+00 0.000000000000000000e+00
5.989119261797357281e-05 1.000000000000000082e-05 1.000000000000000082e-05 2.274482067258016735e-04 6.590103665099992104e-05
1.420778790892119085e-04 3.609157976982127784e-04 1.000000000000000082e-05 3.915369879937095768e-04 2.606039935504649214e-04
6.298819239071542283e-04 2.171671191360260121e-03 1.000000000000000082e-05 9.921638208858498623e-04 6.261498868504946236e-04
1.050220419100118905e-03 2.528141134120144053e-03 1.000000000000000082e-05 9.815356468701760904e-04 4.486672808350371591e-03
3.229153984744381864e-04 2.165215857412924362e-03 1.000000000000000082e-05 3.713938522116508843e-04 1.264202139242747401e-02
1.000000000000000082e-05 3.514372608558179200e-04 1.000000000000000082e-05 3.924140890261044144e-04 2.414799219723419432e-02
1.000000000000000082e-05 9.465348614153951384e-04 1.000000000000000082e-05 1.000000000000000082e-05 3.657824330309204092e-02
1.000000000000000082e-05 3.561235051354708515e-03 3.538735074335322070e-03 1.000000000000000082e-05 5.045831327590270116e-02
1.000000000000000082e-05 9.999252001371666809e-03 1.306084698750360762e-02 1.000000000000000082e-05 6.072412174356172504e-02
1.000000000000000082e-05 2.182547641601998226e-02 3.411193464877422532e-02 1.000000000000000082e-05 6.036357592753626572e-02
1.000000000000000082e-05 4.508838762222460578e-02 7.024052731241181569e-02 1.000000000000000082e-05 4.317497758818875098e-02
1.000000000000000082e-05 7.296259199477277135e-02 1.087071130389068441e-01 1.000000000000000082e-05 1.336254193268578659e-02
1.192189453812610850e-02 9.717829066697562801e-02 1.198882846256545398e-01 1.000000000000000082e-05 1.000000000000000082e-05
4.642190516169934084e-02 8.961868403096047431e-02 8.966792442892547454e-02 2.750250693824973086e-02 1.000000000000000082e-05
7.646256184640537468e-02 4.513602568771072493e-02 2.640471593572317130e-02 8.211580874227085436e-02 2.456537700137276237e-02
8.219901899516013355e-02 1.000000000000000082e-05 1.000000000000000082e-05 1.031924175728220622e-01 8.008455548366928689e-02
6.584517477094940785e-02 1.000000000000000082e-05 1.000000000000000082e-05 7.776404150611136712e-02 9.704390878965162004e-02
3.682527075262731486e-02 1.000000000000000082e-05 1.000000000000000082e-05 3.674735817240755431e-02 7.043293352621761427e-02
1.303027687282972379e-02 1.000000000000000082e-05 1.000000000000000082e-05 1.096714178999346270e-02 3.463542501616975050e-02
2.238088376172312540e-03 1.106838333064730272e-03 1.000000000000000082e-05 3.107948426795578180e-03 1.240060612415786953e-02
1.000000000000000082e-05 3.299912778176632405e-03 1.000000000000000082e-05 1.000000000000000082e-05 6.354147764975337509e-03
1.000000000000000082e-05 4.332859496776819003e-03 1.000000000000000082e-05 1.000000000000000082e-05 3.627958497258229522e-03
1.000000000000000082e-05 2.689547403216903474e-03 1.000000000000000082e-05 1.000000000000000082e-05 1.647549575549832291e-03
1.000000000000000082e-05 7.044693332021825273e-04 1.000000000000000082e-05 1.000000000000000082e-05 5.508400963213830846e-04
1.000000000000000082e-05 6.864211392777395081e-05 1.000000000000000082e-05 1.000000000000000082e-05 1.006082117546262133e-04
0.000000000000000000e+00 0.000000000000000000e+00 -0.000000000000000000e+00 -0.000000000000000000e+00 0.000000000000000000e+00
0.000000000000000000e+00 0.000000000000000000e+00 -0.000000000000000000e+00 -0.000000000000000000e+00 0.000000000000000000e+00
0.000000000000000000e+00 0.000000000000000000e+00 -0.000000000000000000e+00 -0.000000000000000000e+00 0.000000000000000000e+00
7.876601632522450868e-05 1.000000000000000082e-05 1.000000000000000082e-05 1.000000000000000082e-05 2.316418596683315163e-04
5.472098479641513682e-04 1.000000000000000082e-05 1.000000000000000082e-05 1.000000000000000082e-05 1.726842760941484220e-03
1.288336347506114331e-03 1.000000000000000082e-05 1.000000000000000082e-05 1.000000000000000082e-05 6.942700516195514718e-03
6.030232236672587081e-04 1.000000000000000082e-05 1.000000000000000082e-05 1.000000000000000082e-05 2.241391743817068571e-02
1.000000000000000082e-05 1.000000000000000082e-05 1.000000000000000082e-05 1.000000000000000082e-05 4.672796579674150241e-02
1.000000000000000082e-05 1.000000000000000082e-05 4.362501137528987350e-05 1.000000000000000082e-05 7.213267047168245294e-02
1.000000000000000082e-05 1.000000000000000082e-05 3.823684783599510303e-03 1.000000000000000082e-05 9.638112649435516543e-02
1.000000000000000082e-05 1.000000000000000082e-05 1.373038219549184771e-02 1.000000000000000082e-05 1.160024411273431338e-01
1.000000000000000082e-05 1.111210649073938843e-02 3.252220025562369693e-02 1.000000000000000082e-05 1.208409463268175776e-01
1.000000000000000082e-05 2.998000065676010434e-02 6.364435459382897231e-02 1.000000000000000082e-05 1.071754655422760966e-01
1.000000000000000082e-05 5.461145168556489488e-02 9.722216975234611314e-02 1.000000000000000082e-05 7.833668597066241468e-02
1.111881060323048794e-02 7.934461119821059616e-02 1.123380923408852095e-01 1.000000000000000082e-05 4.403897799456820555e-02
4.172208699813809846e-02 9.033689589174392909e-02 9.380808267127928313e-02 1.096254070317145835e-02 1.817617126964973101e-02
7.136898713098524527e-02 7.162525587985928144e-02 4.292143566458690718e-02 5.586060993357022664e-02 2.555561968981632723e-02
7.907921101568976541e-02 2.626928842435670083e-02 1.000000000000000082e-05 9.255670573132214474e-02 6.816509663527257901e-02
6.314543243951174778e-02 1.000000000000000082e-05 1.000000000000000082e-05 9.565781862001669633e-02 1.088945401605761476e-01
3.501569292609200273e-02 1.000000000000000082e-05 1.000000000000000082e-05 6.696793542829754253e-02 1.077097523435174425e-01
1.276288365385778653e-02 1.000000000000000082e-05 1.000000000000000082e-05 3.187742815468177365e-02 7.042047960827230169e-02
1.152393851214707048e-03 1.000000000000000082e-05 1.000000000000000082e-05 9.349485637296948981e-03 3.412291458062912536e-02
1.000000000000000082e-05 6.140195476233800860e-03 1.000000000000000082e-05 1.512759429335074242e-03 1.500070900549261774e-02
1.000000000000000082e-05 8.344982057563033254e-03 1.000000000000000082e-05 1.000000000000000082e-05 8.904689125469720037e-03
1.000000000000000082e-05 8.542174393132968488e-03 1.000000000000000082e-05 1.000000000000000082e-05 6.327526861382671772e-03
1.000000000000000082e-05 5.493954538413146210e-03 1.000000000000000082e-05 1.000000000000000082e-05 3.147787955299444999e-03
1.000000000000000082e-05 2.038664948392784372e-03 1.000000000000000082e-05 1.000000000000000082e-05 1.107922645435601349e-03
1.000000000000000082e-05 5.225215770428040090e-05 1.000000000000000082e-05 1.000000000000000082e-05 1.992850225568731313e-05
0.000000000000000000e+00 0.000000000000000000e+00 -0.000000000000000000e+00 -0.000000000000000000e+00 0.000000000000000000e+00
0.000000000000000000e+00 0.000000000000000000e+00 -0.000000000000000000e+00 -0.000000000000000000e+00 0.000000000000000000e+00
1.000000000000000082e-05 2.172641084208717599e-05 1.000000000000000082e-05 1.000000000000000082e-05 7.588890605184713152e-05
4.028833583684825518e-04 1.000000000000000082e-05 1.000000000000000082e-05 1.000000000000000082e-05 1.159042206131017522e-03
1.764915763835515818e-03 1.000000000000000082e-05 1.000000000000000082e-05 1.000000000000000082e-05 5.933918617810669642e-03
3.881618951979163342e-03 1.000000000000000082e-05 1.000000000000000082e-05 1.000000000000000082e-05 2.405077842755798390e-02
3.472009982269249305e-03 1.000000000000000082e-05 1.000000000000000082e-05 1.000000000000000082e-05 5.876394490182480779e-02
2.422730576760777702e-03 1.000000000000000082e-05 1.000000000000000082e-05 1.000000000000000082e-05 9.931895130898606150e-02
1.000000000000000082e-05 1.000000000000000082e-05 2.611851887066392233e-03 1.000000000000000082e-05 1.337795158040103183e-01
1.000000000000000082e-05 1.000000000000000082e-05 1.182923154286172340e-02 1.000000000000000082e-05 1.552635834029909290e-01
3.275223878635606829e-03 1.256343005094339056e-02 2.784275145810418198e-02 1.000000000000000082e-05 1.579958022109419769e-01
9.988890259733198759e-03 3.173681602353711773e-02 5.429234135124776789e-02 1.000000000000000082e-05 1.442054695273705389e-01
1.818684294328697798e-02 5.492435541290972140e-02 8.453190234409918569e-02 1.000000000000000082e-05 1.184956361913877543e-01
3.171823238230019743e-02 7.560521403624030634e-02 1.010155446508133187e-01 1.000000000000000082e-05 8.655383491330212453e-02
4.961852740066673845e-02 8.456022493687748165e-02 8.792942977887932554e-02 8.603950212082420168e-03 6.421570327955797297e-02
7.008038069395843006e-02 8.125915196559635456e-02 4.471240775729850431e-02 4.412135722417321465e-02 5.664402559884749305e-02
7.552147007236183207e-02 5.261956479849388968e-02 1.000000000000000082e-05 7.794628329259054023e-02 7.751946373476810426e-02
6.177165824735101479e-02 1.416505526888468466e-02 1.000000000000000082e-05 9.195957561603429475e-02 1.161289795967981320e-01
3.148781605942784639e-02 1.000000000000000082e-05 1.000000000000000082e-05 8.473942552211365109e-02 1.360113436301375323e-01
5.180641497684705665e-03 1.000000000000000082e-05 1.000000000000000082e-05 5.520189592107851290e-02 1.175146342450127945e-01
1.000000000000000082e-05 1.922758980869336163e-03 1.000000000000000082e-05 2.662849809863244294e-02 7.512342106216540749e-02
1.000000000000000082e-05 1.343738637521498143e-02 1.000000000000000082e-05 6.423104975793032106e-03 4.112060590126487281e-02
1.000000000000000082e-05 1.967563495359641798e-02 1.000000000000000082e-05 1.000000000000000082e-05 2.472446209350295451e-02
1.000000000000000082e-05 2.166391397867843682e-02 1.000000000000000082e-05 1.000000000000000082e-05 1.761423651330275980e-02
1.000000000000000082e-05 1.891786115162134504e-02 1.000000000000000082e-05 1.000000000000000082e-05 1.078610132789616441e-02
1.000000000000000082e-05 1.148650970437107427e-02 1.000000000000000082e-05 1.000000000000000082e-05 5.223553880409067401e-03
1.000000000000000082e-05 4.175811111446279915e-03 1.000000000000000082e-05 1.000000000000000082e-05 1.294815549728352624e-03
1.000000000000000082e-05 3.676072651217666552e-04 1.000000000000000082e-05 1.000000000000000082e-05 8.359788133117072861e-05
0.000000000000000000e+00 0.000000000000000000e+00 -0.000000000000000000e+00 -0.000000000000000000e+00 0.000000000000000000e+00
0.000000000000000000e+00 0.000000000000000000e+00 -0.000000000000000000e+00 -0.000000000000000000e+00 0.000000000000000000e+00
5.427349294494212883e-05 5.566206246555114733e-05 1.000000000000000082e-05 2.927008850424945050e-05 1.904448006914126218e-04
1.548907239384654652e-03 1.000000000000000082e-05 1.000000000000000082e-05 1.000000000000000082e-05 2.691698591719433615e-03
6.707886355692568858e-03 1.000000000000000082e-05 1.000000000000000082e-05 1.000000000000000082e-05 1.544895658823652700e-02
1.350096381419556638e-02 1.000000000000000082e-05 1.000000000000000082e-05 1.000000000000000082e-05 5.126071397453785261e-02
1.682021997866915697e-02 1.000000000000000082e-05 1.000000000000000082e-05 1.000000000000000082e-05 1.017855510966550886e-01
1.839031668686761170e-02 1.000000000000000082e-05 1.244329140535091558e-04 1.000000000000000082e-05 1.425629235107106485e-01
2.115211608150277880e-02 7.050484417881026748e-03 9.340915392765276881e-03 1.000000000000000082e-05 1.610808034075768280e-01
2.879917843923950060e-02 2.447106803543544137e-02 2.544158393386598827e-02 1.000000000000000082e-05 1.518331493766488238e-01
3.783621488625698442e-02 5.057234324808678599e-02 5.125703961964781646e-02 1.000000000000000082e-05 1.227539132402923755e-01
5.058866407788004810e-02 7.448059094751961762e-02 7.769585770737078012e-02 1.000000000000000082e-05 9.095978095712703437e-02
6.225401538951879504e-02 9.106255181493960738e-02 9.148033434293566246e-02 1.000000000000000082e-05 6.712670173681141439e-02
7.340950867387799339e-02 9.847034474305374485e-02 8.013673599398972447e-02 1.081695536162386242e-02 5.626002924939530608e-02
8.066796799922254513e-02 9.267690026903896428e-02 4.468442867029926574e-02 4.070720325994042071e-02 6.496707140657237423e-02
7.851658821416943046e-02 7.520630966272488782e-02 3.591101262528981816e-03 6.750672480130850972e-02 8.833322814944173651e-02
6.429517378737961697e-02 4.588739359901240072e-02 1.000000000000000082e-05 8.205318760815076551e-02 1.230327687068435843e-01
3.437398697324076796e-02 2.185805792405685552e-02 1.000000000000000082e-05 7.905707585198802623e-02 1.533811123445885660e-01
2.023875782543791118e-03 1.399369989988645709e-02 1.000000000000000082e-05 6.551192767350152990e-02 1.554475623394578898e-01
1.000000000000000082e-05 2.269038324579632573e-02 1.000000000000000082e-05 3.944940481655412334e-02 1.269277430925785377e-01
1.000000000000000082e-05 3.527389200708805350e-02 1.000000000000000082e-05 1.728189936225757450e-02 8.947821249596150939e-02
1.000000000000000082e-05 4.367494409177257592e-02 1.000000000000000082e-05 1.725722016433350837e-03 5.783083185090060613e-02
1.000000000000000082e-05 4.851941025631479470e-02 1.000000000000000082e-05 1.000000000000000082e-05 3.796101727118847413e-02
1.000000000000000082e-05 4.672463644755193990e-02 1.000000000000000082e-05 1.000000000000000082e-05 2.738773931467438152e-02
1.000000000000000082e-05 3.733499842267588853e-02 1.000000000000000082e-05 1.000000000000000082e-05 1.632266454548121290e-02
1.000000000000000082e-05 2.159210715593777585e-02 1.000000000000000082e-05 1.000000000000000082e-05 6.371633430549940996e-03
1.000000000000000082e-05 4.983961015681832862e-03 1.000000000000000082e-05 1.000000000000000082e-05 1.183244170900124093e-03
1.000000000000000082e-05 2.634707809203382925e-04 1.000000000000000082e-05 1.000000000000000082e-05 1.301653399035087796e-04
0.000000000000000000e+00 0.000000000000000000e+00 -0.000000000000000000e+00 -0.000000000000000000e+00 0.000000000000000000e+00
0.000000000000000000e+00 0.000000000000000000e+00 -0.000000000000000000e+00 -0.000000000000000000e+00 0.000000000000000000e+00
1.453463866000440790e-04 2.926824869089631143e-05 1.000000000000000082e-05 1.000000000000000082e-05 2.531438615412463290e-04
5.007664539914636649e-03 1.000000000000000082e-05 1.000000000000000082e-05 1.000000000000000082e-05 6.254747127214944045e-03
1.845270013268008116e-02 1.000000000000000082e-05 1.000000000000000082e-05 1.000000000000000082e-05 2.899818899497735164e-02
3.414459796549110943e-02 1.000000000000000082e-05 1.000000000000000082e-05 1.000000000000000082e-05 7.307670364483330461e-02
3.887630183056783179e-02 4.086350275479923907e-04 1.000000000000000082e-05 1.000000000000000082e-05 1.262954527170480346e-01
4.268126387236476083e-02 1.307479752317747788e-02 5.593488283567947528e-03 1.000000000000000082e-05 1.493193755995056160e-01
4.545410480322278207e-02 3.389914487475582938e-02 2.407802277224699652e-02 1.000000000000000082e-05 1.349822611215821533e-01
5.331599265076407412e-02 6.377642841538108676e-02 5.179537968261652137e-02 1.000000000000000082e-05 9.144709528218507300e-02
6.578473954710040150e-02 8.981249008204048034e-02 7.790080417801906187e-02 1.000000000000000082e-05 4.495010779344740109e-02
8.080898750531233243e-02 1.088152715895086969e-01 9.268039942732757275e-02 1.000000000000000082e-05 1.244295186470172759e-02
9.406447320630463571e-02 1.188961754315860514e-01 8.111873556685537945e-02 6.964128303084930402e-03 2.221745375397021858e-03
9.706838292948706537e-02 1.161434642276118478e-01 5.097111099174415211e-02 3.267993370947794990e-02 2.227043437005592555e-02
9.055038446092028570e-02 1.013333695892962988e-01 1.409427511795634594e-02 5.612476693534881184e-02 5.804709483180178764e-02
7.428080422989168097e-02 7.803536892334517194e-02 1.000000000000000082e-05 6.944724911908915777e-02 1.008796446448217421e-01
5.063010600964744368e-02 5.694108925597770460e-02 1.000000000000000082e-05 6.846192015861232716e-02 1.346275360510239549e-01
2.291550610371196825e-02 4.580063675835530784e-02 1.000000000000000082e-05 5.925895809069079562e-02 1.528024501491409837e-01
1.000000000000000082e-05 4.892523039204844243e-02 1.000000000000000082e-05 4.206348142098904896e-02 1.483250942755485191e-01
1.000000000000000082e-05 5.953344823442036082e-02 1.000000000000000082e-05 2.135778980993259871e-02 1.265415159726820116e-01
1.000000000000000082e-05 7.082788103702972182e-02 1.000000000000000082e-05 5.556987124611620713e-03 9.845057424595572704e-02
1.000000000000000082e-05 7.795102832181416419e-02 1.000000000000000082e-05 1.000000000000000082e-05 7.027822720827292535e-02
1.000000000000000082e-05 7.795910062827983433e-02 1.000000000000000082e-05 1.000000000000000082e-05 4.754133441448023939e-02
1.000000000000000082e-05 6.983368037665579897e-02 1.000000000000000082e-05 1.000000000000000082e-05 3.164021036095059775e-02
1.000000000000000082e-05 5.400042002688292681e-02 1.000000000000000082e-05 1.000000000000000082e-05 1.897048786834691983e-02
1.000000000000000082e-05 2.793560810390374738e-02 1.000000000000000082e-05 1.000000000000000082e-05 7.595420654358596250e-03
1.000000000000000082e-05 5.458297924812943215e-03 1.000000000000000082e-05 1.000000000000000082e-05 9.331190749715810757e-04
1.000000000000000082e-05 2.508958491790316738e-04 1.000000000000000082e-05 1.000000000000000082e-05 3.989307515906033701e-05
0.000000000000000000e+00 0.000000000000000000e+00 -0.000000000000000000e+00 -0.000000000000000000e+00 0.000000000000000000e+00
0.000000000000000000e+00 0.000000000000000000e+00 -0.000000000000000000e+00 -0.000000000000000000e+00 0.000000000000000000e+00
2.987588857845358773e-04 2.587048422226442891e-05 1.000000000000000082e-05 1.000000000000000082e-05 1.090475942313803712e-04
1.110280939152478302e-02 1.000000000000000082e-05 1.000000000000000082e-05 1.000000000000000082e-05 8.511484253915985176e-03
3.702563802834185624e-02 1.000000000000000082e-05 1.000000000000000082e-05 1.000000000000000082e-05 3.359064969103436882e-02
6.111236863985524542e-02 1.000000000000000082e-05 1.000000000000000082e-05 1.000000000000000082e-05 7.703615842212586939e-02
6.453298623747981411e-02 9.290194468608301351e-03 1.000000000000000082e-05 1.000000000000000082e-05 1.214984364690043783e-01
5.942843471080637430e-02 2.576122730774248887e-02 2.025335897190839313e-02 1.000000000000000082e-05 1.318517847567757528e-01
5.526509573879601067e-02 5.196403335048657007e-02 4.912965465497130119e-02 1.000000000000000082e-05 9.907412882538596532e-02
6.222456536540271060e-02 8.361670154791681076e-02 7.894199563464643354e-02 1.000000000000000082e-05 4.608715981020965191e-02
7.659923406681255764e-02 1.080282112746638601e-01 9.642258073905697613e-02 1.000000000000000082e-05 3.454594939149571546e-03
9.310431147155949494e-02 1.225995436351316747e-01 8.973313276094679880e-02 2.305790560844634025e-03 1.000000000000000082e-05
1.039436181539020870e-01 1.252962558864443021e-01 6.399435469597893056e-02 2.027378993770924051e-02 1.000000000000000082e-05
1.007926065726799381e-01 1.182883478669188859e-01 3.190135734443624166e-02 4.096000185335269689e-02 2.142647143766875789e-02
8.476719989953913903e-02 9.709131028734378777e-02 9.499862090627779129e-03 5.905887665570003914e-02 5.952639159411263897e-02
6.584566442062531055e-02 7.509660701797785110e-02 7.708503172698003914e-04 6.539907264387584407e-02 8.788469175712255999e-02
5.127576826089041973e-02 6.505842594939305334e-02 1.332322690217452299e-04 5.766118660286922992e-02 1.021537175538627662e-01
3.742816699571790279e-02 6.466547057457069925e-02 4.191821190209478465e-03 3.968702519823031488e-02 1.083770586267071151e-01
2.431366452399455133e-02 7.131582624810660354e-02 7.666193455793124563e-03 2.164536384017045484e-02 1.060312901872456914e-01
8.570368059733530705e-03 7.720939133991590320e-02 1.014774659990623669e-02 8.860648161580469973e-03 9.900308560718404371e-02
1.000000000000000082e-05 8.473690199013464430e-02 1.101878134601322855e-02 1.735953036071167090e-04 8.472329228167609083e-02
1.000000000000000082e-05 9.047516019160281586e-02 1.297490933446599631e-02 1.000000000000000082e-05 6.702331004322975572e-02
1.000000000000000082e-05 8.909931366611632819e-02 1.343099531170831654e-02 1.000000000000000082e-05 4.663650621153348635e-02
1.000000000000000082e-05 7.761805621066757144e-02 1.353736289763332427e-02 1.000000000000000082e-05 2.941650884831473189e-02
1.000000000000000082e-05 5.650997339441764938e-02 1.121566939076532564e-02 1.000000000000000082e-05 1.636144790082113415e-02
1.000000000000000082e-05 2.370903266459238601e-02 5.951450210239548483e-03 1.000000000000000082e-05 5.857347559861771254e-03
1.000000000000000082e-05 2.934774798115652797e-03 1.333470321340891190e-03 1.000000000000000082e-05 3.147186478648244688e-04
1.000000000000000082e-05 1.035435822574637957e-04 3.300083710523663249e-05 1.000000000000000082e-05 1.000000000000000082e-05
0.000000000000000000e+00 0.000000000000000000e+00 -0.000000000000000000e+00 -0.000000000000000000e+00 0.000000000000000000e+00
0.000000000000000000e+00 0.000000000000000000e+00 -0.000000000000000000e+00 -0.000000000000000000e+00 0.000000000000000000e+00
7.291500391202642350e-04 1.051332757490408543e-04 1.000000000000000082e-05 1.000000000000000082e-05 4.092209952366903573e-05
1.829344212403895276e-02 1.000000000000000082e-05 1.000000000000000082e-05 1.000000000000000082e-05 6.562329943409814237e-03
5.630830318551826447e-02 1.000000000000000082e-05 1.000000000000000082e-05 1.000000000000000082e-05 2.554449663497559281e-02
8.714763129407493425e-02 3.528983230095013432e-04 1.000000000000000082e-05 1.000000000000000082e-05 6.143895865023584618e-02
9.227622382793028433e-02 9.709007178183850020e-03 7.387015034615283977e-03 1.000000000000000082e-05 9.895710823584126514e-02
7.935650958724294046e-02 2.503926612762033890e-02 3.633886766615714720e-02 1.000000000000000082e-05 1.093665385939469881e-01
6.750981591655147440e-02 4.723130954754517496e-02 7.115706625322809620e-02 1.000000000000000082e-05 8.609414367578734073e-02
6.979079881877911506e-02 7.489295967183479119e-02 9.627046942835376653e-02 7.683578141478464296e-03 4.306108993798458962e-02
8.469168338572900800e-02 9.585637710024223768e-02 9.835001029669317163e-02 1.491718732243561656e-02 9.330341214215446405e-03
9.642049557801318782e-02 1.053732284549375869e-01 8.131523397721286683e-02 2.757314398395755567e-02 6.611874112061542344e-04
9.545399726897653425e-02 1.025501954980406610e-01 5.867160819490827017e-02 4.538740937261206976e-02 1.059293893666627545e-02
8.040642902513067680e-02 8.656167596739600123e-02 4.192630085045206262e-02 6.508620473267022477e-02 3.107130686349659707e-02
5.916350916528558684e-02 6.523524758585869110e-02 3.747541447253042307e-02 7.941774057214620597e-02 4.796320850219566723e-02
5.076997789353378948e-02 5.348488202023921750e-02 4.317654907218086702e-02 7.704354973340758750e-02 4.720710276198167993e-02
5.211630184260603038e-02 5.033570401829119689e-02 5.290520722580311502e-02 6.001842821720580062e-02 3.990449971460344886e-02
5.502020381879581951e-02 5.384637788222552957e-02 6.049290033043789455e-02 3.805799400803810267e-02 3.548017797663672451e-02
5.311277550348734305e-02 5.780813912045802694e-02 6.477426889687205869e-02 2.207044575646394113e-02 3.555991931602456302e-02
3.716670051776665984e-02 6.107663866298973510e-02 6.626090910313121862e-02 1.354699205845433935e-02 4.183268619521685744e-02
1.856706482143832479e-02 6.424157518908271691e-02 6.577110617447255725e-02 8.668797941619241568e-03 4.435687192247222965e-02
5.056321646173025583e-03 6.636093349389608764e-02 5.893804021786914343e-02 3.356346817854592279e-03 4.106867247696046469e-02
1.000000000000000082e-05 6.399890123001664155e-02 4.729704817367978709e-02 1.000000000000000082e-05 3.584825551457731380e-02
1.000000000000000082e-05 5.906001993731494620e-02 3.319700662407804731e-02 1.000000000000000082e-05 2.340134821261640255e-02
1.000000000000000082e-05 3.931006943450534447e-02 2.111803636722121499e-02 1.000000000000000082e-05 1.088207661761161384e-02
1.000000000000000082e-05 1.459481128339439569e-02 8.593808064695741475e-03 1.000000000000000082e-05 3.680067520073355882e-03
1.000000000000000082e-05 1.576454728672096973e-03 1.188425208202502662e-03 1.000000000000000082e-05 3.202318243403039482e-04
1.000000000000000082e-05 1.160076650114704454e-07 4.998831831110139119e-05 5.865945250785564463e-07 5.787822324387874990e-06
0.000000000000000000e+00 0.000000000000000000e+00 -0.000000000000000000e+00 -0.000000000000000000e+00 0.000000000000000000e+00
2.962654930662709062e-06 1.000000000000000082e-05 1.000000000000000082e-05 5.277180397198529270e-06 2.093655697114109397e-06
1.538218290899582901e-03 2.327991794183073646e-04 1.000000000000000082e-05 1.000000000000000082e-05 1.000000000000000082e-05
2.348089316063431409e-02 9.646566173757052881e-04 1.000000000000000082e-05 1.000000000000000082e-05 9.244960665078194540e-04
6.857515445075300364e-02 1.744414538851795987e-03 1.000000000000000082e-05 1.000000000000000082e-05 1.056627044389601977e-02
1.058542918865349458e-01 3.084342476277781870e-03 1.000000000000000082e-05 1.000000000000000082e-05 3.036504363145955260e-02
1.193160456490571092e-01 4.784971734451166393e-03 1.309861725631834145e-02 1.000000000000000082e-05 5.836378765364232807e-02
1.063344409804785479e-01 7.784002186429276465e-03 4.295918352664465645e-02 8.968740214219840653e-04 7.890389850218947065e-02
9.044247951662830187e-02 1.864085422977240433e-02 7.574592122023854346e-02 2.589519168523202186e-02 7.364361309213494911e-02
8.428139072412357824e-02 3.730215666560871696e-02 9.602164980475430545e-02 4.507393713335091506e-02 5.050073677867655819e-02
8.176953899950648030e-02 4.893126229877306499e-02 9.538953354845280952e-02 6.518835038161491235e-02 3.102364658431725278e-02
7.458874682778632303e-02 5.402279090713926063e-02 8.510012552153591037e-02 8.307066378485442049e-02 2.251190150594902309e-02
5.503710191526264145e-02 4.493286846342427199e-02 7.470337391901731017e-02 1.010837395699162866e-01 2.674340607915807674e-02
3.276862445323625722e-02 2.788373878725050256e-02 7.091604814159184478e-02 1.149275517398381935e-01 2.978719022123403268e-02
2.021195046806189763e-02 1.720895566131701998e-02 7.503275693687336267e-02 1.151634880667987693e-01 2.132661457074401870e-02
2.565109437532282766e-02 1.483641244223579507e-02 8.528632543069822325e-02 9.813103053743349458e-02 2.501466403584762330e-03
4.215016200514033751e-02 1.990716397053626796e-02 9.662028157655537519e-02 7.355285727806588902e-02 1.000000000000000082e-05
5.508642591737887562e-02 2.578843662085065699e-02 1.033791847577359285e-01 5.284515727356278031e-02 1.000000000000000082e-05
5.895666595995985998e-02 2.583685472100086256e-02 1.080041155931154295e-01 4.067911073204697608e-02 1.000000000000000082e-05
4.821247318472766941e-02 2.603207620383235499e-02 1.079489784089838755e-01 3.109889893200517424e-02 1.000000000000000082e-05
2.972804114539300685e-02 2.670912694760269740e-02 1.003896409531654377e-01 2.531768479511772862e-02 8.188754720944459858e-03
1.119622807706753716e-02 2.678971876211554484e-02 8.433419200891083267e-02 1.961279439300306002e-02 1.954943064130661157e-02
1.000000000000000082e-05 2.865675380641479614e-02 6.294908119196249152e-02 1.276941163528059510e-02 2.127672764864012647e-02
1.000000000000000082e-05 2.797420600882057073e-02 4.132403360169231710e-02 5.631135701863904455e-03 1.489517532550791758e-02
1.000000000000000082e-05 1.928649420985865254e-02 2.326491055578003286e-02 1.000000000000000082e-05 7.484307582896493165e-03
1.000000000000000082e-05 7.082597123236655627e-03 7.351754618877126037e-03 1.000000000000000082e-05 1.273501871172878211e-03
1.000000000000000082e-05 1.064558555885801536e-03 5.498748731021042878e-04 1.000000000000000082e-05 1.209705035376470056e-04
0.000000000000000000e+00 0.000000000000000000e+00 -0.000000000000000000e+00 -0.000000000000000000e+00 0.000000000000000000e+00
0.000000000000000000e+00 0.000000000000000000e+00 -0.000000000000000000e+00 -0.000000000000000000e+00 0.000000000000000000e+00
4.216085862866162938e-05 1.000000000000000082e-05 1.000000000000000082e-05 7.509833642167146382e-05 2.979433107431600616e-05
2.103195293399369448e-03 2.059301385121052705e-04 1.000000000000000082e-05 1.000000000000000082e-05 1.000000000000000082e-05
2.034370512438192502e-02 1.726729031150130633e-03 1.000000000000000082e-05 1.000000000000000082e-05 1.000000000000000082e-05
6.109980881719358214e-02 3.398930166338933172e-03 1.000000000000000082e-05 1.000000000000000082e-05 1.000000000000000082e-05
1.040215251103652760e-01 4.243224783386327463e-03 1.000000000000000082e-05 1.000000000000000082e-05 1.000000000000000082e-05
1.277303689472941428e-01 2.017810318314840071e-04 1.139405031302772285e-02 1.000000000000000082e-05 9.307516043427747562e-03
1.234362997798126721e-01 1.000000000000000082e-05 3.776242573228458937e-02 2.284098143400789538e-02 3.018585736002913841e-02
1.041109617339718990e-01 1.000000000000000082e-05 6.290373449525381300e-02 6.201280543068626167e-02 3.800477098755386529e-02
8.063914962038370993e-02 1.000000000000000082e-05 8.039756117207796926e-02 9.726034666039169718e-02 3.477396628007367596e-02
5.626641465341356008e-02 1.000000000000000082e-05 8.556702351922426675e-02 1.237460916564135371e-01 2.929445143635414292e-02
2.934251966833718514e-02 1.000000000000000082e-05 8.242320999359618872e-02 1.460207240286769681e-01 2.424275097017552366e-02
7.303492600287161962e-03 1.000000000000000082e-05 8.002122681298572127e-02 1.538248516417002609e-01 1.995070339037199186e-02
1.000000000000000082e-05 1.000000000000000082e-05 8.051977577950815423e-02 1.458835946653884441e-01 1.071722366205716918e-02
1.000000000000000082e-05 1.000000000000000082e-05 8.644835394685443375e-02 1.266812252267655314e-01 1.000000000000000082e-05
8.748138872258771209e-03 1.000000000000000082e-05 9.344740700274688228e-02 9.983435570767654199e-02 1.000000000000000082e-05
2.575181423579228288e-02 1.000000000000000082e-05 9.768779145681587284e-02 8.062569303442401747e-02 1.000000000000000082e-05
3.971935287807593085e-02 1.000000000000000082e-05 1.007888473231015741e-01 6.762969931477005869e-02 1.000000000000000082e-05
4.413971740018538675e-02 1.000000000000000082e-05 1.033764467829370731e-01 5.686559830738942278e-02 1.000000000000000082e-05
3.828300110326616351e-02 1.000000000000000082e-05 1.003727659258226990e-01 4.823062206965925830e-02 1.000000000000000082e-05
2.502122829387004588e-02 1.000000000000000082e-05 8.934220738459544564e-02 3.896814114794273920e-02 1.000000000000000082e-05
9.207268640357426162e-03 6.756851235637745343e-04 6.942135840555238580e-02 3.209978068650824745e-02 6.324813927794842999e-03
1.000000000000000082e-05 3.899240736287925592e-03 4.947031691570058509e-02 2.267944849586061087e-02 1.100867800587722323e-02
1.000000000000000082e-05 7.488148113040802439e-03 3.107897637817019082e-02 1.233005045538615799e-02 8.731177520393540448e-03
1.000000000000000082e-05 5.981756923054104037e-03 1.624465774114492583e-02 3.735942712160142832e-03 5.778568923493849520e-03
1.000000000000000082e-05 2.526439866920531137e-03 4.197944587407412102e-03 4.892426484550274970e-04 1.271049208543204630e-03
1.000000000000000082e-05 3.843103472242062136e-04 1.518273803053254208e-04 6.709839732004276578e-05 2.063475740316144324e-04
0.000000000000000000e+00 0.000000000000000000e+00 -0.000000000000000000e+00 -0.000000000000000000e+00 0.000000000000000000e+00
0.000000000000000000e+00 0.000000000000000000e+00 -0.000000000000000000e+00 -0.000000000000000000e+00 0.000000000000000000e+00
0.000000000000000000e+00 0.000000000000000000e+00 -0.000000000000000000e+00 -0.000000000000000000e+00 0.000000000000000000e+00
1.066069371165426086e-03 5.066867910391299312e-05 1.000000000000000082e-05 6.437230306635787077e-05 1.000000000000000082e-05
1.125152008793712383e-02 1.045404811950182214e-03 1.000000000000000082e-05 1.000000000000000082e-05 1.000000000000000082e-05
3.680134238066651298e-02 3.459878970766514916e-03 1.000000000000000082e-05 1.000000000000000082e-05 1.000000000000000082e-05
7.137320595970929327e-02 5.546451701918121702e-03 1.000000000000000082e-05 1.000000000000000082e-05 1.000000000000000082e-05
9.721380921491071248e-02 3.879972710591018080e-03 1.432601152736338911e-03 7.741599824392337431e-03 1.000000000000000082e-05
1.028526044497246328e-01 1.000000000000000082e-05 1.631656015754720176e-02 3.760721944950605466e-02 1.000000000000000082e-05
8.427047765432443827e-02 1.000000000000000082e-05 3.180092963384362204e-02 8.169592239800278766e-02 1.000000000000000082e-05
5.331373399760321735e-02 1.000000000000000082e-05 4.489889686561479576e-02 1.218433932358832239e-01 8.758482628727921448e-04
2.070811859222446843e-02 1.000000000000000082e-05 5.423603230373371525e-02 1.481519329901954674e-01 7.306960358032881485e-03
1.000000000000000082e-05 1.000000000000000082e-05 5.727584648987772697e-02 1.556817198560374871e-01 6.720136795595562339e-03
1.000000000000000082e-05 1.000000000000000082e-05 5.729769812486039393e-02 1.452710406348744487e-01 1.573443387632442528e-03
1.000000000000000082e-05 1.000000000000000082e-05 5.818750508787250142e-02 1.214155851477184273e-01 1.000000000000000082e-05
1.000000000000000082e-05 1.000000000000000082e-05 5.881805055369841023e-02 9.766910690006419538e-02 1.000000000000000082e-05
2.549830930119300482e-03 1.000000000000000082e-05 5.880205807310551203e-02 7.864402766442397941e-02 1.000000000000000082e-05
1.331842079755375316e-02 1.000000000000000082e-05 5.699295359043979325e-02 6.967464328558682640e-02 1.000000000000000082e-05
2.280095717051359300e-02 1.000000000000000082e-05 5.515509666571175723e-02 6.226479045481228547e-02 1.000000000000000082e-05
2.677402080234191073e-02 1.000000000000000082e-05 5.332477999116645023e-02 5.693862272905318711e-02 1.000000000000000082e-05
2.379412470692933088e-02 1.000000000000000082e-05 5.032600155820790566e-02 4.775225417670851680e-02 1.000000000000000082e-05
1.596691430422287131e-02 1.000000000000000082e-05 4.279682102053228993e-02 4.055300014101859835e-02 1.000000000000000082e-05
5.521889402918590296e-03 1.000000000000000082e-05 3.350246140386527183e-02 3.091463437052567945e-02 7.597652006765759705e-04
1.000000000000000082e-05 1.000000000000000082e-05 2.373115026412430176e-02 2.153996042385105877e-02 5.672108048015429664e-03
1.000000000000000082e-05 1.312078438110245290e-03 1.398988152286574811e-02 1.029067077110088803e-02 5.308304379809320947e-03
1.000000000000000082e-05 2.015896456578264440e-03 6.426282754926504297e-03 3.607180593443922237e-03 2.894646742005808210e-03
1.000000000000000082e-05 7.330600580786538704e-04 1.180440770497263479e-03 1.286061968281510979e-03 2.924283775595668488e-04
1.000000000000000082e-05 4.019877343356854892e-06 8.767987067215724409e-06 7.277932615933288833e-05 2.768483624529998743e-05
0.000000000000000000e+00 0.000000000000000000e+00 -0.000000000000000000e+00 -0.000000000000000000e+00 0.000000000000000000e+00
0.000000000000000000e+00 0.000000000000000000e+00 -0.000000000000000000e+00 -0.000000000000000000e+00 0.000000000000000000e+00
0.000000000000000000e+00 0.000000000000000000e+00 -0.000000000000000000e+00 -0.000000000000000000e+00 0.000000000000000000e+00
4.996062526937630872e-06 1.829201140654846572e-06 1.000000000000000082e-05 1.000000000000000082e-05 1.000000000000000082e-05
2.623901223431294397e-03 4.065775720565791159e-04 1.000000000000000082e-05 1.000000000000000082e-05 1.000000000000000082e-05
1.112749766833017254e-02 2.208057079545324135e-03 1.000000000000000082e-05 1.000000000000000082e-05 1.000000000000000082e-05
2.478176875688784322e-02 3.996964153016846141e-03 1.000000000000000082e-05 3.094732105455647898e-03 1.000000000000000082e-05
3.834459907627033731e-02 4.868684701191541321e-03 1.000000000000000082e-05 1.295402552305448957e-02 1.000000000000000082e-05
4.265074724025438163e-02 9.870438106748574865e-04 1.000000000000000082e-05 3.315222558880551174e-02 1.000000000000000082e-05
3.462326427642115761e-02 1.000000000000000082e-05 7.429783995618010044e-04 5.892232869032918569e-02 1.000000000000000082e-05
1.967328857135015874e-02 1.000000000000000082e-05 4.850689935178089524e-03 8.106500894830472037e-02 1.000000000000000082e-05
3.869409701719494013e-03 1.000000000000000082e-05 8.630224312780578055e-03 9.274805336831229430e-02 1.000000000000000082e-05
1.000000000000000082e-05 1.000000000000000082e-05 1.238509074222168480e-02 9.028074713380057625e-02 1.000000000000000082e-05
1.000000000000000082e-05 1.000000000000000082e-05 1.481066863348568310e-02 7.967413100990398955e-02 1.000000000000000082e-05
1.000000000000000082e-05 1.000000000000000082e-05 1.554142665867019706e-02 6.501996237236973286e-02 1.000000000000000082e-05
1.000000000000000082e-05 1.000000000000000082e-05 1.492199095835210904e-02 5.242498162295276820e-02 1.000000000000000082e-05
9.859614321292035563e-04 1.000000000000000082e-05 1.310351450807244016e-02 4.388555500612043719e-02 1.000000000000000082e-05
6.014468298164848958e-03 7.325889085906576266e-04 1.155275360572416594e-02 3.861385057345756433e-02 1.000000000000000082e-05
9.846431649937563077e-03 1.232134318437017170e-03 9.127342333649712119e-03 3.503889384635485577e-02 1.000000000000000082e-05
1.057854523441763804e-02 1.992778627250183822e-03 8.217006398695788846e-03 3.158300083596236874e-02 1.000000000000000082e-05
9.531333941436216650e-03 1.812889767655347312e-03 7.421063591871830505e-03 2.820908208430012581e-02 1.000000000000000082e-05
5.663061842939632641e-03 1.246716805728854006e-03 7.293264428633341317e-03 2.474200520156329478e-02 1.000000000000000082e-05
2.298289396217302692e-03 5.200115623680081917e-04 5.654128598309270635e-03 1.977618229205420353e-02 1.000000000000000082e-05
1.000000000000000082e-05 1.125374765238808033e-03 4.329244038896508731e-03 1.290698159378005951e-02 1.000000000000000082e-05
1.000000000000000082e-05 1.671335109307151142e-03 2.386977241511091703e-03 6.376856969976242746e-03 1.000000000000000082e-05
1.000000000000000082e-05 1.349147630111692401e-03 6.671591912848853518e-04 1.719690172420663748e-03 1.000000000000000082e-05
3.872111208273543100e-05 3.258113846525855146e-04 1.000000000000000082e-05 6.415866428469860173e-04 1.000000000000000082e-05
1.000000000000000082e-05 4.044434440637748230e-05 1.000000000000000082e-05 5.760333614497224666e-05 1.000000000000000082e-05
0.000000000000000000e+00 0.000000000000000000e+00 -0.000000000000000000e+00 -0.000000000000000000e+00 0.000000000000000000e+00
0.000000000000000000e+00 0.000000000000000000e+00 -0.000000000000000000e+00 -0.000000000000000000e+00 0.000000000000000000e+00
0.000000000000000000e+00 0.000000000000000000e+00 -0.000000000000000000e+00 -0.000000000000000000e+00 0.000000000000000000e+00
0.000000000000000000e+00 0.000000000000000000e+00 -0.000000000000000000e+00 -0.000000000000000000e+00 0.000000000000000000e+00
8.136258494693061254e-05 2.358606602410941527e-05 1.000000000000000082e-05 1.000000000000000082e-05 1.000000000000000082e-05
5.921678511988904495e-04 1.787902192169783517e-04 1.000000000000000082e-05 1.931068327900442453e-04 1.000000000000000082e-05
1.608186481290431501e-03 6.065930006597901455e-04 1.000000000000000082e-05 1.249985424623795876e-03 1.000000000000000082e-05
2.998160158346655814e-03 1.213986595961410444e-03 1.000000000000000082e-05 3.173410498338326106e-03 1.000000000000000082e-05
3.958405910280254729e-03 1.358520075565071991e-03 1.000000000000000082e-05 6.082279823668649242e-03 1.000000000000000082e-05
3.459633814121799208e-03 1.115474734192395444e-03 1.000000000000000082e-05 9.116505241911425361e-03 1.000000000000000082e-05
2.554581757148900647e-03 9.199606052069581649e-04 1.000000000000000082e-05 1.210386764464120926e-02 1.000000000000000082e-05
1.901677198246879037e-03 1.926343062831445841e-03 1.000000000000000082e-05 1.396278323582246864e-02 1.000000000000000082e-05
1.564119167995509530e-03 2.428064935816710325e-03 1.000000000000000082e-05 1.462652103917811731e-02 1.000000000000000082e-05
9.508598250336357813e-04 3.063725219683152961e-03 1.000000000000000082e-05 1.500229218025190929e-02 1.000000000000000082e-05
5.612211672854574987e-04 3.549168621630316347e-03 1.000000000000000082e-05 1.499998725715791063e-02 1.000000000000000082e-05
5.836762489944626216e-04 3.396908419980337532e-03 1.000000000000000082e-05 1.364675783490575112e-02 1.000000000000000082e-05
9.601176476771225692e-04 3.300263411105667632e-03 1.000000000000000082e-05 1.130346075792743044e-02 1.000000000000000082e-05
1.226348005871235507e-03 3.321648163318677554e-03 1.000000000000000082e-05 9.783598532564542066e-03 1.000000000000000082e-05
1.135609707134447015e-03 3.175927315771117417e-03 1.000000000000000082e-05 8.889594671402163695e-03 1.000000000000000082e-05
1.005920157703252141e-03 2.750751140567221989e-03 1.000000000000000082e-05 7.845501256859146316e-03 1.000000000000000082e-05
9.419817601328465788e-04 2.328136676462189397e-03 1.000000000000000082e-05 6.161729612814924144e-03 1.000000000000000082e-05
9.669051541515270463e-04 2.274239156776653240e-03 1.000000000000000082e-05 4.364808914749493569e-03 1.000000000000000082e-05
5.968506013712594370e-04 1.773971914554748393e-03 1.000000000000000082e-05 3.133518182762126247e-03 1.000000000000000082e-05
2.139654345990427500e-04 9.809163672456328552e-04 1.000000000000000082e-05 2.914225618204695657e-03 1.000000000000000082e-05
1.000000000000000082e-05 6.943266447312747627e-04 1.000000000000000082e-05 1.692925868093480418e-03 1.000000000000000082e-05
1.000000000000000082e-05 8.197409748676941742e-04 1.000000000000000082e-05 8.115641779750186989e-04 1.000000000000000082e-05
1.000000000000000082e-05 4.728127556865508504e-04 1.000000000000000082e-05 1.537620780383389975e-04 1.000000000000000082e-05
1.000000000000000082e-05 7.224845373180328574e-05 5.337771379653075529e-06 1.000000000000000082e-05 7.110522971888745447e-06
0.000000000000000000e+00 0.000000000000000000e+00 -0.000000000000000000e+00 -0.000000000000000000e+00 0.000000000000000000e+00
0.000000000000000000e+00 0.000000000000000000e+00 -0.000000000000000000e+00 -0.000000000000000000e+00 0.000000000000000000e+00
0.000000000000000000e+00 0.000000000000000000e+00 -0.000000000000000000e+00 -0.000000000000000000e+00 0.000000000000000000e+00
0.000000000000000000e+00 0.000000000000000000e+00 -0.000000000000000000e+00 -0.000000000000000000e+00 0.000000000000000000e+00
0.000000000000000000e+00 0.000000000000000000e+00 -0.000000000000000000e+00 -0.000000000000000000e+00 0.000000000000000000e+00
0.000000000000000000e+00 0.000000000000000000e+00 -0.000000000000000000e+00 -0.000000000000000000e+00 0.000000000000000000e+00
0.000000000000000000e+00 0.000000000000000000e+00 -0.000000000000000000e+00 -0.000000000000000000e+00 0.000000000000000000e+00
1.523105018816635716e-04 9.314772438743358998e-05 1.000000000000000082e-05 5.837576919085499466e-05 1.000000000000000082e-05
1.890557171043655380e-04 9.788079807661577089e-05 1.000000000000000082e-05 1.732433795516809185e-04 1.000000000000000082e-05
1.890557171043655380e-04 9.788079807661577089e-05 1.000000000000000082e-05 1.732433795516809185e-04 1.000000000000000082e-05
1.914645611540481099e-04 1.008531807598899306e-04 1.000000000000000082e-05 1.818981522333159586e-04 1.000000000000000082e-05
2.233324958708563077e-04 1.741821190330958193e-04 1.000000000000000082e-05 3.962281604485380160e-04 1.000000000000000082e-05
1.977144198183621059e-04 2.434341334212576310e-04 1.000000000000000082e-05 6.151849437094017046e-04 1.000000000000000082e-05
1.473434666905360175e-04 3.265510933861311962e-04 1.000000000000000082e-05 7.192645950627723356e-04 1.000000000000000082e-05
1.381289640267504930e-04 6.700516209547295425e-04 1.000000000000000082e-05 1.043833180726940662e-03 1.000000000000000082e-05
6.700317430997734965e-05 9.417164282701491560e-04 1.000000000000000082e-05 1.432355885966406098e-03 1.000000000000000082e-05
5.212347536885941101e-05 1.035808066252952384e-03 1.000000000000000082e-05 1.455156460818881736e-03 1.000000000000000082e-05
7.627817788917095395e-05 8.917603849852630835e-04 1.000000000000000082e-05 1.277941493245306247e-03 1.000000000000000082e-05
4.235939971586397660e-05 8.046078518990246739e-04 1.000000000000000082e-05 1.121666233794603148e-03 1.000000000000000082e-05
1.000000000000000082e-05 6.000523176680762046e-04 1.000000000000000082e-05 8.018664731776324215e-04 1.000000000000000082e-05
1.000000000000000082e-05 3.159719873573720917e-04 1.000000000000000082e-05 6.407604433837292383e-04 1.000000000000000082e-05
1.580304406292908767e-05 3.779399890338710653e-04 1.000000000000000082e-05 5.528871271908258585e-04 1.000000000000000082e-05
1.863286348112176260e-05 3.537968567484036926e-04 1.000000000000000082e-05 2.820075375665297818e-04 1.000000000000000082e-05
1.000000000000000082e-05 1.835083010401647257e-04 1.000000000000000082e-05 2.543614906900311281e-04 1.000000000000000082e-05
1.000000000000000082e-05 2.889516206992169919e-05 1.000000000000000082e-05 4.765289963419928659e-05 1.000000000000000082e-05
1.000000000000000082e-05 1.400735327453319585e-05 1.034874042993964258e-06 1.000000000000000082e-05 1.378570780264139720e-06
1.000000000000000082e-05 6.413893341496813621e-05 4.738633775814440870e-06 1.000000000000000082e-05 6.312403046472630140e-06
1.000000000000000082e-05 7.667182845007680778e-05 5.664573709019566641e-06 1.000000000000000082e-05 7.545861113024776462e-06
0.000000000000000000e+00 0.000000000000000000e+00 -0.000000000000000000e+00 -0.000000000000000000e+00 0.000000000000000000e+00
0.000000000000000000e+00 0.000000000000000000e+00 -0.000000000000000000e+00 -0.000000000000000000e+00 0.000000000000000000e+00
0.000000000000000000e+00 0.000000000000000000e+00 -0.000000000000000000e+00 -0.000000000000000000e+00 0.000000000000000000e+00
0.000000000000000000e+00 0.000000000000000000e+00 -0.000000000000000000e+00 -0.000000000000000000e+00 0.000000000000000000e+00
0.000000000000000000e+00 0.000000000000000000e+00 -0.000000000000000000e+00 -0.000000000000000000e+00 0.000000000000000000e+00
0.000000000000000000e+00 0.000000000000000000e+00 -0.000000000000000000e+00 -0.000000000000000000e+00 0.000000000000000000e+00
0.000000000000000000e+00 0.000000000000000000e+00 -0.000000000000000000e+00 -0.000000000000000000e+00 0.000000000000000000e+00
0.000000000000000000e+00 0.000000000000000000e+00 -0.000000000000000000e+00 -0.000000000000000000e+00 0.000000000000000000e+00
0.000000000000000000e+00 0.000000000000000000e+00 -0.000000000000000000e+00 -0.000000000000000000e+00 0.000000000000000000e+00
0.000000000000000000e+00 0.000000000000000000e+00 -0.000000000000000000e+00 -0.000000000000000000e+00 0.000000000000000000e+00
0.000000000000000000e+00 0.000000000000000000e+00 -0.000000000000000000e+00 -0.000000000000000000e+00 0.000000000000000000e+00
0.000000000000000000e+00 0.000000000000000000e+00 -0.000000000000000000e+00 -0.000000000000000000e+00 0.000000000000000000e+00
0.000000000000000000e+00 0.000000000000000000e+00 -0.000000000000000000e+00 -0.000000000000000000e+00 0.000000000000000000e+00
0.000000000000000000e+00 0.000000000000000000e+00 -0.000000000000000000e+00 -0.000000000000000000e+00 0.000000000000000000e+00
0.000000000000000000e+00 0.000000000000000000e+00 -0.000000000000000000e+00 -0.000000000000000000e+00 0.000000000000000000e+00
0.000000000000000000e+00 0.000000000000000000e+00 -0.000000000000000000e+00 -0.000000000000000000e+00 0.000000000000000000e+00
0.000000000000000000e+00 0.000000000000000000e+00 -0.000000000000000000e+00 -0.000000000000000000e+00 0.000000000000000000e+00
0.000000000000000000e+00 0.000000000000000000e+00 -0.000000000000000000e+00 -0.000000000000000000e+00 0.000000000000000000e+00
0.000000000000000000e+00 0.000000000000000000e+00 -0.000000000000000000e+00 -0.000000000000000000e+00 0.000000000000000000e+00
0.000000000000000000e+00 0.000000000000000000e+00 -0.000000000000000000e+00 -0.000000000000000000e+00 0.000000000000000000e+00
0.000000000000000000e+00 0.000000000000000000e+00 -0.000000000000000000e+00 -0.000000000000000000e+00 0.000000000000000000e+00
0.000000000000000000e+00 0.000000000000000000e+00 -0.000000000000000000e+00 -0.000000000000000000e+00 0.000000000000000000e+00
0.000000000000000000e+00 0.000000000000000000e+00 -0.000000000000000000e+00 -0.000000000000000000e+00 0.000000000000000000e+00
0.000000000000000000e+00 0.000000000000000000e+00 -0.000000000000000000e+00 -0.000000000000000000e+00 0.000000000000000000e+00
0.000000000000000000e+00 0.000000000000000000e+00 -0.000000000000000000e+00 -0.000000000000000000e+00 0.000000000000000000e+00
0.000000000000000000e+00 0.000000000000000000e+00 -0.000000000000000000e+00 -0.000000000000000000e+00 0.000000000000000000e+00
0.000000000000000000e+00 0.000000000000000000e+00 -0.000000000000000000e+00 -0.000000000000000000e+00 0.000000000000000000e+00
0.000000000000000000e+00 0.000000000000000000e+00 -0.000000000000000000e+00 -0.000000000000000000e+00 0.000000000000000000e+00
0.000000000000000000e+00 0.000000000000000000e+00 -0.000000000000000000e+00 -0.000000000000000000e+00 0.000000000000000000e+00
0.000000000000000000e+00 0.000000000000000000e+00 -0.000000000000000000e+00 -0.000000000000000000e+00 0.000000000000000000e+00
0.000000000000000000e+00 0.000000000000000000e+00 -0.000000000000000000e+00 -0.000000000000000000e+00 0.000000000000000000e+00
0.000000000000000000e+00 0.000000000000000000e+00 -0.000000000000000000e+00 -0.000000000000000000e+00 0.000000000000000000e+00
0.000000000000000000e+00 0.000000000000000000e+00 -0.000000000000000000e+00 -0.000000000000000000e+00 0.000000000000000000e+00
0.000000000000000000e+00 0.000000000000000000e+00 -0.000000000000000000e+00 -0.000000000000000000e+00 0.000000000000000000e+00
0.000000000000000000e+00 0.000000000000000000e+00 -0.000000000000000000e+00 -0.000000000000000000e+00 0.000000000000000000e+00
0.000000000000000000e+00 0.000000000000000000e+00 -0.000000000000000000e+00 -0.000000000000000000e+00 0.000000000000000000e+00
0.000000000000000000e+00 0.000000000000000000e+00 -0.000000000000000000e+00 -0.000000000000000000e+00 0.000000000000000000e+00
0.000000000000000000e+00 0.000000000000000000e+00 -0.000000000000000000e+00 -0.000000000000000000e+00 0.000000000000000000e+00
0.000000000000000000e+00 0.000000000000000000e+00 -0.000000000000000000e+00 -0.000000000000000000e+00 0.000000000000000000e+00
0.000000000000000000e+00 0.000000000000000000e+00 -0.000000000000000000e+00 -0.000000000000000000e+00 0.000000000000000000e+00
0.000000000000000000e+00 0.000000000000000000e+00 -0.000000000000000000e+00 -0.000000000000000000e+00 0.000000000000000000e+00
0.000000000000000000e+00 0.000000000000000000e+00 -0.000000000000000000e+00 -0.000000000000000000e+00 0.000000000000000000e+00
0.000000000000000000e+00 0.000000000000000000e+00 -0.000000000000000000e+00 -0.000000000000000000e+00 0.000000000000000000e+00
0.000000000000000000e+00 0.000000000000000000e+00 -0.000000000000000000e+00 -0.000000000000000000e+00 0.000000000000000000e+00
0.000000000000000000e+00 0.000000000000000000e+00 -0.000000000000000000e+00 -0.000000000000000000e+00 0.000000000000000000e+00
0.000000000000000000e+00 0.000000000000000000e+00 -0.000000000000000000e+00 -0.000000000000000000e+00 0.000000000000000000e+00
0.000000000000000000e+00 0.000000000000000000e+00 -0.000000000000000000e+00 -0.000000000000000000e+00 0.000000000000000000e+00
0.000000000000000000e+00 0.000000000000000000e+00 -0.000000000000000000e+00 -0.000000000000000000e+00 0.000000000000000000e+00
0.000000000000000000e+00 0.000000000000000000e+00 -0.000000000000000000e+00 -0.000000000000000000e+00 0.000000000000000000e+00
0.000000000000000000e+00 0.000000000000000000e+00 -0.000000000000000000e+00 -0.000000000000000000e+00 0.000000000000000000e+00
0.000000000000000000e+00 0.000000000000000000e+00 -0.000000000000000000e+00 -0.000000000000000000e+00 0.000000000000000000e+00
0.000000000000000000e+00 0.000000000000000000e+00 -0.000000000000000000e+00 -0.000000000000000000e+00 0.000000000000000000e+00
0.000000000000000000e+00 0.000000000000000000e+00 -0.000000000000000000e+00 -0.000000000000000000e+00 0.000000000000000000e+00
0.000000000000000000e+00 0.000000000000000000e+00 -0.000000000000000000e+00 -0.000000000000000000e+00 0.000000000000000000e+00
0.000000000000000000e+00 0.000000000000000000e+00 -0.000000000000000000e+00 -0.000000000000000000e+00 0.000000000000000000e+00
0.000000000000000000e+00 0.000000000000000000e+00 -0.000000000000000000e+00 -0.000000000000000000e+00 0.000000000000000000e+00
0.000000000000000000e+00 0.000000000000000000e+00 -0.000000000000000000e+00 -0.000000000000000000e+00 0.000000000000000000e+00
