0.000000000000000000e+00 -0.000000000000000000e+00 -0.000000000000000000e+00 0.000000000000000000e+00 -0.000000000000000000e+00
0.000000000000000000e+00 -0.000000000000000000e+00 -0.000000000000000000e+00 0.000000000000000000e+00 -0.000000000000000000e+00
0.000000000000000000e+00 -0.000000000000000000e+00 0.000000000000000000e+00 0.000000000000000000e+00 -0.000000000000000000e+00
0.000000000000000000e+00 -0.000000000000000000e+00 0.000000000000000000e+00 0.000000000000000000e+00 -0.000000000000000000e+00
0.000000000000000000e+00 -0.000000000000000000e+00 0.000000000000000000e+00 0.000000000000000000e+00 -0.000000000000000000e+00
0.000000000000000000e+00 -0.000000000000000000e+00 0.000000000000000000e+00 0.000000000000000000e+00 -0.000000000000000000e+00
0.000000000000000000e+00 -0.000000000000000000e+00 0.000000000000000000e+00 0.000000000000000000e+00 -0.000000000000000000e+00
0.000000000000000000e+00 -0.000000000000000000e+00 0.000000000000000000e+00 0.000000000000000000e+00 -0.000000000000000000e+00
0.000000000000000000e+00 -0.000000000000000000e+00 0.000000000000000000e+00 0.000000000000000000e+00 -0.000000000000000000e+00
0.000000000000000000e+00 -0.000000000000000000e+00 0.000000000000000000e+00 0.000000000000000000e+00 -0.000000000000000000e+00
0.000000000000000000e+00 -0.000000000000000000e+00 0.000000000000000000e+00 0.000000000000000000e+00 -0.000000000000000000e+00
0.000000000000000000e+00 -0.000000000000000000e+00 0.000000000000000000e+00 0.000000000000000000e+00 -0.000000000000000000e+00
0.000000000000000000e+00 -0.000000000000000000e+00 0.000000000000000000e+00 0.000000000000000000e+00 -0.000000000000000000e+00
0.000000000000000000e+00 -0.000000000000000000e+00 0.000000000000000000e+00 0.000000000000000000e+00 -0.000000000000000000e+00
0.000000000000000000e+00 -0.000000000000000000e+00 0.000000000000000000e+00 0.000000000000000000e+00 -0.000000000000000000e+00
0.000000000000000000e+00 -0.000000000000000000e+00 0.000000000000000000e+00 0.000000000000000000e+00 -0.000000000000000000e+00
0.000000000000000000e+00 -0.000000000000000000e+00 0.000000000000000000e+00 0.000000000000000000e+00 -0.000000000000000000e+00
0.000000000000000000e+00 -0.000000000000000000e+00 0.000000000000000000e+00 0.000000000000000000e+00 -0.000000000000000000e+00
0.000000000000000000e+00 -0.000000000000000000e+00 0.000000000000000000e+00 0.000000000000000000e+00 -0.000000000000000000e+00
0.000000000000000000e+00 -0.000000000000000000e+00 0.000000000000000000e+00 0.000000000000000000e+00 -0.000000000000000000e+00
0.000000000000000000e+00 -0.000000000000000000e+00 0.000000000000000000e+00 0.000000000000000000e+00 -0.000000000000000000e+00
0.000000000000000000e+00 -0.000000000000000000e+00 0.000000000000000000e+00 0.000000000000000000e+00 -0.000000000000000000e+00
0.000000000000000000e+00 -0.000000000000000000e+00 0.000000000000000000e+00 0.000000000000000000e+00 -0.000000000000000000e+00
0.000000000000000000e+00 -0.000000000000000000e+00 0.000000000000000000e+00 0.000000000000000000e+00 -0.000000000000000000e+00
0.000000000000000000e+00 -0.000000000000000000e+00 0.000000000000000000e+00 0.000000000000000000e+00 -0.000000000000000000e+00
0.000000000000000000e+00 -0.000000000000000000e+00 0.000000000000000000e+00 0.000000000000000000e+00 -0.000000000000000000e+00
0.000000000000000000e+00 -0.000000000000000000e+00 0.000000000000000000e+00 0.000000000000000000e+00 -0.000000000000000000e+00
0.000000000000000000e+00 -0.000000000000000000e+00 0.000000000000000000e+00 0.000000000000000000e+00 -0.000000000000000000e+00
0.000000000000000000e+00 -0.000000000000000000e+00 0.000000000000000000e+00 0.000000000000000000e+00 -0.000000000000000000e+00
0.000000000000000000e+00 -0.000000000000000000e+00 0.000000000000000000e+00 0.000000000000000000e+00 -0.000000000000000000e+00
0.000000000000000000e+00 -0.000000000000000000e+00 0.000000000000000000e+00 0.000000000000000000e+00 -0.000000000000000000e+00
0.000000000000000000e+00 -0.000000000000000000e+00 0.000000000000000000e+00 0.000000000000000000e+00 -0.000000000000000000e+00
0.000000000000000000e+00 -0.000000000000000000e+00 0.000000000000000000e+00 0.000000000000000000e+00 -0.000000000000000000e+00
0.000000000000000000e+00 -0.000000000000000000e+00 0.000000000000000000e+00 0.000000000000000000e+00 -0.000000000000000000e+00
0.000000000000000000e+00 -0.000000000000000000e+00 0.000000000000000000e+00 0.000000000000000000e+00 -0.000000000000000000e+00
0.000000000000000000e+00 -0.000000000000000000e+00 0.000000000000000000e+00 0.000000000000000000e+00 -0.000000000000000000e+00
0.000000000000000000e+00 -0.000000000000000000e+00 0.000000000000000000e+00 0.000000000000000000e+00 -0.000000000000000000e+00
2.608939347486884772e-05 2.855098117445315712e-05 1.000000000000000082e-05 1.000000000000000082e-05 2.134382492177924653e-04
4.907290677415852739e-05 5.370303601861479834e-05 1.000000000000000082e-05 1.000000000000000082e-05 4.014671830525126791e-04
7.081406800321538041e-05 7.749552033065955673e-05 1.000000000000000082e-05 1.000000000000000082e-05 5.793323907340068926e-04
7.267759610856324988e-05 7.953487612883477934e-05 1.000000000000000082e-05 1.000000000000000082e-05 5.945779799638484546e-04
3.602821003672344115e-05 3.942754543138756926e-05 1.000000000000000082e-05 1.000000000000000082e-05 2.947480584436182219e-04
5.901172333601355958e-06 6.457960027554897839e-06 1.000000000000000082e-05 1.000000000000000082e-05 4.827769922783380156e-05
9.972603288970389741e-04 1.662999759039831280e-04 1.000000000000000082e-05 1.000000000000000082e-05 1.000000000000000082e-05
1.811056263522321710e-03 4.332833134170780082e-04 1.000000000000000082e-05 1.000000000000000082e-05 1.000000000000000082e-05
1.456399033873999674e-04 5.469341810886598333e-05 1.000000000000000082e-05 1.000000000000000082e-05 1.000000000000000082e-05
0.000000000000000000e+00 -0.000000000000000000e+00 0.000000000000000000e+00 0.000000000000000000e+00 -0.000000000000000000e+00
0.000000000000000000e+00 -0.000000000000000000e+00 0.000000000000000000e+00 0.000000000000000000e+00 -0.000000000000000000e+00
0.000000000000000000e+00 -0.000000000000000000e+00 0.000000000000000000e+00 0.000000000000000000e+00 -0.000000000000000000e+00
0.000000000000000000e+00 -0.000000000000000000e+00 0.000000000000000000e+00 0.000000000000000000e+00 -0.000000000000000000e+00
0.000000000000000000e+00 -0.000000000000000000e+00 0.000000000000000000e+00 0.000000000000000000e+00 -0.000000000000000000e+00
0.000000000000000000e+00 -0.000000000000000000e+00 0.000000000000000000e+00 0.000000000000000000e+00 -0.000000000000000000e+00
0.000000000000000000e+00 -0.000000000000000000e+00 0.000000000000000000e+00 0.000000000000000000e+00 -0.000000000000000000e+00
0.000000000000000000e+00 -0.000000000000000000e+00 0.000000000000000000e+00 0.000000000000000000e+00 -0.000000000000000000e+00
0.000000000000000000e+00 -0.000000000000000000e+00 0.000000000000000000e+00 0.000000000000000000e+00 -0.000000000000000000e+00
0.000000000000000000e+00 -0.000000000000000000e+00 0.000000000000000000e+00 0.000000000000000000e+00 -0.000000000000000000e+00
0.000000000000000000e+00 -0.000000000000000000e+00 0.000000000000000000e+00 0.000000000000000000e+00 -0.000000000000000000e+00
0.000000000000000000e+00 -0.000000000000000000e+00 0.000000000000000000e+00 0.000000000000000000e+00 -0.000000000000000000e+00
0.000000000000000000e+00 -0.000000000000000000e+00 0.000000000000000000e+00 0.000000000000000000e+00 -0.000000000000000000e+00
0.000000000000000000e+00 -0.000000000000000000e+00 0.000000000000000000e+00 0.000000000000000000e+00 -0.000000000000000000e+00
0.000000000000000000e+00 -0.000000000000000000e+00 0.000000000000000000e+00 0.000000000000000000e+00 -0.000000000000000000e+00
0.000000000000000000e+00 -0.000000000000000000e+00 0.000000000000000000e+00 0.000000000000000000e+00 -0.000000000000000000e+00
0.000000000000000000e+00 -0.000000000000000000e+00 0.000000000000000000e+00 0.000000000000000000e+00 -0.000000000000000000e+00
1.401458013651174874e-04 1.000000000000000082e-05 1.000000000000000082e-05 1.000000000000000082e-05 3.846175419890876372e-04
4.388372020516737048e-04 1.000000000000000082e-05 1.289278278747777144e-05 1.000000000000000082e-05 1.466470853144918743e-03
2.837321229229544488e-04 1.000000000000000082e-05 4.214276478984605107e-04 1.000000000000000082e-05 2.514871720792545996e-03
6.127955550518136103e-04 1.000000000000000082e-05 5.561221424084536675e-04 1.000000000000000082e-05 2.945852922922734870e-03
1.396780299602835406e-03 5.746448678594400427e-04 3.103180712081209081e-04 7.603922006886054978e-05 2.050120212056157250e-03
2.529466061130173585e-03 1.922889546026284625e-03 1.884860851267041045e-04 6.179738594908619866e-05 1.476463494944641169e-03
3.108071407344459823e-03 2.048480575860809217e-03 4.357702403264516479e-04 9.363519844103891220e-04 1.000000000000000082e-05
3.895999233869144786e-03 1.538232287305722019e-03 2.857600440627032761e-04 1.792853932181294029e-03 1.000000000000000082e-05
4.203443953237156160e-03 6.360282862433234942e-04 1.085000231616376550e-04 2.013939731232747277e-03 1.000000000000000082e-05
5.556111980446983012e-03 4.627258085289350322e-04 1.000000000000000082e-05 1.320800327031664782e-03 1.000000000000000082e-05
3.379047338631594160e-03 5.407660780059928658e-04 1.000000000000000082e-05 4.828776016984238787e-04 1.000000000000000082e-05
3.648318584183510814e-04 1.000000000000000082e-05 3.175831814064787313e-04 1.640009454004097607e-04 4.579161232077116092e-04
3.579594528229759859e-06 1.000000000000000082e-05 1.046129195708395262e-04 2.156559585048059698e-04 3.168347138140331057e-04
0.000000000000000000e+00 -0.000000000000000000e+00 0.000000000000000000e+00 0.000000000000000000e+00 -0.000000000000000000e+00
0.000000000000000000e+00 -0.000000000000000000e+00 0.000000000000000000e+00 0.000000000000000000e+00 -0.000000000000000000e+00
0.000000000000000000e+00 -0.000000000000000000e+00 0.000000000000000000e+00 0.000000000000000000e+00 -0.000000000000000000e+00
1.000000000000000082e-05 9.813056133039127797e-05 1.000000000000000082e-05 4.261700472857462489e-04 1.744998114668263754e-04
1.000000000000000082e-05 4.430166118313791818e-05 1.000000000000000082e-05 1.923971572697785477e-04 7.877904109910114510e-05
0.000000000000000000e+00 -0.000000000000000000e+00 0.000000000000000000e+00 0.000000000000000000e+00 -0.000000000000000000e+00
0.000000000000000000e+00 -0.000000000000000000e+00 0.000000000000000000e+00 0.000000000000000000e+00 -0.000000000000000000e+00
0.000000000000000000e+00 -0.000000000000000000e+00 0.000000000000000000e+00 0.000000000000000000e+00 -0.000000000000000000e+00
0.000000000000000000e+00 -0.000000000000000000e+00 0.000000000000000000e+00 0.000000000000000000e+00 -0.000000000000000000e+00
0.000000000000000000e+00 -0.000000000000000000e+00 0.000000000000000000e+00 0.000000000000000000e+00 -0.000000000000000000e+00
0.000000000000000000e+00 -0.000000000000000000e+00 0.000000000000000000e+00 0.000000000000000000e+00 -0.000000000000000000e+00
0.000000000000000000e+00 -0.000000000000000000e+00 0.000000000000000000e+00 0.000000000000000000e+00 -0.000000000000000000e+00
1.000000000000000082e-05 6.860524999445795505e-06 4.759641714541988053e-06 1.038981670177008207e-05 2.065743568690608708e-05
1.000000000000000082e-05 2.159737521287614264e-04 1.987081090439205629e-04 2.760333431236970490e-05 9.604107039212934080e-04
1.000000000000000082e-05 9.368833210629208324e-04 2.971005186965922540e-04 1.000000000000000082e-05 2.712331471843755590e-03
4.103080997782883495e-04 1.379107678534660176e-03 1.072818112591583098e-03 1.000000000000000082e-05 4.987199389636611489e-03
3.752467090887098844e-03 3.655470619219309148e-03 1.950294417659416369e-03 1.000000000000000082e-05 5.602383411520646395e-03
7.163704400102942869e-03 7.552332917696739055e-03 4.282579818870783581e-03 1.000000000000000082e-05 6.395355861742131783e-03
1.373676992965380469e-02 1.501227655367743004e-02 1.026789316915020268e-02 1.000000000000000082e-05 2.488437777868016988e-03
2.241054590063626742e-02 2.547944908610937087e-02 1.548665577986312394e-02 1.000000000000000082e-05 1.000000000000000082e-05
2.965539115676100318e-02 3.263744687864326977e-02 2.320580454785626037e-02 1.000000000000000082e-05 1.000000000000000082e-05
3.753037439872122100e-02 3.842967770429086410e-02 3.155629508594303551e-02 1.000000000000000082e-05 1.000000000000000082e-05
3.695651832960959726e-02 3.694345689570441987e-02 3.237448475337389303e-02 1.000000000000000082e-05 1.000000000000000082e-05
3.243562601825871611e-02 3.164955190119417283e-02 2.732794001905054088e-02 7.737312608172588341e-03 1.000000000000000082e-05
2.067685017394250979e-02 2.037601832338269831e-02 1.761981618837289709e-02 2.349526638158956973e-02 1.000000000000000082e-05
1.099598901214619319e-02 7.759951944357643475e-03 5.680283290884591101e-03 3.476545672008288929e-02 1.000000000000000082e-05
1.572686244554332953e-03 2.058175294815384106e-03 1.000000000000000082e-05 3.661122125152559137e-02 1.000000000000000082e-05
1.000000000000000082e-05 3.136364096064364192e-05 1.000000000000000082e-05 2.889292864139140354e-02 1.000000000000000082e-05
1.000000000000000082e-05 1.000000000000000082e-05 1.000000000000000082e-05 1.671004986191327799e-02 1.000000000000000082e-05
2.071192855061109882e-04 1.000000000000000082e-05 1.000000000000000082e-05 7.085846659437304920e-03 1.000000000000000082e-05
1.193901084953439146e-04 1.000000000000000082e-05 1.000000000000000082e-05 1.844724031757975216e-03 1.000000000000000082e-05
1.000000000000000082e-05 1.071424402296636887e-04 1.000000000000000082e-05 4.984071950204979878e-04 2.002008294981900396e-04
1.000000000000000082e-05 1.619630623899664715e-05 1.000000000000000082e-05 7.033874566852126291e-05 2.880093975666064127e-05
0.000000000000000000e+00 -0.000000000000000000e+00 0.000000000000000000e+00 0.000000000000000000e+00 -0.000000000000000000e+00
0.000000000000000000e+00 -0.000000000000000000e+00 0.000000000000000000e+00 0.000000000000000000e+00 -0.000000000000000000e+00
0.000000000000000000e+00 -0.000000000000000000e+00 0.000000000000000000e+00 0.000000000000000000e+00 -0.000000000000000000e+00
0.000000000000000000e+00 -0.000000000000000000e+00 0.000000000000000000e+00 0.000000000000000000e+00 -0.000000000000000000e+00
0.000000000000000000e+00 -0.000000000000000000e+00 0.000000000000000000e+00 0.000000000000000000e+00 -0.000000000000000000e+00
0.000000000000000000e+00 -0.000000000000000000e+00 0.000000000000000000e+00 0.000000000000000000e+00 -0.000000000000000000e+00
0.000000000000000000e+00 -0.000000000000000000e+00 0.000000000000000000e+00 0.000000000000000000e+00 -0.000000000000000000e+00
1.000000000000000082e-05 1.166545130669338596e-05 4.770865643872869655e-05 1.000000000000000082e-05 1.000000000000000082e-05
1.000000000000000082e-05 3.412429047473302442e-03 5.542638620750587339e-04 2.462174260893921400e-04 5.532742254750691461e-04
1.000000000000000082e-05 5.853581322952613498e-03 1.891966553939518954e-03 1.000000000000000082e-05 2.514124788798897687e-03
1.489294889886154513e-03 1.133771235641698946e-02 4.351550462601825806e-03 1.000000000000000082e-05 4.665240132262494545e-03
8.156573518844512788e-03 2.307489687571874851e-02 6.173479179220641745e-03 1.000000000000000082e-05 2.889420085836741543e-03
2.139021904688651055e-02 4.203947267357680678e-02 1.932096647272794551e-02 1.000000000000000082e-05 1.000000000000000082e-05
3.265247417625897347e-02 6.346249719037562464e-02 3.138224514195511045e-02 1.000000000000000082e-05 1.000000000000000082e-05
4.253932075392925088e-02 8.231749253101253161e-02 5.226102830474758931e-02 1.000000000000000082e-05 1.000000000000000082e-05
5.024018772738683691e-02 9.465153396222232562e-02 7.323765867550836861e-02 1.000000000000000082e-05 1.000000000000000082e-05
5.986982750704932660e-02 1.026343743631955990e-01 8.621931099767593532e-02 1.000000000000000082e-05 1.000000000000000082e-05
5.849930436933251793e-02 1.009555099054184057e-01 8.941225311729016079e-02 1.000000000000000082e-05 1.000000000000000082e-05
5.036052571814389478e-02 9.352050961925770234e-02 8.947319191049100950e-02 2.570068641047055721e-02 1.000000000000000082e-05
3.757862339404467733e-02 7.587621650383390148e-02 7.229665355625693179e-02 5.932532820171528692e-02 1.000000000000000082e-05
1.796542790111747140e-02 4.252381384273015708e-02 4.528841861986145773e-02 8.672954705540218689e-02 1.000000000000000082e-05
1.000000000000000082e-05 1.330501336505857633e-02 1.665898159788815197e-02 1.002181612403323513e-01 1.000000000000000082e-05
1.000000000000000082e-05 5.549165129778212699e-04 1.000000000000000082e-05 8.987274273522925794e-02 1.000000000000000082e-05
1.000000000000000082e-05 1.000000000000000082e-05 1.000000000000000082e-05 5.877842834049890747e-02 1.710068682653466659e-03
1.000000000000000082e-05 1.000000000000000082e-05 1.000000000000000082e-05 2.989181406115590245e-02 1.000000000000000082e-05
1.000000000000000082e-05 1.000000000000000082e-05 1.000000000000000082e-05 8.837551446778706826e-03 1.000000000000000082e-05
1.000000000000000082e-05 8.984495360998127932e-05 1.000000000000000082e-05 5.320842795330213469e-04 1.929720531234867514e-04
1.000000000000000082e-05 1.000000000000000082e-05 1.000000000000000082e-05 1.632453371346800496e-04 8.253059759332646492e-05
1.000000000000000082e-05 1.000000000000000082e-05 1.000000000000000082e-05 1.039554479405278267e-04 5.352840429228759536e-05
0.000000000000000000e+00 -0.000000000000000000e+00 0.000000000000000000e+00 0.000000000000000000e+00 -0.000000000000000000e+00
0.000000000000000000e+00 -0.000000000000000000e+00 0.000000000000000000e+00 0.000000000000000000e+00 -0.000000000000000000e+00
0.000000000000000000e+00 -0.000000000000000000e+00 0.000000000000000000e+00 0.000000000000000000e+00 -0.000000000000000000e+00
0.000000000000000000e+00 -0.000000000000000000e+00 0.000000000000000000e+00 0.000000000000000000e+00 -0.000000000000000000e+00
0.000000000000000000e+00 -0.000000000000000000e+00 0.000000000000000000e+00 0.000000000000000000e+00 -0.000000000000000000e+00
7.598617584047194791e-06 6.577385316781850634e-05 3.987416373230420882e-05 1.000000000000000082e-05 1.000000000000000082e-05
1.000000000000000082e-05 1.974590937750208674e-03 1.458990922418475005e-03 1.000000000000000082e-05 1.000000000000000082e-05
1.000000000000000082e-05 8.985008744753475093e-03 2.580572299363563180e-03 1.000000000000000082e-05 2.486512250241246338e-05
1.000000000000000082e-05 1.662062770417050209e-02 5.071999682165628451e-03 1.000000000000000082e-05 5.984308326723564685e-03
1.000000000000000082e-05 2.795032917352777840e-02 9.885652671187922930e-03 1.000000000000000082e-05 1.016966260523056997e-02
1.118607045868759073e-02 4.955604556905233993e-02 2.122769243953486970e-02 1.000000000000000082e-05 7.622119485885691173e-03
2.524299673268642213e-02 7.832025502141061468e-02 4.033392102117257932e-02 1.000000000000000082e-05 1.000000000000000082e-05
3.451592073341504252e-02 9.872827113279145084e-02 6.376848034967627643e-02 1.000000000000000082e-05 1.000000000000000082e-05
3.700874448758507268e-02 1.102054238056602575e-01 8.900340496347494690e-02 1.000000000000000082e-05 1.000000000000000082e-05
4.092911816134944814e-02 1.133806732190345834e-01 1.032722866323920324e-01 1.000000000000000082e-05 1.000000000000000082e-05
4.066080540906867602e-02 1.159975846510359898e-01 1.071812161346196862e-01 6.683873846585007723e-03 3.437255813534419256e-03
4.344116804362355838e-02 1.131119716858869501e-01 1.075289846612826894e-01 2.946834899025781856e-02 1.000000000000000082e-05
4.387508456593640360e-02 1.094628881248311397e-01 1.015139525086503069e-01 5.286730352574932346e-02 1.000000000000000082e-05
4.630757242407086693e-02 1.013346013184877603e-01 8.949270472871138915e-02 7.196558301683550485e-02 1.000000000000000082e-05
3.911964964776851184e-02 7.886825783153574021e-02 7.440680121969307781e-02 9.442175129598814887e-02 1.000000000000000082e-05
1.500561431613862094e-02 4.120769127961752126e-02 4.440358038202030927e-02 1.219659874445786080e-01 1.000000000000000082e-05
1.000000000000000082e-05 1.171525968079034988e-02 8.353189102973980484e-03 1.313074362805456696e-01 1.000000000000000082e-05
1.000000000000000082e-05 1.000000000000000082e-05 1.000000000000000082e-05 1.099295504987118088e-01 2.008223165967934227e-03
1.000000000000000082e-05 1.000000000000000082e-05 1.000000000000000082e-05 6.555842187095477225e-02 3.342986652387042873e-03
1.000000000000000082e-05 1.000000000000000082e-05 1.000000000000000082e-05 2.516442927017484635e-02 2.180004307331285130e-03
1.000000000000000082e-05 1.000000000000000082e-05 1.000000000000000082e-05 2.744402851451418872e-03 8.356764510738378272e-04
1.000000000000000082e-05 1.000000000000000082e-05 1.000000000000000082e-05 4.498761626391811351e-04 2.316487840924857521e-04
1.000000000000000082e-05 1.000000000000000082e-05 1.000000000000000082e-05 3.423360440800142122e-04 1.762745727556367281e-04
0.000000000000000000e+00 -0.000000000000000000e+00 0.000000000000000000e+00 0.000000000000000000e+00 -0.000000000000000000e+00
0.000000000000000000e+00 -0.000000000000000000e+00 0.000000000000000000e+00 0.000000000000000000e+00 -0.000000000000000000e+00
0.000000000000000000e+00 -0.000000000000000000e+00 0.000000000000000000e+00 0.000000000000000000e+00 -0.000000000000000000e+00
0.000000000000000000e+00 -0.000000000000000000e+00 0.000000000000000000e+00 0.000000000000000000e+00 -0.000000000000000000e+00
1.000000000000000082e-05 1.000000000000000082e-05 2.166069530780709789e-05 1.000000000000000082e-05 2.700896649263158936e-05
1.000000000000000082e-05 2.740536110936725315e-04 1.950180772082625244e-04 1.000000000000000082e-05 1.421899327705433713e-04
1.000000000000000082e-05 3.404500818713378750e-03 2.239593036019557355e-03 1.000000000000000082e-05 1.000000000000000082e-05
1.000000000000000082e-05 9.953303219574639871e-03 5.604620415504931938e-03 1.000000000000000082e-05 4.137457325143754569e-03
1.000000000000000082e-05 2.188865893851584671e-02 8.322005028605685903e-03 1.000000000000000082e-05 1.090478975806438190e-02
1.000000000000000082e-05 4.275925323169302295e-02 1.450063740289460334e-02 1.000000000000000082e-05 1.513138060909885972e-02
8.065855951762689741e-03 6.036808972327432909e-02 3.383629165990442028e-02 1.000000000000000082e-05 2.106818013369338508e-02
1.594316605183059704e-02 7.475391322208274625e-02 6.247153685837740500e-02 1.000000000000000082e-05 2.981288987636724480e-02
2.222470283638272592e-02 8.391579876528551529e-02 8.617593578004520416e-02 1.000000000000000082e-05 4.230737274847524293e-02
1.872722247647149590e-02 7.936849857125481689e-02 9.774780949765836391e-02 1.000000000000000082e-05 5.877827309861029942e-02
1.321724257303192110e-02 7.471797399868139455e-02 9.273819267477063921e-02 2.475700461879516354e-02 7.305960266239451550e-02
1.309219590127684921e-02 6.982620230626053470e-02 8.001234044069287232e-02 5.199768578668741842e-02 8.213700392008030371e-02
1.862597599402873380e-02 6.648027813299468847e-02 6.736427507864907460e-02 6.808172948049202866e-02 8.440528028108071346e-02
3.054486432563881249e-02 7.522178083843238106e-02 6.250920269975952792e-02 6.812948051251138670e-02 7.113808073277785859e-02
4.914766930099920272e-02 9.085024537020157387e-02 7.408915797072125609e-02 5.948416352280706115e-02 2.784308112584566938e-02
6.383834630834032964e-02 9.082607593715708028e-02 7.723147942695256229e-02 6.372150948898817890e-02 1.000000000000000082e-05
5.188541289472436979e-02 6.316097320310513907e-02 6.599270157233076695e-02 9.338869750852887841e-02 1.000000000000000082e-05
1.350592387594077085e-02 2.686318464009257098e-02 3.001866719142648465e-02 1.309281973521329023e-01 1.000000000000000082e-05
1.000000000000000082e-05 1.000000000000000082e-05 1.000000000000000082e-05 1.394604419428574493e-01 1.000000000000000082e-05
1.000000000000000082e-05 1.000000000000000082e-05 1.000000000000000082e-05 1.026805275697124653e-01 7.225880272401583558e-03
1.000000000000000082e-05 1.000000000000000082e-05 1.000000000000000082e-05 4.674114715138353443e-02 4.177729627296030909e-03
1.000000000000000082e-05 1.000000000000000082e-05 1.000000000000000082e-05 6.841960662909494020e-03 1.712732580758662745e-03
1.000000000000000082e-05 1.000000000000000082e-05 1.000000000000000082e-05 4.014831092875555726e-04 2.067303889909036371e-04
1.000000000000000082e-05 1.000000000000000082e-05 1.000000000000000082e-05 1.971568840251389069e-05 1.015193874508902612e-05
0.000000000000000000e+00 -0.000000000000000000e+00 0.000000000000000000e+00 0.000000000000000000e+00 -0.000000000000000000e+00
0.000000000000000000e+00 -0.000000000000000000e+00 0.000000000000000000e+00 0.000000000000000000e+00 -0.000000000000000000e+00
0.000000000000000000e+00 -0.000000000000000000e+00 0.000000000000000000e+00 0.000000000000000000e+00 -0.000000000000000000e+00
0.000000000000000000e+00 -0.000000000000000000e+00 0.000000000000000000e+00 0.000000000000000000e+00 -0.000000000000000000e+00
1.000000000000000082e-05 1.000000000000000082e-05 3.995194912328866514e-04 1.000000000000000082e-05 4.981653819752042455e-04
1.000000000000000082e-05 7.375979193041040519e-05 8.249336666333574814e-04 1.000000000000000082e-05 1.008303710386920619e-03
1.000000000000000082e-05 2.373911179532352776e-03 4.135202860394833653e-03 1.000000000000000082e-05 2.333369247989333130e-03
1.000000000000000082e-05 7.648583812392541724e-03 9.013749872207517735e-03 1.000000000000000082e-05 1.176803226839836895e-02
1.000000000000000082e-05 1.774726253393395237e-02 1.159538262768713968e-02 1.000000000000000082e-05 2.788006071277640552e-02
1.000000000000000082e-05 3.116949471470061364e-02 2.055817874376526452e-02 1.000000000000000082e-05 3.795190943985789211e-02
1.000000000000000082e-05 3.772192039471568975e-02 3.850887952673785752e-02 1.000000000000000082e-05 6.226194194195420334e-02
1.000000000000000082e-05 3.847783548324475167e-02 6.375329178294487920e-02 1.000000000000000082e-05 8.292108505351329650e-02
1.000000000000000082e-05 3.704405865487536004e-02 7.799103719098073040e-02 1.000000000000000082e-05 1.002288037360449385e-01
1.000000000000000082e-05 2.871885892508355825e-02 7.303132992711697247e-02 2.384226787510482226e-02 1.204429133035834210e-01
1.000000000000000082e-05 1.664197052255734360e-02 5.340164075159185841e-02 5.457708519516096118e-02 1.347201428802263790e-01
1.000000000000000082e-05 9.624731596495818969e-03 2.875797078373107732e-02 7.514199202241771125e-02 1.442773256347946453e-01
7.491632312108603524e-03 1.450344981081942361e-02 1.515806843439770728e-02 7.349646080116742364e-02 1.475317957809813008e-01
2.276290258545827713e-02 3.407403811653342968e-02 1.486188080989193742e-02 5.528437768408187014e-02 1.365844862070741128e-01
4.762030466842708670e-02 6.908735925176200110e-02 3.502100581752436853e-02 2.448302772046561521e-02 8.878668477343935883e-02
7.745097192128579111e-02 9.047220816480551486e-02 6.916174589814026719e-02 8.962886111650379684e-03 1.200136445678155923e-02
7.498426488599314876e-02 7.850061972655617004e-02 8.666647541412679512e-02 3.225839531779241959e-02 1.000000000000000082e-05
3.423368924125187035e-02 3.927057948409502092e-02 6.439644636662042454e-02 9.430363789918246031e-02 1.000000000000000082e-05
1.000000000000000082e-05 3.365628246269088304e-03 9.626659720457956398e-03 1.401653334025380893e-01 1.000000000000000082e-05
1.000000000000000082e-05 1.000000000000000082e-05 1.000000000000000082e-05 1.226663193455194423e-01 7.495454571223896661e-03
1.000000000000000082e-05 1.000000000000000082e-05 1.000000000000000082e-05 6.305074338271719758e-02 4.836057188258405769e-03
1.000000000000000082e-05 1.000000000000000082e-05 1.000000000000000082e-05 1.261800109089240667e-02 2.512627436175780306e-03
1.000000000000000082e-05 1.000000000000000082e-05 1.000000000000000082e-05 3.029046672749861327e-04 1.559706952654585539e-04
0.000000000000000000e+00 -0.000000000000000000e+00 0.000000000000000000e+00 0.000000000000000000e+00 -0.000000000000000000e+00
0.000000000000000000e+00 -0.000000000000000000e+00 0.000000000000000000e+00 0.000000000000000000e+00 -0.000000000000000000e+00
0.000000000000000000e+00 -0.000000000000000000e+00 0.000000000000000000e+00 0.000000000000000000e+00 -0.000000000000000000e+00
0.000000000000000000e+00 -0.000000000000000000e+00 0.000000000000000000e+00 0.000000000000000000e+00 -0.000000000000000000e+00
0.000000000000000000e+00 -0.000000000000000000e+00 0.000000000000000000e+00 0.000000000000000000e+00 -0.000000000000000000e+00
1.000000000000000082e-05 1.000000000000000082e-05 2.190136970011605623e-04 1.000000000000000082e-05 2.730906612032755381e-04
1.000000000000000082e-05 1.000000000000000082e-05 1.370619827738416875e-03 1.000000000000000082e-05 1.372873485248926693e-03
1.000000000000000082e-05 2.251004152640060665e-04 6.905171999517224941e-03 1.000000000000000082e-05 8.045291087279681300e-03
1.000000000000000082e-05 3.542009854732409025e-03 8.839617321798769189e-03 1.000000000000000082e-05 2.147607420328093500e-02
1.000000000000000082e-05 6.471243066389994851e-03 1.172819529211709295e-02 1.000000000000000082e-05 4.311632017990513904e-02
1.000000000000000082e-05 1.134754975242942797e-02 2.069049758583087900e-02 1.000000000000000082e-05 6.266041871080320347e-02
1.000000000000000082e-05 1.121041904830478129e-02 3.690966597018083967e-02 1.000000000000000082e-05 8.435184040241448800e-02
1.000000000000000082e-05 4.104503235448609191e-03 4.643345265437496400e-02 5.284434249606225409e-04 1.084128121304268194e-01
1.000000000000000082e-05 1.000000000000000082e-05 4.961389141832628358e-02 1.488962481124405865e-02 1.280198677733502266e-01
1.000000000000000082e-05 1.000000000000000082e-05 3.756203798604843686e-02 3.561519880720972336e-02 1.369776613096879148e-01
1.000000000000000082e-05 1.000000000000000082e-05 1.540484639584800350e-02 6.214340514337527571e-02 1.411541757304888844e-01
1.000000000000000082e-05 1.000000000000000082e-05 1.000000000000000082e-05 6.467151693046380156e-02 1.464601047954567081e-01
2.870219830841366435e-03 1.000000000000000082e-05 1.000000000000000082e-05 5.376184755384617875e-02 1.555900508642560354e-01
1.303859065722388563e-02 1.135226711249336107e-02 1.000000000000000082e-05 2.580943542996192233e-02 1.589821373188028408e-01
3.981769636181130972e-02 5.388503797518559568e-02 1.600478943116875885e-02 1.000000000000000082e-05 1.194197264555410948e-01
8.076254291992002177e-02 9.342395075523161896e-02 5.925155336642582565e-02 1.000000000000000082e-05 3.389050966147274385e-02
9.090685720006311255e-02 9.038897171261532637e-02 9.793185105938025103e-02 1.000000000000000082e-05 1.000000000000000082e-05
4.345538581963379055e-02 4.316125961493572083e-02 8.903364606870467490e-02 6.415612430784660425e-02 1.000000000000000082e-05
1.149842196895356234e-03 2.085230936340957009e-03 3.311107433873201195e-02 1.334770096336268252e-01 1.000000000000000082e-05
1.000000000000000082e-05 1.000000000000000082e-05 1.000000000000000082e-05 1.257222858251570707e-01 7.916793580090033394e-03
1.000000000000000082e-05 1.000000000000000082e-05 1.000000000000000082e-05 6.671328502988840836e-02 5.103004661390655311e-03
1.000000000000000082e-05 1.000000000000000082e-05 1.000000000000000082e-05 1.341788956882214272e-02 2.481047519464794644e-03
8.137710805897939784e-05 8.423729476778114736e-05 1.000000000000000082e-05 1.000000000000000082e-05 1.000000000000000082e-05
2.760281637238938857e-05 1.000000000000000082e-05 1.000000000000000082e-05 1.000000000000000082e-05 1.883522655594704659e-04
0.000000000000000000e+00 -0.000000000000000000e+00 0.000000000000000000e+00 0.000000000000000000e+00 -0.000000000000000000e+00
0.000000000000000000e+00 -0.000000000000000000e+00 0.000000000000000000e+00 0.000000000000000000e+00 -0.000000000000000000e+00
0.000000000000000000e+00 -0.000000000000000000e+00 0.000000000000000000e+00 0.000000000000000000e+00 -0.000000000000000000e+00
0.000000000000000000e+00 -0.000000000000000000e+00 0.000000000000000000e+00 0.000000000000000000e+00 -0.000000000000000000e+00
1.000000000000000082e-05 1.000000000000000082e-05 7.750429139398739870e-05 5.995807821954595015e-05 3.837252617696497285e-05
1.000000000000000082e-05 1.000000000000000082e-05 9.998217933978334557e-04 1.000000000000000082e-05 9.712020336597628053e-04
1.000000000000000082e-05 1.000000000000000082e-05 5.763789285837660030e-03 1.000000000000000082e-05 7.786311313981072665e-03
1.000000000000000082e-05 9.672085391456446872e-04 7.176015485289374655e-03 1.000000000000000082e-05 2.187434473606340163e-02
1.000000000000000082e-05 3.872669516536795674e-04 7.647903907653424808e-03 1.000000000000000082e-05 4.408272238632156975e-02
1.000000000000000082e-05 1.000000000000000082e-05 1.760509943841439412e-02 1.000000000000000082e-05 6.170683187126029673e-02
1.000000000000000082e-05 1.000000000000000082e-05 2.571055988805959203e-02 3.573590009806022066e-03 7.538642691472192958e-02
1.000000000000000082e-05 1.000000000000000082e-05 3.117703579487591040e-02 9.471345033491078771e-03 8.967747899742876949e-02
1.000000000000000082e-05 1.000000000000000082e-05 2.974434038470781874e-02 2.015230523028516130e-02 9.749687053300588879e-02
1.000000000000000082e-05 1.000000000000000082e-05 1.836332118913218750e-02 3.443932826282800064e-02 1.024120655978552619e-01
1.000000000000000082e-05 1.000000000000000082e-05 2.904316267530570282e-03 4.319853197836512337e-02 1.042076330061598999e-01
1.000000000000000082e-05 1.000000000000000082e-05 1.000000000000000082e-05 3.941487309095366431e-02 1.105388514453404109e-01
1.032712132707297274e-03 1.000000000000000082e-05 1.000000000000000082e-05 2.496157443015584870e-02 1.257534583553888696e-01
6.665940305289830281e-03 8.872464769737072737e-03 1.000000000000000082e-05 1.956731149134095446e-03 1.448329594595987591e-01
3.226339107770667680e-02 5.829556448163803611e-02 7.831193283269701280e-03 1.000000000000000082e-05 1.199632579990491665e-01
7.748251664340802258e-02 1.065593010742646174e-01 4.787132255729182467e-02 1.000000000000000082e-05 3.342323594952165827e-02
8.867953082975706114e-02 9.772529491085245323e-02 9.324771959410073363e-02 1.000000000000000082e-05 1.000000000000000082e-05
4.261465278186448574e-02 4.060084701941400753e-02 1.041081570673722811e-01 6.005452750982911980e-02 1.000000000000000082e-05
3.751241460036742201e-04 1.000000000000000082e-05 4.767604610373964158e-02 1.317037361027248998e-01 1.000000000000000082e-05
1.000000000000000082e-05 1.000000000000000082e-05 5.438745307492495046e-03 1.171511393057039913e-01 6.870933448868111158e-03
1.000000000000000082e-05 1.000000000000000082e-05 1.000000000000000082e-05 5.712815232583499936e-02 5.610085690471197477e-03
5.722570471890262933e-04 1.000000000000000082e-05 1.000000000000000082e-05 1.044388188621943846e-02 2.783830299085617976e-03
3.179469912485243378e-04 1.000000000000000082e-05 1.000000000000000082e-05 5.990723578991068214e-05 2.346535913737380697e-04
0.000000000000000000e+00 -0.000000000000000000e+00 0.000000000000000000e+00 0.000000000000000000e+00 -0.000000000000000000e+00
0.000000000000000000e+00 -0.000000000000000000e+00 0.000000000000000000e+00 0.000000000000000000e+00 -0.000000000000000000e+00
0.000000000000000000e+00 -0.000000000000000000e+00 0.000000000000000000e+00 0.000000000000000000e+00 -0.000000000000000000e+00
0.000000000000000000e+00 -0.000000000000000000e+00 0.000000000000000000e+00 0.000000000000000000e+00 -0.000000000000000000e+00
0.000000000000000000e+00 -0.000000000000000000e+00 0.000000000000000000e+00 0.000000000000000000e+00 -0.000000000000000000e+00
0.000000000000000000e+00 -0.000000000000000000e+00 0.000000000000000000e+00 0.000000000000000000e+00 -0.000000000000000000e+00
1.000000000000000082e-05 1.000000000000000082e-05 5.531291696853688335e-05 8.761766724079746995e-06 4.944168217212329726e-05
1.000000000000000082e-05 1.000000000000000082e-05 3.288285757213690787e-03 1.000000000000000082e-05 5.673696266965415694e-03
1.000000000000000082e-05 1.000000000000000082e-05 5.056249675925957206e-03 1.000000000000000082e-05 1.579078435736872704e-02
1.000000000000000082e-05 1.000000000000000082e-05 5.127540540047008724e-03 5.085983301468077582e-04 2.697390811886939480e-02
1.000000000000000082e-05 1.000000000000000082e-05 1.039047788654441640e-02 8.754370797805754436e-04 4.003910548985330220e-02
1.000000000000000082e-05 1.000000000000000082e-05 1.599082036445427513e-02 8.006833046091690886e-03 5.079784233853709696e-02
1.000000000000000082e-05 1.000000000000000082e-05 1.530194532379169046e-02 1.076999472675582367e-02 5.406144491369447441e-02
1.000000000000000082e-05 1.000000000000000082e-05 1.341198446377992425e-02 1.684788004674692488e-02 6.053212282074833112e-02
1.000000000000000082e-05 1.000000000000000082e-05 6.763169783887676423e-03 2.393670685670947970e-02 6.231724707125867180e-02
1.000000000000000082e-05 1.000000000000000082e-05 1.000000000000000082e-05 2.539793934940078393e-02 5.932371775522134877e-02
1.000000000000000082e-05 1.000000000000000082e-05 1.000000000000000082e-05 1.970183596668852524e-02 7.427212097580486450e-02
1.000000000000000082e-05 1.000000000000000082e-05 1.000000000000000082e-05 6.301418415250070910e-03 1.076556588277344795e-01
5.967056249656431909e-03 1.933457673922595738e-02 1.000000000000000082e-05 1.000000000000000082e-05 1.334051679972945714e-01
3.713140076518157279e-02 7.938018945895290723e-02 1.000000000000000082e-05 1.000000000000000082e-05 1.028521411906068994e-01
7.761753667700033166e-02 1.208665498797698579e-01 3.086986158885973719e-02 1.000000000000000082e-05 1.960650799834802796e-02
8.539453760954721084e-02 9.602996047076593766e-02 8.095200794781201581e-02 2.414391523257390215e-03 1.000000000000000082e-05
4.041627941556002329e-02 3.128780637013586774e-02 1.033190988579549829e-01 7.751504051495494707e-02 1.000000000000000082e-05
1.000000000000000082e-05 1.000000000000000082e-05 6.121578083759019601e-02 1.255080695559522841e-01 1.000000000000000082e-05
1.000000000000000082e-05 1.000000000000000082e-05 1.492822445256647076e-02 9.837672881765861799e-02 5.106145297578682483e-03
1.758390667393155797e-03 1.000000000000000082e-05 1.000000000000000082e-05 4.504902983467173189e-02 4.603903696650582175e-03
1.000000000000000082e-05 1.000000000000000082e-05 1.189042842741641978e-04 6.758524182403288783e-03 3.947151901532228516e-03
1.000000000000000082e-05 1.000000000000000082e-05 2.512276037436066210e-04 2.509646072137371550e-05 9.783596754276643621e-04
1.000000000000000082e-05 1.000000000000000082e-05 6.104887197864078451e-05 2.561034847825184166e-06 2.166225018739312757e-04
3.651879391359090662e-04 1.000000000000000082e-05 1.931416022076873080e-04 1.000000000000000082e-05 1.735099642005357606e-04
0.000000000000000000e+00 -0.000000000000000000e+00 0.000000000000000000e+00 0.000000000000000000e+00 -0.000000000000000000e+00
0.000000000000000000e+00 -0.000000000000000000e+00 0.000000000000000000e+00 0.000000000000000000e+00 -0.000000000000000000e+00
0.000000000000000000e+00 -0.000000000000000000e+00 0.000000000000000000e+00 0.000000000000000000e+00 -0.000000000000000000e+00
0.000000000000000000e+00 -0.000000000000000000e+00 0.000000000000000000e+00 0.000000000000000000e+00 -0.000000000000000000e+00
1.000000000000000082e-05 1.000000000000000082e-05 1.911125175942434079e-04 4.668319732123000717e-05 1.347986733691893392e-04
1.000000000000000082e-05 1.000000000000000082e-05 1.777895721518913666e-03 2.509696658794544695e-04 3.280455146368552524e-03
1.000000000000000082e-05 1.000000000000000082e-05 2.803220160953332190e-03 4.417537819572419830e-04 1.075401131523812288e-02
1.000000000000000082e-05 1.000000000000000082e-05 1.941765947309089923e-03 4.224613398280552962e-04 1.554765389867487045e-02
1.000000000000000082e-05 1.000000000000000082e-05 2.687642433726007002e-03 1.848171234523428470e-03 2.147697948384966193e-02
1.000000000000000082e-05 1.000000000000000082e-05 5.344119016834579343e-03 5.528760058209212375e-03 2.705550392787335959e-02
1.000000000000000082e-05 1.000000000000000082e-05 8.067834626829365613e-03 7.735844165021200231e-03 2.862524285370337054e-02
1.000000000000000082e-05 8.835586866172409482e-06 8.371712419861850052e-03 9.382094984358985493e-03 3.033336643110534289e-02
1.000000000000000082e-05 1.000000000000000082e-05 3.316120359771408069e-03 1.339887164858236460e-02 3.252426047357959843e-02
1.000000000000000082e-05 1.000000000000000082e-05 2.072423247129512758e-04 1.200679175325876542e-02 4.105581106312884698e-02
1.000000000000000082e-05 1.000000000000000082e-05 1.000000000000000082e-05 5.598575342804040962e-03 6.506172877982452363e-02
1.000000000000000082e-05 6.907151505443197975e-04 1.000000000000000082e-05 1.000000000000000082e-05 1.020996727978517177e-01
2.012961536049603928e-02 4.204925978527566943e-02 1.000000000000000082e-05 1.000000000000000082e-05 1.172560764755111173e-01
5.458351910487229536e-02 1.049785700823012008e-01 1.000000000000000082e-05 1.000000000000000082e-05 7.603404048267196902e-02
8.505234235026207235e-02 1.247393336964056076e-01 1.845931646223264097e-02 1.000000000000000082e-05 4.890992495790165255e-03
7.659108092316489758e-02 8.000900642094045667e-02 7.357257835014552327e-02 3.462168116642402177e-02 1.000000000000000082e-05
3.587009421088358657e-02 1.326006269994135095e-02 1.004768744087237847e-01 9.520765549462642530e-02 1.000000000000000082e-05
1.000000000000000082e-05 1.000000000000000082e-05 6.940566099229546204e-02 1.120132815359580064e-01 1.529465106944249714e-03
1.000000000000000082e-05 1.000000000000000082e-05 2.294085993549211874e-02 7.282011373701954837e-02 1.145462744786547625e-03
3.201397608518991088e-04 1.000000000000000082e-05 3.794974009806940853e-03 2.940273672304449457e-02 4.763319096095312496e-03
1.486168692846209175e-04 1.000000000000000082e-05 1.362508654595695045e-03 3.211100675622130876e-03 2.798401291125758757e-03
7.406855759102776247e-04 1.000000000000000082e-05 8.643808040536353466e-05 1.000000000000000082e-05 1.150810590099695611e-03
5.806631361125007534e-04 1.000000000000000082e-05 1.000000000000000082e-05 1.000000000000000082e-05 4.034338523677139248e-04
0.000000000000000000e+00 -0.000000000000000000e+00 0.000000000000000000e+00 0.000000000000000000e+00 -0.000000000000000000e+00
0.000000000000000000e+00 -0.000000000000000000e+00 0.000000000000000000e+00 0.000000000000000000e+00 -0.000000000000000000e+00
0.000000000000000000e+00 -0.000000000000000000e+00 0.000000000000000000e+00 0.000000000000000000e+00 -0.000000000000000000e+00
0.000000000000000000e+00 -0.000000000000000000e+00 0.000000000000000000e+00 0.000000000000000000e+00 -0.000000000000000000e+00
0.000000000000000000e+00 -0.000000000000000000e+00 0.000000000000000000e+00 0.000000000000000000e+00 -0.000000000000000000e+00
1.000000000000000082e-05 1.000000000000000082e-05 8.761568540840493661e-04 2.305672041219369807e-04 6.007750258485735056e-04
1.000000000000000082e-05 1.000000000000000082e-05 1.084646712888111915e-03 3.423340227292995274e-04 1.254902833435753151e-03
1.000000000000000082e-05 1.000000000000000082e-05 7.217310217018519910e-04 4.343415591574636926e-04 5.778772766842344560e-03
1.000000000000000082e-05 1.000000000000000082e-05 1.000000000000000082e-05 1.068359638903299469e-03 7.193636779872782452e-03
1.000000000000000082e-05 1.000000000000000082e-05 1.038348042879635525e-03 2.428783197548377293e-03 8.746293796579629118e-03
1.000000000000000082e-05 1.000000000000000082e-05 3.102186313967858055e-03 4.292356785138928474e-03 9.718166874911801298e-03
4.861746067853423199e-05 1.000000000000000082e-05 4.541552382069389063e-03 5.430783863232490488e-03 1.271102816242857675e-02
3.127971383028567420e-03 1.000000000000000082e-05 4.610245028130008534e-03 4.988337644334317478e-03 1.173542217996701061e-02
4.078804496100076928e-03 1.000000000000000082e-05 1.026731927862998585e-03 8.101201394729655794e-03 2.118851129120339835e-02
5.548544168793044518e-03 1.000000000000000082e-05 1.000000000000000082e-05 4.899665919028247697e-03 4.576389716279086889e-02
1.057717535398681324e-02 1.000000000000000082e-05 1.000000000000000082e-05 1.000000000000000082e-05 6.708163263658442621e-02
1.947942746278340936e-02 2.373581994555146180e-02 1.000000000000000082e-05 1.000000000000000082e-05 9.268253749731711344e-02
4.092141144513874312e-02 7.623146713569102506e-02 1.000000000000000082e-05 1.000000000000000082e-05 8.916574430399500095e-02
7.262391874227440425e-02 1.231684975286729822e-01 1.000000000000000082e-05 1.000000000000000082e-05 4.520666597185635238e-02
8.631676793571248230e-02 1.140987512806024562e-01 1.647757774379987605e-02 1.504869420332935470e-02 1.000000000000000082e-05
6.632557061299633461e-02 5.245361925579125617e-02 7.610172283951009697e-02 6.967539533080528702e-02 1.000000000000000082e-05
2.632205383897614007e-02 1.000000000000000082e-05 9.980886622693943555e-02 1.013818923825447332e-01 1.000000000000000082e-05
1.000000000000000082e-05 1.000000000000000082e-05 7.430879574361680395e-02 8.726182657668103693e-02 2.663153657384569658e-03
2.542121363071036828e-03 1.000000000000000082e-05 2.987100745765459281e-02 4.628329076899685007e-02 2.166119503799134993e-03
2.175876798436524045e-05 1.000000000000000082e-05 7.127159614955029705e-03 1.491304006635910812e-02 5.673298993325215714e-03
1.575986659515946553e-03 1.000000000000000082e-05 2.113290195270193118e-03 6.309555968357598429e-04 3.153116360423174024e-03
1.716174271613979353e-03 1.000000000000000082e-05 1.000000000000000082e-05 1.000000000000000082e-05 2.586364926947993907e-03
1.667697851473795220e-03 1.000000000000000082e-05 1.000000000000000082e-05 1.000000000000000082e-05 1.089205124527280839e-03
3.753182015525482790e-04 2.188013020868721080e-06 1.000000000000000082e-05 1.000000000000000082e-05 1.000000000000000082e-05
0.000000000000000000e+00 -0.000000000000000000e+00 0.000000000000000000e+00 0.000000000000000000e+00 -0.000000000000000000e+00
0.000000000000000000e+00 -0.000000000000000000e+00 0.000000000000000000e+00 0.000000000000000000e+00 -0.000000000000000000e+00
0.000000000000000000e+00 -0.000000000000000000e+00 0.000000000000000000e+00 0.000000000000000000e+00 -0.000000000000000000e+00
0.000000000000000000e+00 -0.000000000000000000e+00 0.000000000000000000e+00 0.000000000000000000e+00 -0.000000000000000000e+00
1.000000000000000082e-05 1.000000000000000082e-05 1.037763725658384867e-03 3.658192062279917440e-04 6.151496354468728028e-04
1.000000000000000082e-05 1.000000000000000082e-05 1.017262693028230403e-03 5.025180109372208307e-04 7.151085004436065831e-04
1.176683103237049507e-04 1.000000000000000082e-05 3.862102679806299322e-04 7.114799671837714360e-04 1.451246269842520944e-03
2.519021976641248970e-03 1.000000000000000082e-05 2.561492050295700396e-04 1.586769231971357297e-03 1.363370539541044688e-03
7.703777234169853841e-03 1.000000000000000082e-05 1.297456263918075545e-03 3.126919556852209448e-03 1.534756249737301986e-03
1.448798143860399214e-02 1.000000000000000082e-05 2.196555171543597244e-03 5.107762928860079196e-03 2.474564184692411815e-03
2.269318142413313116e-02 1.000000000000000082e-05 2.373900000954572544e-04 5.984222142400416090e-03 5.016504813796065880e-03
3.201796766794764992e-02 1.000000000000000082e-05 1.000000000000000082e-05 5.653920117202755093e-03 7.386668836531486322e-03
4.129638057028553466e-02 1.000000000000000082e-05 1.000000000000000082e-05 4.572209540568348586e-03 2.138154223656523259e-02
4.803085157121255583e-02 1.000000000000000082e-05 1.000000000000000082e-05 8.629415596312675326e-04 4.345219774563054832e-02
5.374657718354856895e-02 1.655978657755753647e-02 1.000000000000000082e-05 1.000000000000000082e-05 6.300593616215120762e-02
5.992404889818368774e-02 5.454570684994763247e-02 1.000000000000000082e-05 1.000000000000000082e-05 7.251778429714568486e-02
7.711855988319832322e-02 9.963828648288529377e-02 1.000000000000000082e-05 1.000000000000000082e-05 5.566165255742454993e-02
9.058478950896420301e-02 1.229001626292994809e-01 1.000000000000000082e-05 2.217126439734031645e-02 1.762841600599140274e-02
8.022151982799055614e-02 8.545871533146513765e-02 2.739363473086942752e-02 6.041210209915499896e-02 1.000000000000000082e-05
5.301515550898282941e-02 1.929606000628149992e-02 9.007075655862160912e-02 8.859415291218490640e-02 1.000000000000000082e-05
2.228224647963213470e-02 1.000000000000000082e-05 1.055249141429001614e-01 8.520665774519946278e-02 1.000000000000000082e-05
6.992310137589539433e-03 1.000000000000000082e-05 7.503818936741980805e-02 5.193093130995197343e-02 3.620550496094015851e-03
5.641471709208937570e-03 1.000000000000000082e-05 2.973397957245683954e-02 2.093022153843148922e-02 3.481949774302954027e-03
3.361238150710951864e-03 1.000000000000000082e-05 7.929679060672829849e-03 3.454863393114627947e-03 5.956873727473555036e-03
6.110837651039755999e-03 1.000000000000000082e-05 2.075968565764983124e-03 1.000000000000000082e-05 2.967401194426029249e-03
4.393950064124914345e-03 1.000000000000000082e-05 1.000000000000000082e-05 1.000000000000000082e-05 2.430196111484498635e-03
1.371893124330435384e-03 1.000000000000000082e-05 1.000000000000000082e-05 1.000000000000000082e-05 2.273218482018392241e-03
2.082057176495886704e-04 1.213788245153355055e-06 1.000000000000000082e-05 1.000000000000000082e-05 1.000000000000000082e-05
0.000000000000000000e+00 -0.000000000000000000e+00 0.000000000000000000e+00 0.000000000000000000e+00 -0.000000000000000000e+00
0.000000000000000000e+00 -0.000000000000000000e+00 0.000000000000000000e+00 0.000000000000000000e+00 -0.000000000000000000e+00
0.000000000000000000e+00 -0.000000000000000000e+00 0.000000000000000000e+00 0.000000000000000000e+00 -0.000000000000000000e+00
0.000000000000000000e+00 -0.000000000000000000e+00 0.000000000000000000e+00 0.000000000000000000e+00 -0.000000000000000000e+00
1.000000000000000082e-05 1.000000000000000082e-05 4.066980501912483893e-04 2.804409027014421519e-04 1.525292298768240811e-04
6.692381965887009981e-04 1.000000000000000082e-05 4.165366999587471705e-04 1.033108650166216034e-03 1.642375000166703886e-05
4.858352185128428889e-03 1.000000000000000082e-05 1.000000000000000082e-05 2.337875211910770724e-03 1.000000000000000082e-05
1.683856184750572374e-02 1.000000000000000082e-05 1.000000000000000082e-05 5.524649246641337962e-03 1.000000000000000082e-05
3.484937682527440572e-02 1.000000000000000082e-05 1.000000000000000082e-05 9.154128769230811952e-03 1.000000000000000082e-05
5.661254129440455862e-02 1.000000000000000082e-05 1.000000000000000082e-05 1.184539566471062150e-02 1.000000000000000082e-05
8.066381853125068058e-02 1.000000000000000082e-05 1.000000000000000082e-05 1.257920152213842097e-02 1.000000000000000082e-05
1.034664715179816757e-01 1.000000000000000082e-05 1.000000000000000082e-05 7.787939591697669826e-03 1.000000000000000082e-05
1.200005871255139939e-01 1.000000000000000082e-05 1.000000000000000082e-05 6.155064996079223465e-03 1.407504370611052831e-02
1.259370143968231159e-01 1.352532551080867090e-02 1.000000000000000082e-05 2.075505252892081900e-03 2.888730199420180139e-02
1.234829322817392189e-01 4.169986584600230556e-02 1.000000000000000082e-05 1.307426672012234692e-03 4.458080265526698921e-02
1.217388884495170520e-01 8.200028730816065481e-02 1.000000000000000082e-05 6.218144465297454314e-03 3.899648738857940805e-02
1.157833528445555010e-01 1.123820058859639898e-01 1.000000000000000082e-05 2.798852104851376477e-02 1.711926081307936151e-02
1.035368946657220235e-01 1.005249255894168775e-01 1.000000000000000082e-05 6.062429500470439825e-02 1.000000000000000082e-05
7.444023593614135237e-02 4.337917143662020636e-02 5.882606444086902614e-02 8.359077132208062033e-02 1.000000000000000082e-05
5.021344249759211037e-02 1.000000000000000082e-05 1.102242898601872162e-01 7.958755586618349032e-02 1.000000000000000082e-05
2.582016463993539249e-02 1.000000000000000082e-05 1.095112431715815765e-01 5.384132347199691720e-02 1.508158522884773351e-03
1.493438576322114741e-02 1.000000000000000082e-05 6.787973287412513157e-02 2.242148956605471630e-02 8.560075555939902076e-03
1.123290196508986219e-02 1.000000000000000082e-05 2.376889645192804476e-02 5.095543741246879969e-03 7.257893148331005101e-03
6.719922782939436075e-03 1.000000000000000082e-05 6.212833893911542948e-03 1.000000000000000082e-05 7.366721846119987996e-03
7.339200937745830357e-03 1.000000000000000082e-05 2.092088735962227119e-03 1.000000000000000082e-05 5.672431005693793007e-03
5.179594971586014805e-03 1.000000000000000082e-05 1.189691295366716427e-03 1.000000000000000082e-05 6.237780432658436049e-03
3.411970962452018103e-04 1.000000000000000082e-05 1.119411210983932669e-04 1.000000000000000082e-05 3.821111460903914726e-03
3.135247422977181135e-04 1.000000000000000082e-05 1.000000000000000082e-05 1.000000000000000082e-05 4.316538655538550932e-04
0.000000000000000000e+00 -0.000000000000000000e+00 0.000000000000000000e+00 0.000000000000000000e+00 -0.000000000000000000e+00
0.000000000000000000e+00 -0.000000000000000000e+00 0.000000000000000000e+00 0.000000000000000000e+00 -0.000000000000000000e+00
0.000000000000000000e+00 -0.000000000000000000e+00 0.000000000000000000e+00 0.000000000000000000e+00 -0.000000000000000000e+00
0.000000000000000000e+00 -0.000000000000000000e+00 0.000000000000000000e+00 0.000000000000000000e+00 -0.000000000000000000e+00
6.190839121279852111e-04 1.000000000000000082e-05 1.000000000000000082e-05 6.539700096734701699e-04 1.000000000000000082e-05
4.717898888032081781e-03 1.000000000000000082e-05 1.000000000000000082e-05 2.947729946400117623e-03 1.000000000000000082e-05
2.143706157866265977e-02 1.000000000000000082e-05 1.000000000000000082e-05 9.192336106628914635e-03 1.000000000000000082e-05
4.893074655155925379e-02 1.000000000000000082e-05 1.000000000000000082e-05 1.559963947138266228e-02 1.000000000000000082e-05
8.671744299834197034e-02 1.000000000000000082e-05 1.000000000000000082e-05 2.243528148975627162e-02 1.000000000000000082e-05
1.176101098317238053e-01 1.000000000000000082e-05 1.000000000000000082e-05 2.314836445190178449e-02 1.000000000000000082e-05
1.441198258854723968e-01 1.000000000000000082e-05 1.543890654921361519e-03 2.043288884270161310e-02 1.000000000000000082e-05
1.553750262563488582e-01 1.000000000000000082e-05 6.999573458345615187e-03 2.116062656921999588e-02 2.473229582737439432e-03
1.565434314548096451e-01 1.148992897285243051e-02 6.162143478592643081e-03 2.305053735508053037e-02 1.829888323066649475e-02
1.553413639255836753e-01 3.694172358911348986e-02 1.000000000000000082e-05 2.548458406797127901e-02 2.862588337783708581e-02
1.443257712673103321e-01 7.452394035703867325e-02 1.000000000000000082e-05 3.413146311128310156e-02 3.075349859468259547e-02
1.368657226452183184e-01 9.797726251244298634e-02 1.000000000000000082e-05 4.615712828927475558e-02 1.824698855845430581e-02
1.175191593516568128e-01 9.541328595406915747e-02 1.000000000000000082e-05 6.562971701406063174e-02 9.252819053207614330e-03
9.576252058020862101e-02 5.839585867191990354e-02 3.574475629778717245e-02 8.123030450147998571e-02 7.901685677669969057e-03
7.901356678078738649e-02 6.523624491942801168e-03 9.536879446587406828e-02 7.427667026502940417e-02 8.504912070852075831e-03
6.379184773899915228e-02 1.000000000000000082e-05 1.261957744649635227e-01 4.517690666820992074e-02 2.906918887152150008e-03
4.967604107122572388e-02 1.000000000000000082e-05 1.016749010265334402e-01 1.586464836527449324e-02 6.646750255560269875e-03
3.638122432187887445e-02 1.000000000000000082e-05 5.903354636252931137e-02 1.000000000000000082e-05 1.216049251405404950e-02
2.453450614891673071e-02 1.000000000000000082e-05 2.222887548049131204e-02 1.000000000000000082e-05 1.468421703709143177e-02
1.797689233167333242e-02 1.000000000000000082e-05 7.751751650657266214e-03 1.000000000000000082e-05 1.827718459644468371e-02
1.654915691775088460e-02 1.000000000000000082e-05 1.140711082676210695e-03 1.000000000000000082e-05 1.929995601472507191e-02
8.804349988486549067e-03 1.000000000000000082e-05 1.000000000000000082e-05 1.000000000000000082e-05 1.777819857519850194e-02
2.031867978353600092e-03 1.000000000000000082e-05 1.000000000000000082e-05 1.000000000000000082e-05 9.247190665976330257e-03
8.726178360159910375e-04 1.000000000000000082e-05 1.000000000000000082e-05 1.000000000000000082e-05 3.710493453565963905e-03
0.000000000000000000e+00 -0.000000000000000000e+00 0.000000000000000000e+00 0.000000000000000000e+00 -0.000000000000000000e+00
0.000000000000000000e+00 -0.000000000000000000e+00 0.000000000000000000e+00 0.000000000000000000e+00 -0.000000000000000000e+00
0.000000000000000000e+00 -0.000000000000000000e+00 0.000000000000000000e+00 0.000000000000000000e+00 -0.000000000000000000e+00
0.000000000000000000e+00 -0.000000000000000000e+00 0.000000000000000000e+00 0.000000000000000000e+00 -0.000000000000000000e+00
3.047959437347381659e-03 1.000000000000000082e-05 1.000000000000000082e-05 1.966101319526904981e-03 1.000000000000000082e-05
1.437614338488025362e-02 1.000000000000000082e-05 1.000000000000000082e-05 1.222392617792874940e-02 1.000000000000000082e-05
4.399607299145799622e-02 1.000000000000000082e-05 1.000000000000000082e-05 2.643430339133817294e-02 1.000000000000000082e-05
8.522078468013180585e-02 1.000000000000000082e-05 1.000000000000000082e-05 3.984450478723679939e-02 1.000000000000000082e-05
1.224157832452313077e-01 1.000000000000000082e-05 4.173717815496856207e-03 3.961594933843147481e-02 1.000000000000000082e-05
1.410679897222444912e-01 1.000000000000000082e-05 2.160643527415743309e-02 3.394351498959855690e-02 1.000000000000000082e-05
1.447466888850512667e-01 1.000000000000000082e-05 3.750395728437991988e-02 2.742514608656041256e-02 1.309108726323839240e-02
1.406399248326346274e-01 1.261089967694984347e-02 3.529914628870322452e-02 2.586266651832625288e-02 3.389371646453590015e-02
1.277905238118133280e-01 3.783311570142843666e-02 2.407591271856777959e-02 3.654685724207049069e-02 4.931419872732515503e-02
1.119805289658778735e-01 6.830718607744856730e-02 1.089689802211454145e-02 5.270627624956389368e-02 5.448175266930047750e-02
1.060439005687392744e-01 8.915280160751229421e-02 3.727342038651571335e-03 6.705210462937176430e-02 4.719578938503463106e-02
1.019736415992201911e-01 8.754051620200878348e-02 1.304022398605193464e-02 7.898262819154829029e-02 3.982988473131005014e-02
9.684892399775266170e-02 6.077072510721032855e-02 3.963249547245947108e-02 8.462690794185651066e-02 3.559538997530412724e-02
9.198201655713478253e-02 1.779332406419095042e-02 8.225522651348016190e-02 7.688619732779876370e-02 3.699557538139644497e-02
9.031552297236092319e-02 1.000000000000000082e-05 1.152695081839247015e-01 5.132184311011617206e-02 3.197048571312374049e-02
8.699324704073410630e-02 1.000000000000000082e-05 1.164779088703854215e-01 1.571887417880529769e-02 2.894561323359463173e-02
8.558974854263973198e-02 1.000000000000000082e-05 7.812228718623717705e-02 1.000000000000000082e-05 3.038010889596189437e-02
7.290839876549949639e-02 1.000000000000000082e-05 4.565032443239343957e-02 1.000000000000000082e-05 3.511046595766250528e-02
5.718307832304884292e-02 1.000000000000000082e-05 2.189624055123741767e-02 1.000000000000000082e-05 3.790118204102551486e-02
4.378023859107399440e-02 1.000000000000000082e-05 5.912040272820909444e-03 1.000000000000000082e-05 4.396609177906456167e-02
3.336566556877972045e-02 1.000000000000000082e-05 1.000000000000000082e-05 1.000000000000000082e-05 4.353691375780438522e-02
2.333581324969029661e-02 1.000000000000000082e-05 1.000000000000000082e-05 1.000000000000000082e-05 3.562979605636432123e-02
7.764770512129566885e-03 1.000000000000000082e-05 1.000000000000000082e-05 1.000000000000000082e-05 2.005177847121765791e-02
2.036976527459360715e-03 1.000000000000000082e-05 1.000000000000000082e-05 1.000000000000000082e-05 6.318967445618886396e-03
0.000000000000000000e+00 -0.000000000000000000e+00 0.000000000000000000e+00 0.000000000000000000e+00 -0.000000000000000000e+00
0.000000000000000000e+00 -0.000000000000000000e+00 0.000000000000000000e+00 0.000000000000000000e+00 -0.000000000000000000e+00
0.000000000000000000e+00 -0.000000000000000000e+00 0.000000000000000000e+00 0.000000000000000000e+00 -0.000000000000000000e+00
0.000000000000000000e+00 -0.000000000000000000e+00 0.000000000000000000e+00 0.000000000000000000e+00 -0.000000000000000000e+00
7.853081340437072233e-03 1.000000000000000082e-05 1.000000000000000082e-05 7.190456032037119069e-03 1.000000000000000082e-05
2.397338907922482582e-02 1.000000000000000082e-05 1.000000000000000082e-05 2.970744216977364016e-02 1.000000000000000082e-05
6.384112046266438023e-02 1.000000000000000082e-05 1.000000000000000082e-05 5.452385370986027185e-02 1.000000000000000082e-05
1.096345735579973696e-01 1.000000000000000082e-05 4.832316572097963316e-03 5.625728924655301610e-02 1.000000000000000082e-05
1.298300085036395435e-01 1.000000000000000082e-05 2.974413479436548852e-02 4.447923873619855084e-02 3.656704357016335536e-03
1.262202879217850793e-01 1.000000000000000082e-05 5.271902940100545859e-02 3.011316262219167900e-02 2.576979512478624890e-02
1.092566868970017424e-01 1.444777749890279774e-02 5.561778891393606011e-02 2.354492187904179065e-02 5.119162279369290913e-02
8.399489767158457854e-02 4.096540634876508907e-02 3.623298887103086618e-02 3.353935715864780204e-02 7.442843569536698733e-02
6.221986597823927351e-02 7.279731416378032449e-02 1.344525409400549633e-02 5.647054754456101028e-02 8.286674749487467351e-02
4.964513390693701261e-02 8.862765539424934114e-02 1.443812206841504475e-03 8.384440201598215847e-02 8.507041127752155985e-02
5.410925582431826142e-02 8.659608687035155739e-02 8.333745466419342426e-03 9.839068704103863527e-02 7.792026927422304738e-02
5.612649418737364337e-02 6.086067511111353107e-02 3.698161620049747467e-02 1.008785077860655105e-01 7.748060151741532897e-02
6.750072925888705999e-02 2.589156034930524194e-02 7.353526432462020868e-02 8.738263953351689539e-02 7.436258706425767639e-02
7.550284836609502670e-02 1.000000000000000082e-05 1.054428894101854391e-01 6.478271187960855937e-02 6.646256352664670075e-02
8.340002936712526127e-02 1.000000000000000082e-05 1.150177395869001473e-01 3.772683744758736218e-02 6.130725071276028199e-02
9.552363902586899491e-02 1.000000000000000082e-05 9.154866633208787186e-02 9.301822363267158930e-03 5.613217893712511841e-02
1.043510531243319328e-01 1.000000000000000082e-05 5.616013076837304829e-02 1.000000000000000082e-05 5.587491453516330031e-02
9.821610350001337697e-02 1.000000000000000082e-05 3.137215319946086434e-02 1.000000000000000082e-05 6.238504524471143869e-02
8.714084741977376480e-02 1.000000000000000082e-05 1.199540722785449529e-02 1.000000000000000082e-05 6.847297302891364179e-02
7.101001410001607506e-02 1.000000000000000082e-05 2.679477909502762153e-03 1.000000000000000082e-05 7.066924498881552164e-02
5.244767772268768558e-02 1.000000000000000082e-05 1.000000000000000082e-05 1.000000000000000082e-05 6.478670579763640136e-02
3.452793166523562829e-02 1.000000000000000082e-05 1.000000000000000082e-05 1.000000000000000082e-05 5.159620700391113340e-02
1.222925609968792543e-02 1.000000000000000082e-05 1.000000000000000082e-05 1.000000000000000082e-05 2.974156928050658219e-02
3.111086314715163972e-03 1.000000000000000082e-05 1.000000000000000082e-05 1.000000000000000082e-05 7.640589549499247034e-03
9.224886672784608473e-05 1.000000000000000082e-05 1.000000000000000082e-05 1.000000000000000082e-05 1.819036769467911538e-04
0.000000000000000000e+00 -0.000000000000000000e+00 0.000000000000000000e+00 0.000000000000000000e+00 -0.000000000000000000e+00
0.000000000000000000e+00 -0.000000000000000000e+00 0.000000000000000000e+00 0.000000000000000000e+00 -0.000000000000000000e+00
0.000000000000000000e+00 -0.000000000000000000e+00 0.000000000000000000e+00 0.000000000000000000e+00 -0.000000000000000000e+00
1.074737485090336044e-02 1.000000000000000082e-05 1.000000000000000082e-05 1.510661196695398806e-02 1.000000000000000082e-05
3.037138850692841160e-02 1.000000000000000082e-05 1.000000000000000082e-05 5.350431497147110915e-02 1.000000000000000082e-05
6.466782118100089516e-02 1.000000000000000082e-05 1.000000000000000082e-05 8.045602886535623000e-02 1.000000000000000082e-05
1.088500776662981728e-01 1.000000000000000082e-05 2.547735074629979210e-02 6.533332209549598535e-02 1.000000000000000082e-05
1.261566504036251424e-01 1.000000000000000082e-05 4.830411727842214703e-02 4.178694565791519350e-02 1.288967610006617505e-02
1.135662927115418386e-01 1.604153874435875968e-02 5.219925074079492106e-02 2.423113973631034479e-02 4.337467512594022495e-02
8.470851060300299551e-02 4.667887307311090889e-02 2.986100041764829655e-02 3.175097280788195114e-02 6.792763008008617653e-02
5.723230076006951411e-02 7.920550866579258165e-02 2.161180606935019346e-04 5.318134859497421207e-02 8.335935702897215305e-02
3.465362228582470616e-02 9.240696938764528245e-02 1.000000000000000082e-05 8.818609945994058952e-02 9.221069025730288526e-02
2.866959731491074484e-02 9.085151863763368807e-02 1.000000000000000082e-05 1.082141084032242767e-01 9.200876271174962540e-02
2.572682545632403936e-02 6.818645781397027206e-02 1.745778520262626990e-02 1.105413237060741544e-01 1.000389321816738258e-01
2.448161214382830325e-02 3.789872281590496439e-02 6.319160087302382045e-02 9.376269707572136569e-02 1.059394041700918027e-01
2.417351008836270479e-02 1.418244688458445042e-02 1.050403059130035205e-01 7.110357511021278554e-02 1.055513427928327780e-01
3.092331023056320641e-02 1.194527925264806311e-03 1.216571531725924860e-01 5.367584264735770355e-02 1.001492190445116282e-01
4.758273251423092431e-02 1.000000000000000082e-05 1.066662075370173046e-01 3.975943022030620222e-02 9.627288291286389965e-02
6.527797048805969449e-02 1.000000000000000082e-05 7.375356712104431944e-02 2.898406022665646689e-02 9.238286159421017774e-02
7.886244040625303708e-02 1.000000000000000082e-05 4.603036140995094005e-02 1.060280723017837691e-02 8.504701521276308851e-02
8.497561237233264286e-02 1.000000000000000082e-05 2.372248411947462318e-02 1.000000000000000082e-05 8.693283183807465342e-02
7.916603403888262946e-02 1.000000000000000082e-05 1.040544928630730490e-02 1.000000000000000082e-05 9.081174747101342093e-02
6.610050071321982301e-02 1.000000000000000082e-05 1.798560626142858528e-03 1.000000000000000082e-05 8.739000196498326878e-02
4.736628143261946422e-02 1.000000000000000082e-05 1.000000000000000082e-05 1.000000000000000082e-05 7.885628972557706673e-02
3.128805989738678295e-02 1.000000000000000082e-05 1.000000000000000082e-05 1.000000000000000082e-05 5.565184795221066877e-02
1.230925083407525059e-02 1.000000000000000082e-05 1.000000000000000082e-05 1.000000000000000082e-05 2.473303637493160304e-02
9.786068222650652019e-04 1.000000000000000082e-05 1.000000000000000082e-05 1.000000000000000082e-05 2.728440644229134827e-03
3.769308532965761228e-05 1.000000000000000082e-05 1.000000000000000082e-05 1.000000000000000082e-05 7.432623359116190904e-05
0.000000000000000000e+00 -0.000000000000000000e+00 0.000000000000000000e+00 0.000000000000000000e+00 -0.000000000000000000e+00
0.000000000000000000e+00 -0.000000000000000000e+00 0.000000000000000000e+00 0.000000000000000000e+00 -0.000000000000000000e+00
1.406908298510637441e-04 4.460574083162757443e-05 1.000000000000000082e-05 1.581157564668569146e-04 1.000000000000000082e-05
9.979367914734192310e-03 1.000000000000000082e-05 1.000000000000000082e-05 2.613258665389386545e-02 1.000000000000000082e-05
2.163780557703990151e-02 1.000000000000000082e-05 1.000000000000000082e-05 7.407674048757965923e-02 1.000000000000000082e-05
5.208296103104792518e-02 1.000000000000000082e-05 3.119495946407709920e-03 1.005847918697057308e-01 1.000000000000000082e-05
9.005878334709654931e-02 1.000000000000000082e-05 3.504285627094837902e-02 8.793775557014510413e-02 1.000000000000000082e-05
1.061882136951754207e-01 1.425282711340060404e-02 5.105411058945023839e-02 6.363081674959304712e-02 1.503305861393593873e-02
1.037980094745774712e-01 4.388995524058547648e-02 3.766996025696747741e-02 4.815748414339630912e-02 3.637364784935990386e-02
8.051510754897345246e-02 7.797237896827036163e-02 1.204442832855298455e-02 5.866908540775480491e-02 5.797549892186586173e-02
5.217279732236268508e-02 9.712450871192997159e-02 1.000000000000000082e-05 8.415901643433336410e-02 7.448501854892423946e-02
2.840076619900332167e-02 9.666037334598956421e-02 1.000000000000000082e-05 1.050264358256898789e-01 8.207139646025428392e-02
9.975109000929013175e-03 8.300415554506443416e-02 2.069732255310884061e-02 1.063372064036504222e-01 9.175425942809883884e-02
1.000000000000000082e-05 6.123088895830793715e-02 6.902493222443141507e-02 8.289065052254848687e-02 1.007132468614370807e-01
1.000000000000000082e-05 4.102643211020576969e-02 1.180986011415093295e-01 4.665541047403500008e-02 1.063345300390969861e-01
1.000000000000000082e-05 3.179270360112455146e-02 1.282373177412986787e-01 3.795840891451817550e-02 1.050238288364572364e-01
1.000000000000000082e-05 3.507910254666026656e-02 1.107560407064236280e-01 4.533431666098493990e-02 9.889423473537437004e-02
1.000000000000000082e-05 3.961754397429222835e-02 7.803113116404054861e-02 5.502499007876877901e-02 9.313699366256354695e-02
1.167803134772909222e-02 4.013626586995207995e-02 4.970100605364469876e-02 5.618609479041982574e-02 8.866940160590007503e-02
2.757716304600823023e-02 3.779513598232563110e-02 3.569565269309257771e-02 3.665331573579463931e-02 8.546128790072840542e-02
3.845529535003626431e-02 3.796514216457207158e-02 2.186257736220097170e-02 1.845700550675853993e-02 8.041011811138214227e-02
4.138938954759474598e-02 3.593508512542676475e-02 1.059317302028970134e-02 3.144909890399712714e-03 7.558405313664902370e-02
4.077565142172368678e-02 2.990261594424751743e-02 3.718403158691625278e-03 1.000000000000000082e-05 6.455986460697206442e-02
3.453018221544717353e-02 1.829352386235051295e-02 1.000000000000000082e-05 1.000000000000000082e-05 5.280004623421892529e-02
2.047816171948224975e-02 1.036644283863751882e-02 1.000000000000000082e-05 1.000000000000000082e-05 3.591646280091922994e-02
9.110005456666502369e-03 3.335024239121206144e-03 1.000000000000000082e-05 1.000000000000000082e-05 9.519062870061345896e-03
6.805023487226267683e-04 2.498388344896776653e-04 1.000000000000000082e-05 1.000000000000000082e-05 1.005137753611908468e-03
0.000000000000000000e+00 -0.000000000000000000e+00 0.000000000000000000e+00 0.000000000000000000e+00 -0.000000000000000000e+00
0.000000000000000000e+00 -0.000000000000000000e+00 0.000000000000000000e+00 0.000000000000000000e+00 -0.000000000000000000e+00
0.000000000000000000e+00 -0.000000000000000000e+00 0.000000000000000000e+00 0.000000000000000000e+00 -0.000000000000000000e+00
2.455396337819204132e-04 1.493717178739090569e-04 1.000000000000000082e-05 1.051625707047968393e-03 1.000000000000000082e-05
3.368142115265527776e-03 1.000000000000000082e-05 1.000000000000000082e-05 2.951930064045048263e-02 1.000000000000000082e-05
5.098236510256114185e-03 1.000000000000000082e-05 1.000000000000000082e-05 8.149393642571316210e-02 1.000000000000000082e-05
1.977506351956227759e-02 1.000000000000000082e-05 8.507627668246581579e-03 1.149568264811381274e-01 1.000000000000000082e-05
4.522396888728885678e-02 7.840871807563407764e-03 3.863172008658524031e-02 1.148749738796506353e-01 1.000000000000000082e-05
6.313697418798576433e-02 2.861784283110123395e-02 5.830549235696226573e-02 9.501089052643471589e-02 8.525240470998802361e-03
6.254050278315091693e-02 6.220653508255905018e-02 5.801235930442334710e-02 8.098868964777923563e-02 2.372807433108028996e-02
4.524851228588105262e-02 9.388849803572435482e-02 4.588284915135108083e-02 8.353494019314335051e-02 4.140905818151000700e-02
2.546656409393575904e-02 1.081576378315134424e-01 4.556415757749189555e-02 8.647788414405435664e-02 4.840610612591326328e-02
5.555059093972646717e-03 1.054618997515771872e-01 6.465062184970940540e-02 8.010266236706775622e-02 5.712793190449999559e-02
1.000000000000000082e-05 9.180470641906750273e-02 1.049270649736738226e-01 5.127880658238067463e-02 6.571563960011377048e-02
1.000000000000000082e-05 7.562184471494287630e-02 1.406741212309518263e-01 1.808522574192969468e-02 6.952879257299811322e-02
1.000000000000000082e-05 6.921603639179661760e-02 1.444028996372132556e-01 1.000000000000000082e-05 6.995374212279505122e-02
1.000000000000000082e-05 7.103684966498509390e-02 1.198658683923074925e-01 7.170755484442797520e-03 6.425355536368637654e-02
1.000000000000000082e-05 8.128239122999356137e-02 7.871899929772414872e-02 3.232311914754853327e-02 5.823854399147140176e-02
1.000000000000000082e-05 9.128002644839072754e-02 4.412084232995994171e-02 5.204454015482163493e-02 5.322963169824109636e-02
1.000000000000000082e-05 9.230811212453536585e-02 2.791041635494940706e-02 5.793044690674902658e-02 4.932911467493340807e-02
1.000000000000000082e-05 8.697403510940407423e-02 1.848449527038168588e-02 5.043114118067754115e-02 4.910959246498376035e-02
8.816083814265783872e-03 8.097583947638919977e-02 1.470020918815755778e-02 3.309548612155654990e-02 4.421979563402367308e-02
2.180839883473312257e-02 6.811460447538821017e-02 9.444745719332899719e-03 1.406258276838022285e-02 3.427564554260634222e-02
2.534126890327671050e-02 4.870497904163879899e-02 4.928374561927149032e-03 1.000000000000000082e-05 2.874716745210815008e-02
2.360472769204767854e-02 3.237942865146237886e-02 1.000000000000000082e-05 1.000000000000000082e-05 1.922204649932924073e-02
1.372626407030288348e-02 1.700639315804823581e-02 1.000000000000000082e-05 1.000000000000000082e-05 1.072013563877490319e-02
3.830162674296890262e-03 5.176443755785800453e-03 1.000000000000000082e-05 1.000000000000000082e-05 2.138825826216125912e-03
1.000000000000000082e-05 9.961151627655619330e-05 5.699216477583357468e-05 1.000000000000000082e-05 2.118668331362566926e-03
0.000000000000000000e+00 -0.000000000000000000e+00 0.000000000000000000e+00 0.000000000000000000e+00 -0.000000000000000000e+00
0.000000000000000000e+00 -0.000000000000000000e+00 0.000000000000000000e+00 0.000000000000000000e+00 -0.000000000000000000e+00
0.000000000000000000e+00 -0.000000000000000000e+00 0.000000000000000000e+00 0.000000000000000000e+00 -0.000000000000000000e+00
1.000000000000000082e-05 3.187569049553237396e-04 2.719702731162143908e-04 1.884481245936767612e-03 1.963972213423122734e-04
1.000000000000000082e-05 1.000000000000000082e-05 1.000000000000000082e-05 2.310610890004054577e-02 1.293348291985527490e-03
1.000000000000000082e-05 1.000000000000000082e-05 1.000000000000000082e-05 6.110791287246288700e-02 1.034040094663129074e-03
1.000000000000000082e-05 1.000000000000000082e-05 4.916141699062031092e-03 1.064961702857417786e-01 5.648469910215076200e-04
1.000000000000000082e-05 1.343228924752382786e-02 3.527425643446784748e-02 1.186498405536204059e-01 2.208394942311699832e-03
9.530266810205509365e-03 4.120854618189721125e-02 6.906899889531134540e-02 1.074353327576600819e-01 1.000000000000000082e-05
1.147992505628771601e-02 6.919867527010091501e-02 9.115537531684272943e-02 8.798231328633511483e-02 1.000000000000000082e-05
1.820607259508281745e-03 9.543859062529715109e-02 1.058842341244683460e-01 7.077287870660799174e-02 1.107519805647783073e-02
1.000000000000000082e-05 1.060548491149341660e-01 1.212640293681586656e-01 5.140290178879848570e-02 2.152353111665458382e-02
1.000000000000000082e-05 1.066434227666222534e-01 1.407318706486878901e-01 2.384284259768542497e-02 2.646714412127096697e-02
1.000000000000000082e-05 9.462585090434350032e-02 1.579968708288294610e-01 1.000000000000000082e-05 3.087410020806308567e-02
1.000000000000000082e-05 8.632164229610045370e-02 1.471576136159630233e-01 1.000000000000000082e-05 2.901005346236946655e-02
1.000000000000000082e-05 8.687380787460988185e-02 1.143831436316701533e-01 1.000000000000000082e-05 2.320836999903453518e-02
1.000000000000000082e-05 9.075974717648496726e-02 7.168819587120724146e-02 1.000000000000000082e-05 1.913393243135900687e-02
1.000000000000000082e-05 9.744007100890993145e-02 3.933105298285589912e-02 2.342757472710215935e-02 1.535824790208539792e-02
1.000000000000000082e-05 1.007032081320070188e-01 2.067053406367949653e-02 4.272486108343589301e-02 1.625676323930204045e-02
1.000000000000000082e-05 1.004719772899708014e-01 9.877645245836730314e-03 4.983365610897326492e-02 1.437593397231351315e-02
1.000000000000000082e-05 9.285186085937001399e-02 4.863751813653754107e-03 4.528341508206006755e-02 1.305805458168714586e-02
1.000000000000000082e-05 8.122243369982194705e-02 4.310140489971690456e-03 3.397700539364743866e-02 1.152897937082423239e-02
9.511952290672608112e-03 6.408614406926044227e-02 3.863989686983709902e-03 1.848863656652892720e-02 6.194721953324468233e-03
1.785099235157363087e-02 4.635678369993879999e-02 1.065993468444048848e-03 3.970347449582750307e-03 1.112282267379543664e-03
1.705005259977151674e-02 2.598137536635629699e-02 7.993278332513636996e-04 1.000000000000000082e-05 1.323570332545579657e-03
9.642579682640635072e-03 1.266859992773207953e-02 1.643185301417598478e-03 1.000000000000000082e-05 1.000000000000000082e-05
2.742303702200238683e-03 2.619621442324632579e-03 9.696673507350325001e-04 1.000000000000000082e-05 2.402960884585350707e-04
1.000000000000000082e-05 8.938826050666488342e-05 7.467167133755378929e-05 1.000000000000000082e-05 3.169424739050175663e-04
0.000000000000000000e+00 -0.000000000000000000e+00 0.000000000000000000e+00 0.000000000000000000e+00 -0.000000000000000000e+00
0.000000000000000000e+00 -0.000000000000000000e+00 0.000000000000000000e+00 0.000000000000000000e+00 -0.000000000000000000e+00
0.000000000000000000e+00 -0.000000000000000000e+00 0.000000000000000000e+00 0.000000000000000000e+00 -0.000000000000000000e+00
1.000000000000000082e-05 1.980087164836062284e-04 9.012860799217293399e-04 8.115589096837986507e-04 1.468765252722214110e-04
1.000000000000000082e-05 1.000000000000000082e-05 4.343485101171437124e-04 1.186450246504838248e-02 1.692377682813445876e-03
1.000000000000000082e-05 1.000000000000000082e-05 2.662201469695635141e-03 3.073384390329996635e-02 4.037122149359553998e-03
1.000000000000000082e-05 1.000000000000000082e-05 6.903263870662144572e-03 6.318252736142795922e-02 8.864510124792361265e-03
1.000000000000000082e-05 6.179436571629457267e-03 2.753537429531600911e-02 8.586526439380942621e-02 1.332276983678859147e-02
1.000000000000000082e-05 2.934903318264733135e-02 6.105934772948856670e-02 8.781072416731096342e-02 7.485177469489756943e-03
1.000000000000000082e-05 4.967807457969533602e-02 1.003588842616048721e-01 6.664529898009459441e-02 1.074665912939712364e-03
1.000000000000000082e-05 7.044751454240578969e-02 1.265649684916997086e-01 3.774269148335081953e-02 1.000000000000000082e-05
1.000000000000000082e-05 8.073335192481831402e-02 1.422621063854179191e-01 9.057038692808317554e-03 6.878938795468109157e-03
1.000000000000000082e-05 8.205722013971650242e-02 1.407580848921259620e-01 1.000000000000000082e-05 9.486558282081277577e-03
1.000000000000000082e-05 7.778241209029816694e-02 1.193116967173307313e-01 1.000000000000000082e-05 5.604776619456541299e-03
1.000000000000000082e-05 7.354403952877175410e-02 8.572027414992047789e-02 1.000000000000000082e-05 1.000000000000000082e-05
1.000000000000000082e-05 7.076862912098549896e-02 5.467069548635893755e-02 1.000000000000000082e-05 1.000000000000000082e-05
1.000000000000000082e-05 6.936341143460986181e-02 3.203303018748691888e-02 1.184647808055153649e-03 1.000000000000000082e-05
1.000000000000000082e-05 6.804800212951395144e-02 1.941553587169845760e-02 1.637662035465854010e-02 1.000000000000000082e-05
1.000000000000000082e-05 6.759675534582740286e-02 1.259554464686640785e-02 2.958978118255868595e-02 1.390504297329149075e-04
1.000000000000000082e-05 6.495572753569557600e-02 1.012483363999999025e-02 3.403056753322523942e-02 1.000000000000000082e-05
1.000000000000000082e-05 5.683294978993939234e-02 5.538392860509916416e-03 2.877758563901543915e-02 1.000000000000000082e-05
1.000000000000000082e-05 4.904602028371220224e-02 3.802181851153356527e-03 2.029221464579183606e-02 1.000000000000000082e-05
6.067979941064988343e-03 3.857668813372022026e-02 3.094709150812985105e-03 1.318157679363199733e-02 1.000000000000000082e-05
8.114203189603303931e-03 2.612354321264704834e-02 2.316480126506318977e-03 4.840893955458686754e-03 1.000000000000000082e-05
6.320025095187959026e-03 1.320397405842020644e-02 1.416261681925862388e-03 1.000000000000000082e-05 2.363970309587219102e-03
5.334486311364638328e-03 6.488789488460816081e-03 1.658492781730747318e-03 1.000000000000000082e-05 1.000000000000000082e-05
1.694338152118035276e-03 1.427294230963007575e-03 1.391563986374550138e-03 1.000000000000000082e-05 1.000000000000000082e-05
1.000000000000000082e-05 9.282911114413823332e-05 2.424921053025239385e-04 1.000000000000000082e-05 1.061030347520950585e-05
0.000000000000000000e+00 -0.000000000000000000e+00 0.000000000000000000e+00 0.000000000000000000e+00 -0.000000000000000000e+00
0.000000000000000000e+00 -0.000000000000000000e+00 0.000000000000000000e+00 0.000000000000000000e+00 -0.000000000000000000e+00
0.000000000000000000e+00 -0.000000000000000000e+00 0.000000000000000000e+00 0.000000000000000000e+00 -0.000000000000000000e+00
0.000000000000000000e+00 -0.000000000000000000e+00 0.000000000000000000e+00 0.000000000000000000e+00 -0.000000000000000000e+00
1.000000000000000082e-05 1.000000000000000082e-05 1.000000000000000082e-05 1.527200331174449885e-03 1.750040879968046471e-04
1.000000000000000082e-05 1.000000000000000082e-05 1.000000000000000082e-05 8.265985418498595153e-03 3.075843728582304711e-03
1.000000000000000082e-05 1.000000000000000082e-05 2.723294666763020032e-03 1.954385025426766398e-02 7.987737472148558060e-03
1.000000000000000082e-05 1.000000000000000082e-05 1.243396884018100126e-02 3.248383094315226288e-02 1.390939769268662203e-02
1.000000000000000082e-05 6.169691769231586131e-03 2.885418631495297731e-02 3.326399016571184725e-02 1.359710680238880934e-02
1.000000000000000082e-05 1.567401456836025816e-02 4.760778379549965300e-02 2.329428289948946504e-02 1.046341262225564291e-02
1.000000000000000082e-05 2.657916873402490013e-02 6.160361777825428681e-02 9.156688978724163847e-03 7.069400810855179865e-03
1.000000000000000082e-05 3.388273238031115631e-02 6.113216033434663854e-02 1.000000000000000082e-05 4.925384726480556800e-03
1.000000000000000082e-05 3.741519155611744418e-02 4.935829297480739258e-02 1.000000000000000082e-05 2.939490934498507554e-03
1.000000000000000082e-05 3.643891404593630617e-02 3.504735751885953987e-02 1.000000000000000082e-05 2.279126729671845648e-04
1.000000000000000082e-05 3.497226478802908933e-02 1.797918331114855064e-02 1.000000000000000082e-05 1.000000000000000082e-05
1.000000000000000082e-05 3.252045810682818033e-02 7.587411774287185218e-03 1.000000000000000082e-05 1.000000000000000082e-05
1.000000000000000082e-05 2.885527108253941458e-02 4.508000547860372374e-03 2.413559296927391112e-03 1.000000000000000082e-05
1.000000000000000082e-05 2.741040781047740169e-02 3.419664258631049079e-03 8.607454565695565538e-03 1.000000000000000082e-05
1.000000000000000082e-05 2.328615402691773875e-02 3.609079179046624161e-03 1.355691259373931722e-02 1.000000000000000082e-05
1.000000000000000082e-05 2.043323940263500060e-02 1.914176981419807256e-03 1.331518817099521489e-02 2.632926449878888759e-04
1.000000000000000082e-05 1.580997663251295857e-02 2.599776069722001433e-03 9.540345024081322428e-03 3.161247236895637063e-03
1.000000000000000082e-05 1.196772421950600095e-02 3.248615641007260996e-03 6.631999542525683633e-03 6.130868359980717365e-03
1.000000000000000082e-05 9.821688131676827721e-03 3.544153822529723993e-03 4.467787468963368980e-03 5.872314893137959430e-03
4.537349246019395702e-04 7.345806462989914500e-03 3.564335922965101121e-03 3.893071468483559356e-04 5.224611266410614588e-03
1.000000000000000082e-05 2.380914294069535250e-03 2.916533193776842028e-03 1.000000000000000082e-05 5.172996892367017104e-03
1.000000000000000082e-05 4.982123177767996047e-04 9.268254537533405016e-05 1.000000000000000082e-05 1.820408435770387145e-03
1.000000000000000082e-05 2.089659209464693424e-04 1.118895010942169954e-04 1.000000000000000082e-05 1.184193188446418772e-05
1.000000000000000082e-05 1.000000000000000082e-05 3.021207003959346235e-04 1.000000000000000082e-05 3.846347814462665457e-04
0.000000000000000000e+00 -0.000000000000000000e+00 0.000000000000000000e+00 0.000000000000000000e+00 -0.000000000000000000e+00
0.000000000000000000e+00 -0.000000000000000000e+00 0.000000000000000000e+00 0.000000000000000000e+00 -0.000000000000000000e+00
0.000000000000000000e+00 -0.000000000000000000e+00 0.000000000000000000e+00 0.000000000000000000e+00 -0.000000000000000000e+00
0.000000000000000000e+00 -0.000000000000000000e+00 0.000000000000000000e+00 0.000000000000000000e+00 -0.000000000000000000e+00
1.000000000000000082e-05 1.000000000000000082e-05 1.000000000000000082e-05 2.995976026661313803e-04 7.315512296938558303e-05
1.000000000000000082e-05 1.000000000000000082e-05 1.514505242953350880e-04 1.260355926354989140e-03 8.594169430859240240e-04
1.000000000000000082e-05 1.000000000000000082e-05 5.390369163052074987e-04 2.112216571150323310e-03 1.716999980692836053e-03
1.000000000000000082e-05 1.000000000000000082e-05 1.693567394014728819e-03 4.400572263619824051e-03 4.940108785841950019e-03
1.000000000000000082e-05 4.726688809823977456e-04 2.515398572482065078e-03 5.328180265071362498e-03 5.499330875692669610e-03
1.000000000000000082e-05 6.483482973778226504e-04 4.465368512910173476e-03 3.754232674248871287e-03 4.708299977555425488e-03
1.000000000000000082e-05 7.287828052361908530e-04 6.052359913306367377e-03 2.122663046899925243e-03 3.441824920607684281e-03
1.000000000000000082e-05 1.436177487848897850e-03 6.015462659790675286e-03 1.129116523008791978e-03 4.442877403678296110e-03
1.000000000000000082e-05 3.286658016327658870e-03 3.521573107724738482e-03 1.046423538962779455e-03 3.084924809826624335e-03
1.000000000000000082e-05 4.018506467186501972e-03 2.582700955892434924e-03 1.009498143476229978e-03 2.462318429308411102e-03
1.000000000000000082e-05 4.222322800380342439e-03 2.158163187317499020e-03 7.487466495295740099e-04 2.251708426657134804e-03
1.000000000000000082e-05 4.910769355318130545e-03 4.532690049705254695e-04 3.200016907957069744e-04 1.000000000000000082e-05
1.000000000000000082e-05 3.900991372840694003e-03 2.535857195658092460e-04 9.423270001574402151e-04 1.743431765241786779e-05
1.000000000000000082e-05 3.312582146224490529e-03 2.192126116121067593e-04 1.771446574651868496e-03 1.058055912223059480e-03
1.000000000000000082e-05 2.156354979898850079e-03 1.172728014377269175e-03 1.388992597587295321e-03 2.821978626935799442e-03
1.000000000000000082e-05 1.754415625893524780e-03 8.774664002980431168e-04 7.721225634984892755e-04 3.113586432638251397e-03
1.000000000000000082e-05 7.738291970679377811e-04 8.114066971120639056e-04 5.597281142829206970e-04 3.221624679204179199e-03
1.000000000000000082e-05 6.151767618193990615e-04 3.674047323749472490e-04 6.876490493757164355e-04 2.957395136860228261e-03
1.000000000000000082e-05 1.040996092093057171e-04 5.840504940918962154e-04 4.697282251823204757e-04 2.567595179647780800e-03
1.000000000000000082e-05 1.000000000000000082e-05 1.825344404989555358e-03 1.000000000000000082e-05 2.099702856978682627e-03
1.000000000000000082e-05 1.000000000000000082e-05 1.452972304390962380e-03 5.918324846991936176e-05 2.071173379244195881e-03
1.000000000000000082e-05 1.000000000000000082e-05 3.571004852937538108e-04 1.393053788189360946e-04 1.464121939967541605e-03
1.000000000000000082e-05 3.913788271869792752e-06 1.000000000000000082e-05 9.164573428605266088e-06 1.456101552335755159e-04
0.000000000000000000e+00 -0.000000000000000000e+00 0.000000000000000000e+00 0.000000000000000000e+00 -0.000000000000000000e+00
0.000000000000000000e+00 -0.000000000000000000e+00 0.000000000000000000e+00 0.000000000000000000e+00 -0.000000000000000000e+00
0.000000000000000000e+00 -0.000000000000000000e+00 0.000000000000000000e+00 0.000000000000000000e+00 -0.000000000000000000e+00
0.000000000000000000e+00 -0.000000000000000000e+00 0.000000000000000000e+00 0.000000000000000000e+00 -0.000000000000000000e+00
0.000000000000000000e+00 -0.000000000000000000e+00 0.000000000000000000e+00 0.000000000000000000e+00 -0.000000000000000000e+00
0.000000000000000000e+00 -0.000000000000000000e+00 0.000000000000000000e+00 0.000000000000000000e+00 -0.000000000000000000e+00
0.000000000000000000e+00 -0.000000000000000000e+00 0.000000000000000000e+00 0.000000000000000000e+00 -0.000000000000000000e+00
0.000000000000000000e+00 -0.000000000000000000e+00 0.000000000000000000e+00 0.000000000000000000e+00 -0.000000000000000000e+00
0.000000000000000000e+00 -0.000000000000000000e+00 0.000000000000000000e+00 0.000000000000000000e+00 -0.000000000000000000e+00
0.000000000000000000e+00 -0.000000000000000000e+00 0.000000000000000000e+00 0.000000000000000000e+00 -0.000000000000000000e+00
0.000000000000000000e+00 -0.000000000000000000e+00 0.000000000000000000e+00 0.000000000000000000e+00 -0.000000000000000000e+00
0.000000000000000000e+00 -0.000000000000000000e+00 0.000000000000000000e+00 0.000000000000000000e+00 -0.000000000000000000e+00
0.000000000000000000e+00 -0.000000000000000000e+00 0.000000000000000000e+00 0.000000000000000000e+00 -0.000000000000000000e+00
0.000000000000000000e+00 -0.000000000000000000e+00 0.000000000000000000e+00 0.000000000000000000e+00 -0.000000000000000000e+00
0.000000000000000000e+00 -0.000000000000000000e+00 0.000000000000000000e+00 0.000000000000000000e+00 -0.000000000000000000e+00
0.000000000000000000e+00 -0.000000000000000000e+00 0.000000000000000000e+00 0.000000000000000000e+00 -0.000000000000000000e+00
0.000000000000000000e+00 -0.000000000000000000e+00 0.000000000000000000e+00 0.000000000000000000e+00 -0.000000000000000000e+00
0.000000000000000000e+00 -0.000000000000000000e+00 0.000000000000000000e+00 0.000000000000000000e+00 -0.000000000000000000e+00
0.000000000000000000e+00 -0.000000000000000000e+00 0.000000000000000000e+00 0.000000000000000000e+00 -0.000000000000000000e+00
1.000000000000000082e-05 1.000000000000000082e-05 7.098092502432124841e-05 1.000000000000000082e-05 7.910981528875635107e-05
1.000000000000000082e-05 1.000000000000000082e-05 5.014458896879470063e-04 1.000000000000000082e-05 5.588725660721829145e-04
1.000000000000000082e-05 1.000000000000000082e-05 5.792959364888154933e-04 1.000000000000000082e-05 6.456381699372703382e-04
1.000000000000000082e-05 1.000000000000000082e-05 2.541575057322473393e-04 1.000000000000000082e-05 2.832641773242564379e-04
0.000000000000000000e+00 -0.000000000000000000e+00 0.000000000000000000e+00 0.000000000000000000e+00 -0.000000000000000000e+00
0.000000000000000000e+00 -0.000000000000000000e+00 0.000000000000000000e+00 0.000000000000000000e+00 -0.000000000000000000e+00
0.000000000000000000e+00 -0.000000000000000000e+00 0.000000000000000000e+00 0.000000000000000000e+00 -0.000000000000000000e+00
0.000000000000000000e+00 -0.000000000000000000e+00 0.000000000000000000e+00 0.000000000000000000e+00 -0.000000000000000000e+00
0.000000000000000000e+00 -0.000000000000000000e+00 0.000000000000000000e+00 0.000000000000000000e+00 -0.000000000000000000e+00
0.000000000000000000e+00 -0.000000000000000000e+00 0.000000000000000000e+00 0.000000000000000000e+00 -0.000000000000000000e+00
0.000000000000000000e+00 -0.000000000000000000e+00 0.000000000000000000e+00 0.000000000000000000e+00 -0.000000000000000000e+00
0.000000000000000000e+00 -0.000000000000000000e+00 0.000000000000000000e+00 0.000000000000000000e+00 -0.000000000000000000e+00
0.000000000000000000e+00 -0.000000000000000000e+00 0.000000000000000000e+00 0.000000000000000000e+00 -0.000000000000000000e+00
0.000000000000000000e+00 -0.000000000000000000e+00 0.000000000000000000e+00 0.000000000000000000e+00 -0.000000000000000000e+00
0.000000000000000000e+00 -0.000000000000000000e+00 0.000000000000000000e+00 0.000000000000000000e+00 -0.000000000000000000e+00
0.000000000000000000e+00 -0.000000000000000000e+00 0.000000000000000000e+00 0.000000000000000000e+00 -0.000000000000000000e+00
0.000000000000000000e+00 -0.000000000000000000e+00 0.000000000000000000e+00 0.000000000000000000e+00 -0.000000000000000000e+00
0.000000000000000000e+00 -0.000000000000000000e+00 0.000000000000000000e+00 0.000000000000000000e+00 -0.000000000000000000e+00
0.000000000000000000e+00 -0.000000000000000000e+00 0.000000000000000000e+00 0.000000000000000000e+00 -0.000000000000000000e+00
0.000000000000000000e+00 -0.000000000000000000e+00 0.000000000000000000e+00 0.000000000000000000e+00 -0.000000000000000000e+00
0.000000000000000000e+00 -0.000000000000000000e+00 0.000000000000000000e+00 0.000000000000000000e+00 -0.000000000000000000e+00
0.000000000000000000e+00 -0.000000000000000000e+00 0.000000000000000000e+00 0.000000000000000000e+00 -0.000000000000000000e+00
0.000000000000000000e+00 -0.000000000000000000e+00 0.000000000000000000e+00 0.000000000000000000e+00 -0.000000000000000000e+00
0.000000000000000000e+00 -0.000000000000000000e+00 0.000000000000000000e+00 0.000000000000000000e+00 -0.000000000000000000e+00
0.000000000000000000e+00 -0.000000000000000000e+00 0.000000000000000000e+00 0.000000000000000000e+00 -0.000000000000000000e+00
0.000000000000000000e+00 -0.000000000000000000e+00 0.000000000000000000e+00 0.000000000000000000e+00 -0.000000000000000000e+00
0.000000000000000000e+00 -0.000000000000000000e+00 0.000000000000000000e+00 0.000000000000000000e+00 -0.000000000000000000e+00
0.000000000000000000e+00 -0.000000000000000000e+00 0.000000000000000000e+00 0.000000000000000000e+00 -0.000000000000000000e+00
0.000000000000000000e+00 -0.000000000000000000e+00 0.000000000000000000e+00 0.000000000000000000e+00 -0.000000000000000000e+00
0.000000000000000000e+00 -0.000000000000000000e+00 0.000000000000000000e+00 0.000000000000000000e+00 -0.000000000000000000e+00
0.000000000000000000e+00 -0.000000000000000000e+00 0.000000000000000000e+00 0.000000000000000000e+00 -0.000000000000000000e+00
0.000000000000000000e+00 -0.000000000000000000e+00 0.000000000000000000e+00 0.000000000000000000e+00 -0.000000000000000000e+00
0.000000000000000000e+00 -0.000000000000000000e+00 0.000000000000000000e+00 0.000000000000000000e+00 -0.000000000000000000e+00
0.000000000000000000e+00 -0.000000000000000000e+00 0.000000000000000000e+00 0.000000000000000000e+00 -0.000000000000000000e+00
0.000000000000000000e+00 -0.000000000000000000e+00 0.000000000000000000e+00 0.000000000000000000e+00 -0.000000000000000000e+00
0.000000000000000000e+00 -0.000000000000000000e+00 0.000000000000000000e+00 0.000000000000000000e+00 -0.000000000000000000e+00
0.000000000000000000e+00 -0.000000000000000000e+00 0.000000000000000000e+00 0.000000000000000000e+00 -0.000000000000000000e+00
0.000000000000000000e+00 -0.000000000000000000e+00 0.000000000000000000e+00 0.000000000000000000e+00 -0.000000000000000000e+00
0.000000000000000000e+00 -0.000000000000000000e+00 0.000000000000000000e+00 0.000000000000000000e+00 -0.000000000000000000e+00
0.000000000000000000e+00 -0.000000000000000000e+00 0.000000000000000000e+00 0.000000000000000000e+00 -0.000000000000000000e+00
0.000000000000000000e+00 -0.000000000000000000e+00 0.000000000000000000e+00 0.000000000000000000e+00 -0.000000000000000000e+00
0.000000000000000000e+00 -0.000000000000000000e+00 0.000000000000000000e+00 0.000000000000000000e+00 -0.000000000000000000e+00
0.000000000000000000e+00 -0.000000000000000000e+00 0.000000000000000000e+00 0.000000000000000000e+00 -0.000000000000000000e+00
0.000000000000000000e+00 -0.000000000000000000e+00 0.000000000000000000e+00 0.000000000000000000e+00 -0.000000000000000000e+00
0.000000000000000000e+00 -0.000000000000000000e+00 0.000000000000000000e+00 0.000000000000000000e+00 -0.000000000000000000e+00
0.000000000000000000e+00 -0.000000000000000000e+00 0.000000000000000000e+00 0.000000000000000000e+00 -0.000000000000000000e+00
0.000000000000000000e+00 -0.000000000000000000e+00 0.000000000000000000e+00 0.000000000000000000e+00 -0.000000000000000000e+00
0.000000000000000000e+00 -0.000000000000000000e+00 0.000000000000000000e+00 0.000000000000000000e+00 -0.000000000000000000e+00
0.000000000000000000e+00 -0.000000000000000000e+00 0.000000000000000000e+00 0.000000000000000000e+00 -0.000000000000000000e+00
0.000000000000000000e+00 -0.000000000000000000e+00 0.000000000000000000e+00 0.000000000000000000e+00 -0.000000000000000000e+00
0.000000000000000000e+00 -0.000000000000000000e+00 0.000000000000000000e+00 0.000000000000000000e+00 -0.000000000000000000e+00
0.000000000000000000e+00 -0.000000000000000000e+00 0.000000000000000000e+00 0.000000000000000000e+00 -0.000000000000000000e+00
0.000000000000000000e+00 -0.000000000000000000e+00 0.000000000000000000e+00 0.000000000000000000e+00 -0.000000000000000000e+00
0.000000000000000000e+00 -0.000000000000000000e+00 0.000000000000000000e+00 0.000000000000000000e+00 -0.000000000000000000e+00
0.000000000000000000e+00 -0.000000000000000000e+00 0.000000000000000000e+00 0.000000000000000000e+00 -0.000000000000000000e+00
0.000000000000000000e+00 -0.000000000000000000e+00 0.000000000000000000e+00 0.000000000000000000e+00 -0.000000000000000000e+00
0.000000000000000000e+00 -0.000000000000000000e+00 0.000000000000000000e+00 0.000000000000000000e+00 -0.000000000000000000e+00
0.000000000000000000e+00 -0.000000000000000000e+00 0.000000000000000000e+00 0.000000000000000000e+00 -0.000000000000000000e+00
0.000000000000000000e+00 -0.000000000000000000e+00 0.000000000000000000e+00 0.000000000000000000e+00 -0.000000000000000000e+00
0.000000000000000000e+00 -0.000000000000000000e+00 0.000000000000000000e+00 0.000000000000000000e+00 -0.000000000000000000e+00
0.000000000000000000e+00 -0.000000000000000000e+00 0.000000000000000000e+00 0.000000000000000000e+00 -0.000000000000000000e+00
0.000000000000000000e+00 -0.000000000000000000e+00 0.000000000000000000e+00 0.000000000000000000e+00 -0.000000000000000000e+00
0.000000000000000000e+00 -0.000000000000000000e+00 0.000000000000000000e+00 0.000000000000000000e+00 -0.000000000000000000e+00
0.000000000000000000e+00 -0.000000000000000000e+00 0.000000000000000000e+00 0.000000000000000000e+00 -0.000000000000000000e+00
0.000000000000000000e+00 -0.000000000000000000e+00 0.000000000000000000e+00 0.000000000000000000e+00 -0.000000000000000000e+00
0.000000000000000000e+00 -0.000000000000000000e+00 0.000000000000000000e+00 0.000000000000000000e+00 -0.000000000000000000e+00
0.000000000000000000e+00 -0.000000000000000000e+00 0.000000000000000000e+00 0.000000000000000000e+00 -0.000000000000000000e+00
