0.000000000000000000e+00 0.000000000000000000e+00 -0.000000000000000000e+00 0.000000000000000000e+00 0.000000000000000000e+00
0.000000000000000000e+00 0.000000000000000000e+00 -0.000000000000000000e+00 0.000000000000000000e+00 0.000000000000000000e+00
0.000000000000000000e+00 0.000000000000000000e+00 0.000000000000000000e+00 0.000000000000000000e+00 0.000000000000000000e+00
0.000000000000000000e+00 0.000000000000000000e+00 0.000000000000000000e+00 0.000000000000000000e+00 0.000000000000000000e+00
0.000000000000000000e+00 0.000000000000000000e+00 0.000000000000000000e+00 0.000000000000000000e+00 0.000000000000000000e+00
0.000000000000000000e+00 0.000000000000000000e+00 0.000000000000000000e+00 0.000000000000000000e+00 0.000000000000000000e+00
0.000000000000000000e+00 0.000000000000000000e+00 0.000000000000000000e+00 0.000000000000000000e+00 0.000000000000000000e+00
0.000000000000000000e+00 0.000000000000000000e+00 0.000000000000000000e+00 0.000000000000000000e+00 0.000000000000000000e+00
0.000000000000000000e+00 0.000000000000000000e+00 0.000000000000000000e+00 0.000000000000000000e+00 0.000000000000000000e+00
0.000000000000000000e+00 0.000000000000000000e+00 0.000000000000000000e+00 0.000000000000000000e+00 0.000000000000000000e+00
0.000000000000000000e+00 0.000000000000000000e+00 0.000000000000000000e+00 0.000000000000000000e+00 0.000000000000000000e+00
0.000000000000000000e+00 0.000000000000000000e+00 0.000000000000000000e+00 0.000000000000000000e+00 0.000000000000000000e+00
0.000000000000000000e+00 0.000000000000000000e+00 0.000000000000000000e+00 0.000000000000000000e+00 0.000000000000000000e+00
0.000000000000000000e+00 0.000000000000000000e+00 0.000000000000000000e+00 0.000000000000000000e+00 0.000000000000000000e+00
0.000000000000000000e+00 0.000000000000000000e+00 0.000000000000000000e+00 0.000000000000000000e+00 0.000000000000000000e+00
0.000000000000000000e+00 0.000000000000000000e+00 0.000000000000000000e+00 0.000000000000000000e+00 0.000000000000000000e+00
0.000000000000000000e+00 0.000000000000000000e+00 0.000000000000000000e+00 0.000000000000000000e+00 0.000000000000000000e+00
0.000000000000000000e+00 0.000000000000000000e+00 0.000000000000000000e+00 0.000000000000000000e+00 0.000000000000000000e+00
0.000000000000000000e+00 0.000000000000000000e+00 0.000000000000000000e+00 0.000000000000000000e+00 0.000000000000000000e+00
0.000000000000000000e+00 0.000000000000000000e+00 0.000000000000000000e+00 0.000000000000000000e+00 0.000000000000000000e+00
0.000000000000000000e+00 0.000000000000000000e+00 0.000000000000000000e+00 0.000000000000000000e+00 0.000000000000000000e+00
0.000000000000000000e+00 0.000000000000000000e+00 0.000000000000000000e+00 0.000000000000000000e+00 0.000000000000000000e+00
0.000000000000000000e+00 0.000000000000000000e+00 0.000000000000000000e+00 0.000000000000000000e+00 0.000000000000000000e+00
0.000000000000000000e+00 0.000000000000000000e+00 0.000000000000000000e+00 0.000000000000000000e+00 0.000000000000000000e+00
0.000000000000000000e+00 0.000000000000000000e+00 0.000000000000000000e+00 0.000000000000000000e+00 0.000000000000000000e+00
0.000000000000000000e+00 0.000000000000000000e+00 0.000000000000000000e+00 0.000000000000000000e+00 0.000000000000000000e+00
0.000000000000000000e+00 0.000000000000000000e+00 0.000000000000000000e+00 0.000000000000000000e+00 0.000000000000000000e+00
0.000000000000000000e+00 0.000000000000000000e+00 0.000000000000000000e+00 0.000000000000000000e+00 0.000000000000000000e+00
0.000000000000000000e+00 0.000000000000000000e+00 0.000000000000000000e+00 0.000000000000000000e+00 0.000000000000000000e+00
0.000000000000000000e+00 0.000000000000000000e+00 0.000000000000000000e+00 0.000000000000000000e+00 0.000000000000000000e+00
0.000000000000000000e+00 0.000000000000000000e+00 0.000000000000000000e+00 0.000000000000000000e+00 0.000000000000000000e+00
0.000000000000000000e+00 0.000000000000000000e+00 0.000000000000000000e+00 0.000000000000000000e+00 0.000000000000000000e+00
0.000000000000000000e+00 0.000000000000000000e+00 0.000000000000000000e+00 0.000000000000000000e+00 0.000000000000000000e+00
0.000000000000000000e+00 0.000000000000000000e+00 0.000000000000000000e+00 0.000000000000000000e+00 0.000000000000000000e+00
0.000000000000000000e+00 0.000000000000000000e+00 0.000000000000000000e+00 0.000000000000000000e+00 0.000000000000000000e+00
0.000000000000000000e+00 0.000000000000000000e+00 0.000000000000000000e+00 0.000000000000000000e+00 0.000000000000000000e+00
0.000000000000000000e+00 0.000000000000000000e+00 0.000000000000000000e+00 0.000000000000000000e+00 0.000000000000000000e+00
0.000000000000000000e+00 0.000000000000000000e+00 0.000000000000000000e+00 0.000000000000000000e+00 0.000000000000000000e+00
0.000000000000000000e+00 0.000000000000000000e+00 0.000000000000000000e+00 0.000000000000000000e+00 0.000000000000000000e+00
0.000000000000000000e+00 0.000000000000000000e+00 0.000000000000000000e+00 0.000000000000000000e+00 0.000000000000000000e+00
0.000000000000000000e+00 0.000000000000000000e+00 0.000000000000000000e+00 0.000000000000000000e+00 0.000000000000000000e+00
0.000000000000000000e+00 0.000000000000000000e+00 0.000000000000000000e+00 0.000000000000000000e+00 0.000000000000000000e+00
0.000000000000000000e+00 0.000000000000000000e+00 0.000000000000000000e+00 0.000000000000000000e+00 0.000000000000000000e+00
0.000000000000000000e+00 0.000000000000000000e+00 0.000000000000000000e+00 0.000000000000000000e+00 0.000000000000000000e+00
0.000000000000000000e+00 0.000000000000000000e+00 0.000000000000000000e+00 0.000000000000000000e+00 0.000000000000000000e+00
0.000000000000000000e+00 0.000000000000000000e+00 0.000000000000000000e+00 0.000000000000000000e+00 0.000000000000000000e+00
0.000000000000000000e+00 0.000000000000000000e+00 0.000000000000000000e+00 0.000000000000000000e+00 0.000000000000000000e+00
0.000000000000000000e+00 0.000000000000000000e+00 0.000000000000000000e+00 0.000000000000000000e+00 0.000000000000000000e+00
0.000000000000000000e+00 0.000000000000000000e+00 0.000000000000000000e+00 0.000000000000000000e+00 0.000000000000000000e+00
0.000000000000000000e+00 0.000000000000000000e+00 0.000000000000000000e+00 0.000000000000000000e+00 0.000000000000000000e+00
0.000000000000000000e+00 0.000000000000000000e+00 0.000000000000000000e+00 0.000000000000000000e+00 0.000000000000000000e+00
0.000000000000000000e+00 0.000000000000000000e+00 0.000000000000000000e+00 0.000000000000000000e+00 0.000000000000000000e+00
0.000000000000000000e+00 0.000000000000000000e+00 0.000000000000000000e+00 0.000000000000000000e+00 0.000000000000000000e+00
0.000000000000000000e+00 0.000000000000000000e+00 0.000000000000000000e+00 0.000000000000000000e+00 0.000000000000000000e+00
0.000000000000000000e+00 0.000000000000000000e+00 0.000000000000000000e+00 0.000000000000000000e+00 0.000000000000000000e+00
0.000000000000000000e+00 0.000000000000000000e+00 0.000000000000000000e+00 0.000000000000000000e+00 0.000000000000000000e+00
0.000000000000000000e+00 0.000000000000000000e+00 0.000000000000000000e+00 0.000000000000000000e+00 0.000000000000000000e+00
0.000000000000000000e+00 0.000000000000000000e+00 0.000000000000000000e+00 0.000000000000000000e+00 0.000000000000000000e+00
0.000000000000000000e+00 0.000000000000000000e+00 0.000000000000000000e+00 0.000000000000000000e+00 0.000000000000000000e+00
0.000000000000000000e+00 0.000000000000000000e+00 0.000000000000000000e+00 0.000000000000000000e+00 0.000000000000000000e+00
0.000000000000000000e+00 0.000000000000000000e+00 0.000000000000000000e+00 0.000000000000000000e+00 0.000000000000000000e+00
0.000000000000000000e+00 0.000000000000000000e+00 0.000000000000000000e+00 0.000000000000000000e+00 0.000000000000000000e+00
0.000000000000000000e+00 0.000000000000000000e+00 0.000000000000000000e+00 0.000000000000000000e+00 0.000000000000000000e+00
0.000000000000000000e+00 0.000000000000000000e+00 0.000000000000000000e+00 0.000000000000000000e+00 0.000000000000000000e+00
0.000000000000000000e+00 0.000000000000000000e+00 0.000000000000000000e+00 0.000000000000000000e+00 0.000000000000000000e+00
0.000000000000000000e+00 0.000000000000000000e+00 0.000000000000000000e+00 0.000000000000000000e+00 0.000000000000000000e+00
0.000000000000000000e+00 0.000000000000000000e+00 0.000000000000000000e+00 0.000000000000000000e+00 0.000000000000000000e+00
2.492786818119429714e-04 1.000000000000000082e-05 4.066417943956898663e-04 5.146870076454327899e-04 1.000000000000000082e-05
2.562083293686010996e-03 1.000000000000000082e-05 1.873318069411447412e-03 4.279159738596187076e-03 1.000000000000000082e-05
2.949636210259155844e-03 1.000000000000000082e-05 1.888142792755200883e-03 4.819268552184835866e-03 1.000000000000000082e-05
1.931280717084596626e-03 1.000000000000000082e-05 4.170100660623116476e-03 5.598985247842136470e-03 1.000000000000000082e-05
1.376582556568882129e-04 1.000000000000000082e-05 2.431080189188562779e-03 2.265966285527988306e-03 1.000000000000000082e-05
1.000000000000000082e-05 1.000000000000000082e-05 3.614927564684932045e-03 2.101366267996653426e-03 1.000000000000000082e-05
1.000000000000000082e-05 1.000000000000000082e-05 3.962123997451282714e-03 2.303192406730795658e-03 1.000000000000000082e-05
1.000000000000000082e-05 1.000000000000000082e-05 7.148161851071907057e-04 4.155244032761744592e-04 1.000000000000000082e-05
0.000000000000000000e+00 0.000000000000000000e+00 0.000000000000000000e+00 0.000000000000000000e+00 0.000000000000000000e+00
0.000000000000000000e+00 0.000000000000000000e+00 0.000000000000000000e+00 0.000000000000000000e+00 0.000000000000000000e+00
0.000000000000000000e+00 0.000000000000000000e+00 0.000000000000000000e+00 0.000000000000000000e+00 0.000000000000000000e+00
0.000000000000000000e+00 0.000000000000000000e+00 0.000000000000000000e+00 0.000000000000000000e+00 0.000000000000000000e+00
0.000000000000000000e+00 0.000000000000000000e+00 0.000000000000000000e+00 0.000000000000000000e+00 0.000000000000000000e+00
0.000000000000000000e+00 0.000000000000000000e+00 0.000000000000000000e+00 0.000000000000000000e+00 0.000000000000000000e+00
0.000000000000000000e+00 0.000000000000000000e+00 0.000000000000000000e+00 0.000000000000000000e+00 0.000000000000000000e+00
0.000000000000000000e+00 0.000000000000000000e+00 0.000000000000000000e+00 0.000000000000000000e+00 0.000000000000000000e+00
0.000000000000000000e+00 0.000000000000000000e+00 0.000000000000000000e+00 0.000000000000000000e+00 0.000000000000000000e+00
0.000000000000000000e+00 0.000000000000000000e+00 0.000000000000000000e+00 0.000000000000000000e+00 0.000000000000000000e+00
0.000000000000000000e+00 0.000000000000000000e+00 0.000000000000000000e+00 0.000000000000000000e+00 0.000000000000000000e+00
0.000000000000000000e+00 0.000000000000000000e+00 0.000000000000000000e+00 0.000000000000000000e+00 0.000000000000000000e+00
0.000000000000000000e+00 0.000000000000000000e+00 0.000000000000000000e+00 0.000000000000000000e+00 0.000000000000000000e+00
0.000000000000000000e+00 0.000000000000000000e+00 0.000000000000000000e+00 0.000000000000000000e+00 0.000000000000000000e+00
0.000000000000000000e+00 0.000000000000000000e+00 0.000000000000000000e+00 0.000000000000000000e+00 0.000000000000000000e+00
3.118736376626430121e-04 5.561824099095949913e-04 1.000000000000000082e-05 8.521459863639296688e-04 1.000000000000000082e-05
8.187829676710220829e-04 1.185163519361934247e-03 1.000000000000000082e-05 4.005253857082211912e-03 1.000000000000000082e-05
1.441056852672725362e-04 1.000000000000000082e-05 1.000000000000000082e-05 1.908191396118329858e-02 1.000000000000000082e-05
3.204576600509991121e-04 1.000000000000000082e-05 1.000000000000000082e-05 2.843457150939707884e-02 1.000000000000000082e-05
1.899832289029460908e-03 1.000000000000000082e-05 1.000000000000000082e-05 3.203172004625423619e-02 1.000000000000000082e-05
6.543089053825097354e-03 1.000000000000000082e-05 1.000000000000000082e-05 4.554843194534358847e-02 1.000000000000000082e-05
8.285719295696859776e-03 1.000000000000000082e-05 1.000000000000000082e-05 4.826766274992674854e-02 1.000000000000000082e-05
1.804945768217692745e-02 1.000000000000000082e-05 1.000000000000000082e-05 4.403840904055645461e-02 1.000000000000000082e-05
2.875930054043819573e-02 1.000000000000000082e-05 1.000000000000000082e-05 4.189805839376612578e-02 1.000000000000000082e-05
4.040695374929937495e-02 1.000000000000000082e-05 1.000000000000000082e-05 2.975724095147306084e-02 1.000000000000000082e-05
5.196033460950703897e-02 1.000000000000000082e-05 1.000000000000000082e-05 1.408084226433299266e-02 1.000000000000000082e-05
6.496668712062721174e-02 1.426787015835529176e-03 1.000000000000000082e-05 1.000000000000000082e-05 1.000000000000000082e-05
6.170757070172714492e-02 7.318202895838726114e-04 1.000000000000000082e-05 1.000000000000000082e-05 1.000000000000000082e-05
4.092474395070623550e-02 2.398224289533583322e-03 1.000000000000000082e-05 1.000000000000000082e-05 1.000000000000000082e-05
2.632640279920017354e-02 3.601490620280525020e-03 1.000000000000000082e-05 1.000000000000000082e-05 1.000000000000000082e-05
6.538887823124972000e-03 1.748955004102069021e-05 1.000000000000000082e-05 1.000000000000000082e-05 3.448704653614847928e-03
6.970996009360864434e-04 1.000000000000000082e-05 3.006231787373155550e-04 1.000000000000000082e-05 1.000000000000000082e-05
0.000000000000000000e+00 0.000000000000000000e+00 0.000000000000000000e+00 0.000000000000000000e+00 0.000000000000000000e+00
0.000000000000000000e+00 0.000000000000000000e+00 0.000000000000000000e+00 0.000000000000000000e+00 0.000000000000000000e+00
0.000000000000000000e+00 0.000000000000000000e+00 0.000000000000000000e+00 0.000000000000000000e+00 0.000000000000000000e+00
0.000000000000000000e+00 0.000000000000000000e+00 0.000000000000000000e+00 0.000000000000000000e+00 0.000000000000000000e+00
0.000000000000000000e+00 0.000000000000000000e+00 0.000000000000000000e+00 0.000000000000000000e+00 0.000000000000000000e+00
0.000000000000000000e+00 0.000000000000000000e+00 0.000000000000000000e+00 0.000000000000000000e+00 0.000000000000000000e+00
0.000000000000000000e+00 0.000000000000000000e+00 0.000000000000000000e+00 0.000000000000000000e+00 0.000000000000000000e+00
0.000000000000000000e+00 0.000000000000000000e+00 0.000000000000000000e+00 0.000000000000000000e+00 0.000000000000000000e+00
0.000000000000000000e+00 0.000000000000000000e+00 0.000000000000000000e+00 0.000000000000000000e+00 0.000000000000000000e+00
1.011218296611120248e-04 1.549415058564126114e-05 1.000000000000000082e-05 2.134611297407339116e-04 9.455073302938864785e-05
1.521293071344332953e-03 9.511680586083798251e-06 1.000000000000000082e-05 4.916277026219721853e-03 1.703031544970648936e-03
3.349368361489716336e-03 2.106616519007564747e-03 1.000000000000000082e-05 1.097414692352138149e-02 1.000000000000000082e-05
3.389087596855501049e-03 1.000000000000000082e-05 1.000000000000000082e-05 1.901351730377143917e-02 1.000000000000000082e-05
3.596090930981142141e-03 1.000000000000000082e-05 1.000000000000000082e-05 4.450691870458958060e-02 1.000000000000000082e-05
5.367425501802677856e-03 1.000000000000000082e-05 1.000000000000000082e-05 6.002416059796237408e-02 1.000000000000000082e-05
1.032758316107157404e-02 1.000000000000000082e-05 1.000000000000000082e-05 6.798275677159634767e-02 1.000000000000000082e-05
1.712535487086401867e-02 1.000000000000000082e-05 1.000000000000000082e-05 8.501566029166103544e-02 3.708485911430049568e-03
3.610272363503837234e-02 1.000000000000000082e-05 1.000000000000000082e-05 9.767544205475729713e-02 6.122484196378715458e-03
5.586865307797980740e-02 1.000000000000000082e-05 1.000000000000000082e-05 1.144551271534945264e-01 5.601089519467049305e-03
7.381459813194639341e-02 1.000000000000000082e-05 1.000000000000000082e-05 1.078376189827940507e-01 1.000000000000000082e-05
9.250460538795148013e-02 1.000000000000000082e-05 1.000000000000000082e-05 8.612991706082051557e-02 9.058357334958263771e-03
1.000233840929808521e-01 1.000000000000000082e-05 3.013979646907997186e-03 6.585577406238124487e-02 1.732001408225167932e-02
1.032405385946031373e-01 1.000000000000000082e-05 8.506817596748197582e-03 2.267922314135119299e-02 2.965986248426395397e-02
9.860489591578069923e-02 1.000000000000000082e-05 7.805448497117855981e-03 1.000000000000000082e-05 4.202674983187732610e-02
8.822389138061437208e-02 1.000000000000000082e-05 4.426212311418618005e-03 1.000000000000000082e-05 3.555634171136756033e-02
5.802909548118851540e-02 1.000000000000000082e-05 1.000000000000000082e-05 1.000000000000000082e-05 2.702266769571587054e-02
2.945929588684812958e-02 1.000000000000000082e-05 1.000000000000000082e-05 1.000000000000000082e-05 1.666541182474940569e-02
4.467093179720075732e-03 1.000000000000000082e-05 4.741643622738046055e-04 1.000000000000000082e-05 4.532475396581731215e-03
0.000000000000000000e+00 0.000000000000000000e+00 0.000000000000000000e+00 0.000000000000000000e+00 0.000000000000000000e+00
0.000000000000000000e+00 0.000000000000000000e+00 0.000000000000000000e+00 0.000000000000000000e+00 0.000000000000000000e+00
0.000000000000000000e+00 0.000000000000000000e+00 0.000000000000000000e+00 0.000000000000000000e+00 0.000000000000000000e+00
0.000000000000000000e+00 0.000000000000000000e+00 0.000000000000000000e+00 0.000000000000000000e+00 0.000000000000000000e+00
0.000000000000000000e+00 0.000000000000000000e+00 0.000000000000000000e+00 0.000000000000000000e+00 0.000000000000000000e+00
0.000000000000000000e+00 0.000000000000000000e+00 0.000000000000000000e+00 0.000000000000000000e+00 0.000000000000000000e+00
0.000000000000000000e+00 0.000000000000000000e+00 0.000000000000000000e+00 0.000000000000000000e+00 0.000000000000000000e+00
0.000000000000000000e+00 0.000000000000000000e+00 0.000000000000000000e+00 0.000000000000000000e+00 0.000000000000000000e+00
0.000000000000000000e+00 0.000000000000000000e+00 0.000000000000000000e+00 0.000000000000000000e+00 0.000000000000000000e+00
1.000000000000000082e-05 7.821432290269763211e-04 1.000000000000000082e-05 3.402011056659096176e-03 4.495081481794165924e-03
1.473472806019567906e-03 6.544425388224422643e-03 1.000000000000000082e-05 1.829869660552194480e-02 1.083740597141165211e-02
1.490816477316099465e-03 9.216394183757727065e-03 1.000000000000000082e-05 3.432877650513714574e-02 1.093847042509701536e-02
2.177928146196787731e-03 8.083829846808448724e-03 1.000000000000000082e-05 4.699110251285247564e-02 9.475941107757165915e-03
3.538023962051910307e-03 7.203748446518692082e-03 1.000000000000000082e-05 6.396158828343093128e-02 4.994979770432763679e-03
5.110779509111077271e-03 2.881186587679291072e-03 1.000000000000000082e-05 8.618458645303442300e-02 6.047129359352448018e-03
1.301573589219711009e-02 4.571302140608123413e-03 1.000000000000000082e-05 1.181255702839044269e-01 1.009551132407500267e-02
3.191742720242731618e-02 3.394253340275416204e-03 1.000000000000000082e-05 1.371580658580600631e-01 2.552732305762677595e-02
5.437269251541509280e-02 3.810551734105101164e-04 1.000000000000000082e-05 1.400271731628208727e-01 3.293949964399845581e-02
7.188349140678521043e-02 1.000000000000000082e-05 1.000000000000000082e-05 1.381121311764201831e-01 3.649395905711867033e-02
8.343859139380356560e-02 1.000000000000000082e-05 3.175515333279716173e-03 1.360788581823729748e-01 4.440576312000693582e-02
8.043253437995172284e-02 1.000000000000000082e-05 2.381978704851357362e-02 1.164625263848071135e-01 6.620260428815410991e-02
7.653194936325119491e-02 1.000000000000000082e-05 4.742086147866705903e-02 9.405666404064406960e-02 8.857950685771236177e-02
8.612738216239040900e-02 1.000000000000000082e-05 4.594486183115945033e-02 6.419295972385773152e-02 9.329133380919307772e-02
9.529276863989818991e-02 1.000000000000000082e-05 3.276807969556288364e-02 2.786910393223400104e-02 8.283929859754429748e-02
9.516746449323718049e-02 1.000000000000000082e-05 1.967441558898903528e-02 1.000000000000000082e-05 7.579609777265977621e-02
8.155454171973605670e-02 1.000000000000000082e-05 8.698256657449174659e-03 1.000000000000000082e-05 7.247490546550502954e-02
4.452041547774508029e-02 1.000000000000000082e-05 1.185794220562732572e-03 1.000000000000000082e-05 6.082830043166313760e-02
1.071772115236126373e-02 1.000000000000000082e-05 3.268776788493041839e-03 1.000000000000000082e-05 2.463159229908582284e-02
1.000000000000000082e-05 1.000000000000000082e-05 3.876035288350921271e-04 8.481319714439892576e-05 1.094913363624345354e-03
0.000000000000000000e+00 0.000000000000000000e+00 0.000000000000000000e+00 0.000000000000000000e+00 0.000000000000000000e+00
0.000000000000000000e+00 0.000000000000000000e+00 0.000000000000000000e+00 0.000000000000000000e+00 0.000000000000000000e+00
0.000000000000000000e+00 0.000000000000000000e+00 0.000000000000000000e+00 0.000000000000000000e+00 0.000000000000000000e+00
0.000000000000000000e+00 0.000000000000000000e+00 0.000000000000000000e+00 0.000000000000000000e+00 0.000000000000000000e+00
0.000000000000000000e+00 0.000000000000000000e+00 0.000000000000000000e+00 0.000000000000000000e+00 0.000000000000000000e+00
0.000000000000000000e+00 0.000000000000000000e+00 0.000000000000000000e+00 0.000000000000000000e+00 0.000000000000000000e+00
0.000000000000000000e+00 0.000000000000000000e+00 0.000000000000000000e+00 0.000000000000000000e+00 0.000000000000000000e+00
0.000000000000000000e+00 0.000000000000000000e+00 0.000000000000000000e+00 0.000000000000000000e+00 0.000000000000000000e+00
1.000000000000000082e-05 4.357862625621470969e-03 1.000000000000000082e-05 4.762819778884510441e-03 8.315474231210184461e-03
8.168797960974766336e-04 2.141900688187766202e-02 1.000000000000000082e-05 2.051520141362628627e-02 1.258073555976151232e-02
1.000000000000000082e-05 2.137982808884738087e-02 1.000000000000000082e-05 4.252740985610738850e-02 9.510295238797018824e-03
1.000000000000000082e-05 2.868486905374158583e-02 1.000000000000000082e-05 5.806946324962187350e-02 4.687790054886185713e-03
1.000000000000000082e-05 3.411011543642735594e-02 1.000000000000000082e-05 7.343684838974327833e-02 1.000000000000000082e-05
1.147159989041355264e-02 4.112668401347679970e-02 1.000000000000000082e-05 8.765032864853951333e-02 2.201224480926996900e-03
2.189702923731851394e-02 4.144413425898186426e-02 1.000000000000000082e-05 1.023080515957838638e-01 1.838662284263999080e-02
4.244577617057141566e-02 4.352313619451560894e-02 1.000000000000000082e-05 1.058574074246220603e-01 3.520575015919462369e-02
5.771909008715986333e-02 3.437005471540215823e-02 1.000000000000000082e-05 9.983599001669063444e-02 5.489041394730694717e-02
5.179946118900743968e-02 2.303744791445209994e-02 3.232673918660459306e-02 8.504465909208101804e-02 7.644262230505738387e-02
2.861385160727170779e-02 2.278223022594823635e-02 5.818001421235972914e-02 7.598244428294027852e-02 9.339651132400861311e-02
1.068081104262831420e-02 1.668443074707473897e-02 7.603922211625438465e-02 8.731453346080791933e-02 1.020527335339614650e-01
7.348464680408759581e-03 3.726239889923883396e-03 8.794212824704346343e-02 9.232212009939755326e-02 1.030151145767079363e-01
2.850034720662563900e-02 1.000000000000000082e-05 8.906024624377928411e-02 7.754210555831643481e-02 1.036415846950292652e-01
4.642618878530557075e-02 1.000000000000000082e-05 7.834352566097468884e-02 5.348465190576744827e-02 1.021898878691121504e-01
8.076799623913633042e-02 1.000000000000000082e-05 5.259091680273834946e-02 1.479914821828605745e-02 9.136865677476996295e-02
9.006417973923802611e-02 1.000000000000000082e-05 2.470914505377651282e-02 1.000000000000000082e-05 8.522834158322188658e-02
5.644196379878251013e-02 1.000000000000000082e-05 7.532712971954127860e-03 1.000000000000000082e-05 8.387310224665686653e-02
2.089904526963468415e-02 1.000000000000000082e-05 8.876302140344658614e-03 1.000000000000000082e-05 4.729398044200197604e-02
1.000000000000000082e-05 1.000000000000000082e-05 3.461815218477647896e-03 1.000000000000000082e-05 1.615883608983615521e-02
0.000000000000000000e+00 0.000000000000000000e+00 0.000000000000000000e+00 0.000000000000000000e+00 0.000000000000000000e+00
0.000000000000000000e+00 0.000000000000000000e+00 0.000000000000000000e+00 0.000000000000000000e+00 0.000000000000000000e+00
0.000000000000000000e+00 0.000000000000000000e+00 0.000000000000000000e+00 0.000000000000000000e+00 0.000000000000000000e+00
0.000000000000000000e+00 0.000000000000000000e+00 0.000000000000000000e+00 0.000000000000000000e+00 0.000000000000000000e+00
0.000000000000000000e+00 0.000000000000000000e+00 0.000000000000000000e+00 0.000000000000000000e+00 0.000000000000000000e+00
0.000000000000000000e+00 0.000000000000000000e+00 0.000000000000000000e+00 0.000000000000000000e+00 0.000000000000000000e+00
0.000000000000000000e+00 0.000000000000000000e+00 0.000000000000000000e+00 0.000000000000000000e+00 0.000000000000000000e+00
0.000000000000000000e+00 0.000000000000000000e+00 0.000000000000000000e+00 0.000000000000000000e+00 0.000000000000000000e+00
1.000000000000000082e-05 1.417874297238786926e-02 1.000000000000000082e-05 3.239745964343506129e-03 5.437543054872537480e-03
1.000000000000000082e-05 4.019437569810280914e-02 1.000000000000000082e-05 1.721970208247529735e-02 4.631752187952551357e-03
1.000000000000000082e-05 5.830451387339892488e-02 1.000000000000000082e-05 3.950782090614220199e-02 1.000000000000000082e-05
1.000000000000000082e-05 6.618803111729917865e-02 1.000000000000000082e-05 4.636142979062216757e-02 1.000000000000000082e-05
1.000000000000000082e-05 7.009484759823828015e-02 1.000000000000000082e-05 4.879068862513270821e-02 1.000000000000000082e-05
2.190675421235390320e-03 8.124779807410559274e-02 1.000000000000000082e-05 5.613753118169743234e-02 7.112252321119229628e-03
7.641533340482604617e-03 7.745487712301683814e-02 1.000000000000000082e-05 5.828685076344744531e-02 3.327748239504833838e-02
9.636644621217537246e-03 7.634283217416758249e-02 1.795376494859247246e-02 3.921361052825363125e-02 5.561848153492617713e-02
2.651713355056532079e-02 8.720499064474387940e-02 3.987249947949837031e-02 1.694829040145057197e-02 6.659061401904575739e-02
1.664195656663555734e-02 9.935639715701263808e-02 6.647705232789238861e-02 5.509578435655940361e-03 6.997066135914216389e-02
3.245906292245841467e-03 9.598041974907224605e-02 8.349240796618981331e-02 5.978521109249380037e-03 6.918156281439709343e-02
1.000000000000000082e-05 9.961914468402072176e-02 7.991803159832625014e-02 2.605361579201970201e-02 5.229328066736103897e-02
1.000000000000000082e-05 8.072740179376454439e-02 9.144013932927624877e-02 6.501987213692492218e-02 4.885099513575091867e-02
1.000000000000000082e-05 4.720621982890465390e-02 9.968360313495740199e-02 8.082237258819516268e-02 5.212470995278065816e-02
1.634071136472245098e-02 6.471070792513449604e-03 9.392015334689027273e-02 7.378591587728389189e-02 5.725087372975030259e-02
5.284053417597666530e-02 1.000000000000000082e-05 7.921991670850511702e-02 2.893411909341515181e-02 8.042336624465230843e-02
8.863711164778796670e-02 1.000000000000000082e-05 3.229796992644833747e-02 1.000000000000000082e-05 9.225772810600628426e-02
6.084834513454404764e-02 1.000000000000000082e-05 1.386775469086523258e-02 1.000000000000000082e-05 9.978643817698976126e-02
2.455893143963733954e-02 1.000000000000000082e-05 9.283452599469664210e-03 1.000000000000000082e-05 7.014785808947182622e-02
1.000000000000000082e-05 1.000000000000000082e-05 4.537250700359304022e-03 1.000000000000000082e-05 2.326389785416127162e-02
0.000000000000000000e+00 0.000000000000000000e+00 0.000000000000000000e+00 0.000000000000000000e+00 0.000000000000000000e+00
0.000000000000000000e+00 0.000000000000000000e+00 0.000000000000000000e+00 0.000000000000000000e+00 0.000000000000000000e+00
0.000000000000000000e+00 0.000000000000000000e+00 0.000000000000000000e+00 0.000000000000000000e+00 0.000000000000000000e+00
0.000000000000000000e+00 0.000000000000000000e+00 0.000000000000000000e+00 0.000000000000000000e+00 0.000000000000000000e+00
0.000000000000000000e+00 0.000000000000000000e+00 0.000000000000000000e+00 0.000000000000000000e+00 0.000000000000000000e+00
0.000000000000000000e+00 0.000000000000000000e+00 0.000000000000000000e+00 0.000000000000000000e+00 0.000000000000000000e+00
0.000000000000000000e+00 0.000000000000000000e+00 0.000000000000000000e+00 0.000000000000000000e+00 0.000000000000000000e+00
0.000000000000000000e+00 0.000000000000000000e+00 0.000000000000000000e+00 0.000000000000000000e+00 0.000000000000000000e+00
1.000000000000000082e-05 4.728977411085857896e-02 1.000000000000000082e-05 4.653092926169359253e-03 4.197661642452093361e-03
1.000000000000000082e-05 6.028960095269884911e-02 1.000000000000000082e-05 1.753516856974081384e-02 1.000000000000000082e-05
1.000000000000000082e-05 7.120822524351158589e-02 1.000000000000000082e-05 2.317985780118322556e-02 1.000000000000000082e-05
1.000000000000000082e-05 8.376801522275736933e-02 1.000000000000000082e-05 2.297158797714443298e-02 1.000000000000000082e-05
1.000000000000000082e-05 9.852075811710721276e-02 7.782683353096806443e-03 1.538951198914449529e-02 1.000000000000000082e-05
1.000000000000000082e-05 1.067966184192468693e-01 1.979216140383223757e-02 1.169478003421149485e-02 2.162246694499389901e-02
1.000000000000000082e-05 1.129571008632042350e-01 3.086676793202411048e-02 4.552654907425026341e-03 3.753445454075802351e-02
1.000000000000000082e-05 1.233369849155652037e-01 4.544385282759762917e-02 1.000000000000000082e-05 5.041837468728301713e-02
6.586395211244518502e-03 1.281745871074105869e-01 4.939658214858279328e-02 1.000000000000000082e-05 5.033322157193974994e-02
1.000000000000000082e-05 1.250906098669082867e-01 5.186699996752804770e-02 1.000000000000000082e-05 4.537569037335174860e-02
4.982962152277135848e-03 1.399194108269082581e-01 4.017898096949867187e-02 1.000000000000000082e-05 1.740365618965222100e-02
8.454024990040161919e-03 1.422432134939103088e-01 2.728980887708865738e-02 2.046320334208083860e-02 1.000000000000000082e-05
1.000000000000000082e-05 1.148005231664714632e-01 5.476005864445633586e-02 5.809778833501152290e-02 1.000000000000000082e-05
1.000000000000000082e-05 7.153528175316314908e-02 8.913400771774715459e-02 9.003268458809020325e-02 1.000000000000000082e-05
1.477387519484909227e-02 4.254535030310321875e-02 1.101249210156258901e-01 6.779480375347457510e-02 9.669049843365976754e-03
4.894553813918091356e-02 1.285107851093926501e-02 8.528129796687576591e-02 3.023565802053243892e-02 4.147164624165331631e-02
8.249130025365490615e-02 1.000000000000000082e-05 4.104595733380881489e-02 1.000000000000000082e-05 9.280800747705077181e-02
5.852977214939806411e-02 1.000000000000000082e-05 7.089877218603951418e-03 1.000000000000000082e-05 1.170880241419571255e-01
2.189314678012833915e-02 1.000000000000000082e-05 4.326105514590787744e-03 1.000000000000000082e-05 7.961724634300926251e-02
1.000000000000000082e-05 1.000000000000000082e-05 4.514597020837659257e-03 1.000000000000000082e-05 2.552630936892739955e-02
0.000000000000000000e+00 0.000000000000000000e+00 0.000000000000000000e+00 0.000000000000000000e+00 0.000000000000000000e+00
0.000000000000000000e+00 0.000000000000000000e+00 0.000000000000000000e+00 0.000000000000000000e+00 0.000000000000000000e+00
0.000000000000000000e+00 0.000000000000000000e+00 0.000000000000000000e+00 0.000000000000000000e+00 0.000000000000000000e+00
0.000000000000000000e+00 0.000000000000000000e+00 0.000000000000000000e+00 0.000000000000000000e+00 0.000000000000000000e+00
0.000000000000000000e+00 0.000000000000000000e+00 0.000000000000000000e+00 0.000000000000000000e+00 0.000000000000000000e+00
0.000000000000000000e+00 0.000000000000000000e+00 0.000000000000000000e+00 0.000000000000000000e+00 0.000000000000000000e+00
0.000000000000000000e+00 0.000000000000000000e+00 0.000000000000000000e+00 0.000000000000000000e+00 0.000000000000000000e+00
0.000000000000000000e+00 0.000000000000000000e+00 0.000000000000000000e+00 0.000000000000000000e+00 0.000000000000000000e+00
4.100615953309622377e-04 4.360278596441810595e-02 1.000000000000000082e-05 4.060025746879714417e-03 1.049936518851504741e-03
1.000000000000000082e-05 6.408141419337699818e-02 1.000000000000000082e-05 1.201060041227984369e-02 1.000000000000000082e-05
1.000000000000000082e-05 9.051540263565775735e-02 1.557322655034812289e-03 4.053182787262184813e-04 1.000000000000000082e-05
1.000000000000000082e-05 8.999404020224373302e-02 1.034728198583441568e-02 1.000000000000000082e-05 1.000000000000000082e-05
1.000000000000000082e-05 9.924866631954487595e-02 1.154719773310482374e-02 1.000000000000000082e-05 1.000000000000000082e-05
1.000000000000000082e-05 1.055947101749568073e-01 2.378277626456010152e-02 1.000000000000000082e-05 2.097127529584097427e-02
1.000000000000000082e-05 1.118678232774386744e-01 3.358564843246154147e-02 1.000000000000000082e-05 3.294197856764741195e-02
1.000000000000000082e-05 1.153525583499908913e-01 2.943239894073718457e-02 1.000000000000000082e-05 3.672666698703918459e-02
1.000000000000000082e-05 1.053081257469319354e-01 2.182966467582955761e-02 1.000000000000000082e-05 3.345361505096877686e-02
1.328071237330224596e-03 1.069711217580701923e-01 1.124212278333352848e-02 1.000000000000000082e-05 2.061373762569475646e-02
1.296236806389463800e-02 1.083096479526425848e-01 1.000000000000000082e-05 6.496072171520712001e-03 1.000000000000000082e-05
1.031265819314684633e-02 1.095244714776010680e-01 1.000000000000000082e-05 4.536444433254432224e-02 1.000000000000000082e-05
1.000000000000000082e-05 9.339014106058200759e-02 2.080752991109680733e-02 7.602284425488824160e-02 1.000000000000000082e-05
1.000000000000000082e-05 7.323060936005758303e-02 8.619154281637324277e-02 9.573946095519504651e-02 1.000000000000000082e-05
2.395650241349366397e-02 4.286597568796499808e-02 1.032327310499063372e-01 6.708144933450692349e-02 1.000000000000000082e-05
6.670251380888453374e-02 4.414496912448280519e-02 6.629128510306471489e-02 2.178781968278895725e-02 2.801834249330395141e-02
8.141228593270696812e-02 3.473187512483006528e-04 3.909378720359153736e-02 1.000000000000000082e-05 9.328473234366686795e-02
6.189593600544266577e-02 1.000000000000000082e-05 1.000000000000000082e-05 1.000000000000000082e-05 1.171005401615968500e-01
1.556140416252212860e-02 1.000000000000000082e-05 1.000000000000000082e-05 1.000000000000000082e-05 8.101586082489758978e-02
1.000000000000000082e-05 1.000000000000000082e-05 5.403357806559627372e-03 1.000000000000000082e-05 2.542585859303855833e-02
0.000000000000000000e+00 0.000000000000000000e+00 0.000000000000000000e+00 0.000000000000000000e+00 0.000000000000000000e+00
0.000000000000000000e+00 0.000000000000000000e+00 0.000000000000000000e+00 0.000000000000000000e+00 0.000000000000000000e+00
0.000000000000000000e+00 0.000000000000000000e+00 0.000000000000000000e+00 0.000000000000000000e+00 0.000000000000000000e+00
0.000000000000000000e+00 0.000000000000000000e+00 0.000000000000000000e+00 0.000000000000000000e+00 0.000000000000000000e+00
0.000000000000000000e+00 0.000000000000000000e+00 0.000000000000000000e+00 0.000000000000000000e+00 0.000000000000000000e+00
0.000000000000000000e+00 0.000000000000000000e+00 0.000000000000000000e+00 0.000000000000000000e+00 0.000000000000000000e+00
0.000000000000000000e+00 0.000000000000000000e+00 0.000000000000000000e+00 0.000000000000000000e+00 0.000000000000000000e+00
0.000000000000000000e+00 0.000000000000000000e+00 0.000000000000000000e+00 0.000000000000000000e+00 0.000000000000000000e+00
1.000000000000000082e-05 2.877573208843225983e-02 1.000000000000000082e-05 1.000000000000000082e-05 1.083922648811574746e-03
1.879867969729089473e-03 5.814790164366956393e-02 1.000000000000000082e-05 1.000000000000000082e-05 1.000000000000000082e-05
1.000000000000000082e-05 7.478276273175232802e-02 6.021930840600894438e-03 1.000000000000000082e-05 1.000000000000000082e-05
1.000000000000000082e-05 6.940171153460626685e-02 1.207932233316292084e-02 1.000000000000000082e-05 1.000000000000000082e-05
1.000000000000000082e-05 6.731785744462107091e-02 4.876335435318718443e-03 1.000000000000000082e-05 5.301435328083839785e-03
1.000000000000000082e-05 5.878733501123240002e-02 8.289290793862020765e-03 1.000000000000000082e-05 9.849115763308156565e-03
1.000000000000000082e-05 5.527053721126459068e-02 1.948467711795311488e-02 1.000000000000000082e-05 1.447919103343815912e-02
1.000000000000000082e-05 3.948310130497600934e-02 1.910977279066461074e-02 1.000000000000000082e-05 1.634583142927972799e-02
3.425960315865845228e-03 2.546117170835151405e-02 8.981224248322672646e-03 1.000000000000000082e-05 2.154008305427134329e-03
6.966025562000426920e-03 4.137193784472586316e-02 1.000000000000000082e-05 3.106332723680282968e-04 1.000000000000000082e-05
7.980826372959957948e-03 5.286109670857244702e-02 1.000000000000000082e-05 1.543204776841417686e-02 1.000000000000000082e-05
4.625579432552518432e-03 7.330066477896685084e-02 1.000000000000000082e-05 6.093246500050031322e-02 1.000000000000000082e-05
1.000000000000000082e-05 5.351882855692752239e-02 6.604292699229735719e-02 9.783972888858145922e-02 1.000000000000000082e-05
1.000000000000000082e-05 6.712721232088046663e-02 9.475042114080722833e-02 9.495433847585686704e-02 1.000000000000000082e-05
4.857571966962746096e-02 6.218289777487241710e-02 9.104629552522937319e-02 4.875051472234711442e-02 1.000000000000000082e-05
8.854267736660173527e-02 5.911780199726843904e-02 4.589841657511126854e-02 8.764571535079207151e-03 3.529322990199020016e-02
8.221395219082888728e-02 1.422119005690464406e-02 1.505436968687820856e-02 1.000000000000000082e-05 1.065699255941248147e-01
4.785779517562863128e-02 1.000000000000000082e-05 1.000000000000000082e-05 1.000000000000000082e-05 1.251533149479044649e-01
8.398749746958360241e-03 1.000000000000000082e-05 1.000000000000000082e-05 1.000000000000000082e-05 7.384722104744319282e-02
1.000000000000000082e-05 1.000000000000000082e-05 4.237973491893359292e-03 1.000000000000000082e-05 1.326175905341934677e-02
0.000000000000000000e+00 0.000000000000000000e+00 0.000000000000000000e+00 0.000000000000000000e+00 0.000000000000000000e+00
0.000000000000000000e+00 0.000000000000000000e+00 0.000000000000000000e+00 0.000000000000000000e+00 0.000000000000000000e+00
0.000000000000000000e+00 0.000000000000000000e+00 0.000000000000000000e+00 0.000000000000000000e+00 0.000000000000000000e+00
0.000000000000000000e+00 0.000000000000000000e+00 0.000000000000000000e+00 0.000000000000000000e+00 0.000000000000000000e+00
0.000000000000000000e+00 0.000000000000000000e+00 0.000000000000000000e+00 0.000000000000000000e+00 0.000000000000000000e+00
0.000000000000000000e+00 0.000000000000000000e+00 0.000000000000000000e+00 0.000000000000000000e+00 0.000000000000000000e+00
0.000000000000000000e+00 0.000000000000000000e+00 0.000000000000000000e+00 0.000000000000000000e+00 0.000000000000000000e+00
0.000000000000000000e+00 0.000000000000000000e+00 0.000000000000000000e+00 0.000000000000000000e+00 0.000000000000000000e+00
1.000000000000000082e-05 7.478385160354008437e-03 1.000000000000000082e-05 1.000000000000000082e-05 3.927351633677341218e-04
2.339976425236418248e-03 3.437357937659264728e-02 1.000000000000000082e-05 1.000000000000000082e-05 1.000000000000000082e-05
1.962126678852904246e-03 3.679591782251230569e-02 1.000000000000000082e-05 1.000000000000000082e-05 1.000000000000000082e-05
7.094212123247296397e-04 3.461237701588022742e-02 1.281569882333884105e-03 1.000000000000000082e-05 1.000000000000000082e-05
1.000000000000000082e-05 2.191254497222577466e-02 1.000000000000000082e-05 1.000000000000000082e-05 7.676335102780529156e-03
1.000000000000000082e-05 1.553445806566710295e-02 1.000000000000000082e-05 6.151576019448230532e-04 1.036061272078994330e-02
6.056353650419039154e-04 1.382402639602873032e-02 1.000000000000000082e-05 1.252901128582905015e-03 3.655845371387247359e-03
2.533756344107507968e-03 8.770132653147466595e-03 1.000000000000000082e-05 5.692598770902104408e-03 1.000000000000000082e-05
3.035451514560628256e-03 7.609303549776696811e-03 1.000000000000000082e-05 1.040452048437330232e-02 1.000000000000000082e-05
1.521287552500580082e-03 1.807478221222607456e-02 4.882862092217451523e-03 1.352740940870682945e-02 1.000000000000000082e-05
1.000000000000000082e-05 2.124638667364911124e-02 1.670803353530165777e-02 3.534344454754893144e-02 1.000000000000000082e-05
1.000000000000000082e-05 2.836950532492829233e-02 5.303227675805603780e-02 8.758129979337933579e-02 1.000000000000000082e-05
1.000000000000000082e-05 2.685230670313526469e-02 1.058791209468727124e-01 1.019174096069295904e-01 1.000000000000000082e-05
2.187836421107443308e-02 6.313618941506472793e-02 1.100455853507771864e-01 6.866415471709254315e-02 1.000000000000000082e-05
7.834530012622557826e-02 7.640633259676286870e-02 6.924704009985829800e-02 1.260775156595557965e-02 1.000000000000000082e-05
9.402146599905764068e-02 5.473788539417741295e-02 2.349752303757639618e-02 1.939408923713364366e-03 6.970646601987631752e-02
7.078043025364266772e-02 2.339595666709179400e-02 1.000000000000000082e-05 1.000000000000000082e-05 1.276082796927471008e-01
2.981180371287813283e-02 1.000000000000000082e-05 1.000000000000000082e-05 1.000000000000000082e-05 1.269925557258422544e-01
1.221063908084190621e-03 1.000000000000000082e-05 1.000000000000000082e-05 1.000000000000000082e-05 4.980193919677893682e-02
1.000000000000000082e-05 1.000000000000000082e-05 2.422984941417597946e-03 1.000000000000000082e-05 4.279047075394245767e-03
0.000000000000000000e+00 0.000000000000000000e+00 0.000000000000000000e+00 0.000000000000000000e+00 0.000000000000000000e+00
0.000000000000000000e+00 0.000000000000000000e+00 0.000000000000000000e+00 0.000000000000000000e+00 0.000000000000000000e+00
0.000000000000000000e+00 0.000000000000000000e+00 0.000000000000000000e+00 0.000000000000000000e+00 0.000000000000000000e+00
0.000000000000000000e+00 0.000000000000000000e+00 0.000000000000000000e+00 0.000000000000000000e+00 0.000000000000000000e+00
0.000000000000000000e+00 0.000000000000000000e+00 0.000000000000000000e+00 0.000000000000000000e+00 0.000000000000000000e+00
0.000000000000000000e+00 0.000000000000000000e+00 0.000000000000000000e+00 0.000000000000000000e+00 0.000000000000000000e+00
0.000000000000000000e+00 0.000000000000000000e+00 0.000000000000000000e+00 0.000000000000000000e+00 0.000000000000000000e+00
0.000000000000000000e+00 0.000000000000000000e+00 0.000000000000000000e+00 0.000000000000000000e+00 0.000000000000000000e+00
0.000000000000000000e+00 0.000000000000000000e+00 0.000000000000000000e+00 0.000000000000000000e+00 0.000000000000000000e+00
3.116834831477742745e-03 2.258022353801382789e-02 1.000000000000000082e-05 1.000000000000000082e-05 1.000000000000000082e-05
1.795536661672275484e-03 1.683068083394811260e-02 1.000000000000000082e-05 1.000000000000000082e-05 1.000000000000000082e-05
8.820297592235720264e-04 9.913806885112572478e-03 1.000000000000000082e-05 1.000000000000000082e-05 1.000000000000000082e-05
1.959658844918457979e-04 1.046238798072311564e-02 1.000000000000000082e-05 1.000000000000000082e-05 2.634245791001802589e-03
2.850104208359770849e-03 1.262282076076670298e-02 1.000000000000000082e-05 2.170447395000959720e-03 1.000000000000000082e-05
5.008211313338722416e-03 7.812299734661622315e-03 1.000000000000000082e-05 3.572359455876740648e-03 1.000000000000000082e-05
4.161261294502841684e-03 6.037527523450604040e-03 1.000000000000000082e-05 5.003473528439246823e-03 1.000000000000000082e-05
3.464361061539862185e-03 1.602624947219239912e-02 8.253140197695246413e-03 4.347177567304329193e-03 1.000000000000000082e-05
1.000000000000000082e-05 1.521845404208881786e-02 2.480510586974834716e-02 2.351264809965106922e-02 1.000000000000000082e-05
1.000000000000000082e-05 5.633846711037981611e-03 6.330412270647967077e-02 7.569852940074332792e-02 1.000000000000000082e-05
1.000000000000000082e-05 7.586142946077375875e-03 1.054906465307959840e-01 9.828694159029731370e-02 1.000000000000000082e-05
2.747317592141797389e-03 2.222735471447793293e-02 1.237623454463775141e-01 8.699696315390086088e-02 1.000000000000000082e-05
6.373123561352649069e-02 7.691043459973756491e-02 8.638014202054612733e-02 3.201024593022622905e-02 1.000000000000000082e-05
1.027023164766426022e-01 7.757619066745646830e-02 3.807356883036611822e-02 1.000000000000000082e-05 5.845418808924406420e-03
9.970902034552313331e-02 5.665581372224057916e-02 1.000000000000000082e-05 1.000000000000000082e-05 8.721874121649110523e-02
5.714913186459853051e-02 1.881387803097497868e-02 1.000000000000000082e-05 1.000000000000000082e-05 1.411114915955969662e-01
1.214131464829184062e-02 1.000000000000000082e-05 1.000000000000000082e-05 1.000000000000000082e-05 1.083350396524164760e-01
1.000000000000000082e-05 1.000000000000000082e-05 1.000000000000000082e-05 1.000000000000000082e-05 2.223310025308490590e-02
1.226748135869157212e-05 1.000000000000000082e-05 3.922322910974999541e-04 1.000000000000000082e-05 9.956165407503656580e-04
0.000000000000000000e+00 0.000000000000000000e+00 0.000000000000000000e+00 0.000000000000000000e+00 0.000000000000000000e+00
0.000000000000000000e+00 0.000000000000000000e+00 0.000000000000000000e+00 0.000000000000000000e+00 0.000000000000000000e+00
0.000000000000000000e+00 0.000000000000000000e+00 0.000000000000000000e+00 0.000000000000000000e+00 0.000000000000000000e+00
0.000000000000000000e+00 0.000000000000000000e+00 0.000000000000000000e+00 0.000000000000000000e+00 0.000000000000000000e+00
0.000000000000000000e+00 0.000000000000000000e+00 0.000000000000000000e+00 0.000000000000000000e+00 0.000000000000000000e+00
0.000000000000000000e+00 0.000000000000000000e+00 0.000000000000000000e+00 0.000000000000000000e+00 0.000000000000000000e+00
0.000000000000000000e+00 0.000000000000000000e+00 0.000000000000000000e+00 0.000000000000000000e+00 0.000000000000000000e+00
0.000000000000000000e+00 0.000000000000000000e+00 0.000000000000000000e+00 0.000000000000000000e+00 0.000000000000000000e+00
0.000000000000000000e+00 0.000000000000000000e+00 0.000000000000000000e+00 0.000000000000000000e+00 0.000000000000000000e+00
6.859687499371885369e-04 7.520924552175851929e-03 1.000000000000000082e-05 1.000000000000000082e-05 1.000000000000000082e-05
1.087511379227806482e-03 1.145426753787845767e-02 1.000000000000000082e-05 1.000000000000000082e-05 1.000000000000000082e-05
1.152394055398623133e-03 9.754045149236049983e-03 1.000000000000000082e-05 1.000000000000000082e-05 2.294798123871572525e-03
3.133276581947244243e-03 1.011479158469306278e-02 1.000000000000000082e-05 1.000000000000000082e-05 7.026718077608218836e-03
1.697885959001140324e-02 1.426417204921636220e-02 1.000000000000000082e-05 5.013753358981465347e-03 1.000000000000000082e-05
1.815269219408427101e-02 1.481694588720785209e-02 1.264907302686966214e-03 3.635883126771857245e-03 1.000000000000000082e-05
1.699808760841664199e-02 1.080354042844122384e-02 2.705365600707597407e-02 1.000000000000000082e-05 1.000000000000000082e-05
1.069468115914044490e-02 7.382373349200059727e-03 4.663493451509331811e-02 1.000000000000000082e-05 3.234561845166042133e-03
1.000000000000000082e-05 1.000000000000000082e-05 8.160698481348556410e-02 3.409767893240849002e-02 2.411401794323221430e-03
1.000000000000000082e-05 1.000000000000000082e-05 1.301227013503194196e-01 7.264323245619536129e-02 1.000000000000000082e-05
1.000000000000000082e-05 1.000000000000000082e-05 1.481795241465737045e-01 7.809546134660251548e-02 1.000000000000000082e-05
5.028561390250277374e-02 2.754306333436775875e-02 1.133793316796149475e-01 4.371003472270053314e-02 1.000000000000000082e-05
9.908100789412412068e-02 6.969633520848168839e-02 4.470868152020347763e-02 6.612268264612456217e-03 1.000000000000000082e-05
1.098223366212436602e-01 7.562050640214217079e-02 1.158181504108597888e-02 1.000000000000000082e-05 4.972190787898248671e-02
8.949490664703493858e-02 3.917578881339042057e-02 1.000000000000000082e-05 1.000000000000000082e-05 1.141843506230622030e-01
2.665703376790621443e-02 1.336322506726544089e-02 1.000000000000000082e-05 1.000000000000000082e-05 1.358591237239981098e-01
1.000000000000000082e-05 1.000000000000000082e-05 1.000000000000000082e-05 2.728861951830760871e-03 7.067008307316978433e-02
6.380909401238676816e-05 1.000000000000000082e-05 3.352550672953967005e-03 3.831497567138888484e-03 6.853644407571567523e-03
7.181444337816895920e-04 8.430426325687891348e-05 1.000000000000000082e-05 1.500403099040621170e-03 7.674922529385814736e-04
0.000000000000000000e+00 0.000000000000000000e+00 0.000000000000000000e+00 0.000000000000000000e+00 0.000000000000000000e+00
0.000000000000000000e+00 0.000000000000000000e+00 0.000000000000000000e+00 0.000000000000000000e+00 0.000000000000000000e+00
0.000000000000000000e+00 0.000000000000000000e+00 0.000000000000000000e+00 0.000000000000000000e+00 0.000000000000000000e+00
0.000000000000000000e+00 0.000000000000000000e+00 0.000000000000000000e+00 0.000000000000000000e+00 0.000000000000000000e+00
0.000000000000000000e+00 0.000000000000000000e+00 0.000000000000000000e+00 0.000000000000000000e+00 0.000000000000000000e+00
0.000000000000000000e+00 0.000000000000000000e+00 0.000000000000000000e+00 0.000000000000000000e+00 0.000000000000000000e+00
0.000000000000000000e+00 0.000000000000000000e+00 0.000000000000000000e+00 0.000000000000000000e+00 0.000000000000000000e+00
0.000000000000000000e+00 0.000000000000000000e+00 0.000000000000000000e+00 0.000000000000000000e+00 0.000000000000000000e+00
0.000000000000000000e+00 0.000000000000000000e+00 0.000000000000000000e+00 0.000000000000000000e+00 0.000000000000000000e+00
0.000000000000000000e+00 0.000000000000000000e+00 0.000000000000000000e+00 0.000000000000000000e+00 0.000000000000000000e+00
1.608518275314921656e-03 1.767169789221676585e-04 1.000000000000000082e-05 1.000000000000000082e-05 4.353269711054582290e-03
2.108620179870653727e-02 9.959823935573501943e-03 1.000000000000000082e-05 1.000000000000000082e-05 1.000000000000000082e-05
5.009628087874472974e-02 1.854603318650980756e-02 4.041315865157592453e-03 1.000000000000000082e-05 1.000000000000000082e-05
6.725815327874720695e-02 1.237727927227337196e-02 2.461293086798410634e-02 1.000000000000000082e-05 1.000000000000000082e-05
5.348061515210973671e-02 9.445428223847474047e-03 5.623333724782669102e-02 1.000000000000000082e-05 1.000000000000000082e-05
4.780203907995713569e-02 1.000000000000000082e-05 8.142440041852817834e-02 1.000000000000000082e-05 1.561718025980876091e-02
3.058389541020343008e-02 1.000000000000000082e-05 1.143298275068938968e-01 6.978956103225111320e-03 3.308916556792326769e-02
1.664739831045173452e-02 1.000000000000000082e-05 1.442170879215991242e-01 4.605991530902955877e-02 3.641539513777158898e-02
7.683923873378923491e-03 1.000000000000000082e-05 1.589168990323649722e-01 6.035358812590557731e-02 4.161379783475203237e-02
3.980597949331014795e-02 1.000000000000000082e-05 1.281199314692777480e-01 4.448706991290744123e-02 3.251411617138225824e-02
8.688659399788359328e-02 1.918753707709388093e-02 7.511938096258631570e-02 2.868993373285929748e-03 3.434061609937755916e-02
1.082460658331445419e-01 6.084565347675639779e-02 2.055796376025365371e-02 1.000000000000000082e-05 5.527994340651532640e-02
9.971655706438954658e-02 5.063718112154670659e-02 1.000000000000000082e-05 1.000000000000000082e-05 1.018945159711372589e-01
5.027886405869964881e-02 1.669576709118438668e-02 1.000000000000000082e-05 1.000000000000000082e-05 1.314165198222208564e-01
2.949498619284214563e-04 8.200784008378803752e-03 1.000000000000000082e-05 3.538511265945944780e-04 1.175593700716038442e-01
2.813337239921835176e-04 1.000000000000000082e-05 8.256568657329708613e-03 1.000000000000000082e-05 3.400499973884489602e-02
1.000000000000000082e-05 1.000000000000000082e-05 5.999452753411167391e-03 2.826850970525785281e-03 4.497671828842934351e-03
1.000000000000000082e-05 1.000000000000000082e-05 1.922805765925339732e-03 1.000000000000000082e-05 2.014183117187153330e-03
1.000000000000000082e-05 9.815055671631722507e-04 1.000000000000000082e-05 4.797496538490920201e-04 1.956807183458895722e-03
1.000000000000000082e-05 7.977964087215022029e-04 5.241248158816375457e-08 2.716565294476338356e-05 5.466979556888347785e-04
1.154529989466073574e-05 3.549862621825001087e-04 7.772969831494124600e-06 1.000000000000000082e-05 1.000000000000000082e-05
0.000000000000000000e+00 0.000000000000000000e+00 0.000000000000000000e+00 0.000000000000000000e+00 0.000000000000000000e+00
0.000000000000000000e+00 0.000000000000000000e+00 0.000000000000000000e+00 0.000000000000000000e+00 0.000000000000000000e+00
0.000000000000000000e+00 0.000000000000000000e+00 0.000000000000000000e+00 0.000000000000000000e+00 0.000000000000000000e+00
0.000000000000000000e+00 0.000000000000000000e+00 0.000000000000000000e+00 0.000000000000000000e+00 0.000000000000000000e+00
0.000000000000000000e+00 0.000000000000000000e+00 0.000000000000000000e+00 0.000000000000000000e+00 0.000000000000000000e+00
1.069558108937856749e-03 1.000000000000000082e-05 8.470861757324245301e-04 1.000000000000000082e-05 3.810104858355626840e-04
8.626066437410179200e-03 1.000000000000000082e-05 1.812626736188136184e-03 1.000000000000000082e-05 1.405764875599048013e-03
2.932584880495325147e-02 1.000000000000000082e-05 6.919964810658118561e-03 1.000000000000000082e-05 1.000000000000000082e-05
7.043246691153781658e-02 7.863129492753107366e-03 1.706875840120173141e-02 1.000000000000000082e-05 1.000000000000000082e-05
8.856350293620889047e-02 1.696285609505475758e-02 3.782345561146750051e-02 1.000000000000000082e-05 1.000000000000000082e-05
8.423934368735738754e-02 7.370488633861706738e-03 6.201407658234558973e-02 1.000000000000000082e-05 1.537424408004870770e-02
6.687714649905332487e-02 1.000000000000000082e-05 9.514238596665798575e-02 1.000000000000000082e-05 5.822408136572395504e-02
5.426573423082810266e-02 1.000000000000000082e-05 1.228893082883457527e-01 1.562147389612433736e-03 7.149243925912338038e-02
5.241580716370858317e-02 1.000000000000000082e-05 1.472526694720352192e-01 3.135373268685912040e-02 6.107175518260404140e-02
5.602868677823412413e-02 1.000000000000000082e-05 1.399968265674383372e-01 5.369048477276969211e-02 5.500401342318073095e-02
6.687446743563069118e-02 1.000000000000000082e-05 1.186156072456127086e-01 4.724113357140992397e-02 4.999730962890094887e-02
8.854421529317375861e-02 2.585377759478929213e-02 7.759596248250318073e-02 8.413652703607181829e-03 4.583804706707125809e-02
1.020976057584390972e-01 4.236261049920736488e-02 3.818922620959216974e-02 1.000000000000000082e-05 6.211027586486736474e-02
1.057450276222172969e-01 5.532804263549946644e-02 9.392062501548040579e-03 1.000000000000000082e-05 9.443843388788837612e-02
7.368015241110308089e-02 4.465624159884253042e-02 1.259402096791825817e-03 1.000000000000000082e-05 1.261167626512935125e-01
1.230071830138855342e-02 1.650523340713903539e-02 2.088298809712045914e-02 1.000000000000000082e-05 1.378303052436653242e-01
1.000000000000000082e-05 2.429752267147225215e-03 3.050702404969256321e-02 1.000000000000000082e-05 9.597442068730835385e-02
1.000000000000000082e-05 1.000000000000000082e-05 2.711095315986646742e-02 1.000000000000000082e-05 3.573836419912531509e-02
1.000000000000000082e-05 1.000000000000000082e-05 1.927197932187289797e-02 1.000000000000000082e-05 2.016903996825277975e-02
1.000000000000000082e-05 1.000000000000000082e-05 1.274980858242268957e-02 1.000000000000000082e-05 1.302533282138049892e-02
1.000000000000000082e-05 7.115903864020182469e-03 4.818820536240692339e-05 1.000000000000000082e-05 3.071049672777108937e-03
1.000000000000000082e-05 7.744297436761678720e-03 9.812071657914153992e-05 1.000000000000000082e-05 1.614361274639466255e-03
1.936057982335415357e-04 5.952846550445003299e-03 1.303467248665936035e-04 1.000000000000000082e-05 1.000000000000000082e-05
0.000000000000000000e+00 0.000000000000000000e+00 0.000000000000000000e+00 0.000000000000000000e+00 0.000000000000000000e+00
0.000000000000000000e+00 0.000000000000000000e+00 0.000000000000000000e+00 0.000000000000000000e+00 0.000000000000000000e+00
0.000000000000000000e+00 0.000000000000000000e+00 0.000000000000000000e+00 0.000000000000000000e+00 0.000000000000000000e+00
0.000000000000000000e+00 0.000000000000000000e+00 0.000000000000000000e+00 0.000000000000000000e+00 0.000000000000000000e+00
3.355753676039559133e-04 1.000000000000000082e-05 5.785594804136764795e-04 1.000000000000000082e-05 1.914481287476390561e-04
1.125418683072791116e-02 9.330774827557261663e-04 1.000000000000000082e-05 1.000000000000000082e-05 1.000000000000000082e-05
3.743864110070415502e-02 1.000000000000000082e-05 9.089787296861573732e-03 1.000000000000000082e-05 1.000000000000000082e-05
7.077516703687664057e-02 1.000000000000000082e-05 3.023495232636115582e-02 1.000000000000000082e-05 1.000000000000000082e-05
8.492419858751754091e-02 1.000000000000000082e-05 6.295617135686623622e-02 1.000000000000000082e-05 2.194228694816271249e-03
7.450378227906312434e-02 1.000000000000000082e-05 9.408985538564645923e-02 1.000000000000000082e-05 3.896474227463726792e-02
5.411978585456484608e-02 1.000000000000000082e-05 1.168994576130656521e-01 1.000000000000000082e-05 7.426881036568019900e-02
2.545971863785700950e-02 1.000000000000000082e-05 1.316008153713081608e-01 1.278949302959533560e-02 8.416165955633234108e-02
1.959199607547278815e-02 1.000000000000000082e-05 1.398652998699637107e-01 5.333298147829062391e-02 8.173593622316759066e-02
4.569250757826861381e-02 1.000000000000000082e-05 1.134461980769387035e-01 8.045814909379031543e-02 5.757552871564989433e-02
8.075153459613705620e-02 1.044639418837580228e-02 7.176079541518014249e-02 7.796085480188484629e-02 3.258805698961395048e-02
1.009488508746093499e-01 4.361410941611657682e-02 3.887333746873448959e-02 3.103205247992081930e-02 4.053369588310293259e-02
1.144867885680342368e-01 6.421852487971226042e-02 2.645843750554574894e-02 1.000000000000000082e-05 4.774487166778609154e-02
1.124554192215735660e-01 7.908431197032782245e-02 8.985709001332437343e-03 1.000000000000000082e-05 7.704943616124927674e-02
1.028773285590619258e-01 7.536361484748294037e-02 3.507410159554700483e-03 1.000000000000000082e-05 9.915257004219622805e-02
4.898277835335378139e-02 5.428911586317386462e-02 1.809940549246164682e-02 1.000000000000000082e-05 1.273838774314067501e-01
1.000000000000000082e-05 3.195691414781448580e-02 5.717690324046258848e-02 1.000000000000000082e-05 1.172414766669739594e-01
1.000000000000000082e-05 2.595388962418841705e-02 6.352786543203553515e-02 1.000000000000000082e-05 7.632625389458286280e-02
1.000000000000000082e-05 2.128985111235277838e-02 5.439515613259070237e-02 1.000000000000000082e-05 4.963208846610005914e-02
1.000000000000000082e-05 2.962359806938046070e-02 5.037314935813729661e-02 1.000000000000000082e-05 1.978860674573019660e-02
1.000000000000000082e-05 2.593678999933259066e-02 4.043790104204296465e-02 1.000000000000000082e-05 5.843616580009254862e-04
1.000000000000000082e-05 2.270475510039977537e-02 3.753226266786222759e-02 1.000000000000000082e-05 1.000000000000000082e-05
1.000000000000000082e-05 1.467587818221537631e-02 9.086880608362145686e-03 1.000000000000000082e-05 1.000000000000000082e-05
9.857909910056474230e-05 3.031036546327501441e-03 6.636920394583424782e-05 1.000000000000000082e-05 1.000000000000000082e-05
0.000000000000000000e+00 0.000000000000000000e+00 0.000000000000000000e+00 0.000000000000000000e+00 0.000000000000000000e+00
0.000000000000000000e+00 0.000000000000000000e+00 0.000000000000000000e+00 0.000000000000000000e+00 0.000000000000000000e+00
0.000000000000000000e+00 0.000000000000000000e+00 0.000000000000000000e+00 0.000000000000000000e+00 0.000000000000000000e+00
0.000000000000000000e+00 0.000000000000000000e+00 0.000000000000000000e+00 0.000000000000000000e+00 0.000000000000000000e+00
6.580164766600836955e-03 1.000000000000000082e-05 5.151453006062789658e-04 1.000000000000000082e-05 1.000000000000000082e-05
3.279992775588937148e-02 1.602272813469693370e-03 1.000000000000000082e-05 1.000000000000000082e-05 1.000000000000000082e-05
7.114939583501690701e-02 1.000000000000000082e-05 3.418790073570544125e-02 1.000000000000000082e-05 1.000000000000000082e-05
7.775779016275875810e-02 1.000000000000000082e-05 8.089483851615819621e-02 1.000000000000000082e-05 2.211942541831394410e-02
6.089713998682214080e-02 1.000000000000000082e-05 1.125644692974464289e-01 1.000000000000000082e-05 5.372805227687078161e-02
2.750280016356861090e-02 1.000000000000000082e-05 1.232556021050540823e-01 1.000000000000000082e-05 9.316174756849994465e-02
6.375410051118707115e-03 1.000000000000000082e-05 1.243267458376431933e-01 1.730197033498169501e-02 9.307125933729394618e-02
1.000000000000000082e-05 1.000000000000000082e-05 1.310541376570690253e-01 5.292779175963797239e-02 6.452642809945251245e-02
1.497153764470175383e-02 1.155011873323532473e-02 1.092757283504045829e-01 8.720106011117415012e-02 2.689047342974667729e-02
6.066504336535193803e-02 4.571552106823510014e-02 6.003527378746149890e-02 8.567619223341814416e-02 1.076771685838665525e-02
9.710492856298805209e-02 7.115350057752863056e-02 1.447594656804136737e-02 6.306129073010928454e-02 3.095529839650843634e-02
1.156102868652532228e-01 9.037937244359912914e-02 1.000000000000000082e-05 3.858107422731488646e-03 6.597549379285798377e-02
1.179010168308128326e-01 9.594482773785152629e-02 1.000000000000000082e-05 1.000000000000000082e-05 7.625514815110709388e-02
1.042171888473590463e-01 9.560177084637339062e-02 1.000000000000000082e-05 1.000000000000000082e-05 8.023505883831813512e-02
9.052444164890903477e-02 8.202673501074914109e-02 1.000000000000000082e-05 1.000000000000000082e-05 8.376586017279935570e-02
5.239039412004827673e-02 6.132982926072400032e-02 3.260983791705519830e-02 1.000000000000000082e-05 8.086386488888941404e-02
1.214720112187313641e-02 6.059281639265701180e-02 8.314998978445192757e-02 1.000000000000000082e-05 5.922427628628135904e-02
1.000000000000000082e-05 6.197658962072793293e-02 1.052695652944635185e-01 1.000000000000000082e-05 3.250946432068933800e-02
1.000000000000000082e-05 5.815773499800296065e-02 1.085314933016835182e-01 1.000000000000000082e-05 1.932160164176842387e-02
1.000000000000000082e-05 6.924055023737304970e-02 8.793878818098865846e-02 1.000000000000000082e-05 1.000000000000000082e-05
1.000000000000000082e-05 6.440952325121170052e-02 7.966372988404338273e-02 1.000000000000000082e-05 1.000000000000000082e-05
1.000000000000000082e-05 4.485846059593762147e-02 5.209801019784141701e-02 1.000000000000000082e-05 1.000000000000000082e-05
1.000000000000000082e-05 1.898846096435135439e-02 2.399852927918357318e-02 1.000000000000000082e-05 1.000000000000000082e-05
0.000000000000000000e+00 0.000000000000000000e+00 0.000000000000000000e+00 0.000000000000000000e+00 0.000000000000000000e+00
0.000000000000000000e+00 0.000000000000000000e+00 0.000000000000000000e+00 0.000000000000000000e+00 0.000000000000000000e+00
0.000000000000000000e+00 0.000000000000000000e+00 0.000000000000000000e+00 0.000000000000000000e+00 0.000000000000000000e+00
0.000000000000000000e+00 0.000000000000000000e+00 0.000000000000000000e+00 0.000000000000000000e+00 0.000000000000000000e+00
0.000000000000000000e+00 0.000000000000000000e+00 0.000000000000000000e+00 0.000000000000000000e+00 0.000000000000000000e+00
1.390999386566623731e-02 1.000000000000000082e-05 8.414805515344104007e-04 1.000000000000000082e-05 1.000000000000000082e-05
5.857145044770467601e-02 1.000000000000000082e-05 5.190055982740602279e-03 1.000000000000000082e-05 4.603103480538307270e-04
8.252190262829664502e-02 1.000000000000000082e-05 5.695633589277449005e-02 1.000000000000000082e-05 3.425916301975456824e-02
6.044067767274247105e-02 1.000000000000000082e-05 1.173847546008867232e-01 1.000000000000000082e-05 6.551798213448269126e-02
3.637869619896063472e-02 1.000000000000000082e-05 1.366784540597134334e-01 1.000000000000000082e-05 8.267114540595012218e-02
1.008492687374436952e-02 1.000000000000000082e-05 1.346283872976300200e-01 1.121316188858284893e-02 7.737441871237803193e-02
2.517361732805547744e-02 7.408197428356755494e-03 1.116519806150930577e-01 5.199481961956348153e-02 3.045978792269750032e-02
3.534204779909294603e-02 2.164867638468635433e-02 1.007697229084508345e-01 7.134827019556000405e-02 5.634336497098702684e-03
6.366868060380057037e-02 5.917475686686309716e-02 7.424386806699437291e-02 7.267951783828120738e-02 1.000000000000000082e-05
1.023172396691462288e-01 1.106679109562462571e-01 3.491601789637669567e-02 6.304937182087105851e-02 1.000000000000000082e-05
1.168308676585177175e-01 1.247871463425880012e-01 1.868842742581389507e-02 2.072552832959955946e-02 2.188746180418534373e-02
1.105151862260473627e-01 1.280436003603080686e-01 1.000000000000000082e-05 1.000000000000000082e-05 5.551927720434191027e-02
9.809597035212301586e-02 1.349398123680841943e-01 1.000000000000000082e-05 9.684878519417407586e-03 5.766968399330454909e-02
8.735717819044185040e-02 1.206168883872796721e-01 1.000000000000000082e-05 1.764026081342805891e-02 5.034661295676677584e-02
8.841090139850156515e-02 1.097462173021759163e-01 1.000000000000000082e-05 1.115382747230214168e-02 2.443923563866736565e-02
7.938583170229750186e-02 9.591750611744320754e-02 1.499814598172757169e-02 4.084616075416906342e-03 2.189164234777491239e-03
4.031957180114020128e-02 9.058863364287947362e-02 5.001933629357061678e-02 9.351477564817923735e-03 1.000000000000000082e-05
9.169935779449252256e-03 8.040947357074168522e-02 8.411359067516141486e-02 2.029869684422915682e-02 1.000000000000000082e-05
1.000000000000000082e-05 6.767237991005660425e-02 9.371731043560227459e-02 2.868346200866860388e-02 1.000000000000000082e-05
1.000000000000000082e-05 6.905272962588535068e-02 7.102838137151439024e-02 1.959930977322209278e-02 6.245554725015570959e-06
1.000000000000000082e-05 6.911569005278686562e-02 4.284232673586591683e-02 1.207328119994714559e-02 1.000000000000000082e-05
1.000000000000000082e-05 3.090044465781992267e-02 3.201484897958742359e-02 1.175180746198189151e-02 1.000000000000000082e-05
1.000000000000000082e-05 6.495154879381911418e-03 4.340986517637961811e-03 5.694914317894463063e-03 1.000000000000000082e-05
0.000000000000000000e+00 0.000000000000000000e+00 0.000000000000000000e+00 0.000000000000000000e+00 0.000000000000000000e+00
0.000000000000000000e+00 0.000000000000000000e+00 0.000000000000000000e+00 0.000000000000000000e+00 0.000000000000000000e+00
0.000000000000000000e+00 0.000000000000000000e+00 0.000000000000000000e+00 0.000000000000000000e+00 0.000000000000000000e+00
0.000000000000000000e+00 0.000000000000000000e+00 0.000000000000000000e+00 0.000000000000000000e+00 0.000000000000000000e+00
9.346717621914388523e-04 1.000000000000000082e-05 1.839861182177274278e-03 1.000000000000000082e-05 1.000000000000000082e-05
3.067342847042639140e-02 1.000000000000000082e-05 4.117781356311438733e-03 1.000000000000000082e-05 1.000000000000000082e-05
7.164833760083738623e-02 1.000000000000000082e-05 1.297801099353533376e-02 1.000000000000000082e-05 2.929398869892420321e-02
8.237308294696656097e-02 1.000000000000000082e-05 6.860641297290992480e-02 1.000000000000000082e-05 6.771471674462485602e-02
5.506795762777742798e-02 1.000000000000000082e-05 1.271400713427528473e-01 1.000000000000000082e-05 9.505597997544373845e-02
3.705273020305217824e-02 1.000000000000000082e-05 1.325005629716317357e-01 1.341365425789503921e-02 8.647267969970344470e-02
4.771630206677657249e-02 1.000000000000000082e-05 1.287838444172615393e-01 2.757404338102479105e-02 3.051381144902884021e-02
6.250733983832344742e-02 2.800154370751030408e-02 1.139892131948373188e-01 5.340727324663630676e-02 1.000000000000000082e-05
8.473799647371560440e-02 5.502741177242091719e-02 8.359770803947580431e-02 6.475540642165032723e-02 1.000000000000000082e-05
1.019905775939245612e-01 1.025809554664314643e-01 4.406476990793092158e-02 6.717924271635238032e-02 1.000000000000000082e-05
1.107512508749095015e-01 1.320102622075514098e-01 1.310187752966733912e-02 5.921860590125661156e-02 1.652271629361312666e-02
9.798154874029249561e-02 1.285996413878789102e-01 2.013928502256869674e-03 5.310250624994067997e-02 3.703656810216259671e-02
5.938987212092718820e-02 1.326225831429315716e-01 1.000000000000000082e-05 7.228581274820758407e-02 5.048395828754227710e-02
5.018527825259865710e-02 1.172305562110846494e-01 1.000000000000000082e-05 7.150503468933207263e-02 4.655028851839917298e-02
7.233310673433315796e-02 1.054673443706082708e-01 1.000000000000000082e-05 7.396470281948180903e-02 1.011902660669354581e-02
9.371478025669077727e-02 8.950647247765466941e-02 1.000000000000000082e-05 7.634199655235354709e-02 1.000000000000000082e-05
9.558766483154505778e-02 8.945158498775820921e-02 1.000000000000000082e-05 6.634673355295775399e-02 1.000000000000000082e-05
6.201521827542862825e-02 8.131230122761930190e-02 1.805514279817007489e-02 6.774087646412770003e-02 1.000000000000000082e-05
2.013418390524317550e-02 5.879674898211083994e-02 3.489244072133716734e-02 7.420985329594959046e-02 1.000000000000000082e-05
2.324563754498060360e-04 5.216506788271799838e-02 3.326314975933331031e-02 7.133203603341241317e-02 1.000000000000000082e-05
1.000000000000000082e-05 4.621783009245265805e-02 1.859210609185574237e-02 5.573478005430201193e-02 2.312819860888100636e-03
1.000000000000000082e-05 1.835844576196248371e-02 2.078729299290487872e-02 3.855809253903529771e-02 1.000000000000000082e-05
1.000000000000000082e-05 1.000000000000000082e-05 7.977413501640140056e-03 2.529662696104778910e-02 1.000000000000000082e-05
6.757772110216081918e-04 1.000000000000000082e-05 1.624055544556372768e-03 9.628745652372833891e-03 1.000000000000000082e-05
0.000000000000000000e+00 0.000000000000000000e+00 0.000000000000000000e+00 0.000000000000000000e+00 0.000000000000000000e+00
0.000000000000000000e+00 0.000000000000000000e+00 0.000000000000000000e+00 0.000000000000000000e+00 0.000000000000000000e+00
0.000000000000000000e+00 0.000000000000000000e+00 0.000000000000000000e+00 0.000000000000000000e+00 0.000000000000000000e+00
0.000000000000000000e+00 0.000000000000000000e+00 0.000000000000000000e+00 0.000000000000000000e+00 0.000000000000000000e+00
2.826269376150299887e-03 1.000000000000000082e-05 5.563389765155088776e-03 1.000000000000000082e-05 1.000000000000000082e-05
3.259071073460943074e-02 1.000000000000000082e-05 4.826004649676710057e-03 1.000000000000000082e-05 1.038117263665898522e-02
6.782745530519564137e-02 1.000000000000000082e-05 1.165933303211382464e-02 1.000000000000000082e-05 4.793979050917117346e-02
8.632404563050899426e-02 1.000000000000000082e-05 3.871499207234694456e-02 1.000000000000000082e-05 8.389186334431078529e-02
8.371342205875741127e-02 1.000000000000000082e-05 7.802679606376518306e-02 1.000000000000000082e-05 9.306370697131172154e-02
8.758353038651797706e-02 1.000000000000000082e-05 7.373934256868783232e-02 1.932255582682966891e-02 6.624103024326917499e-02
9.690091105770064217e-02 1.509752607295487999e-02 7.375653593595463131e-02 3.212939834262108774e-02 2.185857472986112160e-02
1.004612212243873454e-01 4.009461528190106511e-02 5.498757107299088315e-02 6.289070278503852696e-02 1.390803383600711096e-02
1.029688797704882003e-01 6.487140478259875720e-02 2.231659187985941817e-02 8.625384087854391646e-02 2.524000835190646011e-02
9.419851015028467278e-02 9.898640781910712783e-02 1.000000000000000082e-05 9.522910753614634294e-02 4.475511031188367239e-02
6.892037485612034775e-02 1.111202962532745336e-01 1.000000000000000082e-05 1.040140311974814963e-01 5.268487005878923213e-02
3.175394898408295113e-02 1.083588860612698795e-01 1.000000000000000082e-05 1.219715586135411978e-01 6.230026912225217900e-02
9.448684732843409817e-03 9.271149620354340870e-02 1.000000000000000082e-05 1.294951009192115421e-01 6.234033164470856314e-02
9.974331269540576833e-03 7.388768843583917723e-02 1.000000000000000082e-05 1.330225882980494156e-01 2.605249699823331683e-02
3.911452358998437212e-02 5.548107592241416364e-02 1.000000000000000082e-05 1.312718804549578289e-01 1.000000000000000082e-05
6.624218749355807734e-02 4.122663611015331409e-02 1.000000000000000082e-05 1.222784332487936582e-01 1.000000000000000082e-05
8.514952403043747620e-02 3.680879148648982108e-02 1.000000000000000082e-05 1.120042477074059406e-01 1.000000000000000082e-05
6.970509872939802121e-02 2.061048258278792150e-02 1.000000000000000082e-05 1.130216779561755841e-01 1.000000000000000082e-05
4.787185536183384549e-02 6.776661825354505023e-03 8.472627505214885488e-03 9.526470569174654013e-02 1.000000000000000082e-05
1.428844661137149662e-02 1.250114771410956250e-03 8.128688664339547149e-03 7.349359652909207008e-02 1.000000000000000082e-05
5.427652028483751639e-03 1.000000000000000082e-05 3.340066290344853670e-03 6.632232403369961449e-02 1.000000000000000082e-05
5.573037627337860328e-06 1.383852450082896548e-04 4.228742013185795949e-03 5.000889933760785389e-02 1.000000000000000082e-05
1.000000000000000082e-05 1.195849021600957997e-04 1.000000000000000082e-05 3.043276428086235177e-02 1.000000000000000082e-05
1.000000000000000082e-05 1.000000000000000082e-05 6.226920196025375774e-04 1.350143911100647708e-02 1.000000000000000082e-05
0.000000000000000000e+00 0.000000000000000000e+00 0.000000000000000000e+00 0.000000000000000000e+00 0.000000000000000000e+00
0.000000000000000000e+00 0.000000000000000000e+00 0.000000000000000000e+00 0.000000000000000000e+00 0.000000000000000000e+00
0.000000000000000000e+00 0.000000000000000000e+00 0.000000000000000000e+00 0.000000000000000000e+00 0.000000000000000000e+00
0.000000000000000000e+00 0.000000000000000000e+00 0.000000000000000000e+00 0.000000000000000000e+00 0.000000000000000000e+00
2.013995106626788757e-03 1.000000000000000082e-05 3.964462785405792680e-03 1.000000000000000082e-05 1.000000000000000082e-05
1.793886680640650183e-02 1.000000000000000082e-05 8.466409920875335449e-03 1.000000000000000082e-05 1.377840439848770221e-02
5.675720552642180700e-02 1.000000000000000082e-05 3.619911502149209329e-03 1.000000000000000082e-05 4.496141326014247569e-02
7.613328670400462683e-02 1.000000000000000082e-05 1.133951067897373023e-02 1.000000000000000082e-05 9.331559036419881381e-02
8.749983593232887880e-02 1.000000000000000082e-05 1.534701672038888895e-02 1.000000000000000082e-05 1.057219349509596479e-01
9.294686862576406750e-02 1.000000000000000082e-05 1.101061581201407541e-02 2.681683215277089541e-02 1.021924399450631488e-01
9.280058079946920668e-02 1.000000000000000082e-05 7.266352945352844844e-03 4.763254157654473603e-02 8.340167762154378217e-02
8.717210829511992665e-02 1.630406226716193951e-02 5.036909896267454355e-03 7.639286384838979427e-02 7.857786452597056992e-02
6.255510981166906292e-02 4.829942158741964975e-02 1.000000000000000082e-05 1.043545692429965616e-01 8.064749794723796716e-02
3.526027857753114697e-02 7.157586038315603971e-02 1.000000000000000082e-05 1.300454287251021357e-01 7.993066121543021540e-02
1.055545371346489070e-02 7.462773647621186168e-02 1.000000000000000082e-05 1.415236459682764070e-01 7.481816471872045071e-02
1.000000000000000082e-05 7.229841417303391193e-02 1.000000000000000082e-05 1.374880012931494200e-01 6.252768662296694091e-02
1.000000000000000082e-05 5.626322513570686246e-02 1.000000000000000082e-05 1.316060868198223599e-01 3.879749856317387530e-02
1.000000000000000082e-05 3.528522644771844158e-02 1.000000000000000082e-05 1.301166014000529336e-01 1.163578344773215194e-02
8.317008384919201414e-03 2.180272358350495571e-02 1.000000000000000082e-05 1.235433793458649843e-01 1.000000000000000082e-05
3.724455485258548054e-02 1.606106849481952689e-02 1.000000000000000082e-05 1.161542503859857023e-01 1.000000000000000082e-05
5.898612165181378597e-02 1.000000000000000082e-05 1.000000000000000082e-05 1.012760005973431382e-01 1.000000000000000082e-05
5.758547907358695095e-02 1.000000000000000082e-05 1.000000000000000082e-05 8.394173436744575834e-02 1.000000000000000082e-05
5.008294742821255835e-02 1.000000000000000082e-05 1.000000000000000082e-05 7.278453436669020393e-02 1.000000000000000082e-05
1.838981853411691611e-02 2.834455985015702298e-03 1.000000000000000082e-05 5.366873797142240193e-02 1.000000000000000082e-05
1.448613853771697421e-02 3.744586677726554833e-03 1.000000000000000082e-05 5.001093970440518427e-02 1.000000000000000082e-05
4.369020128524502174e-03 7.192655704490499846e-03 1.000000000000000082e-05 3.950528390960738462e-02 1.000000000000000082e-05
1.000000000000000082e-05 1.000000000000000082e-05 1.461020094389650224e-04 2.292010765318210769e-02 2.171678917475378459e-03
1.000000000000000082e-05 1.000000000000000082e-05 1.992287748678451512e-04 4.640384705416724168e-03 1.000000000000000082e-05
0.000000000000000000e+00 0.000000000000000000e+00 0.000000000000000000e+00 0.000000000000000000e+00 0.000000000000000000e+00
0.000000000000000000e+00 0.000000000000000000e+00 0.000000000000000000e+00 0.000000000000000000e+00 0.000000000000000000e+00
0.000000000000000000e+00 0.000000000000000000e+00 0.000000000000000000e+00 0.000000000000000000e+00 0.000000000000000000e+00
0.000000000000000000e+00 0.000000000000000000e+00 0.000000000000000000e+00 0.000000000000000000e+00 0.000000000000000000e+00
0.000000000000000000e+00 0.000000000000000000e+00 0.000000000000000000e+00 0.000000000000000000e+00 0.000000000000000000e+00
1.647877408985878650e-03 6.187519299097848750e-04 4.967791115326880688e-04 1.000000000000000082e-05 1.094576171218315103e-02
1.352425017953834060e-02 1.000000000000000082e-05 1.934153845331373781e-03 1.000000000000000082e-05 4.477488681773772461e-02
3.341482660479588862e-02 1.000000000000000082e-05 1.000000000000000082e-05 1.000000000000000082e-05 8.630972165401409879e-02
4.688713218153609669e-02 1.000000000000000082e-05 1.000000000000000082e-05 1.000000000000000082e-05 9.647174571588505720e-02
5.452484527634313127e-02 1.000000000000000082e-05 1.000000000000000082e-05 9.846749251263116343e-03 1.021883462926242991e-01
4.402145652719570423e-02 1.000000000000000082e-05 1.000000000000000082e-05 3.867331908846585731e-02 1.177484228378015696e-01
2.654441932904311185e-02 1.000000000000000082e-05 1.000000000000000082e-05 6.932308585722236904e-02 1.160506904002844841e-01
7.761811554960266514e-03 1.935944834422032024e-02 1.000000000000000082e-05 1.043790868960774304e-01 1.018138719817618248e-01
1.000000000000000082e-05 2.687703100133510478e-02 1.000000000000000082e-05 1.088086215672107449e-01 8.278168167544397438e-02
1.000000000000000082e-05 2.877220389202568562e-02 1.000000000000000082e-05 1.020980242048543235e-01 6.531407175053262348e-02
1.000000000000000082e-05 1.798495071174789628e-02 1.000000000000000082e-05 9.003850929889324617e-02 4.110843850048666315e-02
1.000000000000000082e-05 1.241620991557211388e-02 1.000000000000000082e-05 8.297694510559464054e-02 2.842545722214598683e-02
1.000000000000000082e-05 8.513285796183439266e-03 1.000000000000000082e-05 7.859541488196228332e-02 2.080334355878251870e-02
1.000000000000000082e-05 2.272527774169858308e-02 1.000000000000000082e-05 6.784169586563387755e-02 2.063942684367001124e-02
1.440344249192278096e-02 1.804966273511663527e-02 1.000000000000000082e-05 5.699137055971960353e-02 1.202237078773823499e-02
3.447440580698146045e-02 1.599309008238030544e-02 1.000000000000000082e-05 4.959312768430490515e-02 1.000000000000000082e-05
3.590815903900194256e-02 1.292065486148050689e-02 1.000000000000000082e-05 4.576189379374673294e-02 1.000000000000000082e-05
2.006601818118739292e-02 7.595550426495574492e-03 1.000000000000000082e-05 3.551972771531432260e-02 3.639993885047976968e-03
1.207566526859126486e-02 5.729752025719713968e-03 1.000000000000000082e-05 2.476741349615417878e-02 3.739731269034560299e-03
6.559055909588643388e-03 1.047939813424505345e-02 1.000000000000000082e-05 2.157004496905108940e-02 3.751275334666447862e-03
1.357229175240505306e-05 2.937927012499863891e-03 1.000000000000000082e-05 1.409867004839436902e-02 6.139544586961858709e-03
5.540938123946874058e-04 1.000000000000000082e-05 1.000000000000000082e-05 5.804926782039278137e-03 2.690238499714995256e-03
0.000000000000000000e+00 0.000000000000000000e+00 0.000000000000000000e+00 0.000000000000000000e+00 0.000000000000000000e+00
0.000000000000000000e+00 0.000000000000000000e+00 0.000000000000000000e+00 0.000000000000000000e+00 0.000000000000000000e+00
0.000000000000000000e+00 0.000000000000000000e+00 0.000000000000000000e+00 0.000000000000000000e+00 0.000000000000000000e+00
0.000000000000000000e+00 0.000000000000000000e+00 0.000000000000000000e+00 0.000000000000000000e+00 0.000000000000000000e+00
0.000000000000000000e+00 0.000000000000000000e+00 0.000000000000000000e+00 0.000000000000000000e+00 0.000000000000000000e+00
0.000000000000000000e+00 0.000000000000000000e+00 0.000000000000000000e+00 0.000000000000000000e+00 0.000000000000000000e+00
6.866783672157428676e-04 1.000000000000000082e-05 7.725090147091751751e-04 1.000000000000000082e-05 2.426192165750563640e-03
1.000000000000000082e-05 2.053608929315700192e-04 1.864148139946935050e-03 1.000000000000000082e-05 2.197970132103086588e-02
1.000000000000000082e-05 1.000000000000000082e-05 5.406496104251093220e-03 1.000000000000000082e-05 4.943654985395652679e-02
1.000000000000000082e-05 1.000000000000000082e-05 9.780254336051936656e-03 1.000000000000000082e-05 7.040349727360449561e-02
1.000000000000000082e-05 1.000000000000000082e-05 9.368635724194813649e-03 1.000000000000000082e-05 8.103336928206096579e-02
1.000000000000000082e-05 1.000000000000000082e-05 2.143788165218194798e-03 1.022215421904454011e-02 7.180732844474740917e-02
1.000000000000000082e-05 1.000000000000000082e-05 1.000000000000000082e-05 3.188784960384445644e-02 5.277495237101980513e-02
1.000000000000000082e-05 1.378340968706402020e-02 1.000000000000000082e-05 4.062623370209864082e-02 4.652793961200606121e-02
1.000000000000000082e-05 1.513782600625870889e-02 1.000000000000000082e-05 4.264904936466822755e-02 4.046434405345153418e-02
1.000000000000000082e-05 1.305223247540229781e-02 1.000000000000000082e-05 4.290626152787228170e-02 2.704473551137734702e-02
1.000000000000000082e-05 1.807795752934862610e-02 1.000000000000000082e-05 3.434509917170646548e-02 1.750314436487827516e-02
1.000000000000000082e-05 2.131790028280485666e-02 1.000000000000000082e-05 2.557545542181596798e-02 1.408015817700038717e-02
1.000000000000000082e-05 2.038999501071193238e-02 1.000000000000000082e-05 2.215921671345140453e-02 1.520593698795542209e-02
1.371123802014821442e-03 2.110518788362756790e-02 1.000000000000000082e-05 1.847065195135586674e-02 1.530184889774897049e-02
6.198903075503338356e-03 2.120045632107775413e-02 1.000000000000000082e-05 1.681717569160458281e-02 1.224836616126484881e-02
7.272603875335146260e-03 2.109609277435478894e-02 1.000000000000000082e-05 1.609684335945674172e-02 9.769621512574998973e-03
1.000000000000000082e-05 1.561260528905049697e-02 1.000000000000000082e-05 1.662173662953532124e-02 1.161265262246257389e-02
1.000000000000000082e-05 1.147883036118403123e-02 1.000000000000000082e-05 1.323258971993551344e-02 1.206121801189100062e-02
7.753795264270560037e-04 1.074727305687042840e-02 1.000000000000000082e-05 8.127620213153337325e-03 9.778047577953658670e-03
1.000000000000000082e-05 7.809258887348475425e-03 1.000000000000000082e-05 6.565714886249742269e-03 1.003873774963652023e-02
1.000000000000000082e-05 9.182864929132361978e-03 1.000000000000000082e-05 6.930847250238664388e-03 1.085592966305164685e-02
1.107072381889186169e-04 1.000000000000000082e-05 1.000000000000000082e-05 7.593060292228092419e-04 4.326113343785652644e-04
0.000000000000000000e+00 0.000000000000000000e+00 0.000000000000000000e+00 0.000000000000000000e+00 0.000000000000000000e+00
0.000000000000000000e+00 0.000000000000000000e+00 0.000000000000000000e+00 0.000000000000000000e+00 0.000000000000000000e+00
0.000000000000000000e+00 0.000000000000000000e+00 0.000000000000000000e+00 0.000000000000000000e+00 0.000000000000000000e+00
0.000000000000000000e+00 0.000000000000000000e+00 0.000000000000000000e+00 0.000000000000000000e+00 0.000000000000000000e+00
0.000000000000000000e+00 0.000000000000000000e+00 0.000000000000000000e+00 0.000000000000000000e+00 0.000000000000000000e+00
0.000000000000000000e+00 0.000000000000000000e+00 0.000000000000000000e+00 0.000000000000000000e+00 0.000000000000000000e+00
3.918478211941828757e-04 1.933625799513407045e-04 1.000000000000000082e-05 1.000000000000000082e-05 1.331378478525906866e-03
5.505494188833787248e-04 6.413254459725624716e-04 1.000000000000000082e-05 1.000000000000000082e-05 6.149171068926516555e-03
1.000000000000000082e-05 7.530426660117705727e-04 2.240854444581151213e-04 1.000000000000000082e-05 1.481494132507745268e-02
1.000000000000000082e-05 2.309792569559131811e-03 2.964796109658343181e-03 1.000000000000000082e-05 1.564781725413969676e-02
1.000000000000000082e-05 3.573503767882223094e-03 3.262581659202082318e-03 1.000000000000000082e-05 1.572342527346586027e-02
1.000000000000000082e-05 3.002871332840207491e-03 9.003677256447068601e-06 2.513752273093717519e-03 1.781200551980396257e-02
1.000000000000000082e-05 2.365415034300829156e-03 1.000000000000000082e-05 1.556103444885939806e-03 1.722764920336878128e-02
1.000000000000000082e-05 1.090873110834979925e-02 1.000000000000000082e-05 1.647573385677944058e-03 1.208374620609496165e-02
1.000000000000000082e-05 1.032067490241667801e-02 1.000000000000000082e-05 2.210865166822345226e-03 4.096342071532618583e-03
1.000000000000000082e-05 1.785801456910194457e-02 1.000000000000000082e-05 2.661721932543835694e-03 4.128082715029981337e-03
1.000000000000000082e-05 1.995685241464450338e-02 1.000000000000000082e-05 4.159507564659487358e-03 4.993604862027609462e-03
1.000000000000000082e-05 3.857193789458272706e-03 1.000000000000000082e-05 5.138960276992380130e-03 4.196447126520523943e-03
1.000000000000000082e-05 6.278320734484961994e-03 1.000000000000000082e-05 6.759105262762686236e-03 5.578978426185494076e-03
1.000000000000000082e-05 1.022977206255152108e-02 1.000000000000000082e-05 6.446660091845587449e-03 7.166328634877981371e-03
1.000000000000000082e-05 1.803602675133754094e-02 1.000000000000000082e-05 4.203415348184491931e-03 6.189062195981059021e-03
1.000000000000000082e-05 2.036732360253030658e-02 1.000000000000000082e-05 1.736719558372821137e-03 4.310542605586455654e-03
8.216066549557302285e-05 1.903544056587890346e-02 1.000000000000000082e-05 2.902986112259536931e-03 1.782984916391626906e-03
1.710218406451496703e-04 9.902784676343149434e-03 1.000000000000000082e-05 2.458564447863704344e-03 1.462622963772949695e-04
1.000000000000000082e-05 5.247343413150137165e-03 1.000000000000000082e-05 1.870516565345759592e-03 4.843597747863268000e-04
1.000000000000000082e-05 8.414227755039149726e-04 1.000000000000000082e-05 1.845260677061430889e-04 4.462599314594476699e-04
1.000000000000000082e-05 3.786402489767616564e-03 1.000000000000000082e-05 8.303673046776438322e-04 2.008169691567514379e-03
0.000000000000000000e+00 0.000000000000000000e+00 0.000000000000000000e+00 0.000000000000000000e+00 0.000000000000000000e+00
0.000000000000000000e+00 0.000000000000000000e+00 0.000000000000000000e+00 0.000000000000000000e+00 0.000000000000000000e+00
0.000000000000000000e+00 0.000000000000000000e+00 0.000000000000000000e+00 0.000000000000000000e+00 0.000000000000000000e+00
0.000000000000000000e+00 0.000000000000000000e+00 0.000000000000000000e+00 0.000000000000000000e+00 0.000000000000000000e+00
0.000000000000000000e+00 0.000000000000000000e+00 0.000000000000000000e+00 0.000000000000000000e+00 0.000000000000000000e+00
0.000000000000000000e+00 0.000000000000000000e+00 0.000000000000000000e+00 0.000000000000000000e+00 0.000000000000000000e+00
0.000000000000000000e+00 0.000000000000000000e+00 0.000000000000000000e+00 0.000000000000000000e+00 0.000000000000000000e+00
0.000000000000000000e+00 0.000000000000000000e+00 0.000000000000000000e+00 0.000000000000000000e+00 0.000000000000000000e+00
0.000000000000000000e+00 0.000000000000000000e+00 0.000000000000000000e+00 0.000000000000000000e+00 0.000000000000000000e+00
0.000000000000000000e+00 0.000000000000000000e+00 0.000000000000000000e+00 0.000000000000000000e+00 0.000000000000000000e+00
0.000000000000000000e+00 0.000000000000000000e+00 0.000000000000000000e+00 0.000000000000000000e+00 0.000000000000000000e+00
0.000000000000000000e+00 0.000000000000000000e+00 0.000000000000000000e+00 0.000000000000000000e+00 0.000000000000000000e+00
0.000000000000000000e+00 0.000000000000000000e+00 0.000000000000000000e+00 0.000000000000000000e+00 0.000000000000000000e+00
0.000000000000000000e+00 0.000000000000000000e+00 0.000000000000000000e+00 0.000000000000000000e+00 0.000000000000000000e+00
0.000000000000000000e+00 0.000000000000000000e+00 0.000000000000000000e+00 0.000000000000000000e+00 0.000000000000000000e+00
0.000000000000000000e+00 0.000000000000000000e+00 0.000000000000000000e+00 0.000000000000000000e+00 0.000000000000000000e+00
0.000000000000000000e+00 0.000000000000000000e+00 0.000000000000000000e+00 0.000000000000000000e+00 0.000000000000000000e+00
0.000000000000000000e+00 0.000000000000000000e+00 0.000000000000000000e+00 0.000000000000000000e+00 0.000000000000000000e+00
0.000000000000000000e+00 0.000000000000000000e+00 0.000000000000000000e+00 0.000000000000000000e+00 0.000000000000000000e+00
0.000000000000000000e+00 0.000000000000000000e+00 0.000000000000000000e+00 0.000000000000000000e+00 0.000000000000000000e+00
0.000000000000000000e+00 0.000000000000000000e+00 0.000000000000000000e+00 0.000000000000000000e+00 0.000000000000000000e+00
1.111455836472985891e-04 1.211055947643170259e-03 1.000000000000000082e-05 1.000000000000000082e-05 1.000000000000000082e-05
7.851897683470431552e-04 8.555524275285629476e-03 1.000000000000000082e-05 1.000000000000000082e-05 1.000000000000000082e-05
9.070913762182764278e-04 9.883779185603938991e-03 1.000000000000000082e-05 1.000000000000000082e-05 1.000000000000000082e-05
3.979728962854885534e-04 4.336361618980379487e-03 1.000000000000000082e-05 1.000000000000000082e-05 1.000000000000000082e-05
0.000000000000000000e+00 0.000000000000000000e+00 0.000000000000000000e+00 0.000000000000000000e+00 0.000000000000000000e+00
0.000000000000000000e+00 0.000000000000000000e+00 0.000000000000000000e+00 0.000000000000000000e+00 0.000000000000000000e+00
0.000000000000000000e+00 0.000000000000000000e+00 0.000000000000000000e+00 0.000000000000000000e+00 0.000000000000000000e+00
0.000000000000000000e+00 0.000000000000000000e+00 0.000000000000000000e+00 0.000000000000000000e+00 0.000000000000000000e+00
0.000000000000000000e+00 0.000000000000000000e+00 0.000000000000000000e+00 0.000000000000000000e+00 0.000000000000000000e+00
0.000000000000000000e+00 0.000000000000000000e+00 0.000000000000000000e+00 0.000000000000000000e+00 0.000000000000000000e+00
0.000000000000000000e+00 0.000000000000000000e+00 0.000000000000000000e+00 0.000000000000000000e+00 0.000000000000000000e+00
0.000000000000000000e+00 0.000000000000000000e+00 0.000000000000000000e+00 0.000000000000000000e+00 0.000000000000000000e+00
0.000000000000000000e+00 0.000000000000000000e+00 0.000000000000000000e+00 0.000000000000000000e+00 0.000000000000000000e+00
0.000000000000000000e+00 0.000000000000000000e+00 0.000000000000000000e+00 0.000000000000000000e+00 0.000000000000000000e+00
0.000000000000000000e+00 0.000000000000000000e+00 0.000000000000000000e+00 0.000000000000000000e+00 0.000000000000000000e+00
0.000000000000000000e+00 0.000000000000000000e+00 0.000000000000000000e+00 0.000000000000000000e+00 0.000000000000000000e+00
0.000000000000000000e+00 0.000000000000000000e+00 0.000000000000000000e+00 0.000000000000000000e+00 0.000000000000000000e+00
0.000000000000000000e+00 0.000000000000000000e+00 0.000000000000000000e+00 0.000000000000000000e+00 0.000000000000000000e+00
0.000000000000000000e+00 0.000000000000000000e+00 0.000000000000000000e+00 0.000000000000000000e+00 0.000000000000000000e+00
0.000000000000000000e+00 0.000000000000000000e+00 0.000000000000000000e+00 0.000000000000000000e+00 0.000000000000000000e+00
0.000000000000000000e+00 0.000000000000000000e+00 0.000000000000000000e+00 0.000000000000000000e+00 0.000000000000000000e+00
0.000000000000000000e+00 0.000000000000000000e+00 0.000000000000000000e+00 0.000000000000000000e+00 0.000000000000000000e+00
0.000000000000000000e+00 0.000000000000000000e+00 0.000000000000000000e+00 0.000000000000000000e+00 0.000000000000000000e+00
0.000000000000000000e+00 0.000000000000000000e+00 0.000000000000000000e+00 0.000000000000000000e+00 0.000000000000000000e+00
0.000000000000000000e+00 0.000000000000000000e+00 0.000000000000000000e+00 0.000000000000000000e+00 0.000000000000000000e+00
0.000000000000000000e+00 0.000000000000000000e+00 0.000000000000000000e+00 0.000000000000000000e+00 0.000000000000000000e+00
0.000000000000000000e+00 0.000000000000000000e+00 0.000000000000000000e+00 0.000000000000000000e+00 0.000000000000000000e+00
0.000000000000000000e+00 0.000000000000000000e+00 0.000000000000000000e+00 0.000000000000000000e+00 0.000000000000000000e+00
0.000000000000000000e+00 0.000000000000000000e+00 0.000000000000000000e+00 0.000000000000000000e+00 0.000000000000000000e+00
0.000000000000000000e+00 0.000000000000000000e+00 0.000000000000000000e+00 0.000000000000000000e+00 0.000000000000000000e+00
0.000000000000000000e+00 0.000000000000000000e+00 0.000000000000000000e+00 0.000000000000000000e+00 0.000000000000000000e+00
0.000000000000000000e+00 0.000000000000000000e+00 0.000000000000000000e+00 0.000000000000000000e+00 0.000000000000000000e+00
0.000000000000000000e+00 0.000000000000000000e+00 0.000000000000000000e+00 0.000000000000000000e+00 0.000000000000000000e+00
0.000000000000000000e+00 0.000000000000000000e+00 0.000000000000000000e+00 0.000000000000000000e+00 0.000000000000000000e+00
0.000000000000000000e+00 0.000000000000000000e+00 0.000000000000000000e+00 0.000000000000000000e+00 0.000000000000000000e+00
0.000000000000000000e+00 0.000000000000000000e+00 0.000000000000000000e+00 0.000000000000000000e+00 0.000000000000000000e+00
0.000000000000000000e+00 0.000000000000000000e+00 0.000000000000000000e+00 0.000000000000000000e+00 0.000000000000000000e+00
0.000000000000000000e+00 0.000000000000000000e+00 0.000000000000000000e+00 0.000000000000000000e+00 0.000000000000000000e+00
0.000000000000000000e+00 0.000000000000000000e+00 0.000000000000000000e+00 0.000000000000000000e+00 0.000000000000000000e+00
0.000000000000000000e+00 0.000000000000000000e+00 0.000000000000000000e+00 0.000000000000000000e+00 0.000000000000000000e+00
0.000000000000000000e+00 0.000000000000000000e+00 0.000000000000000000e+00 0.000000000000000000e+00 0.000000000000000000e+00
0.000000000000000000e+00 0.000000000000000000e+00 0.000000000000000000e+00 0.000000000000000000e+00 0.000000000000000000e+00
0.000000000000000000e+00 0.000000000000000000e+00 0.000000000000000000e+00 0.000000000000000000e+00 0.000000000000000000e+00
0.000000000000000000e+00 0.000000000000000000e+00 0.000000000000000000e+00 0.000000000000000000e+00 0.000000000000000000e+00
0.000000000000000000e+00 0.000000000000000000e+00 0.000000000000000000e+00 0.000000000000000000e+00 0.000000000000000000e+00
0.000000000000000000e+00 0.000000000000000000e+00 0.000000000000000000e+00 0.000000000000000000e+00 0.000000000000000000e+00
0.000000000000000000e+00 0.000000000000000000e+00 0.000000000000000000e+00 0.000000000000000000e+00 0.000000000000000000e+00
0.000000000000000000e+00 0.000000000000000000e+00 0.000000000000000000e+00 0.000000000000000000e+00 0.000000000000000000e+00
0.000000000000000000e+00 0.000000000000000000e+00 0.000000000000000000e+00 0.000000000000000000e+00 0.000000000000000000e+00
0.000000000000000000e+00 0.000000000000000000e+00 0.000000000000000000e+00 0.000000000000000000e+00 0.000000000000000000e+00
0.000000000000000000e+00 0.000000000000000000e+00 0.000000000000000000e+00 0.000000000000000000e+00 0.000000000000000000e+00
0.000000000000000000e+00 0.000000000000000000e+00 0.000000000000000000e+00 0.000000000000000000e+00 0.000000000000000000e+00
0.000000000000000000e+00 0.000000000000000000e+00 0.000000000000000000e+00 0.000000000000000000e+00 0.000000000000000000e+00
0.000000000000000000e+00 0.000000000000000000e+00 0.000000000000000000e+00 0.000000000000000000e+00 0.000000000000000000e+00
0.000000000000000000e+00 0.000000000000000000e+00 0.000000000000000000e+00 0.000000000000000000e+00 0.000000000000000000e+00
0.000000000000000000e+00 0.000000000000000000e+00 0.000000000000000000e+00 0.000000000000000000e+00 0.000000000000000000e+00
0.000000000000000000e+00 0.000000000000000000e+00 0.000000000000000000e+00 0.000000000000000000e+00 0.000000000000000000e+00
0.000000000000000000e+00 0.000000000000000000e+00 0.000000000000000000e+00 0.000000000000000000e+00 0.000000000000000000e+00
0.000000000000000000e+00 0.000000000000000000e+00 0.000000000000000000e+00 0.000000000000000000e+00 0.000000000000000000e+00
0.000000000000000000e+00 0.000000000000000000e+00 0.000000000000000000e+00 0.000000000000000000e+00 0.000000000000000000e+00
0.000000000000000000e+00 0.000000000000000000e+00 0.000000000000000000e+00 0.000000000000000000e+00 0.000000000000000000e+00
0.000000000000000000e+00 0.000000000000000000e+00 0.000000000000000000e+00 0.000000000000000000e+00 0.000000000000000000e+00
0.000000000000000000e+00 0.000000000000000000e+00 0.000000000000000000e+00 0.000000000000000000e+00 0.000000000000000000e+00
0.000000000000000000e+00 0.000000000000000000e+00 0.000000000000000000e+00 0.000000000000000000e+00 0.000000000000000000e+00
0.000000000000000000e+00 0.000000000000000000e+00 0.000000000000000000e+00 0.000000000000000000e+00 0.000000000000000000e+00
0.000000000000000000e+00 0.000000000000000000e+00 0.000000000000000000e+00 0.000000000000000000e+00 0.000000000000000000e+00
0.000000000000000000e+00 0.000000000000000000e+00 0.000000000000000000e+00 0.000000000000000000e+00 0.000000000000000000e+00
