0.000000000000000000e+00 -0.000000000000000000e+00 -0.000000000000000000e+00 -0.000000000000000000e+00 0.000000000000000000e+00
0.000000000000000000e+00 -0.000000000000000000e+00 -0.000000000000000000e+00 -0.000000000000000000e+00 0.000000000000000000e+00
0.000000000000000000e+00 -0.000000000000000000e+00 -0.000000000000000000e+00 -0.000000000000000000e+00 0.000000000000000000e+00
0.000000000000000000e+00 -0.000000000000000000e+00 -0.000000000000000000e+00 0.000000000000000000e+00 0.000000000000000000e+00
0.000000000000000000e+00 -0.000000000000000000e+00 -0.000000000000000000e+00 0.000000000000000000e+00 -0.000000000000000000e+00
0.000000000000000000e+00 -0.000000000000000000e+00 -0.000000000000000000e+00 0.000000000000000000e+00 -0.000000000000000000e+00
0.000000000000000000e+00 -0.000000000000000000e+00 -0.000000000000000000e+00 0.000000000000000000e+00 -0.000000000000000000e+00
0.000000000000000000e+00 -0.000000000000000000e+00 -0.000000000000000000e+00 0.000000000000000000e+00 -0.000000000000000000e+00
0.000000000000000000e+00 -0.000000000000000000e+00 -0.000000000000000000e+00 0.000000000000000000e+00 -0.000000000000000000e+00
0.000000000000000000e+00 -0.000000000000000000e+00 -0.000000000000000000e+00 0.000000000000000000e+00 -0.000000000000000000e+00
0.000000000000000000e+00 -0.000000000000000000e+00 -0.000000000000000000e+00 0.000000000000000000e+00 -0.000000000000000000e+00
0.000000000000000000e+00 -0.000000000000000000e+00 -0.000000000000000000e+00 0.000000000000000000e+00 -0.000000000000000000e+00
0.000000000000000000e+00 -0.000000000000000000e+00 -0.000000000000000000e+00 0.000000000000000000e+00 -0.000000000000000000e+00
0.000000000000000000e+00 -0.000000000000000000e+00 -0.000000000000000000e+00 0.000000000000000000e+00 -0.000000000000000000e+00
0.000000000000000000e+00 -0.000000000000000000e+00 -0.000000000000000000e+00 0.000000000000000000e+00 -0.000000000000000000e+00
0.000000000000000000e+00 -0.000000000000000000e+00 -0.000000000000000000e+00 0.000000000000000000e+00 -0.000000000000000000e+00
0.000000000000000000e+00 -0.000000000000000000e+00 -0.000000000000000000e+00 0.000000000000000000e+00 -0.000000000000000000e+00
0.000000000000000000e+00 -0.000000000000000000e+00 -0.000000000000000000e+00 0.000000000000000000e+00 -0.000000000000000000e+00
0.000000000000000000e+00 -0.000000000000000000e+00 -0.000000000000000000e+00 0.000000000000000000e+00 -0.000000000000000000e+00
0.000000000000000000e+00 -0.000000000000000000e+00 -0.000000000000000000e+00 0.000000000000000000e+00 -0.000000000000000000e+00
0.000000000000000000e+00 -0.000000000000000000e+00 -0.000000000000000000e+00 0.000000000000000000e+00 -0.000000000000000000e+00
0.000000000000000000e+00 -0.000000000000000000e+00 -0.000000000000000000e+00 0.000000000000000000e+00 -0.000000000000000000e+00
0.000000000000000000e+00 -0.000000000000000000e+00 -0.000000000000000000e+00 0.000000000000000000e+00 -0.000000000000000000e+00
0.000000000000000000e+00 -0.000000000000000000e+00 -0.000000000000000000e+00 0.000000000000000000e+00 -0.000000000000000000e+00
0.000000000000000000e+00 -0.000000000000000000e+00 -0.000000000000000000e+00 0.000000000000000000e+00 -0.000000000000000000e+00
0.000000000000000000e+00 -0.000000000000000000e+00 -0.000000000000000000e+00 0.000000000000000000e+00 -0.000000000000000000e+00
0.000000000000000000e+00 -0.000000000000000000e+00 -0.000000000000000000e+00 0.000000000000000000e+00 -0.000000000000000000e+00
0.000000000000000000e+00 -0.000000000000000000e+00 -0.000000000000000000e+00 0.000000000000000000e+00 -0.000000000000000000e+00
0.000000000000000000e+00 -0.000000000000000000e+00 -0.000000000000000000e+00 0.000000000000000000e+00 -0.000000000000000000e+00
0.000000000000000000e+00 -0.000000000000000000e+00 -0.000000000000000000e+00 0.000000000000000000e+00 -0.000000000000000000e+00
0.000000000000000000e+00 -0.000000000000000000e+00 -0.000000000000000000e+00 0.000000000000000000e+00 -0.000000000000000000e+00
0.000000000000000000e+00 -0.000000000000000000e+00 -0.000000000000000000e+00 0.000000000000000000e+00 -0.000000000000000000e+00
0.000000000000000000e+00 -0.000000000000000000e+00 -0.000000000000000000e+00 0.000000000000000000e+00 -0.000000000000000000e+00
0.000000000000000000e+00 -0.000000000000000000e+00 -0.000000000000000000e+00 0.000000000000000000e+00 -0.000000000000000000e+00
0.000000000000000000e+00 -0.000000000000000000e+00 -0.000000000000000000e+00 0.000000000000000000e+00 -0.000000000000000000e+00
0.000000000000000000e+00 -0.000000000000000000e+00 -0.000000000000000000e+00 0.000000000000000000e+00 -0.000000000000000000e+00
0.000000000000000000e+00 -0.000000000000000000e+00 -0.000000000000000000e+00 0.000000000000000000e+00 -0.000000000000000000e+00
0.000000000000000000e+00 -0.000000000000000000e+00 -0.000000000000000000e+00 0.000000000000000000e+00 -0.000000000000000000e+00
0.000000000000000000e+00 -0.000000000000000000e+00 -0.000000000000000000e+00 0.000000000000000000e+00 -0.000000000000000000e+00
0.000000000000000000e+00 -0.000000000000000000e+00 -0.000000000000000000e+00 0.000000000000000000e+00 -0.000000000000000000e+00
0.000000000000000000e+00 -0.000000000000000000e+00 -0.000000000000000000e+00 0.000000000000000000e+00 -0.000000000000000000e+00
0.000000000000000000e+00 -0.000000000000000000e+00 -0.000000000000000000e+00 0.000000000000000000e+00 -0.000000000000000000e+00
0.000000000000000000e+00 -0.000000000000000000e+00 -0.000000000000000000e+00 0.000000000000000000e+00 -0.000000000000000000e+00
0.000000000000000000e+00 -0.000000000000000000e+00 -0.000000000000000000e+00 0.000000000000000000e+00 -0.000000000000000000e+00
0.000000000000000000e+00 -0.000000000000000000e+00 -0.000000000000000000e+00 0.000000000000000000e+00 -0.000000000000000000e+00
0.000000000000000000e+00 -0.000000000000000000e+00 -0.000000000000000000e+00 0.000000000000000000e+00 -0.000000000000000000e+00
0.000000000000000000e+00 -0.000000000000000000e+00 -0.000000000000000000e+00 0.000000000000000000e+00 -0.000000000000000000e+00
0.000000000000000000e+00 -0.000000000000000000e+00 -0.000000000000000000e+00 0.000000000000000000e+00 -0.000000000000000000e+00
0.000000000000000000e+00 -0.000000000000000000e+00 -0.000000000000000000e+00 0.000000000000000000e+00 -0.000000000000000000e+00
0.000000000000000000e+00 -0.000000000000000000e+00 -0.000000000000000000e+00 0.000000000000000000e+00 -0.000000000000000000e+00
0.000000000000000000e+00 -0.000000000000000000e+00 -0.000000000000000000e+00 0.000000000000000000e+00 -0.000000000000000000e+00
0.000000000000000000e+00 -0.000000000000000000e+00 -0.000000000000000000e+00 0.000000000000000000e+00 -0.000000000000000000e+00
0.000000000000000000e+00 -0.000000000000000000e+00 -0.000000000000000000e+00 0.000000000000000000e+00 -0.000000000000000000e+00
0.000000000000000000e+00 -0.000000000000000000e+00 -0.000000000000000000e+00 0.000000000000000000e+00 -0.000000000000000000e+00
0.000000000000000000e+00 -0.000000000000000000e+00 -0.000000000000000000e+00 0.000000000000000000e+00 -0.000000000000000000e+00
0.000000000000000000e+00 -0.000000000000000000e+00 -0.000000000000000000e+00 0.000000000000000000e+00 -0.000000000000000000e+00
0.000000000000000000e+00 -0.000000000000000000e+00 -0.000000000000000000e+00 0.000000000000000000e+00 -0.000000000000000000e+00
0.000000000000000000e+00 -0.000000000000000000e+00 -0.000000000000000000e+00 0.000000000000000000e+00 -0.000000000000000000e+00
0.000000000000000000e+00 -0.000000000000000000e+00 -0.000000000000000000e+00 0.000000000000000000e+00 -0.000000000000000000e+00
0.000000000000000000e+00 -0.000000000000000000e+00 -0.000000000000000000e+00 0.000000000000000000e+00 -0.000000000000000000e+00
0.000000000000000000e+00 -0.000000000000000000e+00 -0.000000000000000000e+00 0.000000000000000000e+00 -0.000000000000000000e+00
0.000000000000000000e+00 -0.000000000000000000e+00 -0.000000000000000000e+00 0.000000000000000000e+00 -0.000000000000000000e+00
0.000000000000000000e+00 -0.000000000000000000e+00 -0.000000000000000000e+00 0.000000000000000000e+00 -0.000000000000000000e+00
0.000000000000000000e+00 -0.000000000000000000e+00 -0.000000000000000000e+00 0.000000000000000000e+00 -0.000000000000000000e+00
0.000000000000000000e+00 -0.000000000000000000e+00 -0.000000000000000000e+00 0.000000000000000000e+00 -0.000000000000000000e+00
0.000000000000000000e+00 -0.000000000000000000e+00 -0.000000000000000000e+00 0.000000000000000000e+00 -0.000000000000000000e+00
0.000000000000000000e+00 -0.000000000000000000e+00 -0.000000000000000000e+00 0.000000000000000000e+00 -0.000000000000000000e+00
0.000000000000000000e+00 -0.000000000000000000e+00 -0.000000000000000000e+00 0.000000000000000000e+00 -0.000000000000000000e+00
0.000000000000000000e+00 -0.000000000000000000e+00 -0.000000000000000000e+00 0.000000000000000000e+00 -0.000000000000000000e+00
0.000000000000000000e+00 -0.000000000000000000e+00 -0.000000000000000000e+00 0.000000000000000000e+00 -0.000000000000000000e+00
1.000000000000000082e-05 1.610020700728244077e-03 1.000000000000000082e-05 1.000000000000000082e-05 1.000000000000000082e-05
1.000000000000000082e-05 2.733793538820436173e-03 1.000000000000000082e-05 1.000000000000000082e-05 1.000000000000000082e-05
1.000000000000000082e-05 2.733793538820436173e-03 1.000000000000000082e-05 1.000000000000000082e-05 1.000000000000000082e-05
1.000000000000000082e-05 2.733793538820436173e-03 1.000000000000000082e-05 1.000000000000000082e-05 1.000000000000000082e-05
1.000000000000000082e-05 2.171907119774339583e-03 1.000000000000000082e-05 1.000000000000000082e-05 1.000000000000000082e-05
1.000000000000000082e-05 8.212186124519898090e-04 1.000000000000000082e-05 1.000000000000000082e-05 1.000000000000000082e-05
1.000000000000000082e-05 9.724957252720950994e-05 1.000000000000000082e-05 1.000000000000000082e-05 1.000000000000000082e-05
0.000000000000000000e+00 -0.000000000000000000e+00 -0.000000000000000000e+00 0.000000000000000000e+00 -0.000000000000000000e+00
0.000000000000000000e+00 -0.000000000000000000e+00 -0.000000000000000000e+00 0.000000000000000000e+00 -0.000000000000000000e+00
0.000000000000000000e+00 -0.000000000000000000e+00 -0.000000000000000000e+00 0.000000000000000000e+00 -0.000000000000000000e+00
0.000000000000000000e+00 -0.000000000000000000e+00 -0.000000000000000000e+00 0.000000000000000000e+00 -0.000000000000000000e+00
0.000000000000000000e+00 -0.000000000000000000e+00 -0.000000000000000000e+00 0.000000000000000000e+00 -0.000000000000000000e+00
0.000000000000000000e+00 -0.000000000000000000e+00 -0.000000000000000000e+00 0.000000000000000000e+00 -0.000000000000000000e+00
0.000000000000000000e+00 -0.000000000000000000e+00 -0.000000000000000000e+00 0.000000000000000000e+00 -0.000000000000000000e+00
0.000000000000000000e+00 -0.000000000000000000e+00 -0.000000000000000000e+00 0.000000000000000000e+00 -0.000000000000000000e+00
0.000000000000000000e+00 -0.000000000000000000e+00 -0.000000000000000000e+00 0.000000000000000000e+00 -0.000000000000000000e+00
0.000000000000000000e+00 -0.000000000000000000e+00 -0.000000000000000000e+00 0.000000000000000000e+00 -0.000000000000000000e+00
0.000000000000000000e+00 -0.000000000000000000e+00 -0.000000000000000000e+00 0.000000000000000000e+00 -0.000000000000000000e+00
0.000000000000000000e+00 -0.000000000000000000e+00 -0.000000000000000000e+00 0.000000000000000000e+00 -0.000000000000000000e+00
4.107240042841239520e-05 1.105343172198731136e-04 1.000000000000000082e-05 1.000000000000000082e-05 6.847696437478857569e-05
2.033363101726752293e-04 7.129632290217032377e-04 1.000000000000000082e-05 1.000000000000000082e-05 3.746341195005017705e-04
1.894960229258036875e-04 1.380018336385549190e-03 1.000000000000000082e-05 1.000000000000000082e-05 4.918688084406435453e-04
2.969180845341891839e-04 2.711101296629244654e-03 1.000000000000000082e-05 1.000000000000000082e-05 6.160768142036414808e-04
8.940757762987301942e-04 3.713214767473103570e-03 1.000000000000000082e-05 1.000000000000000082e-05 5.079599785092494234e-04
2.548070173820661793e-03 6.621185476746830299e-03 1.000000000000000082e-05 1.000000000000000082e-05 1.000000000000000082e-05
3.682186141246561809e-03 9.420575912240528385e-03 1.000000000000000082e-05 1.000000000000000082e-05 1.000000000000000082e-05
4.646511035810077864e-03 1.543838483676982128e-02 1.000000000000000082e-05 1.000000000000000082e-05 1.000000000000000082e-05
4.574202841662586283e-03 2.087787464468882775e-02 1.000000000000000082e-05 1.000000000000000082e-05 1.000000000000000082e-05
4.149199980155046652e-03 2.474636799090293784e-02 1.000000000000000082e-05 1.000000000000000082e-05 1.000000000000000082e-05
2.983810875481580395e-03 2.193463283405102521e-02 1.000000000000000082e-05 1.000000000000000082e-05 1.000000000000000082e-05
1.790578314151725385e-03 2.096628061131153298e-02 6.643431226683278257e-04 1.000000000000000082e-05 1.000000000000000082e-05
8.572903613278544908e-04 1.797313335868292242e-02 8.160899341825863075e-04 1.000000000000000082e-05 1.000000000000000082e-05
1.000000000000000082e-05 9.712753989482401581e-03 2.866983766813497388e-04 1.000000000000000082e-05 1.000000000000000082e-05
1.000000000000000082e-05 6.537121417923066717e-03 6.272384343611600913e-05 1.000000000000000082e-05 1.000000000000000082e-05
1.000000000000000082e-05 3.700112978673389050e-03 5.795900022288578171e-05 1.000000000000000082e-05 1.000000000000000082e-05
1.000000000000000082e-05 5.305616144137106959e-04 6.737971311114747722e-05 1.000000000000000082e-05 2.420434913366322415e-05
0.000000000000000000e+00 -0.000000000000000000e+00 -0.000000000000000000e+00 0.000000000000000000e+00 -0.000000000000000000e+00
0.000000000000000000e+00 -0.000000000000000000e+00 -0.000000000000000000e+00 0.000000000000000000e+00 -0.000000000000000000e+00
0.000000000000000000e+00 -0.000000000000000000e+00 -0.000000000000000000e+00 0.000000000000000000e+00 -0.000000000000000000e+00
0.000000000000000000e+00 -0.000000000000000000e+00 -0.000000000000000000e+00 0.000000000000000000e+00 -0.000000000000000000e+00
0.000000000000000000e+00 -0.000000000000000000e+00 -0.000000000000000000e+00 0.000000000000000000e+00 -0.000000000000000000e+00
0.000000000000000000e+00 -0.000000000000000000e+00 -0.000000000000000000e+00 0.000000000000000000e+00 -0.000000000000000000e+00
0.000000000000000000e+00 -0.000000000000000000e+00 -0.000000000000000000e+00 0.000000000000000000e+00 -0.000000000000000000e+00
0.000000000000000000e+00 -0.000000000000000000e+00 -0.000000000000000000e+00 0.000000000000000000e+00 -0.000000000000000000e+00
0.000000000000000000e+00 -0.000000000000000000e+00 -0.000000000000000000e+00 0.000000000000000000e+00 -0.000000000000000000e+00
1.000000000000000082e-05 5.426293800688940255e-05 1.000000000000000082e-05 1.000000000000000082e-05 1.789887469089884492e-04
1.000000000000000082e-05 7.216117530410625985e-04 1.000000000000000082e-05 1.000000000000000082e-05 9.844721954887791521e-04
1.000000000000000082e-05 2.920729005638683477e-03 1.000000000000000082e-05 1.000000000000000082e-05 2.642202037638349214e-03
6.176858288226281298e-04 5.496742438378552850e-03 1.000000000000000082e-05 1.000000000000000082e-05 5.388278957032598820e-03
4.111804094572041324e-03 7.816566947747778313e-03 1.000000000000000082e-05 1.000000000000000082e-05 1.181075600462650962e-02
9.582490435143777713e-03 1.105046904261128282e-02 1.000000000000000082e-05 1.000000000000000082e-05 1.909985128116375303e-02
1.932869567044956383e-02 1.269780885700610810e-02 1.000000000000000082e-05 1.000000000000000082e-05 2.419110240974542067e-02
4.033867040618619587e-02 1.025831636728357504e-02 1.000000000000000082e-05 1.000000000000000082e-05 2.878526522516793723e-02
6.062585413834139375e-02 1.548460362397363101e-02 1.000000000000000082e-05 1.000000000000000082e-05 2.713620206824781528e-02
7.921049062637092186e-02 2.024575088501338188e-02 1.000000000000000082e-05 1.000000000000000082e-05 2.165608151147564026e-02
9.064139996007658517e-02 2.516855500765345990e-02 7.125331985717685800e-03 1.000000000000000082e-05 1.055856020769798190e-02
9.176842461032906628e-02 2.506074772991635433e-02 2.294345403745212675e-02 1.000000000000000082e-05 1.000000000000000082e-05
8.309929542068768271e-02 2.151136638109268917e-02 4.220092519851969398e-02 1.000000000000000082e-05 1.000000000000000082e-05
6.447740276740729359e-02 1.758991831306232559e-02 5.756208332554720725e-02 1.000000000000000082e-05 1.000000000000000082e-05
4.026519431273099803e-02 2.087148501989104579e-02 6.405032717430071687e-02 1.000000000000000082e-05 1.000000000000000082e-05
2.025853546050961074e-02 1.697542580861298445e-02 6.177472922512262238e-02 1.000000000000000082e-05 1.000000000000000082e-05
6.481446144523192975e-03 1.386620851190382281e-02 4.656596198916607143e-02 1.000000000000000082e-05 1.000000000000000082e-05
1.000000000000000082e-05 1.022875233549985774e-02 2.566708275935676575e-02 1.000000000000000082e-05 1.000000000000000082e-05
1.000000000000000082e-05 6.049789779669367991e-03 1.074700864096626157e-02 1.000000000000000082e-05 1.000000000000000082e-05
1.000000000000000082e-05 2.206218991079525980e-03 3.464039069361905462e-03 1.000000000000000082e-05 1.000000000000000082e-05
1.000000000000000082e-05 2.198876863067266362e-04 2.573734868454538474e-04 1.000000000000000082e-05 1.475742347439507625e-05
0.000000000000000000e+00 -0.000000000000000000e+00 -0.000000000000000000e+00 0.000000000000000000e+00 -0.000000000000000000e+00
0.000000000000000000e+00 -0.000000000000000000e+00 -0.000000000000000000e+00 0.000000000000000000e+00 -0.000000000000000000e+00
0.000000000000000000e+00 -0.000000000000000000e+00 -0.000000000000000000e+00 0.000000000000000000e+00 -0.000000000000000000e+00
0.000000000000000000e+00 -0.000000000000000000e+00 -0.000000000000000000e+00 0.000000000000000000e+00 -0.000000000000000000e+00
0.000000000000000000e+00 -0.000000000000000000e+00 -0.000000000000000000e+00 0.000000000000000000e+00 -0.000000000000000000e+00
0.000000000000000000e+00 -0.000000000000000000e+00 -0.000000000000000000e+00 0.000000000000000000e+00 -0.000000000000000000e+00
0.000000000000000000e+00 -0.000000000000000000e+00 -0.000000000000000000e+00 0.000000000000000000e+00 -0.000000000000000000e+00
1.000000000000000082e-05 1.000000000000000082e-05 1.000000000000000082e-05 3.790407813574726229e-04 2.172427824446961867e-03
1.000000000000000082e-05 4.975588354900065471e-04 1.000000000000000082e-05 1.000000000000000082e-05 7.860191589716942692e-03
1.000000000000000082e-05 3.737655791797383619e-03 1.000000000000000082e-05 1.000000000000000082e-05 1.840292953088552841e-02
1.221077363879563733e-03 7.544296368427517475e-03 1.000000000000000082e-05 1.000000000000000082e-05 3.277017659245023973e-02
8.817499655901598135e-03 9.739410470470319381e-03 1.000000000000000082e-05 1.000000000000000082e-05 5.385499904153266681e-02
2.278501905032778718e-02 4.185482781123991795e-03 1.000000000000000082e-05 1.000000000000000082e-05 7.467108729824477320e-02
5.030713186608114229e-02 1.000000000000000082e-05 1.000000000000000082e-05 1.000000000000000082e-05 9.101188858694113371e-02
8.503352625295808320e-02 1.000000000000000082e-05 1.000000000000000082e-05 1.000000000000000082e-05 9.492329388251026512e-02
1.142659741577554816e-01 1.000000000000000082e-05 7.279869603489789618e-04 1.000000000000000082e-05 9.164695908225199694e-02
1.333982892870308745e-01 1.000000000000000082e-05 1.527446428246262422e-02 1.000000000000000082e-05 8.259359224495313456e-02
1.449655289288572513e-01 1.000000000000000082e-05 3.517181513445136881e-02 1.000000000000000082e-05 6.958169286589879765e-02
1.439103806437036781e-01 1.000000000000000082e-05 5.769035150569259279e-02 1.000000000000000082e-05 5.364818642692256029e-02
1.338067070671764003e-01 1.000000000000000082e-05 8.032910948388463646e-02 1.000000000000000082e-05 3.095858827990776926e-02
1.111390287416431505e-01 1.000000000000000082e-05 1.049320391429574978e-01 1.000000000000000082e-05 9.542380746168782624e-03
7.437972049504792960e-02 1.000000000000000082e-05 1.263572792174337545e-01 1.000000000000000082e-05 1.000000000000000082e-05
3.875282918840840946e-02 4.933828347055422073e-03 1.326648943441417761e-01 1.000000000000000082e-05 1.000000000000000082e-05
1.243801352234822667e-02 8.127080865461867171e-03 1.151969589035556907e-01 1.000000000000000082e-05 1.000000000000000082e-05
1.000000000000000082e-05 8.272378161931753099e-03 7.992323174060478319e-02 1.000000000000000082e-05 1.000000000000000082e-05
1.000000000000000082e-05 9.289188351625355874e-03 4.148873833871877248e-02 1.000000000000000082e-05 1.000000000000000082e-05
1.000000000000000082e-05 5.903400395983058463e-03 1.172380584714653555e-02 1.000000000000000082e-05 1.000000000000000082e-05
1.000000000000000082e-05 3.527656082709888959e-03 2.210147884304361487e-03 1.000000000000000082e-05 1.000000000000000082e-05
0.000000000000000000e+00 -0.000000000000000000e+00 -0.000000000000000000e+00 0.000000000000000000e+00 -0.000000000000000000e+00
0.000000000000000000e+00 -0.000000000000000000e+00 -0.000000000000000000e+00 0.000000000000000000e+00 -0.000000000000000000e+00
0.000000000000000000e+00 -0.000000000000000000e+00 -0.000000000000000000e+00 0.000000000000000000e+00 -0.000000000000000000e+00
0.000000000000000000e+00 -0.000000000000000000e+00 -0.000000000000000000e+00 0.000000000000000000e+00 -0.000000000000000000e+00
0.000000000000000000e+00 -0.000000000000000000e+00 -0.000000000000000000e+00 0.000000000000000000e+00 -0.000000000000000000e+00
0.000000000000000000e+00 -0.000000000000000000e+00 -0.000000000000000000e+00 0.000000000000000000e+00 -0.000000000000000000e+00
1.000000000000000082e-05 1.201562765082207453e-04 1.000000000000000082e-05 5.118223937873992747e-04 1.457390688820462885e-04
1.000000000000000082e-05 1.000000000000000082e-05 1.000000000000000082e-05 8.545457991156565252e-04 6.864996979176065696e-03
1.000000000000000082e-05 1.610775642903059402e-03 1.000000000000000082e-05 1.810272432512609201e-03 1.908491787578267193e-02
1.000000000000000082e-05 4.921895603638492406e-03 1.000000000000000082e-05 3.012542130889986347e-04 3.946016047420881218e-02
1.000000000000000082e-05 5.960001706086819583e-03 1.000000000000000082e-05 2.653283374125471692e-03 6.918191941636160636e-02
4.607842700175065510e-03 1.000000000000000082e-05 1.000000000000000082e-05 5.637261803711137755e-03 1.074118432729323502e-01
2.131902055160818377e-02 1.000000000000000082e-05 1.000000000000000082e-05 1.180332358500756594e-02 1.323617653365354307e-01
4.493666441040904819e-02 1.000000000000000082e-05 1.000000000000000082e-05 2.114423269666776753e-02 1.378737984793052818e-01
7.329136124806236163e-02 1.000000000000000082e-05 6.306858464950637275e-03 3.536594881606950486e-02 1.304586041746676750e-01
8.661839812906765856e-02 1.000000000000000082e-05 2.268366313250179053e-02 5.458990483969148461e-02 1.107410921451678493e-01
8.735756016848805761e-02 1.000000000000000082e-05 3.847765950132757407e-02 7.433012174024185292e-02 9.551028469173403201e-02
8.474580242509717476e-02 1.000000000000000082e-05 5.409045538497360417e-02 8.337942274374231244e-02 8.338115627307537969e-02
8.785386204309407476e-02 6.110042211115825767e-03 6.096469537253942916e-02 8.385991138188456095e-02 7.260477627251087085e-02
9.837882707798600856e-02 1.476874523071233965e-02 6.803823444039359958e-02 7.700600216075707827e-02 5.527552315423615165e-02
1.037856579182265399e-01 1.703817131045277586e-02 8.063339082328117857e-02 6.337915916124305105e-02 3.198073889886637877e-02
8.579647749323889017e-02 1.805975953368049031e-02 1.082016595145270516e-01 4.092004181866342599e-02 1.191693895712097120e-02
5.177162273871917936e-02 1.914605084316627071e-02 1.370630656590587360e-01 1.801871417925406463e-02 1.000000000000000082e-05
1.652922282114951957e-02 1.208760559737389294e-02 1.497585390643082215e-01 1.628809195908089607e-03 1.000000000000000082e-05
1.000000000000000082e-05 1.631551142951226732e-02 1.272629128247468600e-01 1.787347335191640614e-03 1.000000000000000082e-05
1.000000000000000082e-05 1.559413640060103128e-02 7.653007370442252433e-02 1.000000000000000082e-05 1.000000000000000082e-05
1.000000000000000082e-05 1.174479978308271000e-02 2.790245967146963435e-02 4.308235433648059946e-04 1.000000000000000082e-05
1.000000000000000082e-05 5.741584462844405261e-03 4.595820048795489811e-03 5.997919606683362937e-05 1.000000000000000082e-05
0.000000000000000000e+00 -0.000000000000000000e+00 -0.000000000000000000e+00 0.000000000000000000e+00 -0.000000000000000000e+00
0.000000000000000000e+00 -0.000000000000000000e+00 -0.000000000000000000e+00 0.000000000000000000e+00 -0.000000000000000000e+00
0.000000000000000000e+00 -0.000000000000000000e+00 -0.000000000000000000e+00 0.000000000000000000e+00 -0.000000000000000000e+00
0.000000000000000000e+00 -0.000000000000000000e+00 -0.000000000000000000e+00 0.000000000000000000e+00 -0.000000000000000000e+00
0.000000000000000000e+00 -0.000000000000000000e+00 -0.000000000000000000e+00 0.000000000000000000e+00 -0.000000000000000000e+00
1.000000000000000082e-05 8.216332207354088996e-04 1.000000000000000082e-05 4.543167172195027877e-05 1.000000000000000082e-05
1.000000000000000082e-05 1.732356949055591588e-05 1.000000000000000082e-05 4.286656954755723174e-04 2.929934021303088340e-04
1.000000000000000082e-05 1.713298302091171123e-03 1.000000000000000082e-05 1.985661066804590182e-03 1.107947961830680651e-02
1.000000000000000082e-05 4.092355599174677533e-03 1.000000000000000082e-05 4.752542983353903738e-03 2.896405207604292598e-02
1.000000000000000082e-05 5.976404227805714661e-03 1.000000000000000082e-05 7.306442033439723011e-03 5.500448034750434617e-02
1.000000000000000082e-05 1.306028362456358423e-03 1.000000000000000082e-05 1.588423417940580673e-02 8.653546803361190920e-02
1.000000000000000082e-05 1.000000000000000082e-05 1.000000000000000082e-05 2.720289578435503355e-02 1.153905570253589835e-01
2.250367694933112003e-03 1.000000000000000082e-05 1.000000000000000082e-05 4.876158107847872875e-02 1.224788144134051071e-01
1.702216567780437395e-02 1.000000000000000082e-05 8.697898031069017932e-03 7.105950263902768849e-02 1.140394541432407094e-01
2.586789526058435804e-02 1.000000000000000082e-05 2.108501411148496971e-02 1.012280115462933089e-01 8.860707479686066868e-02
1.945290473233581355e-02 5.302399322353526859e-03 3.358695387933802179e-02 1.249669817350871071e-01 6.438997273043209346e-02
8.420811922853307929e-03 3.641185417870353852e-02 4.676645728859507578e-02 1.413192671778688569e-01 4.705892979332255283e-02
1.000000000000000082e-05 6.425228866869753253e-02 4.542429849933420083e-02 1.489150834475082008e-01 4.448186205548356614e-02
6.494868713401248444e-04 9.092610199678781424e-02 3.359767663775216351e-02 1.484369822805765016e-01 5.271165536822541853e-02
2.731267170506348346e-02 9.333102855103454776e-02 1.818780197510672797e-02 1.380150587730767653e-01 5.645096923237746117e-02
6.763708266237344890e-02 7.927468296194346842e-02 1.252002495395986015e-02 1.190117741935410450e-01 4.260265396082189154e-02
8.201881800473517781e-02 5.457199166463164164e-02 3.970025068896256698e-02 9.499350894659201738e-02 2.190607492363787906e-02
5.825041454589773710e-02 3.814635742190650158e-02 9.665739236800321987e-02 5.593446626454554038e-02 8.857595604688885127e-03
1.827539308659172079e-02 2.349249262430612786e-02 1.472863705969374160e-01 2.626599978981824374e-02 1.000000000000000082e-05
1.000000000000000082e-05 2.487315133834389069e-02 1.483748114364237258e-01 1.503597085100748069e-02 1.000000000000000082e-05
1.000000000000000082e-05 2.555277122372389201e-02 9.390755407930681531e-02 9.829893911210115312e-03 1.000000000000000082e-05
1.000000000000000082e-05 2.066810695016805394e-02 3.774603709396594231e-02 1.042252786046257880e-02 1.000000000000000082e-05
1.000000000000000082e-05 1.048672813746714255e-02 6.832023831199750090e-03 3.519809327353981641e-03 1.000000000000000082e-05
0.000000000000000000e+00 -0.000000000000000000e+00 -0.000000000000000000e+00 0.000000000000000000e+00 -0.000000000000000000e+00
0.000000000000000000e+00 -0.000000000000000000e+00 -0.000000000000000000e+00 0.000000000000000000e+00 -0.000000000000000000e+00
0.000000000000000000e+00 -0.000000000000000000e+00 -0.000000000000000000e+00 0.000000000000000000e+00 -0.000000000000000000e+00
0.000000000000000000e+00 -0.000000000000000000e+00 -0.000000000000000000e+00 0.000000000000000000e+00 -0.000000000000000000e+00
0.000000000000000000e+00 -0.000000000000000000e+00 -0.000000000000000000e+00 0.000000000000000000e+00 -0.000000000000000000e+00
0.000000000000000000e+00 -0.000000000000000000e+00 -0.000000000000000000e+00 0.000000000000000000e+00 -0.000000000000000000e+00
1.000000000000000082e-05 1.000000000000000082e-05 1.000000000000000082e-05 3.306068023102526706e-05 4.611951931754911790e-05
1.000000000000000082e-05 2.669309287808136616e-03 1.000000000000000082e-05 2.047780434167044243e-03 1.167026782322751026e-02
1.000000000000000082e-05 7.958954774038518032e-03 1.000000000000000082e-05 7.161434719320130746e-03 2.966161376483801224e-02
1.000000000000000082e-05 4.482912872257155748e-03 1.000000000000000082e-05 1.536682425114941491e-02 4.900423322485222832e-02
1.000000000000000082e-05 4.330527482849842388e-03 1.000000000000000082e-05 2.231787762053786400e-02 7.022874862867120593e-02
1.000000000000000082e-05 1.000000000000000082e-05 1.000000000000000082e-05 3.994462996416094785e-02 8.192647895140951764e-02
1.000000000000000082e-05 1.000000000000000082e-05 1.000000000000000082e-05 6.725623848697880047e-02 7.162015248135454593e-02
1.000000000000000082e-05 7.165313038784567549e-04 7.117535335520872725e-03 9.226046257536638096e-02 5.259867393430167626e-02
1.000000000000000082e-05 2.520599143530499395e-02 1.832817009632468908e-02 1.155431839480298706e-01 2.618876462767127933e-02
1.000000000000000082e-05 6.329264324879345371e-02 2.786797173306964845e-02 1.278909133558945865e-01 6.855956709600855362e-03
1.000000000000000082e-05 9.735842412121405165e-02 3.019220500712468599e-02 1.257909471022864989e-01 3.957171639675453878e-03
1.000000000000000082e-05 1.207827206236767176e-01 1.969212857613674914e-02 1.202455443777671051e-01 1.557800760562987226e-02
1.000000000000000082e-05 1.422028728334584213e-01 1.000000000000000082e-05 1.153449173333193634e-01 3.471396549304585355e-02
1.208046787070028022e-02 1.436416206541527574e-01 1.000000000000000082e-05 1.104522566908833908e-01 5.166796274302399433e-02
6.499582418198884826e-02 1.146891210610315737e-01 1.000000000000000082e-05 1.048136359345437918e-01 4.761396183673452520e-02
8.953677848126188887e-02 6.931745445418441287e-02 1.000000000000000082e-05 9.473952366555858651e-02 2.677660736345810477e-02
6.679638743180169036e-02 3.131768020202082420e-02 7.530580979299071609e-02 6.129447708525685018e-02 1.598957499422309220e-02
1.578645180485738903e-02 1.198736539339256141e-02 1.467726224239628841e-01 3.316530492885327169e-02 6.284747892145180030e-03
1.000000000000000082e-05 1.945827855682223662e-02 1.477366269288351019e-01 2.205319520077364884e-02 1.000000000000000082e-05
1.000000000000000082e-05 3.020743404837192975e-02 9.051489666851672555e-02 1.649152351850977083e-02 1.000000000000000082e-05
1.000000000000000082e-05 2.409176055308209080e-02 3.377052012966752503e-02 1.619868039124881462e-02 1.000000000000000082e-05
1.000000000000000082e-05 1.016570455695328667e-02 6.155340776308177060e-03 6.757232079868565923e-03 1.000000000000000082e-05
0.000000000000000000e+00 -0.000000000000000000e+00 -0.000000000000000000e+00 0.000000000000000000e+00 -0.000000000000000000e+00
0.000000000000000000e+00 -0.000000000000000000e+00 -0.000000000000000000e+00 0.000000000000000000e+00 -0.000000000000000000e+00
0.000000000000000000e+00 -0.000000000000000000e+00 -0.000000000000000000e+00 0.000000000000000000e+00 -0.000000000000000000e+00
0.000000000000000000e+00 -0.000000000000000000e+00 -0.000000000000000000e+00 0.000000000000000000e+00 -0.000000000000000000e+00
0.000000000000000000e+00 -0.000000000000000000e+00 -0.000000000000000000e+00 0.000000000000000000e+00 -0.000000000000000000e+00
0.000000000000000000e+00 -0.000000000000000000e+00 -0.000000000000000000e+00 0.000000000000000000e+00 -0.000000000000000000e+00
1.000000000000000082e-05 6.659959506170846791e-04 1.000000000000000082e-05 1.347528510987257679e-03 6.281805259444967686e-05
1.000000000000000082e-05 4.105038295650605649e-03 1.000000000000000082e-05 2.661969990631963320e-03 7.501754457710943166e-03
1.000000000000000082e-05 6.384882976977015491e-03 1.000000000000000082e-05 7.377028956756035392e-03 1.594546075217655526e-02
1.000000000000000082e-05 5.873821629945555345e-03 1.000000000000000082e-05 1.323695897266614560e-02 2.765864148121757043e-02
1.000000000000000082e-05 6.087450591391692020e-03 1.000000000000000082e-05 1.941893457055594852e-02 3.930836133687568013e-02
1.000000000000000082e-05 4.726157610229994935e-03 1.000000000000000082e-05 3.449014113281682198e-02 3.876364928837815194e-02
1.000000000000000082e-05 1.043304884262230212e-02 1.000000000000000082e-05 5.299098977896932183e-02 2.614649367454545056e-02
1.000000000000000082e-05 2.210755103633390423e-02 4.839452107091567548e-03 6.623826779976979551e-02 1.320689471163878116e-02
1.000000000000000082e-05 4.693870171827670135e-02 8.587856947878653655e-03 7.522471014748906282e-02 1.000000000000000082e-05
1.000000000000000082e-05 7.495382845837328389e-02 1.152598132580469337e-02 7.130205882839887876e-02 1.000000000000000082e-05
1.000000000000000082e-05 1.016833423454418794e-01 4.202497108524206465e-03 6.120406065547741303e-02 1.168822882745700021e-03
1.000000000000000082e-05 1.235055259867940264e-01 1.000000000000000082e-05 5.154526129658938693e-02 1.873827820684045506e-02
1.165344573211466762e-02 1.382941876406392212e-01 1.000000000000000082e-05 4.666902518367289227e-02 4.699115316566029876e-02
5.778808395571510131e-02 1.237364471498742097e-01 1.000000000000000082e-05 5.980580908685761282e-02 5.559441156539673967e-02
9.771862342053211359e-02 8.126534521206842110e-02 1.000000000000000082e-05 7.174090581516608112e-02 4.781994219426231874e-02
1.037247572416630653e-01 3.308377413278356521e-02 1.037908359639088882e-02 7.129587769079959170e-02 2.851118068570365760e-02
5.567496335796305595e-02 4.797017308674387040e-03 1.058053761833659540e-01 5.186860423971740436e-02 1.699855631473304318e-02
2.070418229513324229e-03 7.903869938277751500e-03 1.569582608136303459e-01 2.762041639086219164e-02 4.250545986531276479e-03
1.000000000000000082e-05 2.850203031488244762e-02 1.330429383530576382e-01 2.713368021250502429e-02 1.000000000000000082e-05
1.000000000000000082e-05 3.339913364424557801e-02 6.920531115395149591e-02 2.348314622096053447e-02 1.000000000000000082e-05
1.000000000000000082e-05 2.322991185626007565e-02 2.459659950919597729e-02 1.685080078547823018e-02 1.000000000000000082e-05
1.000000000000000082e-05 8.719613375660760501e-03 3.170009537145173067e-03 6.200322350881847314e-03 1.000000000000000082e-05
0.000000000000000000e+00 -0.000000000000000000e+00 -0.000000000000000000e+00 0.000000000000000000e+00 -0.000000000000000000e+00
0.000000000000000000e+00 -0.000000000000000000e+00 -0.000000000000000000e+00 0.000000000000000000e+00 -0.000000000000000000e+00
0.000000000000000000e+00 -0.000000000000000000e+00 -0.000000000000000000e+00 0.000000000000000000e+00 -0.000000000000000000e+00
0.000000000000000000e+00 -0.000000000000000000e+00 -0.000000000000000000e+00 0.000000000000000000e+00 -0.000000000000000000e+00
0.000000000000000000e+00 -0.000000000000000000e+00 -0.000000000000000000e+00 0.000000000000000000e+00 -0.000000000000000000e+00
0.000000000000000000e+00 -0.000000000000000000e+00 -0.000000000000000000e+00 0.000000000000000000e+00 -0.000000000000000000e+00
1.000000000000000082e-05 5.083129897661670506e-04 1.000000000000000082e-05 1.737634885111427347e-03 1.536071192251584408e-04
1.000000000000000082e-05 1.959911876316762589e-03 1.000000000000000082e-05 3.078614997218932347e-03 3.110841595040410648e-03
1.000000000000000082e-05 3.579656122002523172e-03 1.000000000000000082e-05 5.899095093112352930e-03 6.071013787962506111e-03
1.000000000000000082e-05 4.451189688521929068e-03 1.000000000000000082e-05 8.243297298848284785e-03 1.015912122989484981e-02
1.000000000000000082e-05 5.958123405858312301e-03 1.000000000000000082e-05 1.417090935043776798e-02 1.376577237021808439e-02
1.000000000000000082e-05 1.123764815912058762e-02 1.000000000000000082e-05 2.144910349793253609e-02 1.178256768012361268e-02
1.000000000000000082e-05 1.912796348204677879e-02 1.000000000000000082e-05 2.933067538928444892e-02 9.036136229447084764e-03
1.000000000000000082e-05 3.706747640464470167e-02 1.000000000000000082e-05 3.017047909035978567e-02 6.272956654424797010e-03
1.000000000000000082e-05 5.761284258841025546e-02 1.000000000000000082e-05 2.661584954991335836e-02 6.334493294489942916e-03
1.000000000000000082e-05 8.300625948104825569e-02 1.000000000000000082e-05 1.700633212078862117e-02 1.448323572251656970e-02
1.028359139188129989e-02 1.064728602145270236e-01 1.000000000000000082e-05 6.835641354313755358e-03 2.889891657094945110e-02
3.237674875431957588e-02 1.234977352897188990e-01 1.000000000000000082e-05 2.971707559494260464e-03 4.965614619038225680e-02
6.868328615881401367e-02 1.159784384945431457e-01 1.000000000000000082e-05 1.052728844937458712e-02 6.723156279328339202e-02
1.036834085612745454e-01 8.271941383753150800e-02 1.000000000000000082e-05 3.342313045312907127e-02 6.554388923320668414e-02
1.150680313742845629e-01 3.959478535120306703e-02 1.000000000000000082e-05 5.549039554170855093e-02 4.777488196154228844e-02
8.538059187110763615e-02 1.112667568626097073e-02 7.418860186560938264e-02 6.218495474059216460e-02 2.287277812274928629e-02
2.246056604042474814e-02 8.252948288698738061e-03 1.398477683900162527e-01 4.759474657466415681e-02 1.132320310158541586e-02
1.000000000000000082e-05 2.747855276432878760e-02 1.422834402169825818e-01 3.179390117725568871e-02 9.410085381276364321e-04
1.000000000000000082e-05 3.863643534239667721e-02 9.296559903590190244e-02 3.101416191678748810e-02 1.000000000000000082e-05
1.000000000000000082e-05 2.971422559335666624e-02 3.820943410231804338e-02 2.540483065026985163e-02 1.000000000000000082e-05
1.000000000000000082e-05 1.669066805122773958e-02 1.138211326204491280e-02 1.345950299376963595e-02 1.000000000000000082e-05
1.000000000000000082e-05 5.211061957981071545e-03 1.078927453834871517e-03 4.213598592542063849e-03 1.000000000000000082e-05
0.000000000000000000e+00 -0.000000000000000000e+00 -0.000000000000000000e+00 0.000000000000000000e+00 -0.000000000000000000e+00
0.000000000000000000e+00 -0.000000000000000000e+00 -0.000000000000000000e+00 0.000000000000000000e+00 -0.000000000000000000e+00
0.000000000000000000e+00 -0.000000000000000000e+00 -0.000000000000000000e+00 0.000000000000000000e+00 -0.000000000000000000e+00
0.000000000000000000e+00 -0.000000000000000000e+00 -0.000000000000000000e+00 0.000000000000000000e+00 -0.000000000000000000e+00
0.000000000000000000e+00 -0.000000000000000000e+00 -0.000000000000000000e+00 0.000000000000000000e+00 -0.000000000000000000e+00
0.000000000000000000e+00 -0.000000000000000000e+00 -0.000000000000000000e+00 0.000000000000000000e+00 -0.000000000000000000e+00
1.000000000000000082e-05 1.000000000000000082e-05 1.000000000000000082e-05 1.606702315687854113e-03 2.446691457614852232e-04
1.000000000000000082e-05 2.135115194069990476e-03 1.000000000000000082e-05 2.762495687734373585e-03 1.259202635120240969e-03
1.000000000000000082e-05 3.213798622233036712e-03 1.000000000000000082e-05 4.265755625292698243e-03 1.923297299943371383e-03
1.000000000000000082e-05 4.583080438414623842e-03 1.000000000000000082e-05 5.732392120793607972e-03 3.418699260431355604e-03
1.000000000000000082e-05 6.689146854670638929e-03 1.000000000000000082e-05 7.551302878315112668e-03 5.813228468659116868e-03
1.000000000000000082e-05 1.419388995134075043e-02 1.000000000000000082e-05 8.356950483725309950e-03 6.752280624093613855e-03
1.000000000000000082e-05 2.544925849952103108e-02 1.000000000000000082e-05 9.278060321191871143e-03 9.922908697349727691e-03
1.000000000000000082e-05 5.462268714994079899e-02 1.000000000000000082e-05 3.053459752507913742e-03 1.842614193608891476e-02
1.097023257533102578e-02 8.097177518965954779e-02 1.000000000000000082e-05 1.000000000000000082e-05 3.134036027014395348e-02
3.272867742161886945e-02 1.017060358843318163e-01 1.000000000000000082e-05 1.000000000000000082e-05 4.636333193563094146e-02
6.334680239269893653e-02 1.090822231745682547e-01 1.000000000000000082e-05 1.000000000000000082e-05 6.131989750256561233e-02
9.146908444672424698e-02 1.036800197673283658e-01 1.000000000000000082e-05 1.000000000000000082e-05 7.277758451183889699e-02
1.152291229644034354e-01 8.183142706625864959e-02 1.000000000000000082e-05 9.942521054814744061e-03 7.569337139919515844e-02
1.163364726820429323e-01 6.275764126418689748e-02 1.655091411145907451e-02 3.764931453232524261e-02 6.287387646976774769e-02
9.269620469722149314e-02 4.675843570195809679e-02 6.867313304134678442e-02 5.770958691588316813e-02 3.617946179704959603e-02
4.251456856971445875e-02 5.015631495988167460e-02 1.167126328053824796e-01 5.538827262147368730e-02 1.678297667365587567e-02
1.000000000000000082e-05 7.049148252847725615e-02 1.281805826157208228e-01 4.189807466586206036e-02 7.145190145496479496e-03
1.000000000000000082e-05 6.856632133676709984e-02 9.607945356754504784e-02 3.537801170687659286e-02 1.785887634023353241e-03
1.000000000000000082e-05 4.789411352559169027e-02 4.852565236273029270e-02 2.815399763059608235e-02 1.000000000000000082e-05
1.000000000000000082e-05 2.210099864552233020e-02 1.442307888522466851e-02 1.567098625811523191e-02 1.000000000000000082e-05
1.000000000000000082e-05 6.097460813235675708e-03 3.784337981550561347e-03 7.281664557180033207e-03 1.000000000000000082e-05
1.000000000000000082e-05 3.006576538592501714e-03 1.713848704372311204e-04 2.585032688449922633e-03 1.000000000000000082e-05
0.000000000000000000e+00 -0.000000000000000000e+00 -0.000000000000000000e+00 0.000000000000000000e+00 -0.000000000000000000e+00
0.000000000000000000e+00 -0.000000000000000000e+00 -0.000000000000000000e+00 0.000000000000000000e+00 -0.000000000000000000e+00
0.000000000000000000e+00 -0.000000000000000000e+00 -0.000000000000000000e+00 0.000000000000000000e+00 -0.000000000000000000e+00
0.000000000000000000e+00 -0.000000000000000000e+00 -0.000000000000000000e+00 0.000000000000000000e+00 -0.000000000000000000e+00
0.000000000000000000e+00 -0.000000000000000000e+00 -0.000000000000000000e+00 0.000000000000000000e+00 -0.000000000000000000e+00
0.000000000000000000e+00 -0.000000000000000000e+00 -0.000000000000000000e+00 0.000000000000000000e+00 -0.000000000000000000e+00
1.000000000000000082e-05 1.000000000000000082e-05 1.000000000000000082e-05 1.778686448559830093e-04 2.662872452192097385e-05
1.000000000000000082e-05 1.967749875327276781e-03 1.000000000000000082e-05 6.540967969662985718e-04 2.685284048265401029e-04
1.000000000000000082e-05 2.771527310238255850e-03 1.000000000000000082e-05 1.353113375761712299e-03 4.280625607137813907e-04
1.000000000000000082e-05 4.062825131652319198e-03 1.000000000000000082e-05 2.214589833969773328e-03 1.700393512427708469e-03
1.000000000000000082e-05 4.937101556136976044e-03 1.000000000000000082e-05 5.373991988552475176e-04 3.891110757661679197e-03
1.000000000000000082e-05 1.229281472736314801e-02 1.000000000000000082e-05 9.405257395663129197e-04 9.313344964061654602e-03
2.590573300950737624e-04 2.715472249701799193e-02 1.000000000000000082e-05 1.000000000000000082e-05 2.150039957098773963e-02
1.431615543794027834e-02 5.430042015641118464e-02 1.000000000000000082e-05 1.000000000000000082e-05 3.957971473099186621e-02
4.117898998428536073e-02 6.482167024834237234e-02 9.224419295481628076e-03 1.000000000000000082e-05 5.755478407288529968e-02
7.736287884977528784e-02 6.566288319387700301e-02 1.193778613290316301e-02 1.000000000000000082e-05 7.655932296179274177e-02
1.050496517751172976e-01 5.820455298198670691e-02 1.546077321648655148e-02 1.000000000000000082e-05 8.254695951688538480e-02
1.195754141942200754e-01 5.029676737377333784e-02 2.732056723825745242e-02 1.132338099900600734e-02 8.099206834291884649e-02
1.173180686076837481e-01 4.850465722480721414e-02 4.679449695240126689e-02 3.801537648875215336e-02 7.128309554140591087e-02
9.583612802390747976e-02 5.676869667586696006e-02 7.487439970759914021e-02 5.626418485605205050e-02 5.661236084363810428e-02
5.923656654097101543e-02 7.525291570623870996e-02 9.985157144479864244e-02 5.753432465646700356e-02 4.333970908439923470e-02
1.333861011754577247e-02 1.139417078998261890e-01 1.048080493089356691e-01 4.569640653970237498e-02 2.777956754938944520e-02
1.000000000000000082e-05 1.333349644895467645e-01 8.425910409360691522e-02 2.888025783227393672e-02 1.836560289695479686e-02
1.000000000000000082e-05 1.105935963231729768e-01 4.997253450044546880e-02 2.034328344994275686e-02 1.329176973054547323e-02
1.000000000000000082e-05 6.352272703687440736e-02 2.340804170465004067e-02 9.644140431428221971e-03 6.274105256629068997e-03
1.000000000000000082e-05 2.262752084865941177e-02 5.659375520480187938e-03 5.609489287270513422e-03 2.907597743673091036e-03
1.000000000000000082e-05 5.193457446665179951e-03 5.421891015365727651e-04 3.671329319743490451e-03 1.000000000000000082e-05
1.000000000000000082e-05 1.471572111667104150e-03 1.000000000000000082e-05 9.686876899795322533e-04 1.000000000000000082e-05
1.000000000000000082e-05 5.630728717396035364e-04 1.000000000000000082e-05 1.099107713896119322e-04 3.236872598012157168e-05
0.000000000000000000e+00 -0.000000000000000000e+00 -0.000000000000000000e+00 0.000000000000000000e+00 -0.000000000000000000e+00
0.000000000000000000e+00 -0.000000000000000000e+00 -0.000000000000000000e+00 0.000000000000000000e+00 -0.000000000000000000e+00
0.000000000000000000e+00 -0.000000000000000000e+00 -0.000000000000000000e+00 0.000000000000000000e+00 -0.000000000000000000e+00
0.000000000000000000e+00 -0.000000000000000000e+00 -0.000000000000000000e+00 0.000000000000000000e+00 -0.000000000000000000e+00
0.000000000000000000e+00 -0.000000000000000000e+00 -0.000000000000000000e+00 0.000000000000000000e+00 -0.000000000000000000e+00
0.000000000000000000e+00 -0.000000000000000000e+00 -0.000000000000000000e+00 0.000000000000000000e+00 -0.000000000000000000e+00
1.000000000000000082e-05 5.661216107798083992e-04 1.000000000000000082e-05 1.000000000000000082e-05 1.168315368852790526e-04
1.000000000000000082e-05 3.803188394576989453e-03 1.336825611151117705e-04 5.652939726211199519e-04 1.000000000000000082e-05
1.000000000000000082e-05 5.949270302934956192e-03 5.364740223173597932e-05 8.199733387377160362e-04 4.476703622446995701e-04
1.000000000000000082e-05 5.008059362265106403e-03 4.257846085669800816e-04 1.000000000000000082e-05 3.272467235117072337e-03
4.515527753941145058e-04 9.165981209555515430e-03 2.060253332480942254e-03 1.000000000000000082e-05 1.428391297554150625e-02
3.510346221250680229e-03 1.480740433962620013e-02 9.569831605504180647e-03 1.000000000000000082e-05 3.695627085229011982e-02
2.246487611906954757e-02 1.932957708405742478e-02 2.271886221626520305e-02 1.000000000000000082e-05 6.062498300200155898e-02
4.906516740495155821e-02 1.564227224529647978e-02 4.126314127691516065e-02 1.000000000000000082e-05 8.093351462183707989e-02
7.529451226412582632e-02 1.434174298231061934e-02 5.076968720432801369e-02 1.031519969201233691e-02 8.721725396075789838e-02
9.396871557726564628e-02 5.084302795381189476e-03 6.049895885330663220e-02 4.591410939227270893e-02 8.151521565565159055e-02
9.610685645141220368e-02 5.727480732105043326e-03 7.466196990272305767e-02 7.156591805876086343e-02 6.934503662898432175e-02
8.828434523066129580e-02 1.489939229755641269e-02 8.270141070369614600e-02 8.387222793231983997e-02 6.509151261702243729e-02
7.306388608522554340e-02 3.615308921718361768e-02 9.097726953856788423e-02 7.603981668446459230e-02 6.384621706430895771e-02
5.319241918167676164e-02 6.752104591689150892e-02 9.614365980459901873e-02 5.144502950593830837e-02 6.307067957816360482e-02
2.444352643383511034e-02 1.133946045408873726e-01 8.518258202858941530e-02 2.073720975541769665e-02 5.989498951353017242e-02
2.647068373565434046e-03 1.489647851162649583e-01 5.966885600135835716e-02 1.000000000000000082e-05 5.000684088063837157e-02
1.000000000000000082e-05 1.355248839864221233e-01 3.862183995684732168e-02 1.000000000000000082e-05 3.909395444378203216e-02
1.000000000000000082e-05 9.291481607265772436e-02 1.691428979216222719e-02 1.000000000000000082e-05 2.418313691518019642e-02
1.000000000000000082e-05 3.641192940420361762e-02 3.977496378658818346e-03 1.000000000000000082e-05 1.153360610156920450e-02
1.000000000000000082e-05 1.001074909401457498e-02 1.000000000000000082e-05 6.865150496249590450e-04 3.209231729767922196e-03
1.000000000000000082e-05 2.196528108669188774e-03 1.000000000000000082e-05 2.224828958699161220e-04 1.031599898442746429e-03
1.000000000000000082e-05 6.777729011680428458e-04 1.000000000000000082e-05 1.323000025986064061e-04 3.896235534644267072e-05
0.000000000000000000e+00 -0.000000000000000000e+00 -0.000000000000000000e+00 0.000000000000000000e+00 -0.000000000000000000e+00
0.000000000000000000e+00 -0.000000000000000000e+00 -0.000000000000000000e+00 0.000000000000000000e+00 -0.000000000000000000e+00
0.000000000000000000e+00 -0.000000000000000000e+00 -0.000000000000000000e+00 0.000000000000000000e+00 -0.000000000000000000e+00
0.000000000000000000e+00 -0.000000000000000000e+00 -0.000000000000000000e+00 0.000000000000000000e+00 -0.000000000000000000e+00
0.000000000000000000e+00 -0.000000000000000000e+00 -0.000000000000000000e+00 0.000000000000000000e+00 -0.000000000000000000e+00
0.000000000000000000e+00 -0.000000000000000000e+00 -0.000000000000000000e+00 0.000000000000000000e+00 -0.000000000000000000e+00
4.122062306724658022e-06 1.000000000000000082e-05 1.950113260942970528e-05 1.000000000000000082e-05 1.098735306188877295e-05
1.000000000000000082e-05 3.055924897223726098e-03 1.649275860394539320e-04 3.532148460024361523e-04 1.000000000000000082e-05
1.000000000000000082e-05 4.988822820059743597e-03 1.061140058729787873e-03 1.000000000000000082e-05 1.841268648832423136e-04
1.000000000000000082e-05 4.245659623099739058e-03 2.421877785629674394e-03 1.000000000000000082e-05 3.492695369332621431e-03
1.000000000000000082e-05 1.801006409397208153e-03 6.789269242464473532e-03 1.000000000000000082e-05 1.521805008328792203e-02
1.000000000000000082e-05 4.186413635391539995e-05 1.676901562494147527e-02 1.000000000000000082e-05 4.242740083612577678e-02
1.100223500549424825e-02 1.000000000000000082e-05 3.397766054237141842e-02 1.439763738631888272e-02 5.847495212914448348e-02
2.519421834043547234e-02 1.000000000000000082e-05 4.987941425343821872e-02 4.216775821319720258e-02 6.802944401975545563e-02
3.983274504229109003e-02 1.000000000000000082e-05 6.502137870734035763e-02 8.094344341187756364e-02 6.504841909893981089e-02
4.448457802802971428e-02 1.000000000000000082e-05 7.412470074074856141e-02 1.138857497651954431e-01 5.949280463150937587e-02
4.236379171667722238e-02 1.000000000000000082e-05 7.463931175336237234e-02 1.354204048428910290e-01 5.270380769466710691e-02
4.507021958320504146e-02 1.000000000000000082e-05 7.121292833433455483e-02 1.369271365077166236e-01 4.999468417385204838e-02
5.536129826692697681e-02 1.000000000000000082e-05 6.835582704906000007e-02 1.186639548950356587e-01 5.191975621722458301e-02
6.443193225229314203e-02 6.150851797382902476e-04 7.107708242095528428e-02 7.765741419038250937e-02 6.209126492660782537e-02
5.798476923732046040e-02 4.479270503593905245e-02 7.180743861480046175e-02 2.055918792238085185e-02 7.685321845102159599e-02
3.482097476650276163e-02 1.019058394776515969e-01 6.121327453114693007e-02 1.000000000000000082e-05 8.259236135696883252e-02
6.351342024431242024e-03 1.272653588767334309e-01 4.281338539437905266e-02 1.000000000000000082e-05 7.662076257958963521e-02
1.000000000000000082e-05 1.100735015200502293e-01 1.912753644438353051e-02 1.000000000000000082e-05 5.479510465786398971e-02
1.000000000000000082e-05 6.123596944094254063e-02 3.689471246287589004e-03 1.000000000000000082e-05 3.030865779345141148e-02
1.000000000000000082e-05 1.807104963659861979e-02 1.000000000000000082e-05 1.000000000000000082e-05 1.019666213640734245e-02
1.000000000000000082e-05 4.609824439318829792e-03 1.000000000000000082e-05 1.000000000000000082e-05 2.849444837706958510e-03
1.000000000000000082e-05 8.646952891928348954e-04 1.000000000000000082e-05 1.152278504167258901e-04 6.529911546679935646e-05
0.000000000000000000e+00 -0.000000000000000000e+00 -0.000000000000000000e+00 0.000000000000000000e+00 -0.000000000000000000e+00
0.000000000000000000e+00 -0.000000000000000000e+00 -0.000000000000000000e+00 0.000000000000000000e+00 -0.000000000000000000e+00
0.000000000000000000e+00 -0.000000000000000000e+00 -0.000000000000000000e+00 0.000000000000000000e+00 -0.000000000000000000e+00
0.000000000000000000e+00 -0.000000000000000000e+00 -0.000000000000000000e+00 0.000000000000000000e+00 -0.000000000000000000e+00
0.000000000000000000e+00 -0.000000000000000000e+00 -0.000000000000000000e+00 0.000000000000000000e+00 -0.000000000000000000e+00
1.000000000000000082e-05 1.000000000000000082e-05 3.657314667397933519e-04 1.000000000000000082e-05 1.645112225314540361e-04
1.000000000000000082e-05 1.234949935732520057e-03 7.176411668958953606e-05 1.000000000000000082e-05 1.000000000000000082e-05
1.000000000000000082e-05 7.168224907828062674e-03 9.699558981830578696e-04 1.000000000000000082e-05 1.460887370450299899e-04
1.000000000000000082e-05 1.413348481403909479e-02 3.283815397418645993e-03 1.000000000000000082e-05 1.098060078841096724e-03
1.000000000000000082e-05 8.036633598764124711e-03 4.434680663458063533e-03 1.000000000000000082e-05 3.843820929679464017e-03
1.000000000000000082e-05 1.610841453209450446e-03 8.388591482930590412e-03 3.196660305360425353e-03 1.053675679840008345e-02
1.000000000000000082e-05 1.000000000000000082e-05 1.289986081584142130e-02 1.357467390771116902e-02 2.495928984558864333e-02
1.000000000000000082e-05 1.000000000000000082e-05 2.551523283740549791e-02 3.824213919750817786e-02 3.540242495374250342e-02
1.000000000000000082e-05 1.000000000000000082e-05 3.348918710708314456e-02 7.462971878631034783e-02 3.875503497226502614e-02
1.000000000000000082e-05 1.000000000000000082e-05 3.987964005339247886e-02 1.137427047471244734e-01 3.317497168419578091e-02
1.000000000000000082e-05 1.000000000000000082e-05 3.941710037138645290e-02 1.405730810987982360e-01 2.699723071183342607e-02
1.000000000000000082e-05 1.000000000000000082e-05 2.876283406514928281e-02 1.545245969841933797e-01 2.224558931117055424e-02
7.244057468868629612e-03 1.000000000000000082e-05 1.876237570355343207e-02 1.576040539367731530e-01 2.043461531363090916e-02
2.811017411839757466e-02 1.000000000000000082e-05 1.456915229593678390e-02 1.484899634808746205e-01 2.499731024664589990e-02
6.238726007193658163e-02 1.000000000000000082e-05 3.044401393161527344e-02 1.180856302127078622e-01 2.623279952640846652e-02
8.267809582550665615e-02 1.000000000000000082e-05 5.472328003105145916e-02 6.087433994569308587e-02 4.532100538910831949e-02
6.579228306297785211e-02 4.283334067090203284e-02 6.798846691517591856e-02 1.000000000000000082e-05 7.648098974872610811e-02
2.460872202374382242e-02 9.979585837604279530e-02 5.251884224952733937e-02 1.000000000000000082e-05 1.010782842705109652e-01
1.000000000000000082e-05 9.936837674486409533e-02 2.685808233634632419e-02 1.000000000000000082e-05 9.434638090245270337e-02
1.000000000000000082e-05 7.095393507996189397e-02 4.997902003353574610e-03 1.000000000000000082e-05 5.811457338271618783e-02
1.000000000000000082e-05 3.555322560778693269e-02 1.000000000000000082e-05 1.000000000000000082e-05 2.407020572455931262e-02
1.000000000000000082e-05 8.868601977784988655e-03 1.000000000000000082e-05 1.000000000000000082e-05 5.831305404219395971e-03
1.000000000000000082e-05 2.031503668358207362e-03 1.000000000000000082e-05 1.000000000000000082e-05 2.980568821697566172e-04
0.000000000000000000e+00 -0.000000000000000000e+00 -0.000000000000000000e+00 0.000000000000000000e+00 -0.000000000000000000e+00
1.000000000000000082e-05 1.000000000000000082e-05 1.594509889882576620e-04 2.782276268261006593e-04 1.000000000000000082e-05
0.000000000000000000e+00 -0.000000000000000000e+00 -0.000000000000000000e+00 0.000000000000000000e+00 -0.000000000000000000e+00
0.000000000000000000e+00 -0.000000000000000000e+00 -0.000000000000000000e+00 0.000000000000000000e+00 -0.000000000000000000e+00
1.000000000000000082e-05 6.803253937215007850e-04 1.000000000000000082e-05 1.629345651128025771e-04 1.000000000000000082e-05
1.000000000000000082e-05 3.157225818884970298e-03 7.792232532786336381e-04 1.000000000000000082e-05 1.000000000000000082e-05
1.000000000000000082e-05 9.987637785905880902e-03 1.627504391800898252e-03 1.000000000000000082e-05 1.000000000000000082e-05
1.000000000000000082e-05 2.003543441078376591e-02 4.429785627790523879e-03 1.000000000000000082e-05 1.000000000000000082e-05
1.000000000000000082e-05 2.437449831125830871e-02 7.999640112990952234e-03 1.000000000000000082e-05 5.719741145173221075e-04
1.000000000000000082e-05 2.103243215696044832e-02 8.495339643030211732e-03 1.000000000000000082e-05 2.789562761098759308e-03
1.000000000000000082e-05 1.856644009449481478e-02 8.421881171394512283e-03 2.112623641837527676e-03 3.970869680264292080e-03
1.000000000000000082e-05 1.355006361478607903e-02 6.788778467498018249e-03 1.386596233512754107e-02 6.847096675625989615e-03
1.000000000000000082e-05 1.182721442179246463e-02 7.751756564403713273e-03 3.581205058037854883e-02 7.576974292789670322e-03
1.000000000000000082e-05 6.653626671748349812e-03 9.127020468402189876e-03 5.962128592635478064e-02 7.107307051816003952e-03
1.000000000000000082e-05 3.134133640821032407e-03 7.234155082118348505e-03 8.306537489044928113e-02 3.815360662760211574e-03
1.000000000000000082e-05 6.456397532625142779e-03 4.486561179858299282e-03 9.898824258557038791e-02 2.207585604801626938e-03
1.000000000000000082e-05 9.735346718093656343e-03 1.000000000000000082e-05 1.049137600969569234e-01 4.668395212111940305e-04
1.000000000000000082e-05 4.819573432340076673e-03 1.000000000000000082e-05 1.155664834305570460e-01 1.000000000000000082e-05
1.591804739802237662e-02 1.000000000000000082e-05 1.000000000000000082e-05 1.298160630213621158e-01 1.000000000000000082e-05
5.062508857495445769e-02 1.000000000000000082e-05 9.639717037915334838e-03 1.289966037816628885e-01 1.000000000000000082e-05
8.727169634647266583e-02 1.000000000000000082e-05 4.583092988952557068e-02 9.725661653893583058e-02 1.000000000000000082e-05
8.392452597928574953e-02 2.051224261333408488e-02 6.305189529527172043e-02 4.001733908772152348e-02 4.000310594697571720e-02
4.167523673177422894e-02 6.212351741079469303e-02 5.604777381310085960e-02 1.000000000000000082e-05 1.001240669219946727e-01
4.152218896175674523e-03 7.425422866602156280e-02 2.848761619682304083e-02 1.000000000000000082e-05 1.217597166435392952e-01
1.000000000000000082e-05 6.798820884764580907e-02 5.643428895664691532e-03 1.000000000000000082e-05 8.994935447008475804e-02
1.000000000000000082e-05 4.117766010951577627e-02 1.000000000000000082e-05 1.000000000000000082e-05 3.739898438276247072e-02
1.000000000000000082e-05 1.400622865186902308e-02 1.000000000000000082e-05 1.000000000000000082e-05 9.691439570022946856e-03
1.000000000000000082e-05 2.264458719836851160e-03 1.000000000000000082e-05 1.000000000000000082e-05 6.777037974746070613e-04
0.000000000000000000e+00 -0.000000000000000000e+00 -0.000000000000000000e+00 0.000000000000000000e+00 -0.000000000000000000e+00
0.000000000000000000e+00 -0.000000000000000000e+00 -0.000000000000000000e+00 0.000000000000000000e+00 -0.000000000000000000e+00
0.000000000000000000e+00 -0.000000000000000000e+00 -0.000000000000000000e+00 0.000000000000000000e+00 -0.000000000000000000e+00
0.000000000000000000e+00 -0.000000000000000000e+00 -0.000000000000000000e+00 0.000000000000000000e+00 -0.000000000000000000e+00
1.000000000000000082e-05 3.747490922767204575e-04 2.206451425868969667e-05 1.434984669340544513e-04 1.000000000000000082e-05
1.000000000000000082e-05 6.421186079019149465e-03 1.124195175110563345e-03 1.029120114532374266e-04 1.000000000000000082e-05
1.000000000000000082e-05 1.923371356013335934e-02 5.447672487798775956e-03 1.000000000000000082e-05 1.000000000000000082e-05
1.000000000000000082e-05 3.549395024527565029e-02 1.415224779381918895e-02 1.000000000000000082e-05 1.000000000000000082e-05
1.000000000000000082e-05 4.671716865847627687e-02 1.857746799643509097e-02 1.000000000000000082e-05 1.000000000000000082e-05
1.000000000000000082e-05 4.570102477835125826e-02 1.205359900986809583e-02 1.000000000000000082e-05 1.000000000000000082e-05
1.000000000000000082e-05 4.159615072220430171e-02 7.810466337602101940e-03 5.952769954141142852e-06 1.000000000000000082e-05
5.647014677448323680e-04 3.893154761563407534e-02 2.520036761672469258e-03 7.009208682120703950e-03 3.943861660617307334e-05
1.000000000000000082e-05 3.389822519015756735e-02 1.000000000000000082e-05 1.841067622449569369e-02 1.000000000000000082e-05
1.000000000000000082e-05 2.347577541035700266e-02 1.000000000000000082e-05 2.803589042097371156e-02 1.000000000000000082e-05
1.000000000000000082e-05 1.579270148293588499e-02 1.000000000000000082e-05 3.445077428906805073e-02 1.000000000000000082e-05
1.000000000000000082e-05 2.003946583549895064e-02 1.000000000000000082e-05 4.231522948432811515e-02 1.000000000000000082e-05
1.000000000000000082e-05 2.463584793758890820e-02 1.000000000000000082e-05 4.713329991232152738e-02 1.000000000000000082e-05
1.000000000000000082e-05 2.979828632996268586e-02 1.000000000000000082e-05 6.085938065743519421e-02 1.000000000000000082e-05
1.020605225506605526e-02 3.311787492091092244e-02 1.000000000000000082e-05 8.795908580660445619e-02 1.000000000000000082e-05
4.419399538894575735e-02 4.402370644773703767e-02 1.626779719422827286e-02 1.074453667805873314e-01 1.000000000000000082e-05
8.591553250070307901e-02 3.337754686532955206e-02 4.226161938700364468e-02 1.048521448714762605e-01 1.000000000000000082e-05
9.388509265368227830e-02 2.028126753594436740e-02 5.725082752365356908e-02 6.621062321891342528e-02 3.194792598077387212e-03
5.336062017667007190e-02 3.463966239840575445e-02 4.820578879974004444e-02 4.797731134948900536e-03 9.288898366882265833e-02
9.787860382245607352e-03 4.367081731780601828e-02 2.322147197101648297e-02 1.000000000000000082e-05 1.344784623651545663e-01
1.000000000000000082e-05 5.969390293943592496e-02 2.956896901238053026e-03 1.000000000000000082e-05 1.126125666758640703e-01
1.000000000000000082e-05 4.615199804633807884e-02 1.000000000000000082e-05 1.000000000000000082e-05 5.427227280556258526e-02
1.000000000000000082e-05 1.775655538267563796e-02 1.000000000000000082e-05 1.000000000000000082e-05 1.329026685828816993e-02
1.000000000000000082e-05 2.396392037570284784e-03 1.000000000000000082e-05 1.000000000000000082e-05 7.712167118432456140e-04
0.000000000000000000e+00 -0.000000000000000000e+00 -0.000000000000000000e+00 0.000000000000000000e+00 -0.000000000000000000e+00
0.000000000000000000e+00 -0.000000000000000000e+00 -0.000000000000000000e+00 0.000000000000000000e+00 -0.000000000000000000e+00
0.000000000000000000e+00 -0.000000000000000000e+00 -0.000000000000000000e+00 0.000000000000000000e+00 -0.000000000000000000e+00
0.000000000000000000e+00 -0.000000000000000000e+00 -0.000000000000000000e+00 0.000000000000000000e+00 -0.000000000000000000e+00
1.000000000000000082e-05 8.563306971453077724e-05 6.394056705312089582e-06 3.413492810511979810e-05 1.000000000000000082e-05
1.000000000000000082e-05 6.004198478289850954e-03 3.065916271647433841e-03 9.099509377052583490e-07 1.000000000000000082e-05
1.000000000000000082e-05 2.596001449078907258e-02 1.660842316603736504e-02 1.000000000000000082e-05 1.000000000000000082e-05
1.000000000000000082e-05 5.319456407251357821e-02 3.207761786698243994e-02 1.000000000000000082e-05 1.000000000000000082e-05
1.000000000000000082e-05 7.448551569497335878e-02 3.403649449010871103e-02 1.000000000000000082e-05 1.000000000000000082e-05
2.415767043113504608e-03 7.955200468441726847e-02 2.334214564098949576e-02 1.000000000000000082e-05 1.000000000000000082e-05
8.436337219042333233e-03 7.539020311938533780e-02 1.212277756677227619e-02 1.000000000000000082e-05 4.650206736524375062e-04
7.435088369907206715e-03 7.463268827327951271e-02 1.000000000000000082e-05 1.000000000000000082e-05 1.026954565777375098e-03
1.696557761694940207e-03 6.517943364191111644e-02 1.000000000000000082e-05 4.219076893746752377e-03 1.000000000000000082e-05
1.000000000000000082e-05 4.881720326134803695e-02 1.000000000000000082e-05 9.729187130318240825e-03 1.000000000000000082e-05
1.000000000000000082e-05 3.790655169993515511e-02 1.000000000000000082e-05 1.504114732838927881e-02 1.000000000000000082e-05
1.000000000000000082e-05 3.982484324917759388e-02 1.000000000000000082e-05 2.015644319390084288e-02 1.000000000000000082e-05
1.000000000000000082e-05 4.828310162771436154e-02 1.000000000000000082e-05 2.649861644691400842e-02 1.000000000000000082e-05
1.000000000000000082e-05 7.088562816602696215e-02 3.965490365306108614e-03 3.502317021173184663e-02 1.000000000000000082e-05
7.169110404435422891e-03 9.533281817185551565e-02 2.105426802158374966e-02 5.481542549052497576e-02 1.000000000000000082e-05
4.774729413001640305e-02 9.022412817188397993e-02 4.145228618676905646e-02 8.169107680783206649e-02 1.000000000000000082e-05
9.239641219067017130e-02 5.755001567484020752e-02 5.220625029154866287e-02 9.262401441140576119e-02 1.000000000000000082e-05
9.994490868392412464e-02 2.243291335034001965e-02 5.181639751384487652e-02 6.537061053899477503e-02 1.000000000000000082e-05
5.666336564270035847e-02 9.209317331074646715e-03 4.047841517943406159e-02 1.470061954556429323e-02 9.559083961257255901e-02
8.368453721883960250e-03 3.001563661866519031e-02 1.550507584654166153e-02 1.000000000000000082e-05 1.445671056933720000e-01
1.000000000000000082e-05 4.986008406234643947e-02 7.205766389318289200e-05 1.000000000000000082e-05 1.200087771959324756e-01
1.000000000000000082e-05 4.205315046519891159e-02 1.000000000000000082e-05 1.000000000000000082e-05 6.257857449213131973e-02
1.000000000000000082e-05 1.542400269727502507e-02 1.000000000000000082e-05 1.000000000000000082e-05 1.455397440343793834e-02
1.000000000000000082e-05 2.660450299984839454e-03 1.000000000000000082e-05 1.000000000000000082e-05 6.373356136903851263e-04
0.000000000000000000e+00 -0.000000000000000000e+00 -0.000000000000000000e+00 0.000000000000000000e+00 -0.000000000000000000e+00
0.000000000000000000e+00 -0.000000000000000000e+00 -0.000000000000000000e+00 0.000000000000000000e+00 -0.000000000000000000e+00
0.000000000000000000e+00 -0.000000000000000000e+00 -0.000000000000000000e+00 0.000000000000000000e+00 -0.000000000000000000e+00
0.000000000000000000e+00 -0.000000000000000000e+00 -0.000000000000000000e+00 0.000000000000000000e+00 -0.000000000000000000e+00
0.000000000000000000e+00 -0.000000000000000000e+00 -0.000000000000000000e+00 0.000000000000000000e+00 -0.000000000000000000e+00
1.000000000000000082e-05 4.099059520480921766e-03 6.697517666917005182e-03 1.000000000000000082e-05 1.000000000000000082e-05
1.000000000000000082e-05 1.993635335239679965e-02 3.008167786493621057e-02 1.000000000000000082e-05 1.000000000000000082e-05
1.000000000000000082e-05 4.931011588849669447e-02 5.868288608823828134e-02 1.000000000000000082e-05 1.000000000000000082e-05
1.000000000000000082e-05 7.706277799970159825e-02 7.196390133424114544e-02 1.000000000000000082e-05 1.000000000000000082e-05
1.474896688786451679e-02 9.254867562739273190e-02 5.484726352387999521e-02 1.000000000000000082e-05 1.000000000000000082e-05
2.629861125899743413e-02 1.036943390311175911e-01 2.567102729912180623e-02 1.000000000000000082e-05 7.519750843907031454e-03
2.364692345324404324e-02 1.126078493453814416e-01 1.432121263400563472e-03 1.000000000000000082e-05 1.089171479384789393e-02
9.546848790331446261e-03 1.014652878456555329e-01 1.000000000000000082e-05 1.000000000000000082e-05 5.366151646807015493e-03
2.599721564076919872e-03 9.054395418799354722e-02 1.000000000000000082e-05 5.824700640486788102e-03 1.991414812965872083e-03
1.000000000000000082e-05 8.316160221343364689e-02 1.000000000000000082e-05 9.716952382487735115e-03 1.000000000000000082e-05
1.000000000000000082e-05 9.071704570875267770e-02 1.000000000000000082e-05 1.461584558270588759e-02 1.000000000000000082e-05
1.000000000000000082e-05 1.095117156432052624e-01 5.888372230372652602e-03 2.191544437495702644e-02 1.000000000000000082e-05
1.000000000000000082e-05 1.351860498086480955e-01 2.494695471466194803e-02 2.904960056566052370e-02 1.000000000000000082e-05
2.383674002084875884e-02 1.425290841854092716e-01 4.703424523141718633e-02 4.419997212378035806e-02 1.000000000000000082e-05
7.123794834060710734e-02 1.111636984728357758e-01 6.214764562646370172e-02 6.327569924575775218e-02 1.000000000000000082e-05
1.067600341916680740e-01 5.849970419827869167e-02 5.837536108682392366e-02 7.011680473629806898e-02 1.000000000000000082e-05
9.442996651553466070e-02 1.139594859661518210e-02 4.307828979650073914e-02 4.939336841354786262e-02 3.017650707774624519e-02
4.251967444796870416e-02 3.066622671380278380e-03 2.277475316798321936e-02 1.408616060674596458e-02 1.243541735436128892e-01
1.244812674829866121e-03 1.985484194446344650e-02 7.549801532655348729e-03 1.000000000000000082e-05 1.531582034294393657e-01
1.000000000000000082e-05 3.857541141785297140e-02 1.000000000000000082e-05 1.000000000000000082e-05 1.157142497651559160e-01
1.000000000000000082e-05 3.130465574800370132e-02 1.000000000000000082e-05 1.000000000000000082e-05 5.675933294591345435e-02
1.000000000000000082e-05 1.003533419625129985e-02 1.000000000000000082e-05 1.000000000000000082e-05 1.222274529477112431e-02
1.000000000000000082e-05 2.484188609790057012e-03 1.000000000000000082e-05 1.000000000000000082e-05 4.395285030061128469e-04
0.000000000000000000e+00 -0.000000000000000000e+00 -0.000000000000000000e+00 0.000000000000000000e+00 -0.000000000000000000e+00
0.000000000000000000e+00 -0.000000000000000000e+00 -0.000000000000000000e+00 0.000000000000000000e+00 -0.000000000000000000e+00
0.000000000000000000e+00 -0.000000000000000000e+00 -0.000000000000000000e+00 0.000000000000000000e+00 -0.000000000000000000e+00
0.000000000000000000e+00 -0.000000000000000000e+00 -0.000000000000000000e+00 0.000000000000000000e+00 -0.000000000000000000e+00
4.140209582275610975e-06 4.826680699274596501e-05 9.429339303234004490e-05 1.000000000000000082e-05 1.000000000000000082e-05
1.000000000000000082e-05 1.951805973456920140e-03 9.217421952350155281e-03 1.000000000000000082e-05 1.000000000000000082e-05
1.000000000000000082e-05 1.042749101792058743e-02 3.798387516542408443e-02 1.000000000000000082e-05 1.000000000000000082e-05
1.000000000000000082e-05 2.050947152409048069e-02 8.226944338104991150e-02 1.000000000000000082e-05 1.000000000000000082e-05
6.767195465733302122e-04 4.350319282403840998e-02 1.105507790113208905e-01 1.000000000000000082e-05 1.000000000000000082e-05
2.756004308808944828e-02 6.875631496501992401e-02 1.012683198376746752e-01 1.000000000000000082e-05 1.000000000000000082e-05
4.974714023564174442e-02 9.319672281176870354e-02 6.458558303652711663e-02 1.000000000000000082e-05 8.226677258504682885e-03
5.544824608319705306e-02 1.177462344269274430e-01 2.610540276977813684e-02 1.000000000000000082e-05 1.945055323025851601e-02
4.108383753117569176e-02 1.342899443149309924e-01 4.428801928362001428e-03 1.000000000000000082e-05 1.759832433853329367e-02
2.492804865354248528e-02 1.436837818602579031e-01 1.000000000000000082e-05 1.000000000000000082e-05 1.021380756785761172e-02
1.061009829262686381e-02 1.589494593317909710e-01 5.200721005847118092e-03 1.000000000000000082e-05 3.518701034111886439e-03
7.656978058752095251e-03 1.704419369010717333e-01 2.090711258572881120e-02 1.000000000000000082e-05 1.000000000000000082e-05
1.220007744334317482e-02 1.793555998157250475e-01 4.076624711160062309e-02 8.666754616992514842e-03 1.000000000000000082e-05
3.417555517716444613e-02 1.739126620501303677e-01 6.081312567989250600e-02 1.739264634123444120e-02 1.000000000000000082e-05
6.935709517902008403e-02 1.375497135293549666e-01 7.177010401135901219e-02 3.669384302375298945e-02 1.000000000000000082e-05
1.035883500738316726e-01 8.450399087122550945e-02 6.104501099301461869e-02 5.661231592957569059e-02 1.000000000000000082e-05
1.094070202334826714e-01 2.287758832084270388e-02 4.480366622497015949e-02 5.592059817918704906e-02 1.229783466149450381e-02
7.181930462770495793e-02 1.000000000000000082e-05 2.215608686319560372e-02 3.386777141973538324e-02 9.787707885925575613e-02
2.251279678082711636e-02 2.080836062532689934e-03 7.289302868712902936e-03 5.776343026770235957e-03 1.558747211413579470e-01
1.000000000000000082e-05 1.369006750501180342e-02 1.038375752862723570e-03 1.000000000000000082e-05 1.457108146151876171e-01
1.000000000000000082e-05 2.516711815866332080e-02 1.000000000000000082e-05 1.000000000000000082e-05 9.883673075245141826e-02
1.000000000000000082e-05 1.763625481308729592e-02 1.000000000000000082e-05 1.000000000000000082e-05 4.056198762732560192e-02
1.000000000000000082e-05 5.559086037467888576e-03 1.000000000000000082e-05 1.000000000000000082e-05 7.370734631783979612e-03
1.000000000000000082e-05 1.330651416516893427e-03 1.000000000000000082e-05 1.000000000000000082e-05 1.657407688725832451e-04
0.000000000000000000e+00 -0.000000000000000000e+00 -0.000000000000000000e+00 0.000000000000000000e+00 -0.000000000000000000e+00
0.000000000000000000e+00 -0.000000000000000000e+00 -0.000000000000000000e+00 0.000000000000000000e+00 -0.000000000000000000e+00
0.000000000000000000e+00 -0.000000000000000000e+00 -0.000000000000000000e+00 0.000000000000000000e+00 -0.000000000000000000e+00
0.000000000000000000e+00 -0.000000000000000000e+00 -0.000000000000000000e+00 0.000000000000000000e+00 -0.000000000000000000e+00
7.643463844201374766e-06 8.910795137122252355e-05 1.740801102135510002e-04 1.000000000000000082e-05 1.000000000000000082e-05
1.000000000000000082e-05 1.000000000000000082e-05 6.383119095155251332e-03 1.000000000000000082e-05 1.000000000000000082e-05
1.000000000000000082e-05 1.811188795921767763e-03 2.900060298224808181e-02 1.000000000000000082e-05 1.000000000000000082e-05
1.000000000000000082e-05 1.000000000000000082e-05 7.441484618507891724e-02 1.000000000000000082e-05 1.000000000000000082e-05
1.000000000000000082e-05 1.740322893653274737e-03 1.244091980923915930e-01 1.000000000000000082e-05 1.000000000000000082e-05
2.363892741510970411e-02 2.211314670200811849e-02 1.436936938294711419e-01 1.000000000000000082e-05 3.459250100739020943e-03
5.677825479153873756e-02 4.234670955654333546e-02 1.281621382776136353e-01 1.000000000000000082e-05 1.177298480072922621e-02
8.558910940306518889e-02 6.753336226230988171e-02 8.893725701818445961e-02 1.000000000000000082e-05 2.224809907769170411e-02
9.234276115666456564e-02 9.437375030668673781e-02 6.138624804999718437e-02 1.000000000000000082e-05 3.118852047689515614e-02
8.114902059971768056e-02 1.179766720930796042e-01 5.374125018464964015e-02 1.000000000000000082e-05 2.471101055916025482e-02
6.647040426431009841e-02 1.422269935090874626e-01 6.240748741166755875e-02 1.000000000000000082e-05 1.184738292807079041e-02
6.464294615763986618e-02 1.482247724748375628e-01 7.184111268649169546e-02 1.000000000000000082e-05 1.000000000000000082e-05
7.499470352373963089e-02 1.379692644221572340e-01 7.861844963920579243e-02 3.592393423562104593e-04 1.000000000000000082e-05
9.605203800326228558e-02 1.083377387936615144e-01 7.722860428270551802e-02 2.125394068343064088e-02 1.000000000000000082e-05
1.145602244547016535e-01 6.456848485145164074e-02 6.044716333181444912e-02 4.344617691215096889e-02 1.000000000000000082e-05
1.156788889932102299e-01 1.196939434858868868e-02 3.630076887354495574e-02 5.699193898353421828e-02 3.811089813621010985e-02
8.352597465090001727e-02 1.000000000000000082e-05 1.830808466142361951e-02 4.239513902242761367e-02 1.016730000618737279e-01
3.455987612419137572e-02 1.000000000000000082e-05 4.066964155767225676e-03 2.319214804417931569e-02 1.519096332822172102e-01
1.246352762656623018e-03 1.000000000000000082e-05 1.000000000000000082e-05 6.786504316629188641e-03 1.539294048478378196e-01
1.000000000000000082e-05 9.722539736496397383e-03 1.000000000000000082e-05 1.186281340215038834e-03 1.163535252413348126e-01
1.000000000000000082e-05 1.211498564662961963e-02 1.000000000000000082e-05 6.639463629777876946e-04 6.402524532232532761e-02
1.000000000000000082e-05 9.060386129833038552e-03 1.000000000000000082e-05 6.537257836219343430e-04 2.139237050952021157e-02
1.000000000000000082e-05 1.833827405785612690e-03 1.000000000000000082e-05 3.805735860754842488e-04 3.219380155279930392e-03
0.000000000000000000e+00 -0.000000000000000000e+00 -0.000000000000000000e+00 0.000000000000000000e+00 -0.000000000000000000e+00
0.000000000000000000e+00 -0.000000000000000000e+00 -0.000000000000000000e+00 0.000000000000000000e+00 -0.000000000000000000e+00
0.000000000000000000e+00 -0.000000000000000000e+00 -0.000000000000000000e+00 0.000000000000000000e+00 -0.000000000000000000e+00
0.000000000000000000e+00 -0.000000000000000000e+00 -0.000000000000000000e+00 0.000000000000000000e+00 -0.000000000000000000e+00
0.000000000000000000e+00 -0.000000000000000000e+00 -0.000000000000000000e+00 0.000000000000000000e+00 -0.000000000000000000e+00
0.000000000000000000e+00 -0.000000000000000000e+00 -0.000000000000000000e+00 0.000000000000000000e+00 -0.000000000000000000e+00
1.000000000000000082e-05 1.000000000000000082e-05 2.802241254394744873e-03 1.000000000000000082e-05 3.972871360092380716e-04
1.000000000000000082e-05 1.000000000000000082e-05 1.445613143359552287e-02 1.000000000000000082e-05 1.324218063895149858e-03
1.000000000000000082e-05 1.000000000000000082e-05 4.193097763223974789e-02 1.000000000000000082e-05 3.622521474031916767e-04
1.000000000000000082e-05 1.000000000000000082e-05 8.860447508255814286e-02 1.000000000000000082e-05 1.976902103838636636e-04
1.240034456629107544e-02 1.000000000000000082e-05 1.332991554417800317e-01 1.000000000000000082e-05 4.156095405330771826e-03
4.407467586436442097e-02 1.000000000000000082e-05 1.482380629510154924e-01 1.000000000000000082e-05 1.044847613986613077e-02
8.055072001963650696e-02 1.000000000000000082e-05 1.386135761566253677e-01 1.000000000000000082e-05 2.259134012343850390e-02
1.081244592178764452e-01 5.542261633986756038e-03 1.163821179394133737e-01 1.000000000000000082e-05 3.189729462951573086e-02
1.174998710373523630e-01 2.457477370834402694e-02 9.996472139714572547e-02 1.000000000000000082e-05 3.716972165182406279e-02
1.191109953613831568e-01 3.990339374554664753e-02 9.014928206903732866e-02 3.055577706924179535e-04 3.916010111630325446e-02
1.192997421145314124e-01 4.037214619068959370e-02 8.292295087279279164e-02 1.447901031031752044e-02 4.057082537272433537e-02
1.253055561662442252e-01 2.067242239922367428e-02 6.842622171753638682e-02 3.383427626692120382e-02 4.205804294881531485e-02
1.259941723270577574e-01 1.000000000000000082e-05 4.890767571772349637e-02 5.589350449657901759e-02 5.179807139324706794e-02
1.089245897673930125e-01 1.000000000000000082e-05 2.569025637356235972e-02 6.855774300281318456e-02 8.160150166366307578e-02
7.224912712825434791e-02 1.000000000000000082e-05 5.084500867241809226e-03 6.115982653565749799e-02 1.234601884875699551e-01
2.982277876896946914e-02 1.000000000000000082e-05 1.000000000000000082e-05 3.904531195424357920e-02 1.518128199188493455e-01
2.650587251029472313e-04 1.000000000000000082e-05 1.000000000000000082e-05 2.237601739062761858e-02 1.461823530198274601e-01
1.000000000000000082e-05 1.000000000000000082e-05 1.000000000000000082e-05 1.558456198816697558e-02 1.100182990160718105e-01
1.000000000000000082e-05 5.497798348899214128e-03 1.000000000000000082e-05 9.557547354212931126e-03 6.635376325786822294e-02
1.000000000000000082e-05 3.617865993836122829e-03 1.000000000000000082e-05 4.262161654759111067e-03 2.924547609403601450e-02
1.000000000000000082e-05 3.051230097467843953e-03 1.000000000000000082e-05 2.073161513706734717e-03 7.840522777557810616e-03
1.000000000000000082e-05 4.211837828897108463e-04 1.000000000000000082e-05 3.191010292353511934e-04 1.016368059733238020e-03
0.000000000000000000e+00 -0.000000000000000000e+00 -0.000000000000000000e+00 0.000000000000000000e+00 -0.000000000000000000e+00
0.000000000000000000e+00 -0.000000000000000000e+00 -0.000000000000000000e+00 0.000000000000000000e+00 -0.000000000000000000e+00
0.000000000000000000e+00 -0.000000000000000000e+00 -0.000000000000000000e+00 0.000000000000000000e+00 -0.000000000000000000e+00
0.000000000000000000e+00 -0.000000000000000000e+00 -0.000000000000000000e+00 0.000000000000000000e+00 -0.000000000000000000e+00
0.000000000000000000e+00 -0.000000000000000000e+00 -0.000000000000000000e+00 0.000000000000000000e+00 -0.000000000000000000e+00
0.000000000000000000e+00 -0.000000000000000000e+00 -0.000000000000000000e+00 0.000000000000000000e+00 -0.000000000000000000e+00
1.000000000000000082e-05 1.000000000000000082e-05 2.997362734774935717e-04 4.088035484472448089e-05 3.116484587539551611e-04
1.000000000000000082e-05 1.000000000000000082e-05 4.275822567194136579e-03 2.174139202541103689e-04 9.429428050027793872e-04
1.000000000000000082e-05 1.000000000000000082e-05 1.617156431710996267e-02 3.675430030585298546e-03 1.012706795193489496e-04
1.000000000000000082e-05 1.000000000000000082e-05 3.659158357476163803e-02 7.645348462037236323e-03 1.197163275470446668e-04
1.000000000000000082e-05 1.000000000000000082e-05 6.984426104635500787e-02 1.710569735778448563e-02 1.000000000000000082e-05
9.329335846581842187e-03 1.000000000000000082e-05 1.003712179302914814e-01 2.555219849070647711e-02 4.548861140961582431e-04
3.499456615439949098e-02 1.000000000000000082e-05 1.184529016200728258e-01 2.540227248594545406e-02 8.581182797870198428e-03
6.604837356578152630e-02 1.000000000000000082e-05 1.159917006977963932e-01 3.691238096951196535e-02 1.702123997894639668e-02
9.504045686105155877e-02 1.000000000000000082e-05 9.776166412518470794e-02 4.845431964439595590e-02 3.073566423024239741e-02
1.105168723854924318e-01 1.000000000000000082e-05 7.254073237343899860e-02 6.172696111916597256e-02 4.515050033326368367e-02
1.109126182840513702e-01 1.000000000000000082e-05 4.580044935558087033e-02 7.755776740203973452e-02 6.829616101112657989e-02
9.650835500885118767e-02 1.000000000000000082e-05 2.045954655894499305e-02 9.065317271115572173e-02 9.096408845600624515e-02
6.959460952349366680e-02 1.000000000000000082e-05 1.133783499515236435e-03 9.434821138896248849e-02 1.105065080790654519e-01
3.744541462226020495e-02 1.000000000000000082e-05 1.000000000000000082e-05 8.427174650141426582e-02 1.253597462226933024e-01
9.273515431414717722e-03 1.000000000000000082e-05 1.000000000000000082e-05 5.929646957488003689e-02 1.288378655541633777e-01
1.000000000000000082e-05 1.000000000000000082e-05 1.000000000000000082e-05 3.946469463975155190e-02 1.128990916974740855e-01
1.000000000000000082e-05 1.000000000000000082e-05 1.000000000000000082e-05 2.858751506541993073e-02 8.155435229307923806e-02
1.000000000000000082e-05 1.000000000000000082e-05 1.000000000000000082e-05 1.592299456044675779e-02 5.111190637377610591e-02
1.000000000000000082e-05 5.675634631820339468e-04 1.000000000000000082e-05 8.275037096017354502e-03 2.310811245009922882e-02
1.000000000000000082e-05 9.477717923937396295e-04 1.000000000000000082e-05 4.169963294026842425e-03 8.800141736222013081e-03
1.000000000000000082e-05 1.006245644799521298e-03 1.000000000000000082e-05 1.752816887363818198e-03 1.772880575305457902e-03
1.000000000000000082e-05 2.290401469172515740e-04 1.000000000000000082e-05 4.009079576251111960e-04 1.378268885900601126e-04
0.000000000000000000e+00 -0.000000000000000000e+00 -0.000000000000000000e+00 0.000000000000000000e+00 -0.000000000000000000e+00
0.000000000000000000e+00 -0.000000000000000000e+00 -0.000000000000000000e+00 0.000000000000000000e+00 -0.000000000000000000e+00
0.000000000000000000e+00 -0.000000000000000000e+00 -0.000000000000000000e+00 0.000000000000000000e+00 -0.000000000000000000e+00
0.000000000000000000e+00 -0.000000000000000000e+00 -0.000000000000000000e+00 0.000000000000000000e+00 -0.000000000000000000e+00
0.000000000000000000e+00 -0.000000000000000000e+00 -0.000000000000000000e+00 0.000000000000000000e+00 -0.000000000000000000e+00
0.000000000000000000e+00 -0.000000000000000000e+00 -0.000000000000000000e+00 0.000000000000000000e+00 -0.000000000000000000e+00
0.000000000000000000e+00 -0.000000000000000000e+00 -0.000000000000000000e+00 0.000000000000000000e+00 -0.000000000000000000e+00
1.000000000000000082e-05 5.534535360058620655e-04 1.723398928418349045e-03 2.072534988033902965e-03 1.000000000000000082e-05
1.000000000000000082e-05 2.493072143414301525e-03 4.715684182368395927e-03 6.701130648633754801e-03 1.000000000000000082e-05
1.000000000000000082e-05 2.060852168673214021e-03 8.978649721689222277e-03 1.233612241487703695e-02 1.000000000000000082e-05
1.000000000000000082e-05 1.050201276241005070e-03 1.426139352465774675e-02 2.513569046628265011e-02 1.000000000000000082e-05
1.000000000000000082e-05 1.000000000000000082e-05 2.217162681677357569e-02 4.301332643613389045e-02 1.000000000000000082e-05
1.000000000000000082e-05 1.000000000000000082e-05 2.642579521147727512e-02 6.184058644538099198e-02 1.000000000000000082e-05
1.000000000000000082e-05 1.000000000000000082e-05 2.486258119549275905e-02 8.073970865361844440e-02 2.449748762425854945e-03
1.050691400823195896e-03 1.000000000000000082e-05 1.858523219546939428e-02 9.657238311693938648e-02 1.125016106338645391e-02
5.029777229885797063e-03 1.000000000000000082e-05 6.141363234954147661e-03 1.111037889566926923e-01 2.597761361558556178e-02
4.773718587184927996e-03 1.000000000000000082e-05 1.000000000000000082e-05 1.111868462035086741e-01 4.240531243297904901e-02
1.000000000000000082e-05 1.000000000000000082e-05 1.000000000000000082e-05 1.027938205259522619e-01 6.287203513794262233e-02
1.000000000000000082e-05 1.000000000000000082e-05 1.000000000000000082e-05 8.130897429660971509e-02 6.934524829768860810e-02
1.000000000000000082e-05 1.000000000000000082e-05 1.000000000000000082e-05 5.473130813522640581e-02 6.824759469677668666e-02
1.000000000000000082e-05 1.000000000000000082e-05 1.000000000000000082e-05 3.608604624795299504e-02 5.531683932020311362e-02
1.000000000000000082e-05 1.000000000000000082e-05 1.000000000000000082e-05 2.340762860132829942e-02 3.567633551913407947e-02
1.000000000000000082e-05 1.000000000000000082e-05 1.000000000000000082e-05 1.572630438170640951e-02 2.209603854493719446e-02
1.000000000000000082e-05 1.000000000000000082e-05 1.000000000000000082e-05 8.262478125674084170e-03 1.026950633994584174e-02
1.000000000000000082e-05 1.000000000000000082e-05 1.000000000000000082e-05 4.906691982690045140e-03 5.047891937656557963e-03
1.000000000000000082e-05 8.097444944818429143e-05 1.000000000000000082e-05 2.328951106035791370e-03 1.823223582561851958e-03
1.000000000000000082e-05 2.718961938516501050e-04 1.000000000000000082e-05 7.921184704916072296e-04 2.985306301605463331e-04
1.000000000000000082e-05 7.556880358859602114e-05 1.000000000000000082e-05 1.496516587660617957e-04 2.886264124923816325e-05
0.000000000000000000e+00 -0.000000000000000000e+00 -0.000000000000000000e+00 0.000000000000000000e+00 -0.000000000000000000e+00
0.000000000000000000e+00 -0.000000000000000000e+00 -0.000000000000000000e+00 0.000000000000000000e+00 -0.000000000000000000e+00
0.000000000000000000e+00 -0.000000000000000000e+00 -0.000000000000000000e+00 0.000000000000000000e+00 -0.000000000000000000e+00
0.000000000000000000e+00 -0.000000000000000000e+00 -0.000000000000000000e+00 0.000000000000000000e+00 -0.000000000000000000e+00
0.000000000000000000e+00 -0.000000000000000000e+00 -0.000000000000000000e+00 0.000000000000000000e+00 -0.000000000000000000e+00
0.000000000000000000e+00 -0.000000000000000000e+00 -0.000000000000000000e+00 0.000000000000000000e+00 -0.000000000000000000e+00
0.000000000000000000e+00 -0.000000000000000000e+00 -0.000000000000000000e+00 0.000000000000000000e+00 -0.000000000000000000e+00
1.000000000000000082e-05 9.231658514592355172e-05 5.430433092862732938e-05 8.698497505501694453e-05 1.000000000000000082e-05
1.000000000000000082e-05 1.130810349598260385e-03 4.442559382751960989e-04 1.443235861625985147e-03 1.000000000000000082e-05
1.000000000000000082e-05 3.412201100707634629e-03 6.646949036443722909e-04 4.060485181157067608e-03 1.000000000000000082e-05
1.000000000000000082e-05 5.130141819515960690e-03 7.842598813832175365e-04 9.198917989857644667e-03 1.000000000000000082e-05
1.000000000000000082e-05 7.105682776256828231e-03 1.000000000000000082e-05 1.536671253795605235e-02 1.000000000000000082e-05
1.000000000000000082e-05 7.871695769835753906e-03 1.000000000000000082e-05 2.033714368189083049e-02 1.000000000000000082e-05
1.000000000000000082e-05 7.760084648244692726e-03 1.000000000000000082e-05 2.439706568196657946e-02 1.000000000000000082e-05
1.000000000000000082e-05 6.659060061157774657e-03 1.000000000000000082e-05 2.716292982159210223e-02 1.000000000000000082e-05
1.000000000000000082e-05 6.203294944588098533e-03 1.000000000000000082e-05 2.874108355748277235e-02 1.000000000000000082e-05
1.000000000000000082e-05 7.229774525960851704e-03 1.000000000000000082e-05 3.030214163370185607e-02 7.987265662759877264e-04
1.000000000000000082e-05 6.145118478411974727e-03 1.000000000000000082e-05 2.821872841784851121e-02 4.481921428645339531e-03
1.000000000000000082e-05 2.148894985423711965e-03 1.000000000000000082e-05 1.762427143507782831e-02 6.839993084593735603e-03
1.000000000000000082e-05 1.376253565374457562e-03 1.000000000000000082e-05 1.209453062531027842e-02 6.691194283156431596e-03
1.000000000000000082e-05 7.092806727178692155e-04 1.000000000000000082e-05 8.311372461708486578e-03 5.212927998978445117e-03
1.000000000000000082e-05 7.922238774630520819e-04 1.000000000000000082e-05 4.773793034080773059e-03 3.335902696543952255e-03
1.000000000000000082e-05 1.898308127365862675e-03 1.000000000000000082e-05 4.267176032699587958e-03 2.628533791485241234e-03
1.000000000000000082e-05 1.288450756217261566e-03 1.000000000000000082e-05 3.066947168222082954e-03 9.348936838219461254e-04
1.000000000000000082e-05 5.368573553360333431e-04 1.000000000000000082e-05 1.374217946308756025e-03 3.440821056730135829e-04
1.000000000000000082e-05 3.501451409165680763e-04 1.000000000000000082e-05 6.947623522351932968e-04 1.332270965758939598e-04
1.000000000000000082e-05 2.421000559412430145e-04 1.000000000000000082e-05 4.794395734542358811e-04 9.246735066885546539e-05
0.000000000000000000e+00 -0.000000000000000000e+00 -0.000000000000000000e+00 0.000000000000000000e+00 -0.000000000000000000e+00
0.000000000000000000e+00 -0.000000000000000000e+00 -0.000000000000000000e+00 0.000000000000000000e+00 -0.000000000000000000e+00
0.000000000000000000e+00 -0.000000000000000000e+00 -0.000000000000000000e+00 0.000000000000000000e+00 -0.000000000000000000e+00
0.000000000000000000e+00 -0.000000000000000000e+00 -0.000000000000000000e+00 0.000000000000000000e+00 -0.000000000000000000e+00
0.000000000000000000e+00 -0.000000000000000000e+00 -0.000000000000000000e+00 0.000000000000000000e+00 -0.000000000000000000e+00
0.000000000000000000e+00 -0.000000000000000000e+00 -0.000000000000000000e+00 0.000000000000000000e+00 -0.000000000000000000e+00
0.000000000000000000e+00 -0.000000000000000000e+00 -0.000000000000000000e+00 0.000000000000000000e+00 -0.000000000000000000e+00
0.000000000000000000e+00 -0.000000000000000000e+00 -0.000000000000000000e+00 0.000000000000000000e+00 -0.000000000000000000e+00
0.000000000000000000e+00 -0.000000000000000000e+00 -0.000000000000000000e+00 0.000000000000000000e+00 -0.000000000000000000e+00
0.000000000000000000e+00 -0.000000000000000000e+00 -0.000000000000000000e+00 0.000000000000000000e+00 -0.000000000000000000e+00
1.000000000000000082e-05 4.519971597906451144e-04 1.000000000000000082e-05 2.717167371165736967e-04 1.000000000000000082e-05
1.000000000000000082e-05 9.039943195812902288e-04 1.000000000000000082e-05 5.434334742331473934e-04 1.000000000000000082e-05
1.000000000000000082e-05 9.039943195812902288e-04 1.000000000000000082e-05 5.434334742331473934e-04 1.000000000000000082e-05
1.000000000000000082e-05 9.039943195812902288e-04 1.000000000000000082e-05 5.434334742331473934e-04 1.000000000000000082e-05
1.000000000000000082e-05 9.039943195812902288e-04 1.000000000000000082e-05 5.434334742331473934e-04 1.000000000000000082e-05
1.000000000000000082e-05 1.733402422955438024e-03 1.000000000000000082e-05 1.446819453418761101e-03 1.000000000000000082e-05
1.000000000000000082e-05 2.474670854338974560e-03 1.000000000000000082e-05 2.144058886645067597e-03 1.000000000000000082e-05
1.000000000000000082e-05 2.288630502910226749e-03 1.000000000000000082e-05 2.122957447309393921e-03 1.000000000000000082e-05
1.000000000000000082e-05 1.341759973083257078e-03 1.000000000000000082e-05 1.853332249445240141e-03 1.008772475818664564e-04
1.000000000000000082e-05 1.351596029699419403e-03 1.000000000000000082e-05 1.718520015106054935e-03 3.430608944049239284e-05
1.000000000000000082e-05 1.088867106543534718e-03 1.000000000000000082e-05 1.158765415985757961e-03 1.000000000000000082e-05
1.000000000000000082e-05 3.358613492826489753e-05 1.000000000000000082e-05 6.651184834047187307e-05 1.282784055521694978e-05
1.000000000000000082e-05 1.819248975281013482e-04 1.000000000000000082e-05 3.602725118442227903e-04 6.948413634075850816e-05
1.000000000000000082e-05 2.924792583336404523e-04 1.000000000000000082e-05 5.792073459649420102e-04 1.117091115016810273e-04
1.000000000000000082e-05 3.540538390354592809e-04 1.000000000000000082e-05 7.011457345891409501e-04 1.352268191862452144e-04
1.000000000000000082e-05 3.400596161486820206e-04 1.000000000000000082e-05 6.734324644472772540e-04 1.298818856215716957e-04
1.000000000000000082e-05 7.556880358859602114e-05 1.000000000000000082e-05 1.496516587660617957e-04 2.886264124923816325e-05
0.000000000000000000e+00 -0.000000000000000000e+00 -0.000000000000000000e+00 0.000000000000000000e+00 -0.000000000000000000e+00
0.000000000000000000e+00 -0.000000000000000000e+00 -0.000000000000000000e+00 0.000000000000000000e+00 -0.000000000000000000e+00
0.000000000000000000e+00 -0.000000000000000000e+00 -0.000000000000000000e+00 0.000000000000000000e+00 -0.000000000000000000e+00
0.000000000000000000e+00 -0.000000000000000000e+00 -0.000000000000000000e+00 0.000000000000000000e+00 -0.000000000000000000e+00
0.000000000000000000e+00 -0.000000000000000000e+00 -0.000000000000000000e+00 0.000000000000000000e+00 -0.000000000000000000e+00
0.000000000000000000e+00 -0.000000000000000000e+00 -0.000000000000000000e+00 0.000000000000000000e+00 -0.000000000000000000e+00
0.000000000000000000e+00 -0.000000000000000000e+00 -0.000000000000000000e+00 0.000000000000000000e+00 -0.000000000000000000e+00
0.000000000000000000e+00 -0.000000000000000000e+00 -0.000000000000000000e+00 0.000000000000000000e+00 -0.000000000000000000e+00
0.000000000000000000e+00 -0.000000000000000000e+00 -0.000000000000000000e+00 0.000000000000000000e+00 -0.000000000000000000e+00
0.000000000000000000e+00 -0.000000000000000000e+00 -0.000000000000000000e+00 0.000000000000000000e+00 -0.000000000000000000e+00
0.000000000000000000e+00 -0.000000000000000000e+00 -0.000000000000000000e+00 0.000000000000000000e+00 -0.000000000000000000e+00
0.000000000000000000e+00 -0.000000000000000000e+00 -0.000000000000000000e+00 0.000000000000000000e+00 -0.000000000000000000e+00
0.000000000000000000e+00 -0.000000000000000000e+00 -0.000000000000000000e+00 0.000000000000000000e+00 -0.000000000000000000e+00
0.000000000000000000e+00 -0.000000000000000000e+00 -0.000000000000000000e+00 0.000000000000000000e+00 -0.000000000000000000e+00
0.000000000000000000e+00 -0.000000000000000000e+00 -0.000000000000000000e+00 0.000000000000000000e+00 -0.000000000000000000e+00
0.000000000000000000e+00 -0.000000000000000000e+00 -0.000000000000000000e+00 0.000000000000000000e+00 -0.000000000000000000e+00
0.000000000000000000e+00 -0.000000000000000000e+00 -0.000000000000000000e+00 0.000000000000000000e+00 -0.000000000000000000e+00
0.000000000000000000e+00 -0.000000000000000000e+00 -0.000000000000000000e+00 0.000000000000000000e+00 -0.000000000000000000e+00
0.000000000000000000e+00 -0.000000000000000000e+00 -0.000000000000000000e+00 0.000000000000000000e+00 -0.000000000000000000e+00
0.000000000000000000e+00 -0.000000000000000000e+00 -0.000000000000000000e+00 0.000000000000000000e+00 -0.000000000000000000e+00
0.000000000000000000e+00 -0.000000000000000000e+00 -0.000000000000000000e+00 0.000000000000000000e+00 -0.000000000000000000e+00
0.000000000000000000e+00 -0.000000000000000000e+00 -0.000000000000000000e+00 0.000000000000000000e+00 -0.000000000000000000e+00
0.000000000000000000e+00 -0.000000000000000000e+00 -0.000000000000000000e+00 0.000000000000000000e+00 -0.000000000000000000e+00
0.000000000000000000e+00 -0.000000000000000000e+00 -0.000000000000000000e+00 0.000000000000000000e+00 -0.000000000000000000e+00
0.000000000000000000e+00 -0.000000000000000000e+00 -0.000000000000000000e+00 0.000000000000000000e+00 -0.000000000000000000e+00
0.000000000000000000e+00 -0.000000000000000000e+00 -0.000000000000000000e+00 0.000000000000000000e+00 -0.000000000000000000e+00
0.000000000000000000e+00 -0.000000000000000000e+00 -0.000000000000000000e+00 0.000000000000000000e+00 -0.000000000000000000e+00
0.000000000000000000e+00 -0.000000000000000000e+00 -0.000000000000000000e+00 0.000000000000000000e+00 -0.000000000000000000e+00
0.000000000000000000e+00 -0.000000000000000000e+00 -0.000000000000000000e+00 0.000000000000000000e+00 -0.000000000000000000e+00
0.000000000000000000e+00 -0.000000000000000000e+00 -0.000000000000000000e+00 0.000000000000000000e+00 -0.000000000000000000e+00
0.000000000000000000e+00 -0.000000000000000000e+00 -0.000000000000000000e+00 0.000000000000000000e+00 -0.000000000000000000e+00
0.000000000000000000e+00 -0.000000000000000000e+00 -0.000000000000000000e+00 0.000000000000000000e+00 -0.000000000000000000e+00
0.000000000000000000e+00 -0.000000000000000000e+00 -0.000000000000000000e+00 0.000000000000000000e+00 -0.000000000000000000e+00
0.000000000000000000e+00 -0.000000000000000000e+00 -0.000000000000000000e+00 0.000000000000000000e+00 -0.000000000000000000e+00
