0.000000000000000000e+00 -0.000000000000000000e+00 0.000000000000000000e+00 0.000000000000000000e+00 0.000000000000000000e+00
0.000000000000000000e+00 0.000000000000000000e+00 0.000000000000000000e+00 0.000000000000000000e+00 0.000000000000000000e+00
0.000000000000000000e+00 0.000000000000000000e+00 -0.000000000000000000e+00 0.000000000000000000e+00 0.000000000000000000e+00
0.000000000000000000e+00 0.000000000000000000e+00 -0.000000000000000000e+00 0.000000000000000000e+00 0.000000000000000000e+00
0.000000000000000000e+00 0.000000000000000000e+00 -0.000000000000000000e+00 0.000000000000000000e+00 0.000000000000000000e+00
0.000000000000000000e+00 0.000000000000000000e+00 -0.000000000000000000e+00 0.000000000000000000e+00 0.000000000000000000e+00
0.000000000000000000e+00 0.000000000000000000e+00 -0.000000000000000000e+00 0.000000000000000000e+00 0.000000000000000000e+00
0.000000000000000000e+00 0.000000000000000000e+00 -0.000000000000000000e+00 0.000000000000000000e+00 0.000000000000000000e+00
0.000000000000000000e+00 0.000000000000000000e+00 -0.000000000000000000e+00 0.000000000000000000e+00 0.000000000000000000e+00
0.000000000000000000e+00 0.000000000000000000e+00 -0.000000000000000000e+00 0.000000000000000000e+00 0.000000000000000000e+00
0.000000000000000000e+00 0.000000000000000000e+00 -0.000000000000000000e+00 0.000000000000000000e+00 0.000000000000000000e+00
0.000000000000000000e+00 0.000000000000000000e+00 -0.000000000000000000e+00 0.000000000000000000e+00 0.000000000000000000e+00
0.000000000000000000e+00 0.000000000000000000e+00 -0.000000000000000000e+00 0.000000000000000000e+00 0.000000000000000000e+00
0.000000000000000000e+00 0.000000000000000000e+00 -0.000000000000000000e+00 0.000000000000000000e+00 0.000000000000000000e+00
0.000000000000000000e+00 0.000000000000000000e+00 -0.000000000000000000e+00 0.000000000000000000e+00 0.000000000000000000e+00
0.000000000000000000e+00 0.000000000000000000e+00 -0.000000000000000000e+00 0.000000000000000000e+00 0.000000000000000000e+00
0.000000000000000000e+00 0.000000000000000000e+00 -0.000000000000000000e+00 0.000000000000000000e+00 0.000000000000000000e+00
0.000000000000000000e+00 0.000000000000000000e+00 -0.000000000000000000e+00 0.000000000000000000e+00 0.000000000000000000e+00
0.000000000000000000e+00 0.000000000000000000e+00 -0.000000000000000000e+00 0.000000000000000000e+00 0.000000000000000000e+00
0.000000000000000000e+00 0.000000000000000000e+00 -0.000000000000000000e+00 0.000000000000000000e+00 0.000000000000000000e+00
0.000000000000000000e+00 0.000000000000000000e+00 -0.000000000000000000e+00 0.000000000000000000e+00 0.000000000000000000e+00
0.000000000000000000e+00 0.000000000000000000e+00 -0.000000000000000000e+00 0.000000000000000000e+00 0.000000000000000000e+00
0.000000000000000000e+00 0.000000000000000000e+00 -0.000000000000000000e+00 0.000000000000000000e+00 0.000000000000000000e+00
0.000000000000000000e+00 0.000000000000000000e+00 -0.000000000000000000e+00 0.000000000000000000e+00 0.000000000000000000e+00
0.000000000000000000e+00 0.000000000000000000e+00 -0.000000000000000000e+00 0.000000000000000000e+00 0.000000000000000000e+00
0.000000000000000000e+00 0.000000000000000000e+00 -0.000000000000000000e+00 0.000000000000000000e+00 0.000000000000000000e+00
0.000000000000000000e+00 0.000000000000000000e+00 -0.000000000000000000e+00 0.000000000000000000e+00 0.000000000000000000e+00
0.000000000000000000e+00 0.000000000000000000e+00 -0.000000000000000000e+00 0.000000000000000000e+00 0.000000000000000000e+00
0.000000000000000000e+00 0.000000000000000000e+00 -0.000000000000000000e+00 0.000000000000000000e+00 0.000000000000000000e+00
0.000000000000000000e+00 0.000000000000000000e+00 -0.000000000000000000e+00 0.000000000000000000e+00 0.000000000000000000e+00
0.000000000000000000e+00 0.000000000000000000e+00 -0.000000000000000000e+00 0.000000000000000000e+00 0.000000000000000000e+00
0.000000000000000000e+00 0.000000000000000000e+00 -0.000000000000000000e+00 0.000000000000000000e+00 0.000000000000000000e+00
0.000000000000000000e+00 0.000000000000000000e+00 -0.000000000000000000e+00 0.000000000000000000e+00 0.000000000000000000e+00
0.000000000000000000e+00 0.000000000000000000e+00 -0.000000000000000000e+00 0.000000000000000000e+00 0.000000000000000000e+00
0.000000000000000000e+00 0.000000000000000000e+00 -0.000000000000000000e+00 0.000000000000000000e+00 0.000000000000000000e+00
0.000000000000000000e+00 0.000000000000000000e+00 -0.000000000000000000e+00 0.000000000000000000e+00 0.000000000000000000e+00
0.000000000000000000e+00 0.000000000000000000e+00 -0.000000000000000000e+00 0.000000000000000000e+00 0.000000000000000000e+00
0.000000000000000000e+00 0.000000000000000000e+00 -0.000000000000000000e+00 0.000000000000000000e+00 0.000000000000000000e+00
0.000000000000000000e+00 0.000000000000000000e+00 -0.000000000000000000e+00 0.000000000000000000e+00 0.000000000000000000e+00
0.000000000000000000e+00 0.000000000000000000e+00 -0.000000000000000000e+00 0.000000000000000000e+00 0.000000000000000000e+00
0.000000000000000000e+00 0.000000000000000000e+00 -0.000000000000000000e+00 0.000000000000000000e+00 0.000000000000000000e+00
0.000000000000000000e+00 0.000000000000000000e+00 -0.000000000000000000e+00 0.000000000000000000e+00 0.000000000000000000e+00
0.000000000000000000e+00 0.000000000000000000e+00 -0.000000000000000000e+00 0.000000000000000000e+00 0.000000000000000000e+00
0.000000000000000000e+00 0.000000000000000000e+00 -0.000000000000000000e+00 0.000000000000000000e+00 0.000000000000000000e+00
0.000000000000000000e+00 0.000000000000000000e+00 -0.000000000000000000e+00 0.000000000000000000e+00 0.000000000000000000e+00
0.000000000000000000e+00 0.000000000000000000e+00 -0.000000000000000000e+00 0.000000000000000000e+00 0.000000000000000000e+00
0.000000000000000000e+00 0.000000000000000000e+00 -0.000000000000000000e+00 0.000000000000000000e+00 0.000000000000000000e+00
0.000000000000000000e+00 0.000000000000000000e+00 -0.000000000000000000e+00 0.000000000000000000e+00 0.000000000000000000e+00
0.000000000000000000e+00 0.000000000000000000e+00 -0.000000000000000000e+00 0.000000000000000000e+00 0.000000000000000000e+00
0.000000000000000000e+00 0.000000000000000000e+00 -0.000000000000000000e+00 0.000000000000000000e+00 0.000000000000000000e+00
0.000000000000000000e+00 0.000000000000000000e+00 -0.000000000000000000e+00 0.000000000000000000e+00 0.000000000000000000e+00
0.000000000000000000e+00 0.000000000000000000e+00 -0.000000000000000000e+00 0.000000000000000000e+00 0.000000000000000000e+00
0.000000000000000000e+00 0.000000000000000000e+00 -0.000000000000000000e+00 0.000000000000000000e+00 0.000000000000000000e+00
0.000000000000000000e+00 0.000000000000000000e+00 -0.000000000000000000e+00 0.000000000000000000e+00 0.000000000000000000e+00
0.000000000000000000e+00 0.000000000000000000e+00 -0.000000000000000000e+00 0.000000000000000000e+00 0.000000000000000000e+00
0.000000000000000000e+00 0.000000000000000000e+00 -0.000000000000000000e+00 0.000000000000000000e+00 0.000000000000000000e+00
0.000000000000000000e+00 0.000000000000000000e+00 -0.000000000000000000e+00 0.000000000000000000e+00 0.000000000000000000e+00
0.000000000000000000e+00 0.000000000000000000e+00 -0.000000000000000000e+00 0.000000000000000000e+00 0.000000000000000000e+00
0.000000000000000000e+00 0.000000000000000000e+00 -0.000000000000000000e+00 0.000000000000000000e+00 0.000000000000000000e+00
0.000000000000000000e+00 0.000000000000000000e+00 -0.000000000000000000e+00 0.000000000000000000e+00 0.000000000000000000e+00
0.000000000000000000e+00 0.000000000000000000e+00 -0.000000000000000000e+00 0.000000000000000000e+00 0.000000000000000000e+00
0.000000000000000000e+00 0.000000000000000000e+00 -0.000000000000000000e+00 0.000000000000000000e+00 0.000000000000000000e+00
0.000000000000000000e+00 0.000000000000000000e+00 -0.000000000000000000e+00 0.000000000000000000e+00 0.000000000000000000e+00
0.000000000000000000e+00 0.000000000000000000e+00 -0.000000000000000000e+00 0.000000000000000000e+00 0.000000000000000000e+00
0.000000000000000000e+00 0.000000000000000000e+00 -0.000000000000000000e+00 0.000000000000000000e+00 0.000000000000000000e+00
0.000000000000000000e+00 0.000000000000000000e+00 -0.000000000000000000e+00 0.000000000000000000e+00 0.000000000000000000e+00
0.000000000000000000e+00 0.000000000000000000e+00 -0.000000000000000000e+00 0.000000000000000000e+00 0.000000000000000000e+00
0.000000000000000000e+00 0.000000000000000000e+00 -0.000000000000000000e+00 0.000000000000000000e+00 0.000000000000000000e+00
0.000000000000000000e+00 0.000000000000000000e+00 -0.000000000000000000e+00 0.000000000000000000e+00 0.000000000000000000e+00
0.000000000000000000e+00 0.000000000000000000e+00 -0.000000000000000000e+00 0.000000000000000000e+00 0.000000000000000000e+00
0.000000000000000000e+00 0.000000000000000000e+00 -0.000000000000000000e+00 0.000000000000000000e+00 0.000000000000000000e+00
0.000000000000000000e+00 0.000000000000000000e+00 -0.000000000000000000e+00 0.000000000000000000e+00 0.000000000000000000e+00
0.000000000000000000e+00 0.000000000000000000e+00 -0.000000000000000000e+00 0.000000000000000000e+00 0.000000000000000000e+00
0.000000000000000000e+00 0.000000000000000000e+00 -0.000000000000000000e+00 0.000000000000000000e+00 0.000000000000000000e+00
0.000000000000000000e+00 0.000000000000000000e+00 -0.000000000000000000e+00 0.000000000000000000e+00 0.000000000000000000e+00
0.000000000000000000e+00 0.000000000000000000e+00 -0.000000000000000000e+00 0.000000000000000000e+00 0.000000000000000000e+00
0.000000000000000000e+00 0.000000000000000000e+00 -0.000000000000000000e+00 0.000000000000000000e+00 0.000000000000000000e+00
0.000000000000000000e+00 0.000000000000000000e+00 -0.000000000000000000e+00 0.000000000000000000e+00 0.000000000000000000e+00
0.000000000000000000e+00 0.000000000000000000e+00 -0.000000000000000000e+00 0.000000000000000000e+00 0.000000000000000000e+00
0.000000000000000000e+00 0.000000000000000000e+00 -0.000000000000000000e+00 0.000000000000000000e+00 0.000000000000000000e+00
0.000000000000000000e+00 0.000000000000000000e+00 -0.000000000000000000e+00 0.000000000000000000e+00 0.000000000000000000e+00
0.000000000000000000e+00 0.000000000000000000e+00 -0.000000000000000000e+00 0.000000000000000000e+00 0.000000000000000000e+00
0.000000000000000000e+00 0.000000000000000000e+00 -0.000000000000000000e+00 0.000000000000000000e+00 0.000000000000000000e+00
0.000000000000000000e+00 0.000000000000000000e+00 -0.000000000000000000e+00 0.000000000000000000e+00 0.000000000000000000e+00
0.000000000000000000e+00 0.000000000000000000e+00 -0.000000000000000000e+00 0.000000000000000000e+00 0.000000000000000000e+00
0.000000000000000000e+00 0.000000000000000000e+00 -0.000000000000000000e+00 0.000000000000000000e+00 0.000000000000000000e+00
0.000000000000000000e+00 0.000000000000000000e+00 -0.000000000000000000e+00 0.000000000000000000e+00 0.000000000000000000e+00
0.000000000000000000e+00 0.000000000000000000e+00 -0.000000000000000000e+00 0.000000000000000000e+00 0.000000000000000000e+00
0.000000000000000000e+00 0.000000000000000000e+00 -0.000000000000000000e+00 0.000000000000000000e+00 0.000000000000000000e+00
0.000000000000000000e+00 0.000000000000000000e+00 -0.000000000000000000e+00 0.000000000000000000e+00 0.000000000000000000e+00
0.000000000000000000e+00 0.000000000000000000e+00 -0.000000000000000000e+00 0.000000000000000000e+00 0.000000000000000000e+00
1.000000000000000082e-05 1.000000000000000082e-05 1.000000000000000082e-05 1.099692936764698920e-04 1.000000000000000082e-05
1.000000000000000082e-05 1.000000000000000082e-05 1.000000000000000082e-05 2.859201635588215322e-03 1.000000000000000082e-05
1.000000000000000082e-05 1.000000000000000082e-05 1.000000000000000082e-05 6.295742062977904147e-03 1.000000000000000082e-05
1.000000000000000082e-05 1.000000000000000082e-05 1.000000000000000082e-05 6.955557825036721466e-03 1.000000000000000082e-05
1.000000000000000082e-05 1.000000000000000082e-05 1.000000000000000082e-05 7.010542471874955592e-03 1.000000000000000082e-05
1.000000000000000082e-05 1.000000000000000082e-05 1.000000000000000082e-05 6.955557825036721466e-03 1.000000000000000082e-05
1.000000000000000082e-05 1.000000000000000082e-05 1.000000000000000082e-05 5.938341858529372352e-03 1.000000000000000082e-05
1.000000000000000082e-05 1.000000000000000082e-05 1.000000000000000082e-05 2.171893550110280506e-03 1.000000000000000082e-05
8.699472380005918203e-05 1.000000000000000082e-05 6.928831159186513459e-04 1.420843347684424629e-04 2.056241538998234764e-04
4.262741466202910816e-04 1.000000000000000082e-05 3.395127268001385794e-03 6.962132403653687731e-04 1.007558354109134788e-03
6.263620113604264792e-04 1.000000000000000082e-05 4.988758434614286655e-03 1.023007210332786384e-03 1.480493908078730526e-03
5.785149132703933626e-04 1.000000000000000082e-05 4.607672720859027141e-03 9.448608262101426767e-04 1.367400623433826868e-03
7.090069989704827049e-04 1.000000000000000082e-05 5.646997394736999985e-03 1.157987328362809027e-03 1.675836854283561852e-03
9.482424894206454690e-04 1.000000000000000082e-05 7.552425963513284546e-03 1.548719248976022575e-03 2.241303277508076026e-03
3.349296866302278589e-04 1.000000000000000082e-05 2.667599996286806625e-03 5.470246888585043226e-04 7.916529925143209493e-04
0.000000000000000000e+00 0.000000000000000000e+00 -0.000000000000000000e+00 0.000000000000000000e+00 0.000000000000000000e+00
0.000000000000000000e+00 0.000000000000000000e+00 -0.000000000000000000e+00 0.000000000000000000e+00 0.000000000000000000e+00
0.000000000000000000e+00 0.000000000000000000e+00 -0.000000000000000000e+00 0.000000000000000000e+00 0.000000000000000000e+00
0.000000000000000000e+00 0.000000000000000000e+00 -0.000000000000000000e+00 0.000000000000000000e+00 0.000000000000000000e+00
0.000000000000000000e+00 0.000000000000000000e+00 -0.000000000000000000e+00 0.000000000000000000e+00 0.000000000000000000e+00
0.000000000000000000e+00 0.000000000000000000e+00 -0.000000000000000000e+00 0.000000000000000000e+00 0.000000000000000000e+00
0.000000000000000000e+00 0.000000000000000000e+00 -0.000000000000000000e+00 0.000000000000000000e+00 0.000000000000000000e+00
0.000000000000000000e+00 0.000000000000000000e+00 -0.000000000000000000e+00 0.000000000000000000e+00 0.000000000000000000e+00
0.000000000000000000e+00 0.000000000000000000e+00 -0.000000000000000000e+00 0.000000000000000000e+00 0.000000000000000000e+00
0.000000000000000000e+00 0.000000000000000000e+00 -0.000000000000000000e+00 0.000000000000000000e+00 0.000000000000000000e+00
0.000000000000000000e+00 0.000000000000000000e+00 -0.000000000000000000e+00 0.000000000000000000e+00 0.000000000000000000e+00
1.000000000000000082e-05 1.000000000000000082e-05 5.850205614647807075e-04 4.333069793460943482e-04 1.000000000000000082e-05
1.000000000000000082e-05 1.000000000000000082e-05 1.420764220700180928e-03 1.052316949840513506e-03 1.000000000000000082e-05
1.000000000000000082e-05 1.000000000000000082e-05 1.698425145105895984e-03 5.417314640496587522e-03 1.000000000000000082e-05
1.000000000000000082e-05 1.000000000000000082e-05 1.698446438726518379e-03 1.025460912061794752e-02 1.000000000000000082e-05
1.000000000000000082e-05 1.000000000000000082e-05 1.000000000000000082e-05 1.810790289982661810e-02 1.000000000000000082e-05
5.469645018397242472e-03 1.000000000000000082e-05 4.222636078059145183e-04 3.631754149519221542e-02 1.000000000000000082e-05
7.917065065566643300e-03 1.000000000000000082e-05 1.000000000000000082e-05 5.349521572086633758e-02 1.000000000000000082e-05
9.331798707260821613e-03 1.000000000000000082e-05 1.000000000000000082e-05 7.841770068237111091e-02 1.000000000000000082e-05
2.511502671564759884e-02 1.000000000000000082e-05 1.000000000000000082e-05 7.730469162400455119e-02 1.000000000000000082e-05
4.592944147377224506e-02 1.000000000000000082e-05 1.000000000000000082e-05 7.139706112244681435e-02 1.000000000000000082e-05
6.832122819552839676e-02 1.000000000000000082e-05 1.000000000000000082e-05 6.637653722057662575e-02 1.874658095423049420e-03
9.292382512399485761e-02 1.000000000000000082e-05 1.000000000000000082e-05 3.888609512291945486e-02 1.000000000000000082e-05
1.074592565799310506e-01 1.000000000000000082e-05 1.000000000000000082e-05 1.540238467820265710e-02 1.000000000000000082e-05
1.048638352146275821e-01 1.000000000000000082e-05 1.000000000000000082e-05 1.000000000000000082e-05 1.000000000000000082e-05
8.036305215447012151e-02 1.000000000000000082e-05 1.908791704607537207e-03 1.000000000000000082e-05 1.698352434522383330e-03
4.558669092859030103e-02 1.000000000000000082e-05 8.044331680618370742e-03 1.000000000000000082e-05 8.253507733447313505e-03
1.558145462279596737e-02 1.000000000000000082e-05 8.038860703443418201e-03 1.000000000000000082e-05 2.039048280157956198e-03
7.193658540422029736e-04 1.000000000000000082e-05 9.033120246807795290e-04 1.000000000000000082e-05 1.378793802921486145e-04
0.000000000000000000e+00 0.000000000000000000e+00 -0.000000000000000000e+00 0.000000000000000000e+00 0.000000000000000000e+00
0.000000000000000000e+00 0.000000000000000000e+00 -0.000000000000000000e+00 0.000000000000000000e+00 0.000000000000000000e+00
0.000000000000000000e+00 0.000000000000000000e+00 -0.000000000000000000e+00 0.000000000000000000e+00 0.000000000000000000e+00
0.000000000000000000e+00 0.000000000000000000e+00 -0.000000000000000000e+00 0.000000000000000000e+00 0.000000000000000000e+00
0.000000000000000000e+00 0.000000000000000000e+00 -0.000000000000000000e+00 0.000000000000000000e+00 0.000000000000000000e+00
0.000000000000000000e+00 0.000000000000000000e+00 -0.000000000000000000e+00 0.000000000000000000e+00 0.000000000000000000e+00
0.000000000000000000e+00 0.000000000000000000e+00 -0.000000000000000000e+00 0.000000000000000000e+00 0.000000000000000000e+00
0.000000000000000000e+00 0.000000000000000000e+00 -0.000000000000000000e+00 0.000000000000000000e+00 0.000000000000000000e+00
1.000000000000000082e-05 1.671782532458615211e-05 5.055375638087179421e-04 1.864109832203012364e-04 1.000000000000000082e-05
1.000000000000000082e-05 7.754555241236364541e-05 4.527848969044784636e-03 1.468377776914447149e-03 1.000000000000000082e-05
1.000000000000000082e-05 1.000000000000000082e-05 6.594148669881698052e-03 3.001097652134549799e-03 1.000000000000000082e-05
1.000000000000000082e-05 1.000000000000000082e-05 1.740368687068836670e-02 1.265690038798057172e-02 1.000000000000000082e-05
1.000000000000000082e-05 1.000000000000000082e-05 1.701980792301747633e-02 3.195812608072753913e-02 1.000000000000000082e-05
1.000000000000000082e-05 1.000000000000000082e-05 2.054661369718088770e-02 4.849224563664974313e-02 1.000000000000000082e-05
1.000000000000000082e-05 1.000000000000000082e-05 1.448035532416527132e-02 8.822486357516770572e-02 1.000000000000000082e-05
5.485089188695313131e-03 1.000000000000000082e-05 1.806732748645266742e-02 1.187815180700435985e-01 1.000000000000000082e-05
1.532051803364086265e-02 1.000000000000000082e-05 1.549353892295184110e-02 1.390194091160776302e-01 1.000000000000000082e-05
3.675423060354574695e-02 8.181296253589226452e-04 1.722722755273059167e-02 1.439713018862580907e-01 1.000000000000000082e-05
6.513102759698045918e-02 3.670563026356851548e-03 2.022286663651171740e-02 1.450472978787172573e-01 1.000000000000000082e-05
8.446089626216454760e-02 1.104423843217986270e-02 1.082332456534455985e-02 1.334800614868122126e-01 1.000000000000000082e-05
9.978035132522669604e-02 3.831223025766574558e-03 2.074762461784175529e-04 1.063577604603245519e-01 1.389028012169124700e-02
1.143480036487686119e-01 7.028896687623515391e-04 1.000000000000000082e-05 6.889220328589236442e-02 3.576682097884032602e-02
1.188164068641978655e-01 1.000000000000000082e-05 4.641187502015698720e-03 4.079273881748857189e-02 3.413515990026794872e-02
1.201315402738254573e-01 1.000000000000000082e-05 1.000000000000000082e-05 1.779510601483705323e-02 4.583240163476119677e-02
1.148522150798546720e-01 1.000000000000000082e-05 3.899724016146094690e-03 1.000000000000000082e-05 4.558533210156554688e-02
9.393678335829191983e-02 1.000000000000000082e-05 1.057776708544541817e-02 1.000000000000000082e-05 4.733144720190714250e-02
5.126663723485795632e-02 1.000000000000000082e-05 2.197122113746570807e-02 1.000000000000000082e-05 3.406883493904889343e-02
9.928762755075952115e-03 1.000000000000000082e-05 6.282808391318459376e-03 1.000000000000000082e-05 8.671371498896619096e-03
1.000000000000000082e-05 1.000000000000000082e-05 1.000000000000000082e-05 1.265237644746992777e-03 7.505525411930755002e-03
0.000000000000000000e+00 0.000000000000000000e+00 -0.000000000000000000e+00 0.000000000000000000e+00 0.000000000000000000e+00
0.000000000000000000e+00 0.000000000000000000e+00 -0.000000000000000000e+00 0.000000000000000000e+00 0.000000000000000000e+00
0.000000000000000000e+00 0.000000000000000000e+00 -0.000000000000000000e+00 0.000000000000000000e+00 0.000000000000000000e+00
0.000000000000000000e+00 0.000000000000000000e+00 -0.000000000000000000e+00 0.000000000000000000e+00 0.000000000000000000e+00
0.000000000000000000e+00 0.000000000000000000e+00 -0.000000000000000000e+00 0.000000000000000000e+00 0.000000000000000000e+00
0.000000000000000000e+00 0.000000000000000000e+00 -0.000000000000000000e+00 0.000000000000000000e+00 0.000000000000000000e+00
0.000000000000000000e+00 0.000000000000000000e+00 -0.000000000000000000e+00 0.000000000000000000e+00 0.000000000000000000e+00
1.000000000000000082e-05 1.000000000000000082e-05 9.172447093021932410e-03 1.494485617365753829e-03 1.000000000000000082e-05
1.000000000000000082e-05 1.000000000000000082e-05 2.448850098442706055e-02 1.266683683293290006e-03 1.000000000000000082e-05
1.000000000000000082e-05 1.000000000000000082e-05 3.878625411676267509e-02 7.726414378527815020e-03 1.000000000000000082e-05
1.000000000000000082e-05 4.826377858257232395e-03 5.942531007538696258e-02 1.703591768382547306e-02 1.000000000000000082e-05
1.000000000000000082e-05 7.201192334345875995e-03 8.048577595570347021e-02 3.489132388750933178e-02 1.000000000000000082e-05
1.000000000000000082e-05 6.818497918743069222e-03 8.748559256332395784e-02 7.441204857946340234e-02 1.000000000000000082e-05
1.000000000000000082e-05 1.048878624633713813e-02 7.896245487576861177e-02 1.040880196751412662e-01 1.000000000000000082e-05
5.038735605287554369e-03 2.674299489076943995e-02 6.442279047928184399e-02 1.243496052737365076e-01 1.000000000000000082e-05
2.822267027949611554e-02 4.968153324408854099e-02 5.559248081649931228e-02 1.202591211784217462e-01 1.137197168998008850e-02
5.359659953624961587e-02 6.343306162647464885e-02 4.745291915420218193e-02 1.084747874431813558e-01 1.812024996191680809e-02
6.909157845306160284e-02 7.277850316079376158e-02 4.314011253151614489e-02 8.912781007860151594e-02 3.866316850126239046e-02
7.096919634259563070e-02 7.826628603054497368e-02 3.810852205405090842e-02 8.802835581676024534e-02 4.986173925397254653e-02
6.560372542573433829e-02 8.984547305167984999e-02 4.404216281215111994e-02 7.887263333866240123e-02 5.538671897499235219e-02
5.296988382981408089e-02 8.283521356227228905e-02 2.743429826155452042e-02 8.113577055758401657e-02 7.116390875825974460e-02
6.705671230426885066e-02 5.562138788995821953e-02 6.730958219747200898e-03 4.609729046979049727e-02 1.024119113921780483e-01
9.073601845420015133e-02 4.294650609145260478e-02 3.602371278469301916e-03 1.788839661526409747e-02 1.018807348713559602e-01
1.098519592544660861e-01 2.883388011591223737e-02 1.000000000000000082e-05 1.000000000000000082e-05 9.665227716896426791e-02
9.748236490746108041e-02 8.122219967192156193e-03 1.000000000000000082e-05 1.000000000000000082e-05 1.104862160438207785e-01
5.510314395244452629e-02 1.000000000000000082e-05 1.459755758112994770e-03 1.000000000000000082e-05 1.066003021998755684e-01
1.471728294944954669e-02 1.000000000000000082e-05 6.734195533808433332e-03 1.000000000000000082e-05 6.052264579848229409e-02
1.000000000000000082e-05 1.000000000000000082e-05 3.559433758783759651e-03 1.000000000000000082e-05 1.818179245867320923e-02
0.000000000000000000e+00 0.000000000000000000e+00 -0.000000000000000000e+00 0.000000000000000000e+00 0.000000000000000000e+00
0.000000000000000000e+00 0.000000000000000000e+00 -0.000000000000000000e+00 0.000000000000000000e+00 0.000000000000000000e+00
0.000000000000000000e+00 0.000000000000000000e+00 -0.000000000000000000e+00 0.000000000000000000e+00 0.000000000000000000e+00
0.000000000000000000e+00 0.000000000000000000e+00 -0.000000000000000000e+00 0.000000000000000000e+00 0.000000000000000000e+00
0.000000000000000000e+00 0.000000000000000000e+00 -0.000000000000000000e+00 0.000000000000000000e+00 0.000000000000000000e+00
0.000000000000000000e+00 0.000000000000000000e+00 -0.000000000000000000e+00 0.000000000000000000e+00 0.000000000000000000e+00
0.000000000000000000e+00 0.000000000000000000e+00 -0.000000000000000000e+00 0.000000000000000000e+00 0.000000000000000000e+00
1.000000000000000082e-05 1.000000000000000082e-05 4.684212155923744847e-02 1.000000000000000082e-05 1.000000000000000082e-05
1.000000000000000082e-05 1.607103412537780329e-03 6.304197782970562269e-02 1.000000000000000082e-05 1.000000000000000082e-05
1.000000000000000082e-05 1.080699383921521727e-02 7.635559739265816714e-02 1.415459869880995565e-03 1.000000000000000082e-05
1.000000000000000082e-05 1.862474987076275304e-02 9.331628428536492548e-02 1.013250564821728018e-02 1.000000000000000082e-05
1.000000000000000082e-05 1.822091709392871864e-02 1.151640190999760338e-01 1.835211586470780407e-02 1.000000000000000082e-05
1.000000000000000082e-05 3.004311625892974735e-02 1.139279235942245311e-01 4.735547528038443893e-02 1.000000000000000082e-05
1.000000000000000082e-05 5.118292090142342182e-02 1.014552315794193804e-01 6.171052100471843826e-02 1.396719844777937099e-02
4.865395750761356518e-03 8.381896843100615502e-02 7.780918513243705037e-02 6.288487214409532733e-02 2.689932295736286935e-02
1.888169239851779369e-02 9.895313475451600338e-02 7.099021732554942898e-02 3.275466263409076983e-02 5.264779793602980540e-02
3.663236294297985557e-02 1.095635748206518212e-01 6.098716142361929743e-02 1.119729219833528154e-02 6.770210395694156724e-02
3.544142363868348772e-02 1.116299154120041631e-01 5.573138556572939523e-02 6.371871158857401497e-03 7.722437878803507794e-02
1.788833014181970618e-02 1.123430490698585499e-01 5.735425629970451744e-02 2.942230833523306471e-02 8.467583487803138909e-02
1.000000000000000082e-05 1.191564934023965072e-01 3.845133064996993089e-02 6.090391474307606245e-02 7.838615846883374705e-02
1.000000000000000082e-05 1.042570540596427925e-01 2.247760296703490285e-02 9.664623879851309829e-02 7.950787135998740873e-02
1.313540615356580989e-02 8.467896684439216171e-02 1.599755315568932371e-02 8.587361217202568731e-02 8.195615498176152258e-02
6.462526604811846820e-02 6.879510748750156113e-02 1.252956750627198280e-02 2.957048297215094171e-02 8.428237226382892522e-02
1.012525944178989112e-01 5.447252083811648243e-02 1.526779215296473818e-03 1.000000000000000082e-05 8.920562834950966635e-02
9.326849739930424821e-02 3.356426488594546620e-02 1.000000000000000082e-05 1.000000000000000082e-05 1.244458747708818980e-01
4.821100683771341322e-02 1.000000000000000082e-05 1.000000000000000082e-05 1.000000000000000082e-05 1.419835387544920446e-01
3.680528183094500683e-03 1.000000000000000082e-05 1.000000000000000082e-05 1.000000000000000082e-05 1.110174507827742241e-01
1.000000000000000082e-05 1.000000000000000082e-05 1.000000000000000082e-05 1.000000000000000082e-05 3.425857707312955636e-02
0.000000000000000000e+00 0.000000000000000000e+00 -0.000000000000000000e+00 0.000000000000000000e+00 0.000000000000000000e+00
0.000000000000000000e+00 0.000000000000000000e+00 -0.000000000000000000e+00 0.000000000000000000e+00 0.000000000000000000e+00
0.000000000000000000e+00 0.000000000000000000e+00 -0.000000000000000000e+00 0.000000000000000000e+00 0.000000000000000000e+00
0.000000000000000000e+00 0.000000000000000000e+00 -0.000000000000000000e+00 0.000000000000000000e+00 0.000000000000000000e+00
0.000000000000000000e+00 0.000000000000000000e+00 -0.000000000000000000e+00 0.000000000000000000e+00 0.000000000000000000e+00
0.000000000000000000e+00 0.000000000000000000e+00 -0.000000000000000000e+00 0.000000000000000000e+00 0.000000000000000000e+00
0.000000000000000000e+00 0.000000000000000000e+00 -0.000000000000000000e+00 0.000000000000000000e+00 0.000000000000000000e+00
1.000000000000000082e-05 3.304421795493040024e-03 4.096544128752414859e-02 1.000000000000000082e-05 1.000000000000000082e-05
1.000000000000000082e-05 1.066224672544915757e-02 6.761319551167020714e-02 1.000000000000000082e-05 1.000000000000000082e-05
1.000000000000000082e-05 1.984035426880012901e-02 6.702448040494368708e-02 1.000000000000000082e-05 1.000000000000000082e-05
1.000000000000000082e-05 1.948344301409054430e-02 7.929848858082001739e-02 1.000000000000000082e-05 1.000000000000000082e-05
1.000000000000000082e-05 3.395745410048079532e-02 7.354402674745118274e-02 4.474458736933239859e-03 9.084915791189912895e-03
1.000000000000000082e-05 5.460472530655326173e-02 7.488553844897416489e-02 1.000000000000000082e-05 2.656162181740818334e-02
1.000000000000000082e-05 7.690849702774822660e-02 5.795365719967642687e-02 6.685491754528136155e-03 4.379891517699845832e-02
1.000000000000000082e-05 9.653422256501228982e-02 4.750020066699457005e-02 4.123977403870862125e-03 6.510964968406525444e-02
1.910558021604530311e-04 9.670657736971645380e-02 3.336258977490643568e-02 1.000000000000000082e-05 8.826684482341547178e-02
1.748545466850312589e-04 9.643596712719862407e-02 1.977385108209248066e-02 1.000000000000000082e-05 9.097396856185777092e-02
1.000000000000000082e-05 7.967865293360953949e-02 2.736530064667078155e-02 1.000000000000000082e-05 9.228697742877429999e-02
1.000000000000000082e-05 6.817467217862532847e-02 3.732876355349610403e-02 2.271763662121115829e-02 8.060106075785057611e-02
1.000000000000000082e-05 7.464513719190078722e-02 4.101595758514799128e-02 7.379669512698795730e-02 4.958964933635787165e-02
1.000000000000000082e-05 8.470797883363742620e-02 3.610747073612410873e-02 1.155124262288733106e-01 2.165706811610047799e-02
2.984757240891556390e-02 9.496703761927266507e-02 7.415111485347292142e-03 9.558494890179360104e-02 1.338454091015662747e-02
8.594210945084478082e-02 8.474974519346499535e-02 1.415162029031004180e-02 2.349938707984439157e-02 2.702929190887336935e-02
1.013022843795718803e-01 6.243008415673642619e-02 6.345212848838939490e-03 1.000000000000000082e-05 6.361208006956327321e-02
8.265451209585303327e-02 3.044986934166791018e-02 1.000000000000000082e-05 1.000000000000000082e-05 1.232776869621723531e-01
2.950775376783617079e-02 1.000000000000000082e-05 1.000000000000000082e-05 1.000000000000000082e-05 1.510884578244348075e-01
1.000000000000000082e-05 1.000000000000000082e-05 1.000000000000000082e-05 1.000000000000000082e-05 1.115665236999169863e-01
1.000000000000000082e-05 1.349756331129676979e-03 1.000000000000000082e-05 1.000000000000000082e-05 4.187468980230651949e-02
0.000000000000000000e+00 0.000000000000000000e+00 -0.000000000000000000e+00 0.000000000000000000e+00 0.000000000000000000e+00
0.000000000000000000e+00 0.000000000000000000e+00 -0.000000000000000000e+00 0.000000000000000000e+00 0.000000000000000000e+00
0.000000000000000000e+00 0.000000000000000000e+00 -0.000000000000000000e+00 0.000000000000000000e+00 0.000000000000000000e+00
0.000000000000000000e+00 0.000000000000000000e+00 -0.000000000000000000e+00 0.000000000000000000e+00 0.000000000000000000e+00
0.000000000000000000e+00 0.000000000000000000e+00 -0.000000000000000000e+00 0.000000000000000000e+00 0.000000000000000000e+00
0.000000000000000000e+00 0.000000000000000000e+00 -0.000000000000000000e+00 0.000000000000000000e+00 0.000000000000000000e+00
0.000000000000000000e+00 0.000000000000000000e+00 -0.000000000000000000e+00 0.000000000000000000e+00 0.000000000000000000e+00
1.000000000000000082e-05 2.881205929843120000e-03 2.974543204739805990e-02 1.000000000000000082e-05 1.000000000000000082e-05
1.000000000000000082e-05 7.517421375083861365e-03 4.875258147660282287e-02 1.000000000000000082e-05 1.000000000000000082e-05
1.000000000000000082e-05 1.322050278187786830e-02 5.852824250785418347e-02 1.000000000000000082e-05 1.000000000000000082e-05
1.000000000000000082e-05 2.025952156847045035e-02 4.750317975150435135e-02 1.000000000000000082e-05 4.385657055423698887e-03
1.000000000000000082e-05 3.510359576118382563e-02 4.659464144902889654e-02 1.000000000000000082e-05 1.645900985802410676e-02
1.000000000000000082e-05 4.672964227302259937e-02 4.582940572602241247e-02 1.000000000000000082e-05 3.176468684774829548e-02
1.000000000000000082e-05 6.926473666325068390e-02 4.117052967895461213e-02 1.000000000000000082e-05 5.048776806944241941e-02
1.000000000000000082e-05 6.610210856698166271e-02 2.075618646699517109e-02 1.000000000000000082e-05 7.003631901632220713e-02
1.000000000000000082e-05 4.528603247585450547e-02 7.257838982615805526e-03 1.000000000000000082e-05 7.388032899273738741e-02
1.000000000000000082e-05 2.916224879855807903e-02 1.713355857475637543e-03 1.000000000000000082e-05 7.048967078401641162e-02
1.000000000000000082e-05 2.514628350593737030e-02 2.559195731140493507e-02 1.338597138227096313e-02 5.405993171590597196e-02
1.000000000000000082e-05 2.319857662009596616e-02 6.143552415980254450e-02 4.746227055168152076e-02 1.688566233510680956e-02
3.718961797523227808e-03 3.620235724679207734e-02 6.717786641040769668e-02 1.032494188088868697e-01 1.000000000000000082e-05
4.246272853992704571e-02 7.452235928653420938e-02 5.520028875685126929e-02 1.133220226574962325e-01 1.000000000000000082e-05
9.292800027876328695e-02 9.466154113229098555e-02 2.696847402326014650e-02 6.091304260547169419e-02 1.000000000000000082e-05
1.091529704303102338e-01 7.154048475801168261e-02 2.109631964171305649e-02 8.282653847793830862e-03 1.477882359772118848e-02
9.366828256962857202e-02 3.857995059222008721e-02 1.194005356203421339e-02 1.000000000000000082e-05 9.486247294589104928e-02
5.251877943106018215e-02 2.802424411508013403e-03 8.628586754209093337e-03 1.000000000000000082e-05 1.434541804543090771e-01
6.255282130265789504e-03 1.000000000000000082e-05 1.000000000000000082e-05 1.000000000000000082e-05 1.437534214958343937e-01
1.000000000000000082e-05 9.087801196150694597e-04 1.000000000000000082e-05 1.000000000000000082e-05 9.264356330411627205e-02
1.000000000000000082e-05 4.126317657393944842e-03 1.000000000000000082e-05 1.000000000000000082e-05 3.186294947511272846e-02
0.000000000000000000e+00 0.000000000000000000e+00 -0.000000000000000000e+00 0.000000000000000000e+00 0.000000000000000000e+00
0.000000000000000000e+00 0.000000000000000000e+00 -0.000000000000000000e+00 0.000000000000000000e+00 0.000000000000000000e+00
0.000000000000000000e+00 0.000000000000000000e+00 -0.000000000000000000e+00 0.000000000000000000e+00 0.000000000000000000e+00
0.000000000000000000e+00 0.000000000000000000e+00 -0.000000000000000000e+00 0.000000000000000000e+00 0.000000000000000000e+00
0.000000000000000000e+00 0.000000000000000000e+00 -0.000000000000000000e+00 0.000000000000000000e+00 0.000000000000000000e+00
0.000000000000000000e+00 0.000000000000000000e+00 -0.000000000000000000e+00 0.000000000000000000e+00 0.000000000000000000e+00
0.000000000000000000e+00 0.000000000000000000e+00 -0.000000000000000000e+00 0.000000000000000000e+00 0.000000000000000000e+00
1.000000000000000082e-05 8.666192202736501277e-04 2.696785532344903383e-02 1.000000000000000082e-05 1.000000000000000082e-05
1.000000000000000082e-05 1.841130700528909687e-03 2.733252449208158422e-02 1.000000000000000082e-05 1.000000000000000082e-05
1.000000000000000082e-05 4.438247521463448142e-03 1.918493532445501165e-02 1.000000000000000082e-05 1.000000000000000082e-05
1.000000000000000082e-05 1.395610492728470778e-02 1.479502548354013312e-02 1.000000000000000082e-05 1.000000000000000082e-05
1.000000000000000082e-05 2.216072768221810305e-02 7.164799312621071732e-03 1.000000000000000082e-05 6.034141778001647291e-03
1.000000000000000082e-05 2.281609592113122489e-02 1.066339829764096324e-02 1.000000000000000082e-05 1.247671938590640822e-02
1.000000000000000082e-05 2.694094379228667568e-02 2.280501281734730740e-02 1.000000000000000082e-05 1.485778954153726440e-02
1.000000000000000082e-05 2.179612114322399333e-02 1.479300004160450342e-02 1.000000000000000082e-05 3.707679126168058475e-02
1.000000000000000082e-05 8.036391252961580869e-03 1.733126199181885679e-02 2.297668211148463403e-03 3.372395214504441546e-02
1.000000000000000082e-05 1.000000000000000082e-05 4.401081077827415783e-02 2.305798460830186386e-02 1.889044156031631158e-02
6.729236460173739810e-03 1.000000000000000082e-05 8.403013535365258524e-02 5.367250485392330295e-02 1.000000000000000082e-05
2.178067113723779549e-02 1.486016842353877002e-02 9.914991954248845996e-02 8.318226943226261771e-02 1.000000000000000082e-05
6.297305838709850445e-02 6.175765546934375988e-02 7.838279303713563406e-02 1.034649150542229917e-01 1.000000000000000082e-05
9.550789065771007891e-02 8.991697475931739736e-02 5.601136243742729781e-02 8.963900487608561507e-02 1.000000000000000082e-05
1.104813618821537669e-01 7.301199556624045350e-02 2.601691029617714951e-02 4.265505450538505799e-02 1.000000000000000082e-05
9.756113422540003965e-02 4.272542651504474681e-02 2.274934390951716817e-02 1.000000000000000082e-05 7.042686101970467571e-02
5.833887040911928806e-02 3.556455483538840077e-03 7.028772056948171844e-03 1.000000000000000082e-05 1.310858009045448025e-01
1.291472932459987628e-02 1.000000000000000082e-05 3.177297394868735299e-03 1.000000000000000082e-05 1.380064459234716934e-01
1.000000000000000082e-05 6.404263146399121441e-04 1.000000000000000082e-05 1.000000000000000082e-05 1.053213902941577546e-01
1.000000000000000082e-05 8.006822425465303858e-03 1.000000000000000082e-05 1.000000000000000082e-05 5.645451783118852346e-02
1.000000000000000082e-05 4.124419413821076193e-03 1.000000000000000082e-05 1.000000000000000082e-05 2.178604627347625541e-02
0.000000000000000000e+00 0.000000000000000000e+00 -0.000000000000000000e+00 0.000000000000000000e+00 0.000000000000000000e+00
0.000000000000000000e+00 0.000000000000000000e+00 -0.000000000000000000e+00 0.000000000000000000e+00 0.000000000000000000e+00
0.000000000000000000e+00 0.000000000000000000e+00 -0.000000000000000000e+00 0.000000000000000000e+00 0.000000000000000000e+00
0.000000000000000000e+00 0.000000000000000000e+00 -0.000000000000000000e+00 0.000000000000000000e+00 0.000000000000000000e+00
0.000000000000000000e+00 0.000000000000000000e+00 -0.000000000000000000e+00 0.000000000000000000e+00 0.000000000000000000e+00
0.000000000000000000e+00 0.000000000000000000e+00 -0.000000000000000000e+00 0.000000000000000000e+00 0.000000000000000000e+00
0.000000000000000000e+00 0.000000000000000000e+00 -0.000000000000000000e+00 0.000000000000000000e+00 0.000000000000000000e+00
1.000000000000000082e-05 1.000000000000000082e-05 5.023241759791891199e-03 1.000000000000000082e-05 8.111487757307763065e-04
1.000000000000000082e-05 1.000000000000000082e-05 4.685138949036665376e-03 1.000000000000000082e-05 7.565522235181276886e-04
1.000000000000000082e-05 8.719092558457435470e-05 1.000000000000000082e-05 1.000000000000000082e-05 1.000000000000000082e-05
1.000000000000000082e-05 3.269659709421537420e-03 1.000000000000000082e-05 1.000000000000000082e-05 1.000000000000000082e-05
1.000000000000000082e-05 3.392787977048658098e-03 1.000000000000000082e-05 1.000000000000000082e-05 2.220263330313263981e-04
1.000000000000000082e-05 1.000000000000000082e-05 8.896352677748223595e-03 3.975644840673563281e-03 3.859803964151479333e-03
1.000000000000000082e-05 1.000000000000000082e-05 3.458513812109006991e-02 1.221896908901126764e-03 4.962053442592854850e-03
4.863161210942699465e-03 1.000000000000000082e-05 5.377329306116093721e-02 5.794806272287306853e-03 9.416326913582965391e-03
1.907059015314837083e-02 1.000000000000000082e-05 8.013866435712929670e-02 2.267818463273817836e-02 1.299690096637716322e-03
3.726913774812824071e-02 1.329009605120522620e-03 1.127583687431707171e-01 4.565012954344149082e-02 1.000000000000000082e-05
5.710783822155735684e-02 2.088088810899283235e-02 1.262964608776151743e-01 7.294248686652755886e-02 1.000000000000000082e-05
8.549288543478261726e-02 6.796702923089123494e-02 1.032918436731746908e-01 9.092525660710153168e-02 1.000000000000000082e-05
1.030551597123940816e-01 8.368900377094612431e-02 6.545985270195375794e-02 9.646345573955973640e-02 1.000000000000000082e-05
1.034698601393868600e-01 6.838933958193177398e-02 2.369990433910700717e-02 7.265545449708692149e-02 1.794467537908769894e-02
8.677508348900246637e-02 4.086007988928181539e-02 1.000000000000000082e-05 3.742151232055022231e-02 8.717901760004766187e-02
3.889726066608375360e-02 3.858336508847036959e-03 2.841943915009686496e-03 2.309816141409220744e-02 1.484094883780329721e-01
6.854986887834720218e-03 1.000000000000000082e-05 5.120283377791304963e-03 1.100688508636168614e-02 1.530864078230652348e-01
1.000000000000000082e-05 1.000000000000000082e-05 1.000000000000000082e-05 5.226041857782264335e-03 1.070913781642199997e-01
1.000000000000000082e-05 5.808301002367782274e-03 1.000000000000000082e-05 1.000000000000000082e-05 5.786545534233068083e-02
1.000000000000000082e-05 8.664644232843070337e-03 1.000000000000000082e-05 1.000000000000000082e-05 3.780602427523301751e-02
1.000000000000000082e-05 2.185416840457590597e-03 1.000000000000000082e-05 1.000000000000000082e-05 1.243414568035169226e-02
0.000000000000000000e+00 0.000000000000000000e+00 -0.000000000000000000e+00 0.000000000000000000e+00 0.000000000000000000e+00
0.000000000000000000e+00 0.000000000000000000e+00 -0.000000000000000000e+00 0.000000000000000000e+00 0.000000000000000000e+00
0.000000000000000000e+00 0.000000000000000000e+00 -0.000000000000000000e+00 0.000000000000000000e+00 0.000000000000000000e+00
0.000000000000000000e+00 0.000000000000000000e+00 -0.000000000000000000e+00 0.000000000000000000e+00 0.000000000000000000e+00
0.000000000000000000e+00 0.000000000000000000e+00 -0.000000000000000000e+00 0.000000000000000000e+00 0.000000000000000000e+00
0.000000000000000000e+00 0.000000000000000000e+00 -0.000000000000000000e+00 0.000000000000000000e+00 0.000000000000000000e+00
0.000000000000000000e+00 0.000000000000000000e+00 -0.000000000000000000e+00 0.000000000000000000e+00 0.000000000000000000e+00
0.000000000000000000e+00 0.000000000000000000e+00 -0.000000000000000000e+00 0.000000000000000000e+00 0.000000000000000000e+00
0.000000000000000000e+00 0.000000000000000000e+00 -0.000000000000000000e+00 0.000000000000000000e+00 0.000000000000000000e+00
0.000000000000000000e+00 0.000000000000000000e+00 -0.000000000000000000e+00 0.000000000000000000e+00 0.000000000000000000e+00
1.000000000000000082e-05 1.000000000000000082e-05 1.063019584046421802e-03 9.165606361727426791e-05 6.004761154834078454e-04
2.175345959095080668e-03 1.000000000000000082e-05 2.764114829841740270e-03 1.000000000000000082e-05 1.337175856435783962e-03
5.018646485743572840e-03 1.000000000000000082e-05 2.969505267420407060e-02 1.000000000000000082e-05 2.298095528764046436e-03
2.217379108036188207e-02 1.000000000000000082e-05 6.211918147863804834e-02 1.000000000000000082e-05 1.000000000000000082e-05
4.753248566587939955e-02 3.369458949925269176e-03 1.024487465693842414e-01 1.580857460758585201e-02 1.000000000000000082e-05
7.045203922723707046e-02 1.514392061897660603e-02 1.384703278480767519e-01 4.319889688796130917e-02 1.000000000000000082e-05
9.054037067393506943e-02 3.930171399043922570e-02 1.416083582383056150e-01 5.252948788735210817e-02 1.000000000000000082e-05
1.079562305005881545e-01 7.260317336649589615e-02 1.180037663341571563e-01 6.580277646666195246e-02 1.000000000000000082e-05
1.103348060976975797e-01 8.726213188154800793e-02 8.197724953998386521e-02 7.544953370603631193e-02 1.000000000000000082e-05
1.032016808482610626e-01 8.222585190037925984e-02 5.593596062912147698e-02 7.832671046126359060e-02 3.457177756998299628e-02
8.804327643606481291e-02 4.713889928134426532e-02 3.172692706364164256e-02 6.349379807625407657e-02 8.682806464410379454e-02
4.793596600589538487e-02 1.939123600899572133e-03 2.972417960883505517e-02 5.206780679763092085e-02 1.391690808698396176e-01
9.740883810706283882e-03 1.000000000000000082e-05 9.976725942881733283e-03 4.052668449677459400e-02 1.543150710210252630e-01
1.000000000000000082e-05 1.000000000000000082e-05 1.433029305085027454e-02 1.930593138307142367e-02 1.187375829482915368e-01
1.000000000000000082e-05 1.000000000000000082e-05 3.448827139663995008e-03 7.823563753420683872e-03 7.443388692182605071e-02
1.000000000000000082e-05 1.046482298280232382e-03 3.955744850493256304e-03 2.558751290883635923e-03 4.061932445798269176e-02
1.000000000000000082e-05 3.674528476175100474e-03 1.000000000000000082e-05 1.000000000000000082e-05 2.033518866830890184e-02
1.000000000000000082e-05 6.031785648221590999e-04 1.000000000000000082e-05 1.000000000000000082e-05 1.603341563572539428e-03
0.000000000000000000e+00 0.000000000000000000e+00 -0.000000000000000000e+00 0.000000000000000000e+00 0.000000000000000000e+00
0.000000000000000000e+00 0.000000000000000000e+00 -0.000000000000000000e+00 0.000000000000000000e+00 0.000000000000000000e+00
0.000000000000000000e+00 0.000000000000000000e+00 -0.000000000000000000e+00 0.000000000000000000e+00 0.000000000000000000e+00
0.000000000000000000e+00 0.000000000000000000e+00 -0.000000000000000000e+00 0.000000000000000000e+00 0.000000000000000000e+00
0.000000000000000000e+00 0.000000000000000000e+00 -0.000000000000000000e+00 0.000000000000000000e+00 0.000000000000000000e+00
0.000000000000000000e+00 0.000000000000000000e+00 -0.000000000000000000e+00 0.000000000000000000e+00 0.000000000000000000e+00
0.000000000000000000e+00 0.000000000000000000e+00 -0.000000000000000000e+00 0.000000000000000000e+00 0.000000000000000000e+00
0.000000000000000000e+00 0.000000000000000000e+00 -0.000000000000000000e+00 0.000000000000000000e+00 0.000000000000000000e+00
0.000000000000000000e+00 0.000000000000000000e+00 -0.000000000000000000e+00 0.000000000000000000e+00 0.000000000000000000e+00
1.000000000000000082e-05 1.000000000000000082e-05 9.163961931434670260e-04 7.901384794592592852e-05 5.176518236925931309e-04
1.000000000000000082e-05 1.000000000000000082e-05 1.081734426032146014e-02 9.394328252120903115e-04 5.033106122402677268e-03
5.362374694969865123e-03 1.000000000000000082e-05 2.568316501626400142e-02 1.000000000000000082e-05 7.980821238274215385e-03
2.026002963180744201e-02 1.791784060150281499e-03 5.360358394078323929e-02 1.000000000000000082e-05 3.095297875670393727e-03
4.381475892194643812e-02 1.015200030975553155e-02 7.104349263033860051e-02 1.000000000000000082e-05 1.000000000000000082e-05
7.897725718246645377e-02 4.477067735445880436e-02 9.389938772045011706e-02 9.446855141256862640e-03 1.000000000000000082e-05
8.514558965078904140e-02 6.808336143893616021e-02 1.063907881547195844e-01 3.688143010898254498e-02 1.000000000000000082e-05
9.496109529402503580e-02 9.211109021203819913e-02 8.130571044733804487e-02 5.095713436295582627e-02 1.487635163242567900e-02
9.975690657272257011e-02 9.676894353983070407e-02 4.602836306197096577e-02 5.649171138496245081e-02 4.158016424018719237e-02
9.503577333556337270e-02 1.023455113219423201e-01 5.191911849146976093e-02 5.955488302137269818e-02 5.153470832580105826e-02
9.685758108651620901e-02 8.068025547654114615e-02 9.006516690930156666e-02 4.296961178609042670e-02 6.934879098057700197e-02
8.885547174444710650e-02 6.645303410207649419e-02 8.738478509750854939e-02 4.607048442331735522e-02 7.323960691084747954e-02
5.952698795119243380e-02 2.304220708136919121e-02 1.054151017341202062e-01 4.235304419804074294e-02 9.732845485726701606e-02
2.000116945409623204e-02 1.000000000000000082e-05 1.104438416669511619e-01 3.901670701952894560e-02 1.012285585423758488e-01
1.000000000000000082e-05 1.000000000000000082e-05 1.001710079107601681e-01 2.792959075954920545e-02 8.418170907873545605e-02
1.000000000000000082e-05 1.000000000000000082e-05 6.346414460099396304e-02 9.111328081229993353e-03 6.164076368152988233e-02
1.000000000000000082e-05 1.000000000000000082e-05 9.836184377947868734e-03 4.782656011614422678e-03 2.630564855570007021e-02
1.000000000000000082e-05 1.000000000000000082e-05 1.981724352416457807e-03 4.486197191749534581e-03 1.071270731572587960e-02
1.000000000000000082e-05 1.000000000000000082e-05 8.356618033169426092e-04 2.357597313235884617e-03 1.308768978010180738e-03
0.000000000000000000e+00 0.000000000000000000e+00 -0.000000000000000000e+00 0.000000000000000000e+00 0.000000000000000000e+00
0.000000000000000000e+00 0.000000000000000000e+00 -0.000000000000000000e+00 0.000000000000000000e+00 0.000000000000000000e+00
0.000000000000000000e+00 0.000000000000000000e+00 -0.000000000000000000e+00 0.000000000000000000e+00 0.000000000000000000e+00
0.000000000000000000e+00 0.000000000000000000e+00 -0.000000000000000000e+00 0.000000000000000000e+00 0.000000000000000000e+00
0.000000000000000000e+00 0.000000000000000000e+00 -0.000000000000000000e+00 0.000000000000000000e+00 0.000000000000000000e+00
0.000000000000000000e+00 0.000000000000000000e+00 -0.000000000000000000e+00 0.000000000000000000e+00 0.000000000000000000e+00
0.000000000000000000e+00 0.000000000000000000e+00 -0.000000000000000000e+00 0.000000000000000000e+00 0.000000000000000000e+00
0.000000000000000000e+00 0.000000000000000000e+00 -0.000000000000000000e+00 0.000000000000000000e+00 0.000000000000000000e+00
0.000000000000000000e+00 0.000000000000000000e+00 -0.000000000000000000e+00 0.000000000000000000e+00 0.000000000000000000e+00
1.000000000000000082e-05 1.000000000000000082e-05 9.163961931434670260e-04 7.901384794592592852e-05 5.176518236925931309e-04
1.103605835198285439e-03 1.000000000000000082e-05 1.601066278729471395e-02 1.000000000000000082e-05 5.530669128744025199e-03
6.630811323883526245e-03 1.000000000000000082e-05 3.547676096590447054e-02 1.000000000000000082e-05 8.524198946960572648e-03
2.264452046795227547e-02 1.981543885510800643e-02 5.505445427622075033e-02 1.000000000000000082e-05 8.547603899091456639e-03
4.351250313715536444e-02 5.434599736807496639e-02 5.862429260134995740e-02 1.000000000000000082e-05 7.727055810209645936e-03
5.243069149730574668e-02 8.909691521376780776e-02 5.890589176452453585e-02 1.000000000000000082e-05 1.472855573802164461e-02
5.128166436329543304e-02 1.140314903080942854e-01 6.078128568717762470e-02 4.892366425631712590e-03 4.278266434542644936e-02
4.808098143900025462e-02 1.239651550155522475e-01 3.785141941601070231e-02 2.837297573597882469e-02 7.340297926494582237e-02
4.850443628103964788e-02 1.222692271939533615e-01 3.520838333587392871e-02 3.257204881493833137e-02 7.910921356538301585e-02
5.247852369742937034e-02 1.136602828715130575e-01 3.844889834538860185e-02 3.332611826059026644e-02 7.956872425186163611e-02
6.274535091022191702e-02 1.175035887496609227e-01 4.399172891216182602e-02 4.019931826408561226e-02 6.011891394569707225e-02
8.484469419778900567e-02 1.047424246677629289e-01 6.952149799850852741e-02 3.969153959731960141e-02 3.370231302792460470e-02
8.070534725271635845e-02 7.253123964757549058e-02 1.073716813864129260e-01 4.763689887969375925e-02 2.995398566168770357e-02
4.612915883554485896e-02 1.346359190844760405e-02 1.414427501382621022e-01 6.254158939747900270e-02 6.382545753361272556e-02
5.970078646494664416e-03 1.000000000000000082e-05 1.635604800189816022e-01 4.041078612679353116e-02 6.670630436632001004e-02
1.000000000000000082e-05 1.000000000000000082e-05 1.299163576176811663e-01 1.230035344891351745e-02 4.233636135811214701e-02
1.000000000000000082e-05 1.000000000000000082e-05 6.351562887362555143e-02 4.990300957993317084e-03 2.175304354037374890e-02
1.000000000000000082e-05 1.000000000000000082e-05 1.333733163907961476e-02 5.027597274405607580e-03 7.673787752537652475e-03
1.000000000000000082e-05 1.000000000000000082e-05 2.171094591424951262e-03 4.974305711618270433e-03 2.394024336341156554e-03
1.000000000000000082e-05 1.000000000000000082e-05 2.692688032910152732e-04 7.596702453760078655e-04 4.217144484699471133e-04
0.000000000000000000e+00 0.000000000000000000e+00 -0.000000000000000000e+00 0.000000000000000000e+00 0.000000000000000000e+00
0.000000000000000000e+00 0.000000000000000000e+00 -0.000000000000000000e+00 0.000000000000000000e+00 0.000000000000000000e+00
0.000000000000000000e+00 0.000000000000000000e+00 -0.000000000000000000e+00 0.000000000000000000e+00 0.000000000000000000e+00
0.000000000000000000e+00 0.000000000000000000e+00 -0.000000000000000000e+00 0.000000000000000000e+00 0.000000000000000000e+00
0.000000000000000000e+00 0.000000000000000000e+00 -0.000000000000000000e+00 0.000000000000000000e+00 0.000000000000000000e+00
0.000000000000000000e+00 0.000000000000000000e+00 -0.000000000000000000e+00 0.000000000000000000e+00 0.000000000000000000e+00
0.000000000000000000e+00 0.000000000000000000e+00 -0.000000000000000000e+00 0.000000000000000000e+00 0.000000000000000000e+00
0.000000000000000000e+00 0.000000000000000000e+00 -0.000000000000000000e+00 0.000000000000000000e+00 0.000000000000000000e+00
0.000000000000000000e+00 0.000000000000000000e+00 -0.000000000000000000e+00 0.000000000000000000e+00 0.000000000000000000e+00
1.526312344555985460e-03 1.500607736443768103e-03 8.349082701610019072e-03 1.000000000000000082e-05 1.954076716109641107e-03
3.889523162367834221e-03 1.781549201358737303e-02 3.590810304059742497e-02 1.000000000000000082e-05 5.409978029494860730e-03
3.708447835198441355e-03 5.640807169845991204e-02 2.966935148897975605e-02 1.000000000000000082e-05 8.977832252129528887e-03
1.115159292161757576e-02 8.319986034569921973e-02 2.976538372465844726e-02 1.000000000000000082e-05 2.168846751709166062e-02
1.437522762476605050e-02 9.449396389438644017e-02 3.121718380470456938e-02 1.000000000000000082e-05 3.051282879594847258e-02
6.284946480758333773e-03 1.094689277562156671e-01 2.798485361168342317e-02 1.000000000000000082e-05 4.702324881478640167e-02
4.690549741013825625e-04 1.239915726694298947e-01 6.067363164322260973e-04 1.000000000000000082e-05 6.657241537991707980e-02
1.000000000000000082e-05 1.164749837472841831e-01 1.000000000000000082e-05 1.128919470347345202e-02 6.252981556331146940e-02
1.000000000000000082e-05 1.064938272286054255e-01 1.000000000000000082e-05 1.295203715677214693e-02 5.727624853256363391e-02
1.788194711393537029e-02 1.126186374899096898e-01 1.000000000000000082e-05 1.717493081998036977e-02 4.126077098896534928e-02
7.091040749856603043e-02 1.177564493456770001e-01 3.817711745893175024e-03 2.451371305452694146e-02 1.277052488658642071e-02
9.186309116406882191e-02 1.078566548802342984e-01 1.278720229078678279e-02 4.477521145819392950e-02 4.376215657658070503e-03
6.788789594938482441e-02 4.641117653096929474e-02 6.330349023385574425e-02 6.877435550925378727e-02 4.234369604245839802e-02
1.410896820497060077e-02 1.000000000000000082e-05 1.541335549344321487e-01 6.863097989208064020e-02 5.743048921808240059e-02
1.000000000000000082e-05 1.000000000000000082e-05 1.665660512811579785e-01 3.154221706892964411e-02 2.637344026647583592e-02
1.000000000000000082e-05 1.000000000000000082e-05 1.304474698829980184e-01 1.000000000000000082e-05 7.073620823088050055e-03
1.000000000000000082e-05 1.000000000000000082e-05 4.706912205430827112e-02 4.828351557901853879e-03 1.035170053203721824e-02
1.000000000000000082e-05 1.000000000000000082e-05 5.290837483830512604e-03 5.806097165378479655e-03 3.861262118773764115e-03
1.000000000000000082e-05 1.000000000000000082e-05 2.014873459108626908e-03 5.684429077468747087e-03 3.155587424757878238e-03
0.000000000000000000e+00 0.000000000000000000e+00 -0.000000000000000000e+00 0.000000000000000000e+00 0.000000000000000000e+00
0.000000000000000000e+00 0.000000000000000000e+00 -0.000000000000000000e+00 0.000000000000000000e+00 0.000000000000000000e+00
0.000000000000000000e+00 0.000000000000000000e+00 -0.000000000000000000e+00 0.000000000000000000e+00 0.000000000000000000e+00
0.000000000000000000e+00 0.000000000000000000e+00 -0.000000000000000000e+00 0.000000000000000000e+00 0.000000000000000000e+00
0.000000000000000000e+00 0.000000000000000000e+00 -0.000000000000000000e+00 0.000000000000000000e+00 0.000000000000000000e+00
0.000000000000000000e+00 0.000000000000000000e+00 -0.000000000000000000e+00 0.000000000000000000e+00 0.000000000000000000e+00
0.000000000000000000e+00 0.000000000000000000e+00 -0.000000000000000000e+00 0.000000000000000000e+00 0.000000000000000000e+00
1.000000000000000082e-05 1.000000000000000082e-05 3.717847024420767310e-04 1.469236638477247592e-04 6.387332708582588343e-04
1.000000000000000082e-05 1.000000000000000082e-05 2.256356549910201736e-03 3.367451626916936804e-03 6.729728639625309240e-03
1.000000000000000082e-05 1.000000000000000082e-05 4.831810981913108732e-03 7.342857381127615088e-03 1.012180466029476318e-02
3.280147037124966480e-04 2.086562153434985342e-02 4.578531087754433328e-03 1.000000000000000082e-05 9.652483290040205291e-03
4.498119351563469926e-04 5.575097955640417879e-02 4.456980226890490913e-03 1.000000000000000082e-05 6.894739249963417575e-03
1.000000000000000082e-05 6.502569593278530180e-02 4.243599454218343302e-03 1.000000000000000082e-05 1.142975894596537714e-02
1.000000000000000082e-05 6.202472133509310398e-02 1.000000000000000082e-05 1.000000000000000082e-05 2.425283483299560394e-02
1.000000000000000082e-05 5.552827702781724245e-02 1.000000000000000082e-05 1.000000000000000082e-05 2.423727818189752928e-02
1.000000000000000082e-05 4.514913310710679667e-02 1.000000000000000082e-05 1.000000000000000082e-05 2.905360644744399423e-02
1.000000000000000082e-05 5.102370819247486339e-02 1.000000000000000082e-05 1.000000000000000082e-05 1.968689156954287617e-02
1.000000000000000082e-05 6.249808078943674267e-02 1.000000000000000082e-05 1.000000000000000082e-05 1.490707072824775346e-02
1.360979875677376626e-02 8.367206936978195675e-02 1.000000000000000082e-05 1.000000000000000082e-05 2.062690163625548884e-02
7.191831231171474936e-02 1.063580201493420779e-01 1.000000000000000082e-05 1.000000000000000082e-05 4.971551573576137376e-03
9.959247363819304089e-02 1.128770573203920075e-01 1.000000000000000082e-05 3.173038722396757938e-02 2.188541299732383108e-02
7.660898770636442867e-02 6.383756173640840748e-02 1.000000000000000082e-05 8.328480344194866269e-02 3.678796979662366656e-02
1.709494808848355252e-02 1.894073552584595943e-03 7.675120854450706576e-02 9.239996486899008932e-02 5.300899633350819595e-02
1.000000000000000082e-05 1.000000000000000082e-05 1.556618718371058085e-01 5.860117883555270024e-02 1.908531296771510954e-02
1.000000000000000082e-05 1.000000000000000082e-05 1.520642858929512065e-01 1.000000000000000082e-05 2.610506366600151996e-03
1.000000000000000082e-05 1.000000000000000082e-05 7.837025991574389505e-02 1.000000000000000082e-05 6.317546167565846020e-03
1.000000000000000082e-05 1.000000000000000082e-05 1.219232471810816412e-02 6.977991650596078975e-03 5.361330808621972421e-03
1.000000000000000082e-05 1.000000000000000082e-05 2.349138180435406380e-03 6.627468002763098852e-03 3.679095015961952094e-03
0.000000000000000000e+00 0.000000000000000000e+00 -0.000000000000000000e+00 0.000000000000000000e+00 0.000000000000000000e+00
0.000000000000000000e+00 0.000000000000000000e+00 -0.000000000000000000e+00 0.000000000000000000e+00 0.000000000000000000e+00
0.000000000000000000e+00 0.000000000000000000e+00 -0.000000000000000000e+00 0.000000000000000000e+00 0.000000000000000000e+00
0.000000000000000000e+00 0.000000000000000000e+00 -0.000000000000000000e+00 0.000000000000000000e+00 0.000000000000000000e+00
0.000000000000000000e+00 0.000000000000000000e+00 -0.000000000000000000e+00 0.000000000000000000e+00 0.000000000000000000e+00
0.000000000000000000e+00 0.000000000000000000e+00 -0.000000000000000000e+00 0.000000000000000000e+00 0.000000000000000000e+00
1.997205112251627859e-03 1.000000000000000082e-05 1.000000000000000082e-05 2.871033929744539544e-04 1.513664328593322108e-03
7.244248698951503453e-03 1.000000000000000082e-05 1.055288878511531810e-02 5.473721511336688238e-03 1.637400341761104453e-02
4.963302103593473374e-03 1.000000000000000082e-05 1.184857010378513598e-02 1.498507332863651016e-02 2.905677027595357509e-02
1.000000000000000082e-05 1.000000000000000082e-05 8.179764825363949887e-03 1.655746277025497981e-02 1.731354245217009771e-02
1.000000000000000082e-05 2.544139250708038046e-03 1.000000000000000082e-05 1.876790479430626851e-02 1.348185307812415495e-02
1.000000000000000082e-05 2.002670203816776448e-02 1.000000000000000082e-05 9.236667338284274345e-03 1.156718883109979397e-02
1.000000000000000082e-05 1.882003830736158484e-02 1.000000000000000082e-05 5.787956135500946751e-03 1.397467522544846262e-02
1.000000000000000082e-05 4.158766430078732548e-03 1.263775320253790902e-03 7.345878178717141910e-03 1.122300361994451635e-02
1.000000000000000082e-05 1.000000000000000082e-05 2.049938799444074589e-02 4.844069691188497388e-03 7.227224119439904990e-03
1.000000000000000082e-05 1.000000000000000082e-05 7.254298458251613041e-03 4.417080614741746535e-03 5.482904206227772088e-03
1.000000000000000082e-05 4.017282694368833756e-03 9.746718089681933456e-03 3.158269040669252261e-04 1.165862182664977043e-03
3.601650495119596875e-03 1.451726383757078950e-02 1.545868218527202825e-02 1.000000000000000082e-05 1.000000000000000082e-05
3.590062016860805921e-02 5.184967515587777381e-02 1.000000000000000082e-05 1.000000000000000082e-05 5.959078085462265334e-03
9.091588635663429285e-02 8.041798167924332774e-02 1.000000000000000082e-05 1.000000000000000082e-05 1.223980973735133704e-02
1.078669904360648329e-01 1.003844339037654881e-01 1.000000000000000082e-05 1.743449473486718970e-02 3.512943035791662311e-02
7.432436600700788321e-02 7.915543201779240423e-02 1.000000000000000082e-05 8.551981384685806986e-02 4.069037760524515240e-02
8.704004271146027066e-03 9.741543064734424495e-03 3.021384547509272170e-02 1.256839300736208864e-01 4.328913141773116369e-02
1.000000000000000082e-05 1.000000000000000082e-05 1.158804804108867492e-01 7.678766451481992827e-02 1.947252131519919965e-02
1.000000000000000082e-05 1.000000000000000082e-05 1.634815831222515836e-01 4.505467174560576910e-03 1.000000000000000082e-05
1.000000000000000082e-05 1.000000000000000082e-05 1.111074619581920581e-01 1.000000000000000082e-05 2.952662211265697206e-03
1.000000000000000082e-05 1.000000000000000082e-05 2.483669242017521109e-02 4.648024373707433654e-03 4.779875780766744062e-03
1.000000000000000082e-05 1.000000000000000082e-05 2.349138180435406380e-03 6.627468002763098852e-03 3.679095015961952094e-03
0.000000000000000000e+00 0.000000000000000000e+00 -0.000000000000000000e+00 0.000000000000000000e+00 0.000000000000000000e+00
0.000000000000000000e+00 0.000000000000000000e+00 -0.000000000000000000e+00 0.000000000000000000e+00 0.000000000000000000e+00
0.000000000000000000e+00 0.000000000000000000e+00 -0.000000000000000000e+00 0.000000000000000000e+00 0.000000000000000000e+00
0.000000000000000000e+00 0.000000000000000000e+00 -0.000000000000000000e+00 0.000000000000000000e+00 0.000000000000000000e+00
0.000000000000000000e+00 0.000000000000000000e+00 -0.000000000000000000e+00 0.000000000000000000e+00 0.000000000000000000e+00
0.000000000000000000e+00 0.000000000000000000e+00 -0.000000000000000000e+00 0.000000000000000000e+00 0.000000000000000000e+00
8.201116009356928041e-03 1.000000000000000082e-05 7.586466473596766881e-04 3.507364768514782422e-03 8.915474868396491490e-03
1.945990928718161622e-02 1.000000000000000082e-05 1.039291671644986328e-02 6.909766553458101743e-03 2.569279274646028843e-02
2.659379690481947570e-02 1.000000000000000082e-05 8.701846036399004530e-03 1.255637513845389922e-02 3.429031302540358483e-02
1.030905967586432000e-02 1.000000000000000082e-05 1.344908994079023999e-02 2.154280609106103139e-02 1.499539573921982762e-02
4.276491255604362648e-03 1.000000000000000082e-05 8.325098848339805915e-03 3.245888641124656387e-02 4.692305953378204421e-03
1.000000000000000082e-05 1.000000000000000082e-05 4.369485246663184878e-03 1.825580516682440840e-02 2.016983653106511985e-03
1.000000000000000082e-05 1.000000000000000082e-05 7.134916472834742542e-03 1.169984175830527176e-02 3.752072857664057789e-03
1.000000000000000082e-05 1.000000000000000082e-05 1.759809243205673682e-02 1.541289072250408287e-02 3.514885034102663112e-03
1.000000000000000082e-05 1.000000000000000082e-05 3.854147328440369474e-02 4.946501878872059180e-03 4.557819117400177533e-03
2.412298077772163766e-04 1.000000000000000082e-05 3.164586702718923117e-02 1.000000000000000082e-05 6.349506772308443313e-03
2.279610239926604248e-03 1.000000000000000082e-05 3.047385559609186098e-02 1.000000000000000082e-05 6.197853394830581120e-03
2.037216897858904613e-02 1.000000000000000082e-05 2.860342230009045930e-02 1.000000000000000082e-05 2.051252129667770902e-02
7.169758865878290977e-02 1.969900113092411253e-02 3.473850654429438273e-03 1.000000000000000082e-05 2.613032320897915387e-02
1.105420685781952211e-01 7.725091978579014251e-02 1.000000000000000082e-05 1.000000000000000082e-05 3.362038320160429250e-02
1.072170196743981591e-01 9.156021805799749447e-02 1.000000000000000082e-05 3.072898884283795443e-02 4.036441649525965986e-02
5.219785440855193720e-02 6.372449146354645932e-02 1.000000000000000082e-05 1.089956286245789135e-01 4.074878340265990218e-02
1.000000000000000082e-05 8.634696101978348373e-03 2.674561170820985434e-02 1.398129312078900677e-01 4.064273810759882338e-02
1.000000000000000082e-05 1.000000000000000082e-05 1.168753206024833041e-01 7.110035753307500372e-02 1.735061986492661412e-02
1.000000000000000082e-05 1.000000000000000082e-05 1.692170250557493150e-01 2.251352816044839046e-04 1.000000000000000082e-05
1.000000000000000082e-05 1.000000000000000082e-05 1.160136768496859844e-01 1.000000000000000082e-05 2.805405784797650875e-03
1.000000000000000082e-05 1.000000000000000082e-05 2.176297003589559159e-02 4.016068547589485283e-03 3.122192760407273802e-03
1.000000000000000082e-05 1.000000000000000082e-05 2.349138180435406380e-03 6.627468002763098852e-03 3.679095015961952094e-03
0.000000000000000000e+00 0.000000000000000000e+00 -0.000000000000000000e+00 0.000000000000000000e+00 0.000000000000000000e+00
0.000000000000000000e+00 0.000000000000000000e+00 -0.000000000000000000e+00 0.000000000000000000e+00 0.000000000000000000e+00
0.000000000000000000e+00 0.000000000000000000e+00 -0.000000000000000000e+00 0.000000000000000000e+00 0.000000000000000000e+00
0.000000000000000000e+00 0.000000000000000000e+00 -0.000000000000000000e+00 0.000000000000000000e+00 0.000000000000000000e+00
0.000000000000000000e+00 0.000000000000000000e+00 -0.000000000000000000e+00 0.000000000000000000e+00 0.000000000000000000e+00
1.050862378878711237e-03 1.000000000000000082e-05 8.024962063119998011e-05 1.000000000000000082e-05 1.000000000000000082e-05
1.527018272029847211e-02 1.000000000000000082e-05 1.000000000000000082e-05 7.602214480040979556e-03 1.221979509804160292e-02
5.254721446608329183e-02 1.000000000000000082e-05 1.000000000000000082e-05 7.310081228101074011e-03 3.342925693942752630e-02
6.282893791533421257e-02 1.000000000000000082e-05 1.000000000000000082e-05 2.037038178657772300e-02 5.027737427776038381e-02
4.703337392370195158e-02 1.000000000000000082e-05 8.675337075055349068e-03 3.345172186663248476e-02 2.790877140084834646e-02
1.673592601127212379e-02 1.000000000000000082e-05 1.950183629131261101e-02 4.084258536784441534e-02 1.169671833258875346e-02
1.000000000000000082e-05 1.000000000000000082e-05 1.798378041345791156e-02 3.517167739539117655e-02 1.378885290313333969e-02
1.000000000000000082e-05 1.000000000000000082e-05 2.618048417388341154e-02 2.074505545064967565e-02 9.455224492707811970e-03
1.000000000000000082e-05 1.000000000000000082e-05 3.761878780050779275e-02 1.256227506639689268e-02 8.566158270002992986e-03
7.566729638709256828e-04 1.000000000000000082e-05 3.965802859557672477e-02 1.000000000000000082e-05 1.488456621147698708e-02
7.147959340272837421e-03 1.000000000000000082e-05 4.637837528860100367e-02 1.000000000000000082e-05 2.091107817187199194e-02
2.334619337383752463e-02 1.000000000000000082e-05 6.043359688656447376e-02 1.000000000000000082e-05 3.212365244227606553e-02
6.597134853603713045e-02 1.000000000000000082e-05 6.183733944689510931e-02 1.000000000000000082e-05 3.786475447180390891e-02
1.035764040857511392e-01 2.401369440257264398e-02 3.149753779334434067e-02 1.000000000000000082e-05 4.697361793651391032e-02
1.127285937741659139e-01 6.957020017946330404e-02 1.000000000000000082e-05 1.099922200492575546e-02 5.221017275413719627e-02
8.499967344268861968e-02 7.801759347790680754e-02 1.000000000000000082e-05 6.670111514052712298e-02 4.844196464085277765e-02
1.728085147124427262e-02 3.623898612625879589e-02 4.200227391286211719e-03 1.315913485151624096e-01 4.968615108149231074e-02
1.000000000000000082e-05 5.204443678980053174e-03 8.639332302958190046e-02 1.256273790953822966e-01 2.850626152072602976e-02
1.000000000000000082e-05 1.000000000000000082e-05 1.522108728426897484e-01 4.827234946486591571e-02 5.241372419920257639e-03
1.000000000000000082e-05 1.000000000000000082e-05 1.612745099070367616e-01 2.371396917314575435e-03 1.000000000000000082e-05
1.000000000000000082e-05 1.000000000000000082e-05 8.518672785873468434e-02 1.000000000000000082e-05 1.535616677057213527e-03
1.000000000000000082e-05 1.000000000000000082e-05 1.434748622039133670e-02 3.532056321725409766e-03 1.824811936250847651e-03
1.000000000000000082e-05 1.000000000000000082e-05 2.349138180435406380e-03 6.627468002763098852e-03 3.679095015961952094e-03
0.000000000000000000e+00 0.000000000000000000e+00 -0.000000000000000000e+00 0.000000000000000000e+00 0.000000000000000000e+00
0.000000000000000000e+00 0.000000000000000000e+00 -0.000000000000000000e+00 0.000000000000000000e+00 0.000000000000000000e+00
0.000000000000000000e+00 0.000000000000000000e+00 -0.000000000000000000e+00 0.000000000000000000e+00 0.000000000000000000e+00
0.000000000000000000e+00 0.000000000000000000e+00 -0.000000000000000000e+00 0.000000000000000000e+00 0.000000000000000000e+00
0.000000000000000000e+00 0.000000000000000000e+00 -0.000000000000000000e+00 0.000000000000000000e+00 0.000000000000000000e+00
3.545171892640610473e-03 4.586981365900091108e-05 1.341711769808771242e-04 1.000000000000000082e-05 1.000000000000000082e-05
2.338679204963985819e-02 1.000000000000000082e-05 1.000000000000000082e-05 4.983077956164963865e-03 1.086912364584123429e-02
6.590395683426861217e-02 1.000000000000000082e-05 1.000000000000000082e-05 1.155070088964767379e-02 4.809683375249695220e-02
8.870450655390442474e-02 1.000000000000000082e-05 1.000000000000000082e-05 1.932435904032163421e-02 7.357331533751168551e-02
8.329075223808125872e-02 1.000000000000000082e-05 1.000000000000000082e-05 3.944972562081345419e-02 6.326087347327320753e-02
4.803499982026461501e-02 1.000000000000000082e-05 8.880348422814200032e-03 5.789347483631061830e-02 3.952090297662558260e-02
1.215005975205860587e-02 1.000000000000000082e-05 2.105947686506880190e-02 6.693631119320574141e-02 2.001114293232253774e-02
1.000000000000000082e-05 1.000000000000000082e-05 4.126173930816723345e-02 5.795825626202824599e-02 1.458792650005542695e-02
3.763802768487786547e-03 1.000000000000000082e-05 4.675774552387673005e-02 3.677942045530747939e-02 1.773200006650393554e-02
1.713691115264490833e-02 1.000000000000000082e-05 5.014826795373990287e-02 1.790255798470252735e-02 2.861900443894856844e-02
4.242147024136309896e-02 1.000000000000000082e-05 6.152812302178730514e-02 1.597974067682680476e-03 4.512190753398683668e-02
7.851896362874644097e-02 1.000000000000000082e-05 7.396852725203213741e-02 1.000000000000000082e-05 5.512138669418301801e-02
1.070474058058265981e-01 1.000000000000000082e-05 6.379666889872562252e-02 1.000000000000000082e-05 6.975792394234724136e-02
1.120664303507320214e-01 4.176334007319373182e-02 2.925815854076382200e-02 1.239050703029982541e-02 7.374823760354951019e-02
9.073820663760857885e-02 8.040749499945110124e-02 1.000000000000000082e-05 5.608115582504265284e-02 5.377975261799193551e-02
3.561802904580842200e-02 6.197536820735750906e-02 9.334201055418834755e-03 1.115818219214604612e-01 5.008611332279409162e-02
1.000000000000000082e-05 2.758277875573430030e-02 7.540429213717740609e-02 1.351120775094896420e-01 3.159145839597356925e-02
1.000000000000000082e-05 9.360663690423741802e-04 1.341361850324568061e-01 8.637326707660851477e-02 1.079055235441984256e-02
1.000000000000000082e-05 2.397507327392893288e-03 1.446540046462310714e-01 3.184652006507309591e-02 1.000000000000000082e-05
1.000000000000000082e-05 1.000000000000000082e-05 1.074872775542008163e-01 4.628114458332581102e-03 1.000000000000000082e-05
1.000000000000000082e-05 1.000000000000000082e-05 4.948285834310979514e-02 6.872566284336059563e-04 1.000000000000000082e-05
1.000000000000000082e-05 1.000000000000000082e-05 1.280414629631629157e-02 3.177860800523875720e-03 1.470916457407748460e-03
1.000000000000000082e-05 1.000000000000000082e-05 1.541331770562359531e-03 4.348457266635081218e-03 2.413951670552110483e-03
0.000000000000000000e+00 0.000000000000000000e+00 -0.000000000000000000e+00 0.000000000000000000e+00 0.000000000000000000e+00
0.000000000000000000e+00 0.000000000000000000e+00 -0.000000000000000000e+00 0.000000000000000000e+00 0.000000000000000000e+00
0.000000000000000000e+00 0.000000000000000000e+00 -0.000000000000000000e+00 0.000000000000000000e+00 0.000000000000000000e+00
0.000000000000000000e+00 0.000000000000000000e+00 -0.000000000000000000e+00 0.000000000000000000e+00 0.000000000000000000e+00
0.000000000000000000e+00 0.000000000000000000e+00 -0.000000000000000000e+00 0.000000000000000000e+00 0.000000000000000000e+00
7.657114131494499772e-03 4.465838025612523898e-04 1.000000000000000082e-05 1.000000000000000082e-05 1.000000000000000082e-05
2.124670840653203330e-02 1.000000000000000082e-05 3.894837503947673474e-03 2.144116330248140630e-03 1.372950676244291505e-02
5.357403116545687155e-02 1.000000000000000082e-05 1.000000000000000082e-05 7.906377440410198784e-03 6.094948580862864090e-02
8.782633775818549093e-02 1.000000000000000082e-05 1.000000000000000082e-05 1.531865940810232113e-02 1.004111813974245537e-01
1.052250937573526307e-01 1.000000000000000082e-05 5.068276025175083403e-03 3.297486377955954895e-02 1.072006365964471714e-01
1.003230719785715985e-01 1.000000000000000082e-05 1.542614400376627302e-02 5.941805672274533962e-02 9.188176779786413895e-02
8.949704593321912427e-02 1.000000000000000082e-05 3.129349230984954794e-02 8.846344126995604740e-02 5.988263123470216609e-02
8.059017581861495361e-02 1.000000000000000082e-05 5.204997359054570893e-02 9.577003575612565156e-02 4.958052537795185066e-02
7.775231822442001117e-02 1.000000000000000082e-05 5.160533540366937094e-02 8.450751430162718736e-02 6.123832438516026849e-02
8.820374191511332063e-02 1.000000000000000082e-05 3.372011493170787300e-02 6.278081040382139932e-02 8.125725137799597042e-02
1.021366318579591120e-01 1.000000000000000082e-05 1.987257509512714571e-02 6.045387285867646204e-02 8.220005579335659673e-02
1.041307440454992544e-01 1.000000000000000082e-05 2.815868571000073196e-03 7.104494511322566319e-02 9.411704755642479048e-02
1.020590165268324134e-01 2.173568500823465366e-02 6.346099934513909843e-04 7.700965588417969798e-02 8.285965183633643705e-02
7.623342199637118954e-02 6.488994117740012890e-02 1.000000000000000082e-05 9.823005625640818250e-02 6.050930353638868386e-02
3.134280946654458694e-02 8.265196578681367756e-02 1.245616564797712156e-02 1.274608627842305220e-01 3.420164796512782657e-02
1.000000000000000082e-05 5.498240351271085902e-02 4.677725504072489243e-02 1.320418366375803176e-01 2.847070161777948138e-02
1.000000000000000082e-05 2.947471073563148053e-02 8.482935705172939267e-02 8.942428484435500924e-02 3.088280218628994787e-03
1.000000000000000082e-05 1.354473880702497697e-02 1.024537705790392744e-01 4.978730829720649093e-02 1.000000000000000082e-05
1.000000000000000082e-05 5.599332958548828253e-03 7.402082041668578416e-02 2.303275938858141345e-02 1.000000000000000082e-05
1.000000000000000082e-05 1.000000000000000082e-05 6.122655285111019280e-02 1.000000000000000082e-05 1.000000000000000082e-05
1.000000000000000082e-05 1.000000000000000082e-05 3.191852849813770626e-02 1.000000000000000082e-05 1.000000000000000082e-05
1.000000000000000082e-05 3.014398459401744756e-05 1.157850898478478101e-02 1.000000000000000082e-05 1.000000000000000082e-05
0.000000000000000000e+00 0.000000000000000000e+00 -0.000000000000000000e+00 0.000000000000000000e+00 0.000000000000000000e+00
0.000000000000000000e+00 0.000000000000000000e+00 -0.000000000000000000e+00 0.000000000000000000e+00 0.000000000000000000e+00
0.000000000000000000e+00 0.000000000000000000e+00 -0.000000000000000000e+00 0.000000000000000000e+00 0.000000000000000000e+00
0.000000000000000000e+00 0.000000000000000000e+00 -0.000000000000000000e+00 0.000000000000000000e+00 0.000000000000000000e+00
0.000000000000000000e+00 0.000000000000000000e+00 -0.000000000000000000e+00 0.000000000000000000e+00 0.000000000000000000e+00
0.000000000000000000e+00 0.000000000000000000e+00 -0.000000000000000000e+00 0.000000000000000000e+00 0.000000000000000000e+00
3.006574976587487232e-03 1.000000000000000082e-05 2.812153194159219588e-04 1.070685827116855948e-03 1.000000000000000082e-05
1.284543382116372194e-02 1.000000000000000082e-05 8.079188098834365339e-03 1.000000000000000082e-05 1.494719231004294768e-02
2.408365367138768851e-02 1.000000000000000082e-05 1.067881722805811423e-02 1.000000000000000082e-05 6.173216706718689245e-02
5.156036566374877506e-02 1.000000000000000082e-05 1.451990691518215658e-02 2.572358492398798234e-03 1.019620282053682048e-01
9.047979127623435869e-02 1.000000000000000082e-05 1.405059367916892607e-02 6.148408782197741645e-03 1.058091095942849669e-01
1.076649452410978758e-01 1.000000000000000082e-05 1.315187601923771196e-02 2.472301414442975784e-02 1.055652040654200957e-01
1.078952756049369882e-01 1.000000000000000082e-05 2.651071738590879412e-02 5.956268584406862465e-02 9.581412883186191110e-02
1.026132540186872472e-01 1.000000000000000082e-05 1.970625166560893704e-02 9.026433868616302869e-02 9.243728842754488084e-02
9.923750663199666644e-02 6.032744466439204575e-03 1.605806291880718106e-02 1.006180553723282078e-01 9.096975359147591034e-02
9.684333677260717477e-02 1.347617421948364182e-02 1.000000000000000082e-05 1.078165269835349577e-01 9.131099611877299682e-02
9.108067452534733544e-02 2.293799060591181216e-02 1.000000000000000082e-05 1.144026846041819589e-01 7.825385875063385621e-02
7.962534576632361583e-02 5.433897445923208808e-02 1.000000000000000082e-05 1.203421600817470016e-01 5.547643967126203446e-02
5.616103042675098939e-02 8.801253216619822628e-02 1.000000000000000082e-05 1.320796664639883877e-01 3.321476334307036510e-02
1.781222995589579194e-02 1.089165446065962495e-01 1.000000000000000082e-05 1.381997883762564050e-01 1.532728617873873461e-02
1.000000000000000082e-05 8.213661581247012899e-02 1.262355884676405818e-02 1.218076349977120360e-01 2.505752242595433955e-04
1.000000000000000082e-05 5.458144018935044001e-02 5.700412393423560237e-02 8.092355309399681951e-02 1.000000000000000082e-05
1.000000000000000082e-05 2.470402009627239298e-02 7.431478716238582027e-02 4.466859375425045325e-02 1.000000000000000082e-05
1.000000000000000082e-05 9.848594940690076627e-03 5.144629594334085287e-02 1.966166123716203695e-02 1.000000000000000082e-05
1.000000000000000082e-05 2.121883960308369472e-03 4.574010932876924895e-02 2.029435728230825475e-03 1.000000000000000082e-05
1.000000000000000082e-05 6.877106499533564487e-04 4.058106969214049509e-02 1.000000000000000082e-05 1.000000000000000082e-05
1.201415924411580434e-03 2.954003244070248571e-03 2.333711571301733470e-02 1.000000000000000082e-05 1.000000000000000082e-05
4.156202185546795710e-04 1.095329586208520665e-03 5.892252507697969335e-03 1.000000000000000082e-05 1.000000000000000082e-05
0.000000000000000000e+00 0.000000000000000000e+00 -0.000000000000000000e+00 0.000000000000000000e+00 0.000000000000000000e+00
0.000000000000000000e+00 0.000000000000000000e+00 -0.000000000000000000e+00 0.000000000000000000e+00 0.000000000000000000e+00
0.000000000000000000e+00 0.000000000000000000e+00 -0.000000000000000000e+00 0.000000000000000000e+00 0.000000000000000000e+00
0.000000000000000000e+00 0.000000000000000000e+00 -0.000000000000000000e+00 0.000000000000000000e+00 0.000000000000000000e+00
0.000000000000000000e+00 0.000000000000000000e+00 -0.000000000000000000e+00 0.000000000000000000e+00 0.000000000000000000e+00
0.000000000000000000e+00 0.000000000000000000e+00 -0.000000000000000000e+00 0.000000000000000000e+00 0.000000000000000000e+00
2.797462566294650621e-04 1.000000000000000082e-05 1.472380933488488623e-04 6.323768954817018430e-04 1.000000000000000082e-05
4.466534945957969377e-03 1.000000000000000082e-05 5.099911242133679801e-03 1.000000000000000082e-05 8.599430816628719429e-03
7.292997268109409521e-03 1.000000000000000082e-05 1.151832696504262107e-02 1.000000000000000082e-05 5.115408345222335895e-02
1.438912544668269691e-02 1.000000000000000082e-05 2.948436997763549672e-02 1.000000000000000082e-05 8.723152165974405736e-02
3.132436697653726704e-02 1.000000000000000082e-05 3.062397494168928383e-02 1.000000000000000082e-05 1.132793871138532277e-01
5.499903574417066426e-02 1.507257594584861726e-03 1.388558452282159968e-02 1.000000000000000082e-05 1.255149432066042237e-01
7.545320392533221010e-02 7.986192124082334282e-03 6.783861979513992023e-03 1.481377680079317555e-02 1.208267423120855943e-01
8.428369306760651047e-02 3.659116126290985760e-02 1.000000000000000082e-05 4.718192680601874384e-02 9.808858052502365810e-02
7.800923977846528634e-02 5.996838467470208545e-02 1.000000000000000082e-05 7.927886664831126917e-02 7.139428352472428074e-02
6.233304964827077188e-02 7.826718183114705907e-02 1.000000000000000082e-05 9.865657883166455144e-02 4.345091039719616022e-02
4.572490563001598701e-02 1.025584441082205145e-01 1.000000000000000082e-05 1.085898367413800497e-01 1.069441147025253745e-02
1.767305180262508657e-02 1.218019980624652221e-01 1.000000000000000082e-05 1.027727021072138147e-01 1.830715217628598205e-03
1.000000000000000082e-05 1.248981529236901922e-01 1.725841182327991774e-03 8.673730326046989736e-02 1.000000000000000082e-05
1.000000000000000082e-05 1.039261180083109054e-01 3.424599266743131448e-02 5.745683126011021796e-02 1.000000000000000082e-05
1.000000000000000082e-05 5.913788027309930390e-02 6.005277519433351724e-02 4.058550255973553816e-02 1.000000000000000082e-05
1.000000000000000082e-05 2.526407494933811948e-02 5.735458788645234063e-02 2.471624001607306692e-02 1.000000000000000082e-05
1.000000000000000082e-05 1.261583913942542108e-02 4.613415121411366948e-02 5.565939423863669640e-03 1.000000000000000082e-05
1.000000000000000082e-05 4.796819396385260462e-03 4.947246096653303699e-02 1.000000000000000082e-05 1.000000000000000082e-05
2.154400809486149281e-04 3.972984679810828874e-03 4.265654019668918551e-02 1.000000000000000082e-05 1.000000000000000082e-05
8.846573424616001585e-04 3.530609674040959857e-03 3.917087924614206379e-02 1.000000000000000082e-05 1.000000000000000082e-05
5.457871362468093507e-04 1.424768905535039399e-03 8.141773224695742633e-03 1.000000000000000082e-05 1.000000000000000082e-05
0.000000000000000000e+00 0.000000000000000000e+00 -0.000000000000000000e+00 0.000000000000000000e+00 0.000000000000000000e+00
0.000000000000000000e+00 0.000000000000000000e+00 -0.000000000000000000e+00 0.000000000000000000e+00 0.000000000000000000e+00
0.000000000000000000e+00 0.000000000000000000e+00 -0.000000000000000000e+00 0.000000000000000000e+00 0.000000000000000000e+00
0.000000000000000000e+00 0.000000000000000000e+00 -0.000000000000000000e+00 0.000000000000000000e+00 0.000000000000000000e+00
0.000000000000000000e+00 0.000000000000000000e+00 -0.000000000000000000e+00 0.000000000000000000e+00 0.000000000000000000e+00
0.000000000000000000e+00 0.000000000000000000e+00 -0.000000000000000000e+00 0.000000000000000000e+00 0.000000000000000000e+00
0.000000000000000000e+00 0.000000000000000000e+00 -0.000000000000000000e+00 0.000000000000000000e+00 0.000000000000000000e+00
0.000000000000000000e+00 0.000000000000000000e+00 -0.000000000000000000e+00 0.000000000000000000e+00 0.000000000000000000e+00
1.153250888495736164e-03 5.490949275848081533e-03 1.000000000000000082e-05 1.000000000000000082e-05 8.916155677299648918e-03
1.720791297135012502e-03 1.334937667323907694e-02 1.000000000000000082e-05 1.000000000000000082e-05 3.392521238742714218e-02
1.430987546397243090e-03 2.335412384485743148e-02 1.293747506330827739e-02 1.000000000000000082e-05 4.854628268423424181e-02
1.000000000000000082e-05 3.642278697104224527e-02 1.491202781991660120e-02 1.000000000000000082e-05 5.349002931648700471e-02
1.000000000000000082e-05 5.382455553977885665e-02 5.770498277221655994e-03 1.000000000000000082e-05 5.694081437189604106e-02
1.000000000000000082e-05 6.664367811379300066e-02 1.324831215167682338e-03 1.000000000000000082e-05 6.374656823286974083e-02
1.000000000000000082e-05 8.658328689504064812e-02 4.106639463934380965e-03 1.000000000000000082e-05 5.095428102122576824e-02
1.000000000000000082e-05 1.055438147144796834e-01 1.000000000000000082e-05 1.000000000000000082e-05 2.790655971449217121e-02
1.000000000000000082e-05 1.164065817724657254e-01 4.668936574131011229e-03 1.063468759097581807e-03 6.368267078862292069e-03
1.000000000000000082e-05 1.272335822446896969e-01 2.957730646071794062e-02 5.005422997851313553e-03 1.000000000000000082e-05
1.000000000000000082e-05 1.114363460574774867e-01 4.729531734114408165e-02 7.563942245771088091e-03 1.000000000000000082e-05
1.000000000000000082e-05 8.290479720680028752e-02 5.175031414515997297e-02 8.035400079276612886e-03 1.000000000000000082e-05
1.000000000000000082e-05 4.391117525087290252e-02 5.935883064989643659e-02 6.973810921796851948e-03 1.000000000000000082e-05
1.000000000000000082e-05 1.946894746114670796e-02 5.742299021094449119e-02 1.000000000000000082e-05 1.000000000000000082e-05
1.000000000000000082e-05 6.310400084459649207e-03 4.613397875585862479e-02 1.000000000000000082e-05 1.000000000000000082e-05
4.268656931348534548e-04 5.759059438418527577e-03 4.610250601100334550e-02 1.000000000000000082e-05 1.000000000000000082e-05
3.428562284005610495e-04 6.173410321769935184e-03 4.698423932754299676e-02 1.000000000000000082e-05 1.000000000000000082e-05
7.500286528767108329e-04 4.583167486110519863e-03 3.779700091544454382e-02 1.000000000000000082e-05 1.000000000000000082e-05
1.156969960778985330e-03 3.017865922034545720e-03 2.329955510558694154e-02 1.000000000000000082e-05 1.000000000000000082e-05
2.199894855306101533e-04 5.770416707626141060e-04 3.199621980325271630e-03 1.000000000000000082e-05 1.000000000000000082e-05
0.000000000000000000e+00 0.000000000000000000e+00 -0.000000000000000000e+00 0.000000000000000000e+00 0.000000000000000000e+00
0.000000000000000000e+00 0.000000000000000000e+00 -0.000000000000000000e+00 0.000000000000000000e+00 0.000000000000000000e+00
0.000000000000000000e+00 0.000000000000000000e+00 -0.000000000000000000e+00 0.000000000000000000e+00 0.000000000000000000e+00
0.000000000000000000e+00 0.000000000000000000e+00 -0.000000000000000000e+00 0.000000000000000000e+00 0.000000000000000000e+00
0.000000000000000000e+00 0.000000000000000000e+00 -0.000000000000000000e+00 0.000000000000000000e+00 0.000000000000000000e+00
0.000000000000000000e+00 0.000000000000000000e+00 -0.000000000000000000e+00 0.000000000000000000e+00 0.000000000000000000e+00
0.000000000000000000e+00 0.000000000000000000e+00 -0.000000000000000000e+00 0.000000000000000000e+00 0.000000000000000000e+00
0.000000000000000000e+00 0.000000000000000000e+00 -0.000000000000000000e+00 0.000000000000000000e+00 0.000000000000000000e+00
1.000000000000000082e-05 2.903151714054969749e-04 1.000000000000000082e-05 1.000000000000000082e-05 1.202713737862128604e-03
1.000000000000000082e-05 4.499482351196614285e-03 1.000000000000000082e-05 1.000000000000000082e-05 1.116541730443974985e-02
1.000000000000000082e-05 9.113942576532198594e-03 1.000000000000000082e-05 1.000000000000000082e-05 1.084033988619993380e-02
1.000000000000000082e-05 1.548500052099940731e-02 1.000000000000000082e-05 1.000000000000000082e-05 1.176073784316412733e-02
1.000000000000000082e-05 2.596793143544694898e-02 1.000000000000000082e-05 1.000000000000000082e-05 8.592317703644349741e-03
1.011476396959243990e-03 3.946574299789851886e-02 1.000000000000000082e-05 1.000000000000000082e-05 1.000000000000000082e-05
1.691222651081102481e-03 4.566439308762404448e-02 1.000000000000000082e-05 1.000000000000000082e-05 1.000000000000000082e-05
6.922852554833922034e-04 4.483667709642509547e-02 1.595193118515637800e-04 1.000000000000000082e-05 1.000000000000000082e-05
9.624050979602705906e-04 4.427683113077876542e-02 1.000000000000000082e-05 1.000000000000000082e-05 1.000000000000000082e-05
4.657441020281002475e-04 3.886691156134759739e-02 1.000000000000000082e-05 1.000000000000000082e-05 1.000000000000000082e-05
8.040572532884833435e-05 2.396043439701709202e-02 1.000000000000000082e-05 1.000000000000000082e-05 1.000000000000000082e-05
1.000000000000000082e-05 4.590583597402350322e-03 1.067566426761756837e-03 1.000000000000000082e-05 1.000000000000000082e-05
1.000000000000000082e-05 1.000000000000000082e-05 3.581804058848528979e-04 1.000000000000000082e-05 1.000000000000000082e-05
1.000000000000000082e-05 1.000000000000000082e-05 3.581804058848528979e-04 1.000000000000000082e-05 1.000000000000000082e-05
1.000000000000000082e-05 1.000000000000000082e-05 3.653440140025499862e-03 1.000000000000000082e-05 1.000000000000000082e-05
1.000000000000000082e-05 1.176795190816378334e-03 1.514092087756437228e-02 1.000000000000000082e-05 1.000000000000000082e-05
1.000000000000000082e-05 1.520890915877641742e-03 6.604647924375392151e-03 1.000000000000000082e-05 2.886965502706666676e-04
1.000000000000000082e-05 2.423786582690841147e-04 1.077734555832102030e-03 1.000000000000000082e-05 4.475242003993496414e-05
0.000000000000000000e+00 0.000000000000000000e+00 -0.000000000000000000e+00 0.000000000000000000e+00 0.000000000000000000e+00
0.000000000000000000e+00 0.000000000000000000e+00 -0.000000000000000000e+00 0.000000000000000000e+00 0.000000000000000000e+00
0.000000000000000000e+00 0.000000000000000000e+00 -0.000000000000000000e+00 0.000000000000000000e+00 0.000000000000000000e+00
0.000000000000000000e+00 0.000000000000000000e+00 -0.000000000000000000e+00 0.000000000000000000e+00 0.000000000000000000e+00
0.000000000000000000e+00 0.000000000000000000e+00 -0.000000000000000000e+00 0.000000000000000000e+00 0.000000000000000000e+00
0.000000000000000000e+00 0.000000000000000000e+00 -0.000000000000000000e+00 0.000000000000000000e+00 0.000000000000000000e+00
0.000000000000000000e+00 0.000000000000000000e+00 -0.000000000000000000e+00 0.000000000000000000e+00 0.000000000000000000e+00
0.000000000000000000e+00 0.000000000000000000e+00 -0.000000000000000000e+00 0.000000000000000000e+00 0.000000000000000000e+00
0.000000000000000000e+00 0.000000000000000000e+00 -0.000000000000000000e+00 0.000000000000000000e+00 0.000000000000000000e+00
0.000000000000000000e+00 0.000000000000000000e+00 -0.000000000000000000e+00 0.000000000000000000e+00 0.000000000000000000e+00
0.000000000000000000e+00 0.000000000000000000e+00 -0.000000000000000000e+00 0.000000000000000000e+00 0.000000000000000000e+00
0.000000000000000000e+00 0.000000000000000000e+00 -0.000000000000000000e+00 0.000000000000000000e+00 0.000000000000000000e+00
0.000000000000000000e+00 0.000000000000000000e+00 -0.000000000000000000e+00 0.000000000000000000e+00 0.000000000000000000e+00
0.000000000000000000e+00 0.000000000000000000e+00 -0.000000000000000000e+00 0.000000000000000000e+00 0.000000000000000000e+00
0.000000000000000000e+00 0.000000000000000000e+00 -0.000000000000000000e+00 0.000000000000000000e+00 0.000000000000000000e+00
0.000000000000000000e+00 0.000000000000000000e+00 -0.000000000000000000e+00 0.000000000000000000e+00 0.000000000000000000e+00
0.000000000000000000e+00 0.000000000000000000e+00 -0.000000000000000000e+00 0.000000000000000000e+00 0.000000000000000000e+00
0.000000000000000000e+00 0.000000000000000000e+00 -0.000000000000000000e+00 0.000000000000000000e+00 0.000000000000000000e+00
0.000000000000000000e+00 0.000000000000000000e+00 -0.000000000000000000e+00 0.000000000000000000e+00 0.000000000000000000e+00
0.000000000000000000e+00 0.000000000000000000e+00 -0.000000000000000000e+00 0.000000000000000000e+00 0.000000000000000000e+00
0.000000000000000000e+00 0.000000000000000000e+00 -0.000000000000000000e+00 0.000000000000000000e+00 0.000000000000000000e+00
0.000000000000000000e+00 0.000000000000000000e+00 -0.000000000000000000e+00 0.000000000000000000e+00 0.000000000000000000e+00
0.000000000000000000e+00 0.000000000000000000e+00 -0.000000000000000000e+00 0.000000000000000000e+00 0.000000000000000000e+00
0.000000000000000000e+00 0.000000000000000000e+00 -0.000000000000000000e+00 0.000000000000000000e+00 0.000000000000000000e+00
0.000000000000000000e+00 0.000000000000000000e+00 -0.000000000000000000e+00 0.000000000000000000e+00 0.000000000000000000e+00
0.000000000000000000e+00 0.000000000000000000e+00 -0.000000000000000000e+00 0.000000000000000000e+00 0.000000000000000000e+00
0.000000000000000000e+00 0.000000000000000000e+00 -0.000000000000000000e+00 0.000000000000000000e+00 0.000000000000000000e+00
0.000000000000000000e+00 0.000000000000000000e+00 -0.000000000000000000e+00 0.000000000000000000e+00 0.000000000000000000e+00
0.000000000000000000e+00 0.000000000000000000e+00 -0.000000000000000000e+00 0.000000000000000000e+00 0.000000000000000000e+00
0.000000000000000000e+00 0.000000000000000000e+00 -0.000000000000000000e+00 0.000000000000000000e+00 0.000000000000000000e+00
0.000000000000000000e+00 0.000000000000000000e+00 -0.000000000000000000e+00 0.000000000000000000e+00 0.000000000000000000e+00
0.000000000000000000e+00 0.000000000000000000e+00 -0.000000000000000000e+00 0.000000000000000000e+00 0.000000000000000000e+00
0.000000000000000000e+00 0.000000000000000000e+00 -0.000000000000000000e+00 0.000000000000000000e+00 0.000000000000000000e+00
0.000000000000000000e+00 0.000000000000000000e+00 -0.000000000000000000e+00 0.000000000000000000e+00 0.000000000000000000e+00
0.000000000000000000e+00 0.000000000000000000e+00 -0.000000000000000000e+00 0.000000000000000000e+00 0.000000000000000000e+00
0.000000000000000000e+00 0.000000000000000000e+00 -0.000000000000000000e+00 0.000000000000000000e+00 0.000000000000000000e+00
0.000000000000000000e+00 0.000000000000000000e+00 -0.000000000000000000e+00 0.000000000000000000e+00 0.000000000000000000e+00
0.000000000000000000e+00 0.000000000000000000e+00 -0.000000000000000000e+00 0.000000000000000000e+00 0.000000000000000000e+00
0.000000000000000000e+00 0.000000000000000000e+00 -0.000000000000000000e+00 0.000000000000000000e+00 0.000000000000000000e+00
0.000000000000000000e+00 0.000000000000000000e+00 -0.000000000000000000e+00 0.000000000000000000e+00 0.000000000000000000e+00
0.000000000000000000e+00 0.000000000000000000e+00 -0.000000000000000000e+00 0.000000000000000000e+00 0.000000000000000000e+00
0.000000000000000000e+00 0.000000000000000000e+00 -0.000000000000000000e+00 0.000000000000000000e+00 0.000000000000000000e+00
0.000000000000000000e+00 0.000000000000000000e+00 -0.000000000000000000e+00 0.000000000000000000e+00 0.000000000000000000e+00
0.000000000000000000e+00 0.000000000000000000e+00 -0.000000000000000000e+00 0.000000000000000000e+00 0.000000000000000000e+00
0.000000000000000000e+00 0.000000000000000000e+00 -0.000000000000000000e+00 0.000000000000000000e+00 0.000000000000000000e+00
0.000000000000000000e+00 0.000000000000000000e+00 -0.000000000000000000e+00 0.000000000000000000e+00 0.000000000000000000e+00
0.000000000000000000e+00 0.000000000000000000e+00 -0.000000000000000000e+00 0.000000000000000000e+00 0.000000000000000000e+00
0.000000000000000000e+00 0.000000000000000000e+00 -0.000000000000000000e+00 0.000000000000000000e+00 0.000000000000000000e+00
0.000000000000000000e+00 0.000000000000000000e+00 -0.000000000000000000e+00 0.000000000000000000e+00 0.000000000000000000e+00
0.000000000000000000e+00 0.000000000000000000e+00 -0.000000000000000000e+00 0.000000000000000000e+00 0.000000000000000000e+00
0.000000000000000000e+00 0.000000000000000000e+00 -0.000000000000000000e+00 0.000000000000000000e+00 0.000000000000000000e+00
0.000000000000000000e+00 0.000000000000000000e+00 -0.000000000000000000e+00 0.000000000000000000e+00 0.000000000000000000e+00
0.000000000000000000e+00 0.000000000000000000e+00 -0.000000000000000000e+00 0.000000000000000000e+00 0.000000000000000000e+00
0.000000000000000000e+00 0.000000000000000000e+00 -0.000000000000000000e+00 0.000000000000000000e+00 0.000000000000000000e+00
0.000000000000000000e+00 0.000000000000000000e+00 -0.000000000000000000e+00 0.000000000000000000e+00 0.000000000000000000e+00
0.000000000000000000e+00 0.000000000000000000e+00 -0.000000000000000000e+00 0.000000000000000000e+00 0.000000000000000000e+00
0.000000000000000000e+00 0.000000000000000000e+00 -0.000000000000000000e+00 0.000000000000000000e+00 0.000000000000000000e+00
0.000000000000000000e+00 0.000000000000000000e+00 -0.000000000000000000e+00 0.000000000000000000e+00 0.000000000000000000e+00
0.000000000000000000e+00 0.000000000000000000e+00 -0.000000000000000000e+00 0.000000000000000000e+00 0.000000000000000000e+00
0.000000000000000000e+00 0.000000000000000000e+00 -0.000000000000000000e+00 0.000000000000000000e+00 0.000000000000000000e+00
0.000000000000000000e+00 0.000000000000000000e+00 -0.000000000000000000e+00 0.000000000000000000e+00 0.000000000000000000e+00
0.000000000000000000e+00 0.000000000000000000e+00 -0.000000000000000000e+00 0.000000000000000000e+00 0.000000000000000000e+00
0.000000000000000000e+00 0.000000000000000000e+00 -0.000000000000000000e+00 0.000000000000000000e+00 0.000000000000000000e+00
