0.000000000000000000e+00 -0.000000000000000000e+00 0.000000000000000000e+00 -0.000000000000000000e+00 -0.000000000000000000e+00
0.000000000000000000e+00 -0.000000000000000000e+00 0.000000000000000000e+00 -0.000000000000000000e+00 -0.000000000000000000e+00
0.000000000000000000e+00 -0.000000000000000000e+00 0.000000000000000000e+00 -0.000000000000000000e+00 -0.000000000000000000e+00
0.000000000000000000e+00 -0.000000000000000000e+00 0.000000000000000000e+00 -0.000000000000000000e+00 -0.000000000000000000e+00
0.000000000000000000e+00 -0.000000000000000000e+00 0.000000000000000000e+00 -0.000000000000000000e+00 -0.000000000000000000e+00
0.000000000000000000e+00 -0.000000000000000000e+00 0.000000000000000000e+00 -0.000000000000000000e+00 -0.000000000000000000e+00
0.000000000000000000e+00 -0.000000000000000000e+00 0.000000000000000000e+00 -0.000000000000000000e+00 -0.000000000000000000e+00
0.000000000000000000e+00 -0.000000000000000000e+00 0.000000000000000000e+00 -0.000000000000000000e+00 -0.000000000000000000e+00
0.000000000000000000e+00 -0.000000000000000000e+00 0.000000000000000000e+00 -0.000000000000000000e+00 -0.000000000000000000e+00
0.000000000000000000e+00 -0.000000000000000000e+00 0.000000000000000000e+00 -0.000000000000000000e+00 -0.000000000000000000e+00
0.000000000000000000e+00 -0.000000000000000000e+00 0.000000000000000000e+00 -0.000000000000000000e+00 -0.000000000000000000e+00
0.000000000000000000e+00 -0.000000000000000000e+00 0.000000000000000000e+00 -0.000000000000000000e+00 -0.000000000000000000e+00
0.000000000000000000e+00 -0.000000000000000000e+00 0.000000000000000000e+00 -0.000000000000000000e+00 -0.000000000000000000e+00
0.000000000000000000e+00 -0.000000000000000000e+00 0.000000000000000000e+00 -0.000000000000000000e+00 -0.000000000000000000e+00
0.000000000000000000e+00 -0.000000000000000000e+00 0.000000000000000000e+00 -0.000000000000000000e+00 -0.000000000000000000e+00
0.000000000000000000e+00 -0.000000000000000000e+00 0.000000000000000000e+00 -0.000000000000000000e+00 -0.000000000000000000e+00
0.000000000000000000e+00 -0.000000000000000000e+00 0.000000000000000000e+00 -0.000000000000000000e+00 -0.000000000000000000e+00
0.000000000000000000e+00 -0.000000000000000000e+00 0.000000000000000000e+00 -0.000000000000000000e+00 -0.000000000000000000e+00
0.000000000000000000e+00 -0.000000000000000000e+00 0.000000000000000000e+00 -0.000000000000000000e+00 -0.000000000000000000e+00
0.000000000000000000e+00 -0.000000000000000000e+00 0.000000000000000000e+00 -0.000000000000000000e+00 -0.000000000000000000e+00
0.000000000000000000e+00 -0.000000000000000000e+00 0.000000000000000000e+00 -0.000000000000000000e+00 -0.000000000000000000e+00
0.000000000000000000e+00 -0.000000000000000000e+00 0.000000000000000000e+00 -0.000000000000000000e+00 -0.000000000000000000e+00
0.000000000000000000e+00 -0.000000000000000000e+00 0.000000000000000000e+00 -0.000000000000000000e+00 -0.000000000000000000e+00
0.000000000000000000e+00 -0.000000000000000000e+00 0.000000000000000000e+00 -0.000000000000000000e+00 -0.000000000000000000e+00
0.000000000000000000e+00 -0.000000000000000000e+00 0.000000000000000000e+00 -0.000000000000000000e+00 -0.000000000000000000e+00
0.000000000000000000e+00 -0.000000000000000000e+00 0.000000000000000000e+00 -0.000000000000000000e+00 -0.000000000000000000e+00
0.000000000000000000e+00 -0.000000000000000000e+00 0.000000000000000000e+00 -0.000000000000000000e+00 -0.000000000000000000e+00
0.000000000000000000e+00 -0.000000000000000000e+00 0.000000000000000000e+00 -0.000000000000000000e+00 -0.000000000000000000e+00
0.000000000000000000e+00 -0.000000000000000000e+00 0.000000000000000000e+00 -0.000000000000000000e+00 -0.000000000000000000e+00
0.000000000000000000e+00 -0.000000000000000000e+00 0.000000000000000000e+00 -0.000000000000000000e+00 -0.000000000000000000e+00
0.000000000000000000e+00 -0.000000000000000000e+00 0.000000000000000000e+00 -0.000000000000000000e+00 -0.000000000000000000e+00
0.000000000000000000e+00 -0.000000000000000000e+00 0.000000000000000000e+00 -0.000000000000000000e+00 -0.000000000000000000e+00
0.000000000000000000e+00 -0.000000000000000000e+00 0.000000000000000000e+00 -0.000000000000000000e+00 -0.000000000000000000e+00
0.000000000000000000e+00 -0.000000000000000000e+00 0.000000000000000000e+00 -0.000000000000000000e+00 -0.000000000000000000e+00
0.000000000000000000e+00 -0.000000000000000000e+00 0.000000000000000000e+00 -0.000000000000000000e+00 -0.000000000000000000e+00
0.000000000000000000e+00 -0.000000000000000000e+00 0.000000000000000000e+00 -0.000000000000000000e+00 -0.000000000000000000e+00
0.000000000000000000e+00 -0.000000000000000000e+00 0.000000000000000000e+00 -0.000000000000000000e+00 -0.000000000000000000e+00
0.000000000000000000e+00 -0.000000000000000000e+00 0.000000000000000000e+00 -0.000000000000000000e+00 -0.000000000000000000e+00
0.000000000000000000e+00 -0.000000000000000000e+00 0.000000000000000000e+00 -0.000000000000000000e+00 -0.000000000000000000e+00
0.000000000000000000e+00 -0.000000000000000000e+00 0.000000000000000000e+00 -0.000000000000000000e+00 -0.000000000000000000e+00
0.000000000000000000e+00 -0.000000000000000000e+00 0.000000000000000000e+00 -0.000000000000000000e+00 -0.000000000000000000e+00
0.000000000000000000e+00 -0.000000000000000000e+00 0.000000000000000000e+00 -0.000000000000000000e+00 -0.000000000000000000e+00
0.000000000000000000e+00 -0.000000000000000000e+00 0.000000000000000000e+00 -0.000000000000000000e+00 -0.000000000000000000e+00
0.000000000000000000e+00 -0.000000000000000000e+00 0.000000000000000000e+00 -0.000000000000000000e+00 -0.000000000000000000e+00
0.000000000000000000e+00 -0.000000000000000000e+00 0.000000000000000000e+00 -0.000000000000000000e+00 -0.000000000000000000e+00
0.000000000000000000e+00 -0.000000000000000000e+00 0.000000000000000000e+00 -0.000000000000000000e+00 -0.000000000000000000e+00
0.000000000000000000e+00 -0.000000000000000000e+00 0.000000000000000000e+00 -0.000000000000000000e+00 -0.000000000000000000e+00
0.000000000000000000e+00 -0.000000000000000000e+00 0.000000000000000000e+00 -0.000000000000000000e+00 -0.000000000000000000e+00
0.000000000000000000e+00 -0.000000000000000000e+00 0.000000000000000000e+00 -0.000000000000000000e+00 -0.000000000000000000e+00
0.000000000000000000e+00 -0.000000000000000000e+00 0.000000000000000000e+00 -0.000000000000000000e+00 -0.000000000000000000e+00
0.000000000000000000e+00 -0.000000000000000000e+00 0.000000000000000000e+00 -0.000000000000000000e+00 -0.000000000000000000e+00
0.000000000000000000e+00 -0.000000000000000000e+00 0.000000000000000000e+00 -0.000000000000000000e+00 -0.000000000000000000e+00
0.000000000000000000e+00 -0.000000000000000000e+00 0.000000000000000000e+00 -0.000000000000000000e+00 -0.000000000000000000e+00
0.000000000000000000e+00 -0.000000000000000000e+00 0.000000000000000000e+00 -0.000000000000000000e+00 -0.000000000000000000e+00
0.000000000000000000e+00 -0.000000000000000000e+00 0.000000000000000000e+00 -0.000000000000000000e+00 -0.000000000000000000e+00
0.000000000000000000e+00 -0.000000000000000000e+00 0.000000000000000000e+00 -0.000000000000000000e+00 -0.000000000000000000e+00
0.000000000000000000e+00 -0.000000000000000000e+00 0.000000000000000000e+00 -0.000000000000000000e+00 -0.000000000000000000e+00
0.000000000000000000e+00 -0.000000000000000000e+00 0.000000000000000000e+00 -0.000000000000000000e+00 -0.000000000000000000e+00
0.000000000000000000e+00 -0.000000000000000000e+00 0.000000000000000000e+00 -0.000000000000000000e+00 -0.000000000000000000e+00
0.000000000000000000e+00 -0.000000000000000000e+00 0.000000000000000000e+00 -0.000000000000000000e+00 -0.000000000000000000e+00
0.000000000000000000e+00 -0.000000000000000000e+00 0.000000000000000000e+00 -0.000000000000000000e+00 -0.000000000000000000e+00
0.000000000000000000e+00 -0.000000000000000000e+00 0.000000000000000000e+00 -0.000000000000000000e+00 -0.000000000000000000e+00
0.000000000000000000e+00 -0.000000000000000000e+00 0.000000000000000000e+00 -0.000000000000000000e+00 -0.000000000000000000e+00
0.000000000000000000e+00 -0.000000000000000000e+00 0.000000000000000000e+00 -0.000000000000000000e+00 -0.000000000000000000e+00
0.000000000000000000e+00 -0.000000000000000000e+00 0.000000000000000000e+00 -0.000000000000000000e+00 -0.000000000000000000e+00
0.000000000000000000e+00 -0.000000000000000000e+00 0.000000000000000000e+00 -0.000000000000000000e+00 -0.000000000000000000e+00
0.000000000000000000e+00 -0.000000000000000000e+00 0.000000000000000000e+00 -0.000000000000000000e+00 -0.000000000000000000e+00
0.000000000000000000e+00 -0.000000000000000000e+00 0.000000000000000000e+00 -0.000000000000000000e+00 -0.000000000000000000e+00
2.417926944923871879e-05 1.000000000000000082e-05 1.000000000000000082e-05 1.000000000000000082e-05 1.185521298638329569e-04
1.402730076966371307e-05 1.000000000000000082e-05 1.000000000000000082e-05 1.000000000000000082e-05 3.245273566859814421e-04
1.000000000000000082e-05 1.000000000000000082e-05 7.394533702814227614e-05 1.000000000000000082e-05 6.377733060144210589e-04
1.000000000000000082e-05 8.293063124545547744e-05 3.861444711614989709e-05 1.000000000000000082e-05 6.132463849933192509e-04
1.000000000000000082e-05 1.761674829413659030e-04 1.000000000000000082e-05 1.000000000000000082e-05 5.201500335777540064e-04
1.000000000000000082e-05 2.925351048208474402e-05 7.474245725855952316e-06 1.000000000000000082e-05 3.573211851518933997e-04
1.000000000000000082e-05 1.000000000000000082e-05 3.758033598825486511e-06 1.000000000000000082e-05 2.298493045073856368e-05
1.000000000000000082e-05 1.000000000000000082e-05 1.000000000000000082e-05 1.000000000000000082e-05 4.112353280275263408e-04
1.000000000000000082e-05 1.828847148441898633e-05 1.143451724294607824e-05 1.000000000000000082e-05 3.488426360340189420e-04
1.000000000000000082e-05 3.905399261899750250e-05 1.000000000000000082e-05 1.000000000000000082e-05 1.708250338790144401e-04
1.000000000000000082e-05 4.076709280552132228e-05 1.000000000000000082e-05 1.000000000000000082e-05 1.788959105960401274e-04
0.000000000000000000e+00 -0.000000000000000000e+00 0.000000000000000000e+00 -0.000000000000000000e+00 -0.000000000000000000e+00
0.000000000000000000e+00 -0.000000000000000000e+00 0.000000000000000000e+00 -0.000000000000000000e+00 -0.000000000000000000e+00
0.000000000000000000e+00 -0.000000000000000000e+00 0.000000000000000000e+00 -0.000000000000000000e+00 -0.000000000000000000e+00
0.000000000000000000e+00 -0.000000000000000000e+00 0.000000000000000000e+00 -0.000000000000000000e+00 -0.000000000000000000e+00
0.000000000000000000e+00 -0.000000000000000000e+00 0.000000000000000000e+00 -0.000000000000000000e+00 -0.000000000000000000e+00
0.000000000000000000e+00 -0.000000000000000000e+00 0.000000000000000000e+00 -0.000000000000000000e+00 -0.000000000000000000e+00
0.000000000000000000e+00 -0.000000000000000000e+00 0.000000000000000000e+00 -0.000000000000000000e+00 -0.000000000000000000e+00
0.000000000000000000e+00 -0.000000000000000000e+00 0.000000000000000000e+00 -0.000000000000000000e+00 -0.000000000000000000e+00
0.000000000000000000e+00 -0.000000000000000000e+00 0.000000000000000000e+00 -0.000000000000000000e+00 -0.000000000000000000e+00
0.000000000000000000e+00 -0.000000000000000000e+00 0.000000000000000000e+00 -0.000000000000000000e+00 -0.000000000000000000e+00
0.000000000000000000e+00 -0.000000000000000000e+00 0.000000000000000000e+00 -0.000000000000000000e+00 -0.000000000000000000e+00
1.000000000000000082e-05 1.129042353760041303e-05 1.206152226110497853e-05 1.000000000000000082e-05 1.429024160065720028e-05
1.000000000000000082e-05 9.556111847395674843e-05 9.872418745443455545e-05 1.000000000000000082e-05 1.230618251949596657e-04
1.000000000000000082e-05 1.670208785077944885e-04 6.792133740140503522e-05 1.000000000000000082e-05 1.670107068774773847e-04
1.000000000000000082e-05 1.779486027557900614e-04 1.000000000000000082e-05 1.000000000000000082e-05 1.200549781847109787e-04
1.730550125326737605e-05 4.519045277522774418e-06 2.501312886339490248e-05 1.000000000000000082e-05 1.000000000000000082e-05
1.000000000000000082e-05 1.549353457019045008e-05 2.291223068878081950e-04 1.000000000000000082e-05 2.939357128072463306e-04
1.000000000000000082e-05 1.000000000000000082e-05 4.338427828330788352e-04 1.000000000000000082e-05 1.188414105284403641e-03
1.000000000000000082e-05 1.000000000000000082e-05 3.133072409246149214e-04 1.000000000000000082e-05 1.575541024739771827e-03
1.000000000000000082e-05 1.000000000000000082e-05 2.157058901070819698e-05 1.000000000000000082e-05 2.815847610693118699e-03
1.000000000000000082e-05 1.000000000000000082e-05 1.000000000000000082e-05 1.000000000000000082e-05 3.343084009506499827e-03
1.000000000000000082e-05 1.791074436969607555e-04 1.000000000000000082e-05 6.317066303004101986e-05 3.722733095805369052e-03
1.000000000000000082e-05 1.000000000000000082e-05 1.000000000000000082e-05 1.572047276102619799e-04 3.249080683779184426e-03
3.924426199094585175e-04 1.000000000000000082e-05 1.000000000000000082e-05 8.602415432445367630e-05 3.331661631546983630e-03
4.753964757238608035e-04 1.997914887334558309e-04 1.000000000000000082e-05 1.000000000000000082e-05 4.621098686884644348e-03
6.584387398387109248e-04 6.559253228151288142e-04 1.000000000000000082e-05 1.000000000000000082e-05 4.400240221761080560e-03
7.946571701672509955e-04 4.913196468583937160e-04 1.000000000000000082e-05 1.000000000000000082e-05 3.154064757568701607e-03
4.447699361397935286e-04 4.644088019438113546e-05 2.849685974475591713e-04 1.000000000000000082e-05 1.979415048319286066e-03
4.137041181334392238e-05 1.000000000000000082e-05 7.071605091847373145e-04 1.000000000000000082e-05 1.411709197046644550e-03
1.000000000000000082e-05 1.000000000000000082e-05 3.905965721312982283e-04 1.000000000000000082e-05 4.274707964072731897e-04
3.947554447873608842e-05 1.881598611363871182e-05 2.736867649444855633e-05 1.000000000000000082e-05 1.000000000000000082e-05
0.000000000000000000e+00 -0.000000000000000000e+00 0.000000000000000000e+00 -0.000000000000000000e+00 -0.000000000000000000e+00
0.000000000000000000e+00 -0.000000000000000000e+00 0.000000000000000000e+00 -0.000000000000000000e+00 -0.000000000000000000e+00
0.000000000000000000e+00 -0.000000000000000000e+00 0.000000000000000000e+00 -0.000000000000000000e+00 -0.000000000000000000e+00
0.000000000000000000e+00 -0.000000000000000000e+00 0.000000000000000000e+00 -0.000000000000000000e+00 -0.000000000000000000e+00
0.000000000000000000e+00 -0.000000000000000000e+00 0.000000000000000000e+00 -0.000000000000000000e+00 -0.000000000000000000e+00
0.000000000000000000e+00 -0.000000000000000000e+00 0.000000000000000000e+00 -0.000000000000000000e+00 -0.000000000000000000e+00
1.409305705501353090e-05 2.804367513999583231e-04 1.000000000000000082e-05 1.000000000000000082e-05 1.289044329951275435e-04
1.331080042210693493e-04 1.111829492625487437e-03 1.000000000000000082e-05 1.000000000000000082e-05 3.339243162213496527e-04
2.889737560167387611e-05 1.528310200920708628e-03 1.000000000000000082e-05 1.000000000000000082e-05 3.629329969845259156e-04
1.000000000000000082e-05 2.576713728518254844e-03 1.000000000000000082e-05 1.000000000000000082e-05 8.961175838281702560e-04
1.000000000000000082e-05 4.679323655521841659e-03 1.000000000000000082e-05 1.000000000000000082e-05 1.768179799590590068e-03
1.000000000000000082e-05 5.088704456901520408e-03 6.029367987300588609e-04 1.000000000000000082e-05 2.541226781844284788e-03
1.000000000000000082e-05 3.936067492702761961e-03 2.268529169315326114e-03 1.000000000000000082e-05 3.247792574056765445e-03
1.000000000000000082e-05 1.793754968715204024e-03 3.112515821515136460e-03 1.000000000000000082e-05 7.092195232748493144e-03
1.000000000000000082e-05 6.635687529955683643e-04 3.124297351574444742e-03 1.000000000000000082e-05 8.819815435193160968e-03
1.000000000000000082e-05 1.000000000000000082e-05 1.524277340430598955e-03 1.000000000000000082e-05 1.017769470258993864e-02
1.000000000000000082e-05 1.000000000000000082e-05 9.921812065310554613e-05 1.000000000000000082e-05 1.297220597853896568e-02
1.000000000000000082e-05 1.000000000000000082e-05 1.000000000000000082e-05 1.656866529134115541e-03 1.631061404712820170e-02
1.000000000000000082e-05 1.000000000000000082e-05 1.000000000000000082e-05 4.413693920583829436e-03 2.012522421162404526e-02
1.000000000000000082e-05 9.635565757180730023e-04 1.000000000000000082e-05 5.795943246001932815e-03 2.304145391995051848e-02
4.109527862497911496e-04 2.907908715107285300e-03 1.000000000000000082e-05 5.801589037406822656e-03 2.403388939415578018e-02
4.742179706845195235e-03 3.711839076568270151e-03 1.000000000000000082e-05 2.064806175293059775e-03 2.335525669099731624e-02
8.393359342876858392e-03 4.799579978030439620e-03 1.000000000000000082e-05 1.000000000000000082e-05 2.082508004181712197e-02
7.639482995049622083e-03 3.787542932260855397e-03 1.188397122306864831e-03 1.000000000000000082e-05 1.547721828243826467e-02
6.253944730945632142e-03 1.522750983074451069e-03 3.643618875436800686e-03 1.000000000000000082e-05 1.020322307094064136e-02
2.975465622792946609e-03 1.000000000000000082e-05 4.745186864964361616e-03 1.000000000000000082e-05 5.594931681606267124e-03
1.545953226391941736e-03 1.000000000000000082e-05 1.832601545300995873e-03 1.000000000000000082e-05 2.104322314233875515e-03
3.356204401133717065e-04 1.020127231671730613e-04 1.261955028615760358e-04 1.000000000000000082e-05 7.114404231940952780e-05
3.488805411605935982e-05 1.000000000000000082e-05 1.023419850138093502e-05 1.000000000000000082e-05 4.550362462294845134e-05
0.000000000000000000e+00 -0.000000000000000000e+00 0.000000000000000000e+00 -0.000000000000000000e+00 -0.000000000000000000e+00
0.000000000000000000e+00 -0.000000000000000000e+00 0.000000000000000000e+00 -0.000000000000000000e+00 -0.000000000000000000e+00
0.000000000000000000e+00 -0.000000000000000000e+00 0.000000000000000000e+00 -0.000000000000000000e+00 -0.000000000000000000e+00
0.000000000000000000e+00 -0.000000000000000000e+00 0.000000000000000000e+00 -0.000000000000000000e+00 -0.000000000000000000e+00
1.000000000000000082e-05 2.013765529859256774e-04 1.000000000000000082e-05 1.000000000000000082e-05 1.530027426091310719e-04
2.325645835497889600e-05 2.270687873803171278e-03 1.000000000000000082e-05 1.000000000000000082e-05 7.173803682840356388e-04
2.388605321365917355e-04 6.990020544297517215e-03 1.000000000000000082e-05 1.000000000000000082e-05 1.241937660911098017e-03
3.138918954914755215e-04 1.445023806605042448e-02 1.000000000000000082e-05 1.000000000000000082e-05 1.771346763834599118e-03
1.000000000000000082e-05 1.987804220084113740e-02 1.000000000000000082e-05 1.000000000000000082e-05 1.823922342859393177e-03
1.000000000000000082e-05 2.604054911975519498e-02 1.000000000000000082e-05 1.000000000000000082e-05 2.262489361646249312e-03
1.000000000000000082e-05 2.678469176956061598e-02 4.881848168310847294e-03 4.362868569930887855e-03 1.162813076921004243e-03
1.000000000000000082e-05 1.669606894625633164e-02 1.385352759067053595e-02 1.102676220987387073e-02 2.395205035666923051e-03
1.000000000000000082e-05 3.553882137039453964e-03 2.197512410221474227e-02 1.170165743751606230e-02 1.094864974399168724e-02
1.000000000000000082e-05 1.000000000000000082e-05 2.110473162140009615e-02 8.103431618342753218e-03 1.810028456653588885e-02
6.708004951312568375e-05 1.000000000000000082e-05 1.271739991821231944e-02 3.018548855282042476e-03 2.785395925330850370e-02
3.392566988724385856e-03 1.000000000000000082e-05 2.933800764801702300e-03 2.670217733530750367e-03 3.427917199016292799e-02
9.858365003144874562e-04 1.000000000000000082e-05 1.000000000000000082e-05 9.654235605620929001e-03 3.945358638009840296e-02
1.000000000000000082e-05 1.000000000000000082e-05 1.000000000000000082e-05 2.411904755578723678e-02 4.589168930280342756e-02
6.358482511698228430e-04 6.964913462159585435e-03 1.000000000000000082e-05 3.497138707714900902e-02 5.055825018485698985e-02
1.163540912291441236e-02 1.562426715497750029e-02 1.000000000000000082e-05 3.526293956520633321e-02 4.345738772322706861e-02
2.621085221825213835e-02 1.986550638884937089e-02 1.000000000000000082e-05 1.809141877114739047e-02 3.175875783829695820e-02
3.205515770730704012e-02 1.821832324008119952e-02 4.027465749291652200e-03 1.000000000000000082e-05 2.139219424747502291e-02
3.041487322369210503e-02 1.178494900130380024e-02 1.900713079215922072e-02 1.000000000000000082e-05 1.097839070010114132e-02
2.132564676528077643e-02 3.401569565028369265e-03 2.925479930942754409e-02 1.000000000000000082e-05 5.401929118234924214e-03
1.352377904958437273e-02 1.000000000000000082e-05 2.461772773848038692e-02 1.000000000000000082e-05 2.543010339750294366e-03
6.036557201341509991e-03 1.000000000000000082e-05 1.097448133161166468e-02 1.000000000000000082e-05 3.585908877655674871e-04
1.891102890263163944e-03 1.000000000000000082e-05 1.279288404307125275e-03 1.000000000000000082e-05 1.000000000000000082e-05
6.983743415373575101e-05 1.000000000000000082e-05 1.570946383913135913e-04 1.000000000000000082e-05 1.000000000000000082e-05
0.000000000000000000e+00 -0.000000000000000000e+00 0.000000000000000000e+00 -0.000000000000000000e+00 -0.000000000000000000e+00
0.000000000000000000e+00 -0.000000000000000000e+00 0.000000000000000000e+00 -0.000000000000000000e+00 -0.000000000000000000e+00
0.000000000000000000e+00 -0.000000000000000000e+00 0.000000000000000000e+00 -0.000000000000000000e+00 -0.000000000000000000e+00
0.000000000000000000e+00 -0.000000000000000000e+00 0.000000000000000000e+00 -0.000000000000000000e+00 -0.000000000000000000e+00
1.555639365025956338e-04 1.011957035079903786e-03 1.000000000000000082e-05 1.000000000000000082e-05 2.079180703386014769e-04
4.234950590279099166e-04 6.343261294218725983e-03 1.000000000000000082e-05 1.000000000000000082e-05 6.900034064058825937e-04
8.868408082137929421e-04 1.562072561832095023e-02 1.000000000000000082e-05 1.000000000000000082e-05 1.559275944925393297e-03
1.186769643500173131e-03 2.941573367101566264e-02 1.000000000000000082e-05 1.000000000000000082e-05 1.525959155354325884e-03
4.181065516914899614e-05 4.504667410643113656e-02 1.000000000000000082e-05 1.000000000000000082e-05 1.597458654153599349e-04
1.000000000000000082e-05 5.501772930029252828e-02 1.000000000000000082e-05 3.516416228178803616e-03 1.000000000000000082e-05
1.000000000000000082e-05 5.081740154367188345e-02 1.558800736182941807e-02 2.054404478303709439e-02 1.000000000000000082e-05
1.000000000000000082e-05 2.591610883187436820e-02 3.942842672146001232e-02 3.738179602470895202e-02 1.000000000000000082e-05
1.000000000000000082e-05 1.000000000000000082e-05 5.618521581151960514e-02 3.585522008575050407e-02 3.096566220992363980e-03
1.000000000000000082e-05 1.000000000000000082e-05 4.995678707915958416e-02 2.219456471727373342e-02 2.093196969977875396e-02
1.509255961906470767e-02 1.000000000000000082e-05 2.551769270713205237e-02 8.038159038413461230e-03 3.915455935227942635e-02
1.735392378399807506e-02 1.000000000000000082e-05 2.616918087244791448e-03 4.999916798524932891e-03 5.143140718172996284e-02
6.921941523078965590e-03 1.000000000000000082e-05 1.000000000000000082e-05 1.964970143615971457e-02 5.794097293761951012e-02
3.175511961949150871e-04 1.000000000000000082e-05 1.000000000000000082e-05 4.391145919097933642e-02 6.283639062518646401e-02
7.571633512926158500e-03 1.505533663437945077e-02 1.000000000000000082e-05 6.767154042933486158e-02 5.952437244990118476e-02
2.898774336895786757e-02 3.370312001610939467e-02 1.000000000000000082e-05 6.477106434308546601e-02 4.580407105722463651e-02
5.047223429292022751e-02 4.276372954531982434e-02 1.000000000000000082e-05 2.993201898379357559e-02 2.797158303376577268e-02
5.261259385123222970e-02 3.418856061850338718e-02 2.159918564204989233e-02 1.000000000000000082e-05 1.327362300032023518e-02
4.284181504939878204e-02 1.867367534802142834e-02 5.038950622217096970e-02 1.000000000000000082e-05 1.039441560760432336e-03
2.824992002549956208e-02 4.138699153993008473e-03 5.888196079704501040e-02 1.000000000000000082e-05 1.000000000000000082e-05
1.543698849567478291e-02 1.000000000000000082e-05 4.636882544512303111e-02 1.000000000000000082e-05 1.000000000000000082e-05
7.435922654433994167e-03 1.000000000000000082e-05 2.079938960888661620e-02 1.000000000000000082e-05 1.000000000000000082e-05
2.781751530700743175e-03 1.000000000000000082e-05 3.041992798781867346e-03 1.000000000000000082e-05 1.000000000000000082e-05
4.697424891722562393e-04 1.000000000000000082e-05 2.289986170542608016e-04 1.000000000000000082e-05 1.000000000000000082e-05
0.000000000000000000e+00 -0.000000000000000000e+00 0.000000000000000000e+00 -0.000000000000000000e+00 -0.000000000000000000e+00
0.000000000000000000e+00 -0.000000000000000000e+00 0.000000000000000000e+00 -0.000000000000000000e+00 -0.000000000000000000e+00
0.000000000000000000e+00 -0.000000000000000000e+00 0.000000000000000000e+00 -0.000000000000000000e+00 -0.000000000000000000e+00
0.000000000000000000e+00 -0.000000000000000000e+00 0.000000000000000000e+00 -0.000000000000000000e+00 -0.000000000000000000e+00
2.680427511515173084e-04 1.696928683661585568e-03 1.000000000000000082e-05 1.000000000000000082e-05 1.523808933518161349e-04
7.321566956575293857e-04 9.394631989578110937e-03 1.000000000000000082e-05 1.000000000000000082e-05 5.845659898738322056e-04
1.681690319333874455e-03 2.577756739341055189e-02 1.000000000000000082e-05 1.000000000000000082e-05 1.318920611669326852e-03
1.698950769989472859e-03 4.482105890844911150e-02 1.000000000000000082e-05 1.000000000000000082e-05 1.102029645089838998e-03
1.000000000000000082e-05 6.807442069830300924e-02 1.000000000000000082e-05 1.000000000000000082e-05 1.000000000000000082e-05
1.000000000000000082e-05 8.364511996256819570e-02 6.904916190957767486e-03 1.209521399140338349e-02 1.000000000000000082e-05
1.000000000000000082e-05 6.684126416208138743e-02 3.496252070004265966e-02 4.298676945432874236e-02 1.000000000000000082e-05
1.000000000000000082e-05 2.509605147995167332e-02 7.115544545078934802e-02 6.295221745983421713e-02 1.000000000000000082e-05
1.000000000000000082e-05 1.000000000000000082e-05 8.697199853994630470e-02 5.447655443538741704e-02 1.000000000000000082e-05
1.938563029070084973e-02 1.000000000000000082e-05 6.491327337786062524e-02 2.711589825392863792e-02 2.657397914266492953e-02
3.867875492980336199e-02 1.000000000000000082e-05 2.693744232920157813e-02 5.986351747016442626e-03 5.666522675001774839e-02
3.121076699256343165e-02 1.000000000000000082e-05 1.000000000000000082e-05 4.348831111584688588e-03 7.137534107137329109e-02
1.190563506908551110e-02 1.000000000000000082e-05 1.000000000000000082e-05 2.618521142973342930e-02 7.016025823178291543e-02
2.664103723332901519e-03 1.000000000000000082e-05 1.000000000000000082e-05 6.327111809704026590e-02 6.900675444160490890e-02
1.812178826061084172e-02 2.094198622684520505e-02 1.000000000000000082e-05 9.471195035847736199e-02 5.929438082927192960e-02
4.999992530987232980e-02 4.984519300323672630e-02 1.000000000000000082e-05 7.936268105778918058e-02 4.622440001393580272e-02
7.214122161406373579e-02 6.170130480963914588e-02 1.000000000000000082e-05 3.006952565289498433e-02 2.212306387793952153e-02
6.055885634928142441e-02 4.599150748366253455e-02 5.065827131771824532e-02 1.000000000000000082e-05 3.757584896510492156e-03
3.968206236076006477e-02 2.126602726461089901e-02 8.465282589071111696e-02 1.000000000000000082e-05 1.000000000000000082e-05
2.130303012786801536e-02 4.259008022358166425e-03 8.231579763995629240e-02 1.000000000000000082e-05 1.000000000000000082e-05
1.039034706894459079e-02 1.000000000000000082e-05 5.402739443785307960e-02 1.000000000000000082e-05 1.000000000000000082e-05
5.130903663833528972e-03 1.000000000000000082e-05 2.086980888529652370e-02 1.000000000000000082e-05 1.000000000000000082e-05
2.148746195341235798e-03 1.000000000000000082e-05 3.755404065849032337e-03 1.000000000000000082e-05 9.256534511758209016e-04
4.646865045574954641e-04 1.000000000000000082e-05 3.034399726535803106e-04 1.000000000000000082e-05 2.087367422903058838e-04
0.000000000000000000e+00 -0.000000000000000000e+00 0.000000000000000000e+00 -0.000000000000000000e+00 -0.000000000000000000e+00
0.000000000000000000e+00 -0.000000000000000000e+00 0.000000000000000000e+00 -0.000000000000000000e+00 -0.000000000000000000e+00
0.000000000000000000e+00 -0.000000000000000000e+00 0.000000000000000000e+00 -0.000000000000000000e+00 -0.000000000000000000e+00
2.329727624990860657e-05 1.200470446310654291e-04 1.000000000000000082e-05 2.427681552294118955e-05 1.000000000000000082e-05
4.361270060769515712e-04 2.582248340074970883e-03 1.000000000000000082e-05 1.000000000000000082e-05 1.000000000000000082e-05
1.419586225221212581e-03 1.385005906023515677e-02 1.000000000000000082e-05 1.000000000000000082e-05 2.414800152152921596e-04
2.105042306713834563e-03 3.232816885826544223e-02 1.000000000000000082e-05 1.000000000000000082e-05 1.516092497655587663e-03
1.936091131621310449e-03 5.831051477916418535e-02 1.000000000000000082e-05 1.000000000000000082e-05 3.037214772065217634e-04
1.000000000000000082e-05 8.956114095372942618e-02 1.000000000000000082e-05 1.000000000000000082e-05 1.000000000000000082e-05
1.000000000000000082e-05 1.015185375323867378e-01 1.719148752031019259e-02 2.425492577537520511e-02 1.000000000000000082e-05
1.000000000000000082e-05 6.961670409862801001e-02 6.101308296212032412e-02 6.563666163321006664e-02 1.000000000000000082e-05
1.000000000000000082e-05 1.197122043491017328e-02 1.028297226146545756e-01 8.387665320331047503e-02 1.000000000000000082e-05
1.515627732857083992e-02 1.000000000000000082e-05 9.903049907433765509e-02 6.068474767823315436e-02 3.891420970094621856e-03
5.441148432899565318e-02 1.000000000000000082e-05 5.509335384139723429e-02 2.139776732272612864e-02 5.018812218570792988e-02
6.329147530333022187e-02 1.000000000000000082e-05 1.017557548697156471e-02 1.000000000000000082e-05 8.266379790243896797e-02
4.016555862515457792e-02 1.000000000000000082e-05 1.000000000000000082e-05 3.632030485031680252e-03 8.217411460207237062e-02
1.306724552729483790e-02 1.000000000000000082e-05 1.000000000000000082e-05 3.176525774712506828e-02 7.173279442811011930e-02
6.255456986863971135e-03 1.000000000000000082e-05 1.000000000000000082e-05 7.958185980162110762e-02 6.673850461957013536e-02
3.279853353876330951e-02 2.646333204149029297e-02 1.000000000000000082e-05 1.123900415898068245e-01 5.771331738745189704e-02
7.241766048411069079e-02 6.577259664198253919e-02 1.000000000000000082e-05 8.157634115504062977e-02 4.380006354525199652e-02
8.353482588408717158e-02 7.738095443435986931e-02 1.659476336427335996e-02 2.109151099992241998e-02 1.690550390477868481e-02
5.698428780254221476e-02 5.151037530316648211e-02 8.826973857255071554e-02 1.000000000000000082e-05 1.000000000000000082e-05
2.575680986855333893e-02 2.173968423924951821e-02 1.106075811388574637e-01 1.000000000000000082e-05 1.000000000000000082e-05
7.757472892421022996e-03 4.210973132212348508e-03 8.788001715705019701e-02 1.000000000000000082e-05 1.000000000000000082e-05
2.883095197043324814e-03 1.000000000000000082e-05 4.601659112600878926e-02 1.000000000000000082e-05 3.066177185957501738e-05
2.753326029493402029e-03 1.000000000000000082e-05 1.382746478504591828e-02 1.000000000000000082e-05 2.125311917075487986e-03
1.183113674493817312e-03 1.000000000000000082e-05 2.706201259197005098e-03 1.000000000000000082e-05 1.594171162537303624e-03
3.074046492107042382e-04 1.000000000000000082e-05 1.930027780946344117e-04 1.000000000000000082e-05 3.672829808668963566e-04
0.000000000000000000e+00 -0.000000000000000000e+00 0.000000000000000000e+00 -0.000000000000000000e+00 -0.000000000000000000e+00
0.000000000000000000e+00 -0.000000000000000000e+00 0.000000000000000000e+00 -0.000000000000000000e+00 -0.000000000000000000e+00
0.000000000000000000e+00 -0.000000000000000000e+00 0.000000000000000000e+00 -0.000000000000000000e+00 -0.000000000000000000e+00
2.535291827195935361e-05 1.306394309220423194e-04 1.000000000000000082e-05 2.641888748084770202e-05 1.000000000000000082e-05
4.750834379446367234e-04 2.660881187372987709e-03 1.000000000000000082e-05 1.000000000000000082e-05 1.000000000000000082e-05
1.480340353241385055e-03 1.454775875063449818e-02 1.000000000000000082e-05 1.000000000000000082e-05 1.000000000000000082e-05
2.096922135537884063e-03 3.721484306086382532e-02 1.000000000000000082e-05 1.000000000000000082e-05 1.717397082406613498e-03
1.375235013731797643e-03 6.969693151125139208e-02 1.000000000000000082e-05 1.000000000000000082e-05 1.000000000000000082e-05
1.000000000000000082e-05 1.064714820041399168e-01 2.796394585133972748e-03 9.925526986978743579e-04 1.000000000000000082e-05
1.000000000000000082e-05 1.098365444723185258e-01 3.600336369154907845e-02 3.718624992985682109e-02 1.000000000000000082e-05
1.000000000000000082e-05 5.933197038901827369e-02 9.261351721160954176e-02 8.513112750890371172e-02 1.000000000000000082e-05
5.640625510247296775e-05 1.000000000000000082e-05 1.200178823192178390e-01 9.587371046544862496e-02 1.000000000000000082e-05
5.223128026780415184e-02 1.000000000000000082e-05 8.510221652075747323e-02 5.737191905286590649e-02 3.175570446404274438e-02
8.713781438894499520e-02 1.000000000000000082e-05 2.546830795775344505e-02 1.430948287028062545e-02 8.373513494923205680e-02
7.263729467544212393e-02 1.000000000000000082e-05 1.000000000000000082e-05 1.000000000000000082e-05 1.001035633162091348e-01
3.565688029130357345e-02 1.000000000000000082e-05 1.000000000000000082e-05 5.009271625240761111e-03 7.658260969424116049e-02
1.047539192597462566e-02 1.000000000000000082e-05 1.000000000000000082e-05 3.783912049817837048e-02 6.176206012948452090e-02
1.472691801505059475e-02 1.000000000000000082e-05 1.000000000000000082e-05 9.494154770461080139e-02 5.934368818030613668e-02
5.376213889886796021e-02 3.223162184098351396e-02 1.000000000000000082e-05 1.242956631593216121e-01 5.644450328517213594e-02
9.353765695490282028e-02 7.864241920879558312e-02 1.000000000000000082e-05 7.736424290916955882e-02 3.636665690297449793e-02
8.413691523779562309e-02 8.862363317818358621e-02 5.181669699217657243e-02 8.226275057942128432e-03 8.369650144426532545e-03
4.071395127670836972e-02 5.352279209033462826e-02 1.202239309271914414e-01 1.000000000000000082e-05 1.000000000000000082e-05
8.772815388856762542e-03 2.224927287505715570e-02 1.155966272626762770e-01 1.000000000000000082e-05 1.000000000000000082e-05
1.000000000000000082e-05 6.109198798281524796e-03 7.403500281842700925e-02 1.000000000000000082e-05 1.000000000000000082e-05
1.000000000000000082e-05 1.000000000000000082e-05 2.894318943388355173e-02 1.000000000000000082e-05 2.731733629077060920e-03
6.254289651832651556e-04 1.000000000000000082e-05 6.768564063277323836e-03 1.000000000000000082e-05 2.518699590967980826e-03
3.429917425408090148e-04 1.000000000000000082e-05 1.327913670095372213e-03 1.000000000000000082e-05 1.005348545454060483e-03
9.727113252737450231e-05 1.000000000000000082e-05 8.139164224317316080e-05 1.000000000000000082e-05 2.461429549270820454e-04
0.000000000000000000e+00 -0.000000000000000000e+00 0.000000000000000000e+00 -0.000000000000000000e+00 -0.000000000000000000e+00
0.000000000000000000e+00 -0.000000000000000000e+00 0.000000000000000000e+00 -0.000000000000000000e+00 -0.000000000000000000e+00
0.000000000000000000e+00 -0.000000000000000000e+00 0.000000000000000000e+00 -0.000000000000000000e+00 -0.000000000000000000e+00
2.952747070187733736e-05 1.471324912794750412e-04 1.000000000000000082e-05 2.590855960227116849e-05 1.000000000000000082e-05
5.268500460612095737e-04 2.917984808220899264e-03 1.000000000000000082e-05 1.000000000000000082e-05 1.000000000000000082e-05
1.593106337445436777e-03 1.634648721188595652e-02 1.000000000000000082e-05 1.000000000000000082e-05 1.000000000000000082e-05
1.713809636301858591e-03 4.250805853905271353e-02 1.000000000000000082e-05 1.000000000000000082e-05 5.533290941202225486e-04
1.000000000000000082e-05 8.216784965814001584e-02 1.000000000000000082e-05 1.000000000000000082e-05 1.000000000000000082e-05
1.000000000000000082e-05 1.185470878470832878e-01 1.839857276325882265e-02 4.413983858997959364e-03 1.000000000000000082e-05
1.000000000000000082e-05 1.092576308222486525e-01 6.757602104192128589e-02 5.136910066958372961e-02 1.000000000000000082e-05
1.000000000000000082e-05 4.082192130271401070e-02 1.186233302097295106e-01 1.011058723279867344e-01 1.000000000000000082e-05
3.291022329730402401e-02 1.000000000000000082e-05 1.125354937500514518e-01 9.664129010621107241e-02 3.786444955569545287e-03
8.943463315785946111e-02 1.000000000000000082e-05 4.815743304426801236e-02 4.880510343746739116e-02 7.094748990055428639e-02
9.891846392440711844e-02 1.000000000000000082e-05 1.000000000000000082e-05 8.623624225646837893e-03 1.106988616514733986e-01
6.109524194759725912e-02 1.000000000000000082e-05 1.000000000000000082e-05 1.000000000000000082e-05 9.383564248786453732e-02
2.266284251465794722e-02 1.000000000000000082e-05 1.000000000000000082e-05 8.018049396140179003e-03 5.663364437430865039e-02
9.812817976757844465e-03 1.000000000000000082e-05 1.000000000000000082e-05 4.633661643500070620e-02 4.547645700667530405e-02
3.026943878539945648e-02 1.000000000000000082e-05 1.000000000000000082e-05 1.090583334621609973e-01 5.426642429780138138e-02
8.104649022623164334e-02 3.950760618985339062e-02 1.000000000000000082e-05 1.299387445132857977e-01 5.132961001162029274e-02
1.058997729369521579e-01 8.880190255911064867e-02 1.000000000000000082e-05 6.914569284885001277e-02 2.626384932954174689e-02
7.035390930828758216e-02 9.398326787369298829e-02 9.318396629728409319e-02 1.000000000000000082e-05 3.119471732496823684e-04
1.818243032704757595e-02 5.426059831512969334e-02 1.366175419474603137e-01 1.000000000000000082e-05 1.000000000000000082e-05
1.000000000000000082e-05 2.295429332365797256e-02 1.038559521162152888e-01 1.000000000000000082e-05 1.000000000000000082e-05
1.000000000000000082e-05 8.265353077050065569e-03 4.888721519991000991e-02 1.000000000000000082e-05 4.523547951711353113e-03
1.000000000000000082e-05 1.380185028334757853e-03 1.353532992904279281e-02 1.000000000000000082e-05 3.867912575493209337e-03
3.230631490555648812e-04 1.000000000000000082e-05 2.655920313150748804e-03 1.000000000000000082e-05 1.318560555769644586e-03
3.440376548853194753e-04 1.302017226234848528e-05 4.310621534156963393e-04 1.000000000000000082e-05 2.191930786835799290e-04
5.743957400640557684e-06 1.000000000000000082e-05 3.287391774863654362e-06 1.000000000000000082e-05 2.317538889147547401e-05
0.000000000000000000e+00 -0.000000000000000000e+00 0.000000000000000000e+00 -0.000000000000000000e+00 -0.000000000000000000e+00
0.000000000000000000e+00 -0.000000000000000000e+00 0.000000000000000000e+00 -0.000000000000000000e+00 -0.000000000000000000e+00
3.192304799349061493e-06 1.261234027333097665e-05 1.000000000000000082e-05 1.000000000000000082e-05 1.000000000000000082e-05
7.293910140778805137e-05 3.222252330319173700e-04 1.000000000000000082e-05 2.376941050941862540e-05 1.000000000000000082e-05
6.882219908394259520e-04 4.243992680317627136e-03 1.000000000000000082e-05 1.000000000000000082e-05 1.000000000000000082e-05
1.313479066002698741e-03 1.779600667605744230e-02 1.000000000000000082e-05 1.000000000000000082e-05 1.000000000000000082e-05
3.994587825708540894e-04 4.964638877169461062e-02 1.000000000000000082e-05 1.000000000000000082e-05 4.537753754424754061e-04
1.000000000000000082e-05 9.414098750855859343e-02 8.117930415909262523e-03 1.000000000000000082e-05 1.000000000000000082e-05
1.000000000000000082e-05 1.274113419648515710e-01 4.235431483775004696e-02 9.991912604944638149e-03 1.000000000000000082e-05
1.000000000000000082e-05 1.009571237037367730e-01 9.826819667032241079e-02 6.528372625832634668e-02 1.000000000000000082e-05
1.214177074486917987e-02 2.147829696327560253e-02 1.235573723282214209e-01 1.098105950405278558e-01 1.000000000000000082e-05
7.405503204530552996e-02 1.000000000000000082e-05 7.727066131025910056e-02 9.175707968577180573e-02 4.700008675027426280e-02
1.107309118602771564e-01 1.000000000000000082e-05 5.701580194643140510e-03 4.022311746526242848e-02 1.029268373909195816e-01
8.768887803170137552e-02 1.000000000000000082e-05 1.000000000000000082e-05 6.083276112168693912e-03 1.053561654408699533e-01
3.726113495113211882e-02 1.000000000000000082e-05 1.000000000000000082e-05 1.133988629518759656e-03 6.331287493136796007e-02
1.314422548094596431e-02 1.000000000000000082e-05 1.000000000000000082e-05 1.287467011710072794e-02 2.995174596137746906e-02
1.936035632747391474e-02 1.000000000000000082e-05 1.000000000000000082e-05 5.482029173593606225e-02 3.353450953202778695e-02
5.950603910088453352e-02 1.000000000000000082e-05 1.000000000000000082e-05 1.207663214068914470e-01 5.051561347912159050e-02
1.092179991624809832e-01 4.569421958959093283e-02 1.000000000000000082e-05 1.295367162873761191e-01 4.100883963906169077e-02
1.009997989943440810e-01 9.556043301594753514e-02 4.268219775923069031e-02 5.918588331483182197e-02 1.323138257143304485e-02
4.391592947862076046e-02 9.694712543761491164e-02 1.264119015587275852e-01 1.000000000000000082e-05 1.000000000000000082e-05
1.000000000000000082e-05 5.739671080546922960e-02 1.307149117572152519e-01 1.000000000000000082e-05 4.432910363925359658e-04
1.000000000000000082e-05 2.673269944166433917e-02 7.786598012555631665e-02 1.000000000000000082e-05 4.759298747030530664e-03
1.000000000000000082e-05 9.722282491991491443e-03 2.774084478374922585e-02 1.000000000000000082e-05 7.295990992093664626e-03
1.000000000000000082e-05 2.003769078471594970e-03 5.767100328046748450e-03 1.000000000000000082e-05 3.507792472374478103e-03
6.154577937606763548e-04 1.844605668129915951e-04 6.053325191282171768e-04 1.000000000000000082e-05 3.270424252564078775e-04
1.405022981293016320e-04 9.381265614389472634e-05 1.279435272453141039e-04 1.000000000000000082e-05 1.000000000000000082e-05
0.000000000000000000e+00 -0.000000000000000000e+00 0.000000000000000000e+00 -0.000000000000000000e+00 -0.000000000000000000e+00
0.000000000000000000e+00 -0.000000000000000000e+00 0.000000000000000000e+00 -0.000000000000000000e+00 -0.000000000000000000e+00
0.000000000000000000e+00 -0.000000000000000000e+00 0.000000000000000000e+00 -0.000000000000000000e+00 -0.000000000000000000e+00
3.143192417820611526e-05 1.241830426912587720e-04 1.000000000000000082e-05 1.000000000000000082e-05 1.000000000000000082e-05
8.793579398743414037e-05 3.836227771372364742e-04 1.000000000000000082e-05 2.383678896758617527e-05 1.000000000000000082e-05
5.747232708609625309e-04 4.436276193860910246e-03 1.000000000000000082e-05 1.000000000000000082e-05 1.000000000000000082e-05
5.240200441495148145e-04 1.998362122276058084e-02 1.000000000000000082e-05 1.000000000000000082e-05 1.000000000000000082e-05
1.000000000000000082e-05 5.600180119541684626e-02 3.940204924375982978e-03 1.000000000000000082e-05 1.000000000000000082e-05
1.000000000000000082e-05 1.043968427079227101e-01 2.653055021270614780e-02 1.000000000000000082e-05 1.000000000000000082e-05
1.000000000000000082e-05 1.302675625195102993e-01 7.275653946132558392e-02 1.683733191261962622e-02 1.000000000000000082e-05
1.000000000000000082e-05 8.986521522134650886e-02 1.175022900369064593e-01 7.479721981916359619e-02 1.000000000000000082e-05
4.753104299865962973e-02 8.532867271715262672e-03 1.049339568815114698e-01 1.137620238897804198e-01 1.484441982919601152e-02
1.059288463427512234e-01 1.000000000000000082e-05 3.529867351002176357e-02 9.118236297779327981e-02 7.208674161279673975e-02
1.121506539446238543e-01 1.000000000000000082e-05 1.000000000000000082e-05 4.331758945900077151e-02 9.505631945950183959e-02
6.671875846259971155e-02 1.000000000000000082e-05 1.000000000000000082e-05 1.638059286399039249e-02 5.939704214760396783e-02
2.745477440077878986e-02 6.157208461668692810e-03 1.000000000000000082e-05 1.417479281151098891e-02 1.373713122881228474e-02
2.134561999328332335e-02 8.347880872068889554e-03 1.000000000000000082e-05 2.543998632216379688e-02 1.542110213977995119e-04
4.612782170425967776e-02 7.507049853208903499e-05 1.000000000000000082e-05 6.979651736327548150e-02 1.837343638497315051e-02
9.955589607126007212e-02 6.227487925272267091e-03 1.000000000000000082e-05 1.305933715528358185e-01 3.831239312029492694e-02
1.218582925145078183e-01 5.201102926512738561e-02 1.000000000000000082e-05 1.265141823950360345e-01 2.549694410940142944e-02
8.031462158342006497e-02 9.933645200715376933e-02 8.776629896077134396e-02 5.300322223871727079e-02 2.195957571428248586e-03
1.671957101040033242e-02 1.004182336101304834e-01 1.380642340320422101e-01 1.000000000000000082e-05 1.000000000000000082e-05
1.000000000000000082e-05 6.333116158674613472e-02 1.072451386128386169e-01 1.000000000000000082e-05 4.632381334598934149e-03
1.000000000000000082e-05 3.108306249298345425e-02 4.891232085727559298e-02 1.000000000000000082e-05 7.487691007392793287e-03
1.000000000000000082e-05 1.314830801406011510e-02 1.213865254949906755e-02 1.000000000000000082e-05 7.384632774790617429e-03
1.735232192468190654e-03 3.710595028009967301e-03 1.553970342495543866e-03 1.000000000000000082e-05 2.931689316332255872e-03
1.364968668892566593e-03 1.395018740656385221e-03 1.000000000000000082e-05 1.051015243005594114e-04 1.216873160014601872e-03
3.614874847395193203e-04 1.091492510108915914e-04 1.000000000000000082e-05 6.576252255115725028e-05 4.167676149630057192e-04
6.337677078746670103e-05 1.000000000000000082e-05 1.000000000000000082e-05 9.694402721961096850e-07 8.090124311018298921e-05
0.000000000000000000e+00 -0.000000000000000000e+00 0.000000000000000000e+00 -0.000000000000000000e+00 -0.000000000000000000e+00
0.000000000000000000e+00 -0.000000000000000000e+00 0.000000000000000000e+00 -0.000000000000000000e+00 -0.000000000000000000e+00
6.212716263348549203e-05 2.454555453194411877e-04 1.000000000000000082e-05 1.000000000000000082e-05 1.000000000000000082e-05
7.010416881404644637e-05 2.868549104623211105e-04 1.000000000000000082e-05 1.003427513903440641e-06 1.000000000000000082e-05
5.068482980826551944e-04 4.451740809694610009e-03 1.000000000000000082e-05 1.000000000000000082e-05 1.000000000000000082e-05
1.000000000000000082e-05 2.359597514493952733e-02 1.338369243983275267e-03 1.000000000000000082e-05 1.000000000000000082e-05
1.000000000000000082e-05 6.112257934378599600e-02 1.448580425227925447e-02 1.000000000000000082e-05 1.000000000000000082e-05
1.000000000000000082e-05 1.096320540479955447e-01 4.913301953435208341e-02 1.000000000000000082e-05 1.000000000000000082e-05
1.000000000000000082e-05 1.273798183118864114e-01 9.684019336310661918e-02 1.981262179266059242e-02 1.000000000000000082e-05
2.465568698043722404e-02 8.477348749123607419e-02 1.139069273944714050e-01 7.651047388136951455e-02 5.970691408146283456e-03
8.021825615380281937e-02 1.906315140446550316e-02 7.484829697531801551e-02 1.141238109070603080e-01 3.858572448062134314e-02
1.198882822220454225e-01 1.000000000000000082e-05 1.268038673741865574e-02 1.007261745958995952e-01 5.415112037828512248e-02
1.066393564543882122e-01 7.007482058237187415e-03 1.000000000000000082e-05 6.776858432551138844e-02 2.374785061983271731e-02
6.762479904494740623e-02 2.512519006078550374e-02 1.000000000000000082e-05 4.920018852204261633e-02 1.000000000000000082e-05
4.896672545124466924e-02 3.507547153445254168e-02 4.744210597570732053e-03 4.673422978872675271e-02 1.000000000000000082e-05
5.748367364485443970e-02 3.607284905298807631e-02 1.000000000000000082e-05 5.634392194926728797e-02 1.000000000000000082e-05
9.373024312667668778e-02 2.583842528644144862e-02 1.000000000000000082e-05 9.206180882912937125e-02 1.000000000000000082e-05
1.313624993041088984e-01 2.245439127558431641e-02 1.000000000000000082e-05 1.379686267754593743e-01 1.772618927622324897e-02
1.138869151054240636e-01 5.914205424459013233e-02 4.559921599998408015e-02 1.249024200497455411e-01 1.391309142495701298e-02
5.800206132897043482e-02 1.035133946329247351e-01 1.136993838289400011e-01 5.639793657713575159e-02 1.000000000000000082e-05
1.004771861706366468e-02 1.094974475698382993e-01 1.218962276791449167e-01 2.054595448246130361e-04 1.184962080065915394e-03
2.329177326291818689e-04 7.377055750195567196e-02 7.518244968653438332e-02 1.000000000000000082e-05 1.076475788440517216e-02
5.374641485202318741e-03 3.865418381470214076e-02 2.720754438095505934e-02 1.000000000000000082e-05 1.090945639487235497e-02
5.477886268966911630e-03 1.806391259161467533e-02 5.804570048026289758e-03 1.000000000000000082e-05 9.441663449481685691e-03
3.217632354260849172e-03 6.067588374816976562e-03 7.466562344942098044e-04 3.309995694340520014e-04 6.726964395152120434e-03
1.232210409084739467e-03 2.258591280516176591e-03 1.000000000000000082e-05 6.160245664531643862e-04 4.743601510581614382e-03
3.610526812346481719e-04 1.000000000000000082e-05 1.000000000000000082e-05 4.056438218138643751e-04 9.980591790340418573e-04
1.960968874545548717e-04 1.000000000000000082e-05 1.000000000000000082e-05 2.442703741651036558e-05 2.193747526759501213e-04
0.000000000000000000e+00 -0.000000000000000000e+00 0.000000000000000000e+00 -0.000000000000000000e+00 -0.000000000000000000e+00
0.000000000000000000e+00 -0.000000000000000000e+00 0.000000000000000000e+00 -0.000000000000000000e+00 -0.000000000000000000e+00
2.971299082471057056e-05 1.173917825440802369e-04 1.000000000000000082e-05 1.000000000000000082e-05 1.000000000000000082e-05
6.233459516085152700e-05 2.786350083019771117e-04 1.000000000000000082e-05 1.000000000000000082e-05 1.000000000000000082e-05
4.269163838667099607e-04 5.680540833625799882e-03 1.000000000000000082e-05 1.000000000000000082e-05 1.000000000000000082e-05
1.000000000000000082e-05 2.593728210789790489e-02 5.287604170926407145e-03 1.000000000000000082e-05 1.000000000000000082e-05
1.000000000000000082e-05 6.099604296302449380e-02 2.727934306346664270e-02 1.000000000000000082e-05 5.681134235746023407e-04
1.000000000000000082e-05 1.036866156891807500e-01 7.029965239062244131e-02 1.000000000000000082e-05 6.903906052862996551e-03
6.844367087375784198e-03 1.169217881595278064e-01 1.047155606925484622e-01 1.715519860623702583e-02 2.470167607492168918e-02
4.485451458896623500e-02 8.895416117066870521e-02 1.000849593701783058e-01 6.843735743310970510e-02 4.672533444934606067e-02
9.375005859455727564e-02 5.194469287488887727e-02 6.020464334831562153e-02 1.077076567282567177e-01 4.474984492727088203e-02
1.191889828951980951e-01 4.334668490280529918e-02 2.485341797943311365e-02 1.171339999200302351e-01 1.000000000000000082e-05
1.129932917468521453e-01 5.721284111859367000e-02 1.708272369979021293e-02 1.047686451457518902e-01 1.000000000000000082e-05
9.641042026154182654e-02 6.900611878017855194e-02 2.535084857616014611e-02 9.633414615834931527e-02 1.000000000000000082e-05
9.115302391276096372e-02 7.251965843933655398e-02 2.594746221863955191e-02 9.384470215430018580e-02 1.000000000000000082e-05
1.054493759271384612e-01 7.288429187817127564e-02 1.387624776419014126e-02 9.410397554944768816e-02 1.000000000000000082e-05
1.343645426908857132e-01 5.953873114872462735e-02 3.744126797917783351e-04 1.118651521155584749e-01 1.000000000000000082e-05
1.344017627774546642e-01 4.745972565291991380e-02 2.591830010340352014e-02 1.370949730185461735e-01 1.350445134427587408e-02
9.497251093509063991e-02 6.964645273873366904e-02 8.111603848980289411e-02 1.224817026944894499e-01 1.927405992866766324e-02
4.671766489142178264e-02 1.097834162151740262e-01 1.116560447244588083e-01 6.145848846994125814e-02 1.607233503681753869e-02
1.813146216484496157e-02 1.180945208698678112e-01 9.132169942062093315e-02 7.232971081830489798e-03 2.898601842850788424e-02
1.631333058816574963e-02 8.512540536710190564e-02 4.337866883516892924e-02 1.000000000000000082e-05 3.721181696669582234e-02
1.722546930054651496e-02 4.473737595624543983e-02 1.079141430334783387e-02 1.000000000000000082e-05 3.242690520782161995e-02
1.116936564947228205e-02 2.146298128227512939e-02 6.441735975449577965e-04 1.000000000000000082e-05 2.614621487262147256e-02
4.597542222033824955e-03 7.522528820057701113e-03 1.000000000000000082e-05 2.343443920153857744e-04 2.102711399986841034e-02
8.971338318084458438e-04 2.194604364876468188e-03 1.000000000000000082e-05 3.319235873218348565e-04 1.124970310671489365e-02
4.257464587819949375e-04 1.000000000000000082e-05 1.000000000000000082e-05 5.026376138752509850e-04 2.266291594543647526e-03
2.838315365800197086e-05 2.087266066801480202e-05 1.000000000000000082e-05 4.264968972242910233e-07 7.382682684468752025e-05
0.000000000000000000e+00 -0.000000000000000000e+00 0.000000000000000000e+00 -0.000000000000000000e+00 -0.000000000000000000e+00
0.000000000000000000e+00 -0.000000000000000000e+00 0.000000000000000000e+00 -0.000000000000000000e+00 -0.000000000000000000e+00
1.473371445853412817e-06 5.821080126152765949e-06 1.000000000000000082e-05 1.000000000000000082e-05 1.000000000000000082e-05
2.242156672234081298e-05 2.959638144919448624e-04 1.000000000000000082e-05 1.000000000000000082e-05 1.000000000000000082e-05
1.976559601731753474e-04 5.956015727634267343e-03 3.651655710411410541e-04 1.000000000000000082e-05 1.000000000000000082e-05
1.000000000000000082e-05 2.181528438347046100e-02 7.588546087822634414e-03 1.000000000000000082e-05 8.844876375922517721e-04
1.000000000000000082e-05 5.286828511612937792e-02 3.404057726078883045e-02 1.000000000000000082e-05 1.540683450024529430e-02
1.000000000000000082e-05 8.757001007262808778e-02 7.237445061343614205e-02 1.000000000000000082e-05 4.421439723919285553e-02
1.117663730919681193e-02 9.948777817875162355e-02 9.346237096533020761e-02 3.091170412838207919e-03 7.977744772380866711e-02
4.394826975122263779e-02 8.952918898132704306e-02 8.624905832302148800e-02 4.412235979302742833e-02 9.547459590143075880e-02
7.529304635150511904e-02 7.555116375605334944e-02 6.610084457082715526e-02 8.398720922252135568e-02 7.200761641054431728e-02
9.420656296133314567e-02 7.672734648302673155e-02 5.271356552256518946e-02 1.039848309308136765e-01 1.728538024387064193e-02
9.821237582915239017e-02 8.106742922598525469e-02 5.199994024757385869e-02 1.094619061125183118e-01 1.000000000000000082e-05
9.697983258448286681e-02 8.482325463745016281e-02 5.164258042428069434e-02 1.064808459955435688e-01 1.000000000000000082e-05
9.986026336776891721e-02 8.697200024029941301e-02 4.776318288481457702e-02 1.001393785448895929e-01 1.000000000000000082e-05
1.161807078343081723e-01 8.143521886875609850e-02 3.622007566183171878e-02 9.759788089916152098e-02 1.000000000000000082e-05
1.318857750173521304e-01 6.494610930267329107e-02 3.258491104142887534e-02 1.087872978058040258e-01 2.886238693519323217e-02
1.124401719586383130e-01 5.219814675218648753e-02 6.195493401320771587e-02 1.294483636821210648e-01 4.695329486493483861e-02
6.757634702796019854e-02 7.301823070156143736e-02 9.563480586004764750e-02 1.126911262963094101e-01 5.625882178149708285e-02
2.547287259064091869e-02 1.087052363999112814e-01 9.967436132012653938e-02 5.385346786493778320e-02 6.897802190566514058e-02
9.170289772986549640e-03 1.119619599786406822e-01 6.300143801670335386e-02 2.930675745454673891e-03 8.776442322013497388e-02
1.090894425251020747e-02 7.839296370496000310e-02 2.195590271530499515e-02 1.000000000000000082e-05 8.690121953127433185e-02
1.348342370146134866e-02 4.088088168758569063e-02 6.429175806284236072e-04 1.000000000000000082e-05 6.576665708154033618e-02
8.273890854372861411e-03 1.981685392676238444e-02 1.000000000000000082e-05 1.000000000000000082e-05 4.732090444651187999e-02
4.161876552597071517e-03 6.385835314165430945e-03 1.000000000000000082e-05 1.000000000000000082e-05 3.162250813755412143e-02
1.982630939943850600e-03 2.080192597009537098e-03 1.000000000000000082e-05 1.000000000000000082e-05 1.467317252120676867e-02
6.521012527084928947e-04 1.000000000000000082e-05 1.000000000000000082e-05 1.000000000000000082e-05 4.131404353977392516e-03
1.000000000000000082e-05 1.000000000000000082e-05 1.000000000000000082e-05 4.601664412574354827e-05 5.548562935814015410e-04
2.675007860498217516e-06 1.000000000000000082e-05 9.374346451629917035e-07 1.000000000000000082e-05 5.289289767497762040e-07
0.000000000000000000e+00 -0.000000000000000000e+00 0.000000000000000000e+00 -0.000000000000000000e+00 -0.000000000000000000e+00
0.000000000000000000e+00 -0.000000000000000000e+00 0.000000000000000000e+00 -0.000000000000000000e+00 -0.000000000000000000e+00
1.873168889121388322e-06 1.202478002162124858e-05 1.000000000000000082e-05 1.000000000000000082e-05 1.000000000000000082e-05
1.000000000000000082e-05 2.972050487080376419e-03 9.848978011216833004e-04 1.000000000000000082e-05 1.000000000000000082e-05
1.000000000000000082e-05 1.311788586740592240e-02 7.948690207854280237e-03 1.000000000000000082e-05 4.605978107925639067e-03
1.000000000000000082e-05 3.454492745947489868e-02 2.803482080897664458e-02 1.000000000000000082e-05 3.705431835679958569e-02
1.000000000000000082e-05 5.844312481511392682e-02 5.428582794614379009e-02 1.000000000000000082e-05 8.566746516956096069e-02
4.287666377346545377e-03 6.759960660412214772e-02 6.849595468524544151e-02 1.000000000000000082e-05 1.337463182573586096e-01
1.792379684160490261e-02 6.689176074065704414e-02 6.770856492717569619e-02 5.973681976498002900e-03 1.628431286649626442e-01
2.935941207249289503e-02 6.330376190544093062e-02 6.140145780574711443e-02 3.319595722398178961e-02 1.579131960695870918e-01
3.562718530090787372e-02 6.134585869477852949e-02 5.970819083333370886e-02 4.753638924375622882e-02 1.402292276316415010e-01
3.857508858929999118e-02 6.021746713064226458e-02 5.946418688954743098e-02 5.494096158904902827e-02 1.237703803491568000e-01
4.576456871166687673e-02 5.893038708648370982e-02 5.648095285886173961e-02 5.467756440747354590e-02 1.185427145580836977e-01
6.468998200970972612e-02 5.557889778694533045e-02 4.860227098189754541e-02 5.161032668727375677e-02 1.207433635799609467e-01
1.011126761976037375e-01 4.964833672159279371e-02 3.700051625295350255e-02 5.843289001734325999e-02 1.162516463490067958e-01
1.128844552060089407e-01 3.366515025537727274e-02 5.019141451062632264e-02 9.148331118336099077e-02 1.006002483964147237e-01
7.323691479821929640e-02 3.110573600460472474e-02 8.736579049624806914e-02 1.220691625571821565e-01 8.840193016604114273e-02
1.621428233293279939e-02 6.284820812683188096e-02 1.086137912296575303e-01 1.011952267096713765e-01 9.713893285595071037e-02
1.000000000000000082e-05 1.040024014205899044e-01 8.478816358783365648e-02 3.594284449243143748e-02 1.195049583763655859e-01
1.000000000000000082e-05 1.040140566726206611e-01 3.715938546920991709e-02 1.000000000000000082e-05 1.262603302031705399e-01
1.000000000000000082e-05 6.729308941172548741e-02 7.647062279474371206e-03 1.000000000000000082e-05 1.099188276699742811e-01
2.692223935316467170e-03 3.183370991445657466e-02 1.000000000000000082e-05 1.000000000000000082e-05 7.562520200546091198e-02
1.588058735982382725e-03 1.387034872470621627e-02 1.000000000000000082e-05 1.000000000000000082e-05 4.853246722852088552e-02
7.507420788166231391e-04 3.585054303933931253e-03 1.000000000000000082e-05 1.000000000000000082e-05 2.876361953359368034e-02
8.448718358409969698e-04 3.789863388217365025e-04 1.000000000000000082e-05 1.000000000000000082e-05 1.304747599100533270e-02
3.978502435858972692e-04 1.000000000000000082e-05 1.000000000000000082e-05 1.000000000000000082e-05 2.452154281060068674e-03
6.670049573237625930e-05 1.898545042014219554e-05 1.000000000000000082e-05 1.000000000000000082e-05 4.074651047377912780e-04
4.904181077580060293e-06 1.000000000000000082e-05 1.718630182798818300e-06 1.000000000000000082e-05 9.697031240412561270e-07
0.000000000000000000e+00 -0.000000000000000000e+00 0.000000000000000000e+00 -0.000000000000000000e+00 -0.000000000000000000e+00
0.000000000000000000e+00 -0.000000000000000000e+00 0.000000000000000000e+00 -0.000000000000000000e+00 -0.000000000000000000e+00
1.000000000000000082e-05 3.180891242015427649e-07 1.000000000000000082e-05 1.000000000000000082e-05 4.025997752654130905e-06
3.004064881750173610e-05 1.034841773826034386e-03 3.648371554349658596e-04 1.000000000000000082e-05 7.740701775900853988e-04
1.000000000000000082e-05 5.578577213530442822e-03 4.527220289650539867e-03 1.000000000000000082e-05 8.758434484998581931e-03
1.000000000000000082e-05 1.590127036842028940e-02 1.686797586396417831e-02 1.000000000000000082e-05 4.559470812459340272e-02
1.000000000000000082e-05 2.621587071283866185e-02 3.025291913468127619e-02 1.000000000000000082e-05 9.941602017625265908e-02
1.000000000000000082e-05 3.089880147235743446e-02 3.646771776851204933e-02 1.000000000000000082e-05 1.514981471442741756e-01
1.000000000000000082e-05 2.847212835505753478e-02 3.748026125806772080e-02 1.000000000000000082e-05 1.899034593150008277e-01
1.000000000000000082e-05 2.756695664784704694e-02 3.739274646303000077e-02 1.000000000000000082e-05 2.068707898828740510e-01
1.000000000000000082e-05 2.312773802029146133e-02 4.108970491561831501e-02 1.000000000000000082e-05 2.093842263656207348e-01
1.000000000000000082e-05 2.192865084509304854e-02 4.014998834007543066e-02 1.000000000000000082e-05 2.064957494380736391e-01
1.083271838798799576e-02 2.050907360288809628e-02 3.170801611639100653e-02 1.000000000000000082e-05 1.994007556767876110e-01
6.034378158364919059e-02 2.117147831438947331e-02 1.762443076014588023e-02 1.000000000000000082e-05 1.815441827554639675e-01
1.106450532303008688e-01 1.081090942757534021e-02 2.040800482380004249e-02 2.128002369100016195e-02 1.485084764676808666e-01
9.386330473928593265e-02 1.000000000000000082e-05 6.439821556350640297e-02 8.270667551022213571e-02 1.104507475504988012e-01
1.890825103914525740e-02 1.000000000000000082e-05 1.131028941048358438e-01 1.265293118914982418e-01 9.035256734916007060e-02
1.000000000000000082e-05 5.514430748967105722e-02 1.124398449485524004e-01 9.469133983372819696e-02 9.181566483085601416e-02
1.000000000000000082e-05 1.107711875127059126e-01 6.081333465079356848e-02 2.017920273160560968e-02 1.073808264076572955e-01
1.000000000000000082e-05 1.053817044926677882e-01 1.651805572228730659e-02 1.000000000000000082e-05 1.019191143990910847e-01
1.000000000000000082e-05 6.223679604012307548e-02 4.699259954232846504e-04 1.000000000000000082e-05 8.267332746798682075e-02
1.000000000000000082e-05 2.690810649755473113e-02 1.000000000000000082e-05 1.000000000000000082e-05 5.278863323189496304e-02
1.000000000000000082e-05 9.836662220936633061e-03 1.000000000000000082e-05 1.000000000000000082e-05 3.114364568639358538e-02
1.000000000000000082e-05 2.161233563421298149e-03 1.000000000000000082e-05 1.000000000000000082e-05 1.666580944052537330e-02
1.000000000000000082e-05 1.000000000000000082e-05 1.000000000000000082e-05 1.000000000000000082e-05 6.858133128977185466e-03
1.900239390224184365e-05 3.753533592657098966e-05 1.054135691598278310e-04 1.000000000000000082e-05 4.083598118231754814e-04
9.179467337710079267e-05 3.593170231535739311e-06 2.394948534008624973e-05 1.000000000000000082e-05 1.128138235384876540e-04
4.904181077580060293e-06 1.000000000000000082e-05 1.718630182798818300e-06 1.000000000000000082e-05 9.697031240412561270e-07
0.000000000000000000e+00 -0.000000000000000000e+00 0.000000000000000000e+00 -0.000000000000000000e+00 -0.000000000000000000e+00
0.000000000000000000e+00 -0.000000000000000000e+00 0.000000000000000000e+00 -0.000000000000000000e+00 -0.000000000000000000e+00
1.000000000000000082e-05 1.495018883747251530e-05 1.000000000000000082e-05 1.000000000000000082e-05 1.892218943747441830e-04
4.134391796131656595e-05 5.276232005671208135e-04 1.000000000000000082e-05 1.000000000000000082e-05 1.367616199233511517e-03
1.000000000000000082e-05 1.798974573069546954e-03 1.253426631414641468e-03 1.000000000000000082e-05 8.653800181300661670e-03
1.000000000000000082e-05 4.985080647564842267e-03 6.359541393073533597e-03 1.000000000000000082e-05 3.395398403045437469e-02
1.000000000000000082e-05 8.317321141198459958e-03 9.963466117892103013e-03 1.000000000000000082e-05 6.898739757026034480e-02
1.000000000000000082e-05 1.101887676623030179e-02 1.230228459849027484e-02 1.000000000000000082e-05 1.033658278981956363e-01
1.000000000000000082e-05 9.621205430441761089e-03 1.457922448928076868e-02 1.000000000000000082e-05 1.255084558704975817e-01
1.000000000000000082e-05 7.450754936332052228e-03 1.582303983422575153e-02 1.000000000000000082e-05 1.352452995914756873e-01
1.000000000000000082e-05 6.112324836159043623e-03 1.549944582108972110e-02 1.000000000000000082e-05 1.352311710524848887e-01
2.055254003808677614e-03 7.234340622966626763e-03 1.112087453138036440e-02 1.000000000000000082e-05 1.296554042939218887e-01
4.130607150387285986e-02 1.024428109810391306e-02 4.990243917096502148e-04 1.000000000000000082e-05 1.218170954663624350e-01
1.044920775656677514e-01 9.628901496621116232e-03 1.000000000000000082e-05 1.000000000000000082e-05 1.018884776220744665e-01
1.269482688130636472e-01 1.000000000000000082e-05 2.549887084048285332e-02 1.914922427332690913e-02 7.551145874185465068e-02
6.218375187632042139e-02 1.000000000000000082e-05 9.113357701453830839e-02 9.376333272237162564e-02 5.784222506688636856e-02
1.000000000000000082e-05 1.000000000000000082e-05 1.271712468065832879e-01 1.347831565048741576e-01 5.605818986457026393e-02
1.000000000000000082e-05 5.610650060552938717e-02 9.457434363857970816e-02 9.108846306253166880e-02 6.008112244358395498e-02
1.000000000000000082e-05 1.189766405245031716e-01 3.176109293377044757e-02 1.432160375609881943e-02 6.447061402210091385e-02
1.000000000000000082e-05 1.087757449555610129e-01 1.000000000000000082e-05 1.000000000000000082e-05 5.954642850963533240e-02
1.000000000000000082e-05 6.259207068657553219e-02 1.000000000000000082e-05 1.000000000000000082e-05 4.612669780665321073e-02
1.000000000000000082e-05 2.738818793054602005e-02 1.000000000000000082e-05 1.000000000000000082e-05 2.912480006551615777e-02
8.620821238568962059e-06 9.769429193604430711e-03 1.000000000000000082e-05 1.000000000000000082e-05 1.603900918488377486e-02
1.000000000000000082e-05 2.901865517803934279e-03 1.000000000000000082e-05 1.000000000000000082e-05 7.335783944413359382e-03
1.000000000000000082e-05 3.959221201650499431e-04 1.000000000000000082e-05 1.000000000000000082e-05 2.133959817720748695e-03
4.502050341072843967e-05 1.000000000000000082e-05 3.375849036279696905e-05 1.000000000000000082e-05 8.581873431618585769e-05
3.536148445207704875e-05 1.000000000000000082e-05 1.279891731270274140e-05 1.000000000000000082e-05 1.291275963425095655e-05
1.783338573665477779e-06 1.000000000000000082e-05 6.249564301086610651e-07 1.000000000000000082e-05 3.526193178331840654e-07
0.000000000000000000e+00 -0.000000000000000000e+00 0.000000000000000000e+00 -0.000000000000000000e+00 -0.000000000000000000e+00
0.000000000000000000e+00 -0.000000000000000000e+00 0.000000000000000000e+00 -0.000000000000000000e+00 -0.000000000000000000e+00
1.000000000000000082e-05 3.498980366216994777e-05 1.000000000000000082e-05 1.000000000000000082e-05 4.428597527919515874e-04
1.000000000000000082e-05 5.333172620932389880e-04 7.431763584224737933e-06 1.000000000000000082e-05 1.213105353373290394e-03
1.000000000000000082e-05 1.102347800180135309e-03 4.732424443396799794e-04 1.000000000000000082e-05 5.634247421610147182e-03
1.000000000000000082e-05 2.708577039062238893e-03 2.036122706144953727e-03 1.000000000000000082e-05 1.653090131084410108e-02
1.000000000000000082e-05 4.334837478263606041e-03 1.775985840837227426e-03 1.000000000000000082e-05 2.963399737390224123e-02
1.000000000000000082e-05 3.642549354527617033e-03 1.830261104434420007e-03 1.000000000000000082e-05 4.046767734182523529e-02
1.000000000000000082e-05 2.789737579690126229e-03 2.449539754714730091e-03 1.000000000000000082e-05 4.596754420585091871e-02
1.000000000000000082e-05 1.809319715222136495e-03 3.918394964626412992e-03 1.000000000000000082e-05 4.743942342524359174e-02
6.348496576053889832e-03 2.655448134730285879e-03 2.367646422006708818e-03 1.000000000000000082e-05 4.754776779480711368e-02
3.378878802106545509e-02 5.290512015488623224e-03 1.000000000000000082e-05 1.000000000000000082e-05 4.376643815973760288e-02
8.673772448018453318e-02 7.744336220427333606e-03 1.000000000000000082e-05 1.000000000000000082e-05 4.048265434934621848e-02
1.364307467137770846e-01 3.376701498891715881e-04 1.000000000000000082e-05 1.000000000000000082e-05 3.113095462199551647e-02
1.135692536122840379e-01 1.000000000000000082e-05 4.809382610862035501e-02 3.487570684099049190e-02 2.212736300141336307e-02
2.249992967449616216e-02 1.000000000000000082e-05 1.115628720499083487e-01 1.093453770015289928e-01 2.090350104981579873e-02
1.000000000000000082e-05 1.000000000000000082e-05 1.200384938518363337e-01 1.351803397850952493e-01 3.475349754866093044e-02
1.000000000000000082e-05 5.867826051829543033e-02 6.933381739769030327e-02 8.670967399333408265e-02 3.944897930877393905e-02
1.000000000000000082e-05 1.198872226389675472e-01 1.358635740584523618e-02 1.408278260760580970e-02 4.048191906667175655e-02
1.000000000000000082e-05 1.086219050681566239e-01 1.000000000000000082e-05 1.000000000000000082e-05 3.598562125026334713e-02
1.000000000000000082e-05 6.408367967290969081e-02 1.000000000000000082e-05 1.000000000000000082e-05 2.606237829549760618e-02
3.975814917907797446e-04 2.990360898102861417e-02 1.000000000000000082e-05 1.000000000000000082e-05 1.609564990065860332e-02
2.538788128768930462e-04 1.105902924637256271e-02 1.000000000000000082e-05 1.000000000000000082e-05 6.939809309692601333e-03
1.000000000000000082e-05 3.766793944128136833e-03 1.000000000000000082e-05 1.000000000000000082e-05 2.786045700487701712e-03
1.000000000000000082e-05 7.304514911194572935e-04 3.959192645567193882e-05 1.000000000000000082e-05 5.458922112135249386e-04
4.286328185292859617e-05 7.804019795369396224e-06 9.339911969854164372e-07 1.000000000000000082e-05 7.745879251536736022e-06
0.000000000000000000e+00 -0.000000000000000000e+00 0.000000000000000000e+00 -0.000000000000000000e+00 -0.000000000000000000e+00
0.000000000000000000e+00 -0.000000000000000000e+00 0.000000000000000000e+00 -0.000000000000000000e+00 -0.000000000000000000e+00
0.000000000000000000e+00 -0.000000000000000000e+00 0.000000000000000000e+00 -0.000000000000000000e+00 -0.000000000000000000e+00
0.000000000000000000e+00 -0.000000000000000000e+00 0.000000000000000000e+00 -0.000000000000000000e+00 -0.000000000000000000e+00
1.000000000000000082e-05 2.035770394889873695e-05 1.000000000000000082e-05 1.000000000000000082e-05 2.576638561698643779e-04
1.000000000000000082e-05 2.868178177621403136e-04 1.000000000000000082e-05 1.000000000000000082e-05 6.423606366193115435e-04
1.000000000000000082e-05 4.128367092573768720e-04 2.655269056936911923e-04 1.000000000000000082e-05 2.375124285773342649e-03
1.000000000000000082e-05 1.536358668157382975e-03 4.907363132181657853e-04 1.000000000000000082e-05 4.903458927889508580e-03
1.000000000000000082e-05 2.041464543552477980e-03 8.086198758785043052e-05 1.000000000000000082e-05 9.596719044914284180e-03
1.000000000000000082e-05 2.231696631622607542e-03 1.000000000000000082e-05 1.000000000000000082e-05 1.131139863393438791e-02
1.872788512484803523e-03 1.836485023974001284e-03 1.000000000000000082e-05 1.000000000000000082e-05 1.297020979833012760e-02
8.081899065345659466e-03 1.490253408710222761e-03 1.000000000000000082e-05 1.000000000000000082e-05 1.454721338989303434e-02
2.633109957877934754e-02 4.030641335826079356e-03 1.000000000000000082e-05 1.000000000000000082e-05 1.495282443449493653e-02
6.317545027198223639e-02 6.086915482823643080e-03 1.000000000000000082e-05 1.000000000000000082e-05 1.363499789266459442e-02
1.154271607577915942e-01 5.161164333240711270e-03 1.000000000000000082e-05 1.000000000000000082e-05 1.205007604800631751e-02
1.338571567945883722e-01 1.000000000000000082e-05 1.320415455083537651e-02 1.000000000000000082e-05 4.405981708145711995e-03
7.857078147427368209e-02 1.000000000000000082e-05 7.203568857596678865e-02 5.066336826124841208e-02 1.507469561241854420e-03
1.000000000000000082e-05 1.000000000000000082e-05 1.167559203154684283e-01 1.160242367812539810e-01 1.195419317068034670e-02
1.000000000000000082e-05 1.000000000000000082e-05 1.019889134261025843e-01 1.294889490385514597e-01 2.812064926337183232e-02
1.000000000000000082e-05 6.024368895604324814e-02 4.793780823772946648e-02 8.085552025776794605e-02 3.434262399962215856e-02
1.000000000000000082e-05 1.155976139218340831e-01 2.203719915180804654e-03 1.598343744707538330e-02 3.439513111961803316e-02
1.000000000000000082e-05 1.064710108174498626e-01 1.000000000000000082e-05 1.000000000000000082e-05 2.788927628134843864e-02
4.068711475714698023e-05 6.657229759400480618e-02 1.000000000000000082e-05 1.000000000000000082e-05 2.074840247395669940e-02
4.301285243757235061e-04 3.341108727074487694e-02 1.000000000000000082e-05 1.000000000000000082e-05 1.235206588570161509e-02
4.101410063636223456e-04 1.401107731305883605e-02 1.000000000000000082e-05 1.000000000000000082e-05 4.863785708729564429e-03
7.617502541711822055e-05 5.758068791166326764e-03 1.000000000000000082e-05 1.000000000000000082e-05 1.551259689046416857e-03
1.000000000000000082e-05 1.184092906567316746e-03 2.033059918976087797e-05 1.000000000000000082e-05 4.075800069771296462e-04
1.963037778429818525e-05 4.146412625094468411e-05 1.000000000000000082e-05 1.746813119630450132e-04 1.000000000000000082e-05
0.000000000000000000e+00 -0.000000000000000000e+00 0.000000000000000000e+00 -0.000000000000000000e+00 -0.000000000000000000e+00
0.000000000000000000e+00 -0.000000000000000000e+00 0.000000000000000000e+00 -0.000000000000000000e+00 -0.000000000000000000e+00
0.000000000000000000e+00 -0.000000000000000000e+00 0.000000000000000000e+00 -0.000000000000000000e+00 -0.000000000000000000e+00
0.000000000000000000e+00 -0.000000000000000000e+00 0.000000000000000000e+00 -0.000000000000000000e+00 -0.000000000000000000e+00
1.000000000000000082e-05 4.771336863023274087e-07 1.000000000000000082e-05 1.000000000000000082e-05 6.038996628981142147e-06
1.000000000000000082e-05 3.552512729197454419e-05 1.000000000000000082e-05 1.000000000000000082e-05 1.578435148536076499e-04
1.000000000000000082e-05 1.604042683137348415e-04 8.084918323279076814e-05 1.000000000000000082e-05 5.544162634183501335e-04
1.000000000000000082e-05 8.110976540834847386e-04 1.453615403346940544e-04 1.000000000000000082e-05 1.632193628241285265e-03
7.039596665055593890e-05 9.926566718324019573e-04 6.056266092006581623e-06 1.000000000000000082e-05 2.231157071355003609e-03
1.573439076821588197e-03 1.214158140842846404e-03 1.000000000000000082e-05 1.000000000000000082e-05 3.617961996271361683e-03
5.875316502260827765e-03 1.239321057552067321e-03 1.000000000000000082e-05 1.000000000000000082e-05 6.002852155333494692e-03
1.839582097219708348e-02 2.538964305855723452e-03 1.000000000000000082e-05 1.000000000000000082e-05 7.212730758766565733e-03
4.614573389802159586e-02 4.937080432532179285e-03 1.000000000000000082e-05 1.000000000000000082e-05 5.534865392701126749e-03
8.830795023606739791e-02 6.249607142806993566e-03 1.000000000000000082e-05 1.000000000000000082e-05 3.568224310938318978e-03
1.256859254508258250e-01 1.123206200257253779e-03 1.000000000000000082e-05 1.000000000000000082e-05 3.973616258768400931e-04
1.120494750006667539e-01 1.000000000000000082e-05 3.457593285568313218e-02 9.266854084068656267e-03 1.000000000000000082e-05
4.173063111165259409e-02 1.000000000000000082e-05 8.667734068794688551e-02 6.202604169380056959e-02 1.000000000000000082e-05
1.000000000000000082e-05 1.000000000000000082e-05 1.095915682706686128e-01 1.167126600048573326e-01 8.870962872924974957e-03
1.000000000000000082e-05 1.000000000000000082e-05 8.178866423019694187e-02 1.213375850151755808e-01 2.702475910644028603e-02
1.000000000000000082e-05 5.843736663260347408e-02 3.244168817677973299e-02 7.702099244435772762e-02 3.223751052766227893e-02
1.000000000000000082e-05 1.080975172304980692e-01 1.000000000000000082e-05 2.002958019674660681e-02 2.978222515182840299e-02
1.000000000000000082e-05 1.050610972276589256e-01 1.000000000000000082e-05 1.000000000000000082e-05 2.410810103646509120e-02
2.450766515152006923e-05 6.960970458718009068e-02 1.000000000000000082e-05 1.000000000000000082e-05 2.051506721802809699e-02
6.441488909875145484e-04 3.664235903989421922e-02 1.000000000000000082e-05 1.000000000000000082e-05 1.218644276582503405e-02
6.370255423064576008e-04 1.665439856600390775e-02 1.000000000000000082e-05 1.000000000000000082e-05 4.914760569983050130e-03
5.900220270996878739e-05 6.651408716363835585e-03 1.000000000000000082e-05 1.000000000000000082e-05 1.631400849037907119e-03
1.000000000000000082e-05 1.533553664281215104e-03 1.000000000000000082e-05 1.000000000000000082e-05 2.601607333306335795e-04
2.248011219474478178e-05 1.185907227099121261e-04 1.000000000000000082e-05 1.745578376566869771e-04 1.000000000000000082e-05
0.000000000000000000e+00 -0.000000000000000000e+00 0.000000000000000000e+00 -0.000000000000000000e+00 -0.000000000000000000e+00
0.000000000000000000e+00 -0.000000000000000000e+00 0.000000000000000000e+00 -0.000000000000000000e+00 -0.000000000000000000e+00
0.000000000000000000e+00 -0.000000000000000000e+00 0.000000000000000000e+00 -0.000000000000000000e+00 -0.000000000000000000e+00
0.000000000000000000e+00 -0.000000000000000000e+00 0.000000000000000000e+00 -0.000000000000000000e+00 -0.000000000000000000e+00
0.000000000000000000e+00 -0.000000000000000000e+00 0.000000000000000000e+00 -0.000000000000000000e+00 -0.000000000000000000e+00
0.000000000000000000e+00 -0.000000000000000000e+00 0.000000000000000000e+00 -0.000000000000000000e+00 -0.000000000000000000e+00
0.000000000000000000e+00 -0.000000000000000000e+00 0.000000000000000000e+00 -0.000000000000000000e+00 -0.000000000000000000e+00
8.733626275411909997e-05 1.705185849254163533e-04 1.000000000000000082e-05 1.000000000000000082e-05 3.250815447431846020e-04
8.351413648792027720e-04 5.089321460060714083e-04 1.000000000000000082e-05 1.000000000000000082e-05 8.207779949314578235e-04
3.741712416204692141e-03 5.638509369828218062e-04 1.000000000000000082e-05 1.000000000000000082e-05 2.304699468952581525e-03
1.097602756460929092e-02 1.130140659268745029e-03 1.000000000000000082e-05 1.000000000000000082e-05 3.610900041080663397e-03
2.920317912270271182e-02 2.913938342663323095e-03 1.000000000000000082e-05 1.000000000000000082e-05 3.283263904556727938e-03
6.363265037439135019e-02 4.990816587951761411e-03 1.000000000000000082e-05 1.000000000000000082e-05 1.461766772132797347e-03
1.014648104516246152e-01 4.504766553795626870e-03 1.000000000000000082e-05 1.000000000000000082e-05 1.000000000000000082e-05
1.165989909855026652e-01 1.000000000000000082e-05 9.757394880781625549e-03 1.000000000000000082e-05 1.000000000000000082e-05
8.476001986559628110e-02 1.000000000000000082e-05 4.720743362724690029e-02 1.987273803155125210e-02 1.000000000000000082e-05
1.453923610973627267e-02 1.000000000000000082e-05 8.956155539394074216e-02 7.040453201871729738e-02 1.000000000000000082e-05
1.000000000000000082e-05 1.000000000000000082e-05 9.759660286441758370e-02 1.138323700178224818e-01 7.250484513311157217e-03
1.000000000000000082e-05 1.000000000000000082e-05 6.851376361356295575e-02 1.134912783406159670e-01 2.324644705830629723e-02
1.000000000000000082e-05 5.157072383553041456e-02 2.436685835204087380e-02 7.555538195463028239e-02 2.712581782726625895e-02
1.000000000000000082e-05 9.832495117891121295e-02 1.000000000000000082e-05 2.637974969232938574e-02 2.171617305531785627e-02
1.000000000000000082e-05 1.017598737440581075e-01 1.000000000000000082e-05 1.000000000000000082e-05 1.782541005352910116e-02
7.501932243910808219e-04 7.259589208062666721e-02 1.000000000000000082e-05 1.000000000000000082e-05 1.543804663267524940e-02
8.889287000016311878e-04 3.969648925893919100e-02 1.000000000000000082e-05 1.000000000000000082e-05 1.036872844309154329e-02
7.348397195943837980e-04 1.840477215303936917e-02 1.000000000000000082e-05 1.000000000000000082e-05 5.064432723946592566e-03
1.902031574829102386e-04 7.556917187863877901e-03 1.000000000000000082e-05 1.000000000000000082e-05 2.086598518770865079e-03
1.450375074533408908e-04 1.905104915350841911e-03 1.000000000000000082e-05 1.000000000000000082e-05 2.660166940000396689e-04
3.409698924769445551e-05 1.879260809297359110e-04 1.000000000000000082e-05 1.000000000000000082e-05 1.000000000000000082e-05
0.000000000000000000e+00 -0.000000000000000000e+00 0.000000000000000000e+00 -0.000000000000000000e+00 -0.000000000000000000e+00
0.000000000000000000e+00 -0.000000000000000000e+00 0.000000000000000000e+00 -0.000000000000000000e+00 -0.000000000000000000e+00
0.000000000000000000e+00 -0.000000000000000000e+00 0.000000000000000000e+00 -0.000000000000000000e+00 -0.000000000000000000e+00
0.000000000000000000e+00 -0.000000000000000000e+00 0.000000000000000000e+00 -0.000000000000000000e+00 -0.000000000000000000e+00
0.000000000000000000e+00 -0.000000000000000000e+00 0.000000000000000000e+00 -0.000000000000000000e+00 -0.000000000000000000e+00
0.000000000000000000e+00 -0.000000000000000000e+00 0.000000000000000000e+00 -0.000000000000000000e+00 -0.000000000000000000e+00
0.000000000000000000e+00 -0.000000000000000000e+00 0.000000000000000000e+00 -0.000000000000000000e+00 -0.000000000000000000e+00
2.156487242927019113e-04 3.827562768626317715e-05 1.000000000000000082e-05 1.000000000000000082e-05 1.459715337266253438e-04
1.684613068813003642e-03 1.974912824533269461e-04 1.000000000000000082e-05 1.000000000000000082e-05 5.360893407682167143e-04
5.834898043652401826e-03 4.288564954748837524e-04 1.000000000000000082e-05 1.000000000000000082e-05 1.475074772258711669e-03
1.534468398015432708e-02 1.181347291583053401e-03 1.000000000000000082e-05 1.000000000000000082e-05 2.474404841469367202e-03
3.646838548035691296e-02 2.549683606009673937e-03 1.000000000000000082e-05 1.000000000000000082e-05 3.213663914730683572e-05
6.956040725960931093e-02 3.954479730455191452e-03 1.000000000000000082e-05 1.000000000000000082e-05 1.000000000000000082e-05
9.791322246806674623e-02 2.555351778092867458e-03 1.000000000000000082e-05 1.000000000000000082e-05 1.000000000000000082e-05
9.713624742078760810e-02 1.000000000000000082e-05 1.941972720946194553e-02 1.000000000000000082e-05 1.000000000000000082e-05
5.851821697459198141e-02 1.000000000000000082e-05 4.984878018341114270e-02 2.713926919730960327e-02 1.000000000000000082e-05
2.942473528116750989e-03 1.000000000000000082e-05 7.882921789587495065e-02 7.059868807280272884e-02 1.000000000000000082e-05
1.000000000000000082e-05 1.000000000000000082e-05 8.259064509950954369e-02 1.022485845952839645e-01 1.000000000000000082e-05
1.000000000000000082e-05 1.000000000000000082e-05 5.601831874737978056e-02 1.025105591349680101e-01 1.237009513601923689e-02
1.000000000000000082e-05 4.103808489308821000e-02 1.776610505988616626e-02 7.227297942847210610e-02 1.570980569753841274e-02
1.000000000000000082e-05 8.376406333194280629e-02 1.000000000000000082e-05 3.152645890002863521e-02 9.595531398398594522e-03
1.000000000000000082e-05 8.880445846437609592e-02 1.000000000000000082e-05 1.888599154764073872e-03 8.504110391687452059e-03
9.538136528866034743e-04 6.763301610870066372e-02 1.000000000000000082e-05 1.000000000000000082e-05 8.509420530671635285e-03
1.275033315334399286e-03 3.722028577364330792e-02 1.000000000000000082e-05 1.000000000000000082e-05 6.860150265456894936e-03
9.606295381776548464e-04 1.682043343221812509e-02 1.000000000000000082e-05 1.000000000000000082e-05 3.057345577764507185e-03
6.294913457630532064e-04 6.662094954595913950e-03 1.000000000000000082e-05 1.000000000000000082e-05 1.219760355064949302e-03
2.821975922480111942e-04 1.958718738913182295e-03 1.000000000000000082e-05 1.000000000000000082e-05 1.000000000000000082e-05
6.952689991071755711e-05 1.992538758843605761e-04 1.000000000000000082e-05 1.000000000000000082e-05 1.000000000000000082e-05
0.000000000000000000e+00 -0.000000000000000000e+00 0.000000000000000000e+00 -0.000000000000000000e+00 -0.000000000000000000e+00
0.000000000000000000e+00 -0.000000000000000000e+00 0.000000000000000000e+00 -0.000000000000000000e+00 -0.000000000000000000e+00
0.000000000000000000e+00 -0.000000000000000000e+00 0.000000000000000000e+00 -0.000000000000000000e+00 -0.000000000000000000e+00
0.000000000000000000e+00 -0.000000000000000000e+00 0.000000000000000000e+00 -0.000000000000000000e+00 -0.000000000000000000e+00
0.000000000000000000e+00 -0.000000000000000000e+00 0.000000000000000000e+00 -0.000000000000000000e+00 -0.000000000000000000e+00
0.000000000000000000e+00 -0.000000000000000000e+00 0.000000000000000000e+00 -0.000000000000000000e+00 -0.000000000000000000e+00
0.000000000000000000e+00 -0.000000000000000000e+00 0.000000000000000000e+00 -0.000000000000000000e+00 -0.000000000000000000e+00
3.054169679487363860e-04 5.073316082718411720e-06 1.000000000000000082e-05 1.000000000000000082e-05 3.031903258839980188e-05
1.975271051369408525e-03 1.029113241379711748e-04 1.000000000000000082e-05 1.000000000000000082e-05 2.622987376655970104e-04
5.180853089176811789e-03 2.036118297959814655e-04 1.000000000000000082e-05 1.000000000000000082e-05 8.549255565530677425e-05
1.373848851801017824e-02 4.440593536234388656e-04 1.000000000000000082e-05 1.000000000000000082e-05 1.000000000000000082e-05
3.035257189160054866e-02 1.361722088242599098e-03 1.000000000000000082e-05 1.000000000000000082e-05 1.000000000000000082e-05
5.305161910111028112e-02 2.472535937401351951e-03 1.000000000000000082e-05 1.000000000000000082e-05 1.000000000000000082e-05
7.053806671351423030e-02 1.358345608889293321e-03 3.565265157565860720e-03 1.000000000000000082e-05 1.000000000000000082e-05
6.225676984536330366e-02 1.000000000000000082e-05 1.894140323313598870e-02 3.775968092179772702e-03 1.000000000000000082e-05
3.286919058357777590e-02 1.000000000000000082e-05 3.829463137381985266e-02 2.425139855745565842e-02 1.000000000000000082e-05
1.053048734958413144e-03 1.000000000000000082e-05 5.369451157123687063e-02 5.275289355574052513e-02 1.000000000000000082e-05
1.000000000000000082e-05 1.000000000000000082e-05 5.382836972425934785e-02 7.241285121164996175e-02 1.000000000000000082e-05
1.000000000000000082e-05 1.000000000000000082e-05 3.540529812171373802e-02 7.118614586623385476e-02 1.000000000000000082e-05
1.000000000000000082e-05 2.474138168424006717e-02 1.099681708188252928e-02 5.195336272606264350e-02 1.000000000000000082e-05
1.000000000000000082e-05 5.293976540160583166e-02 1.000000000000000082e-05 2.611128045331239170e-02 1.000000000000000082e-05
4.343479367193479965e-04 5.459585447137555586e-02 1.000000000000000082e-05 6.121291411782445874e-03 1.000000000000000082e-05
1.780362288051350094e-03 3.965102249003783774e-02 1.000000000000000082e-05 1.000000000000000082e-05 9.519979475235647087e-04
1.563956334782181387e-03 2.236160602534317809e-02 1.000000000000000082e-05 1.000000000000000082e-05 2.430514607061185980e-03
1.040531118577057816e-03 9.905620679896538772e-03 1.000000000000000082e-05 1.000000000000000082e-05 9.277123457507310215e-04
5.317846098873533914e-04 3.450657602573485236e-03 1.000000000000000082e-05 1.000000000000000082e-05 1.233295741864814130e-04
1.109570306784348241e-04 5.680373365640345321e-04 1.000000000000000082e-05 1.000000000000000082e-05 1.000000000000000082e-05
6.858403171244523014e-05 1.023729468430934880e-04 1.000000000000000082e-05 1.000000000000000082e-05 1.000000000000000082e-05
0.000000000000000000e+00 -0.000000000000000000e+00 0.000000000000000000e+00 -0.000000000000000000e+00 -0.000000000000000000e+00
0.000000000000000000e+00 -0.000000000000000000e+00 0.000000000000000000e+00 -0.000000000000000000e+00 -0.000000000000000000e+00
0.000000000000000000e+00 -0.000000000000000000e+00 0.000000000000000000e+00 -0.000000000000000000e+00 -0.000000000000000000e+00
0.000000000000000000e+00 -0.000000000000000000e+00 0.000000000000000000e+00 -0.000000000000000000e+00 -0.000000000000000000e+00
0.000000000000000000e+00 -0.000000000000000000e+00 0.000000000000000000e+00 -0.000000000000000000e+00 -0.000000000000000000e+00
0.000000000000000000e+00 -0.000000000000000000e+00 0.000000000000000000e+00 -0.000000000000000000e+00 -0.000000000000000000e+00
0.000000000000000000e+00 -0.000000000000000000e+00 0.000000000000000000e+00 -0.000000000000000000e+00 -0.000000000000000000e+00
3.226873957922886957e-05 1.000000000000000082e-05 1.000000000000000082e-05 1.000000000000000082e-05 7.956991263504991274e-06
6.117774814686663485e-04 1.000000000000000082e-05 8.320694941009352749e-05 1.000000000000000082e-05 3.097038446482568131e-05
1.436660880131821567e-03 1.000000000000000082e-05 1.303876803988065071e-04 1.000000000000000082e-05 1.000000000000000082e-05
4.676490382706433545e-03 9.138011522378779245e-06 6.027717741222756738e-05 1.000000000000000082e-05 1.000000000000000082e-05
1.113860855937939126e-02 2.744325910021442683e-04 1.000000000000000082e-05 1.000000000000000082e-05 1.000000000000000082e-05
1.814831254130813351e-02 4.206065618165475664e-04 5.923077657501010567e-04 1.000000000000000082e-05 1.000000000000000082e-05
1.775626671260927686e-02 1.000000000000000082e-05 2.971475382700701322e-03 1.000000000000000082e-05 1.000000000000000082e-05
1.448124140525904741e-02 1.000000000000000082e-05 6.507627235259793620e-03 2.371190764230854398e-03 1.000000000000000082e-05
7.964302937543497191e-03 1.000000000000000082e-05 1.231428873200506036e-02 9.153553814320312607e-03 1.000000000000000082e-05
1.315059948632295696e-03 1.000000000000000082e-05 1.559643902860773784e-02 1.660200548618820382e-02 1.000000000000000082e-05
1.000000000000000082e-05 1.000000000000000082e-05 1.391412339477791915e-02 2.237819945190451867e-02 1.000000000000000082e-05
1.000000000000000082e-05 1.000000000000000082e-05 9.411062812514931625e-03 2.195446502749690693e-02 1.000000000000000082e-05
1.000000000000000082e-05 7.624515963807937217e-03 3.267378648473386570e-03 1.310506388998284276e-02 1.000000000000000082e-05
1.000000000000000082e-05 1.127257814164025519e-02 1.000000000000000082e-05 7.380978171700170419e-03 1.000000000000000082e-05
7.396246546418483577e-04 1.023504570655237034e-02 1.000000000000000082e-05 2.746241723005298386e-03 1.000000000000000082e-05
5.103892869103514697e-04 5.596911425628057525e-03 1.000000000000000082e-05 5.568216329287198384e-04 1.000000000000000082e-05
5.128642676151943559e-04 3.032420782224422035e-03 1.000000000000000082e-05 1.000000000000000082e-05 1.000000000000000082e-05
4.485432637875481519e-04 1.835691194983198396e-03 1.000000000000000082e-05 1.000000000000000082e-05 1.000000000000000082e-05
2.363787176636130587e-04 6.484579132068748813e-04 1.000000000000000082e-05 1.000000000000000082e-05 1.000000000000000082e-05
2.299639983393059051e-05 3.062659939508895668e-06 1.000000000000000082e-05 1.000000000000000082e-05 5.179842268963306386e-06
0.000000000000000000e+00 -0.000000000000000000e+00 0.000000000000000000e+00 -0.000000000000000000e+00 -0.000000000000000000e+00
0.000000000000000000e+00 -0.000000000000000000e+00 0.000000000000000000e+00 -0.000000000000000000e+00 -0.000000000000000000e+00
0.000000000000000000e+00 -0.000000000000000000e+00 0.000000000000000000e+00 -0.000000000000000000e+00 -0.000000000000000000e+00
0.000000000000000000e+00 -0.000000000000000000e+00 0.000000000000000000e+00 -0.000000000000000000e+00 -0.000000000000000000e+00
0.000000000000000000e+00 -0.000000000000000000e+00 0.000000000000000000e+00 -0.000000000000000000e+00 -0.000000000000000000e+00
0.000000000000000000e+00 -0.000000000000000000e+00 0.000000000000000000e+00 -0.000000000000000000e+00 -0.000000000000000000e+00
0.000000000000000000e+00 -0.000000000000000000e+00 0.000000000000000000e+00 -0.000000000000000000e+00 -0.000000000000000000e+00
0.000000000000000000e+00 -0.000000000000000000e+00 0.000000000000000000e+00 -0.000000000000000000e+00 -0.000000000000000000e+00
0.000000000000000000e+00 -0.000000000000000000e+00 0.000000000000000000e+00 -0.000000000000000000e+00 -0.000000000000000000e+00
0.000000000000000000e+00 -0.000000000000000000e+00 0.000000000000000000e+00 -0.000000000000000000e+00 -0.000000000000000000e+00
3.689958273736972845e-06 2.695993609072128355e-06 5.047600280495967355e-06 1.000000000000000082e-05 1.000000000000000082e-05
1.802237918201871081e-04 2.901180382217612895e-05 5.372081726651099087e-05 1.000000000000000082e-05 1.000000000000000082e-05
3.596325757950860646e-04 2.847536582576803881e-05 1.215733730507394115e-04 1.000000000000000082e-05 1.000000000000000082e-05
8.894195901693382209e-04 6.015140248568276975e-05 1.503685565593982666e-04 1.000000000000000082e-05 1.000000000000000082e-05
3.611450878844436993e-04 1.000000000000000082e-05 6.011964451465437800e-04 9.147406099923753031e-06 1.000000000000000082e-05
1.395220800185720061e-04 1.000000000000000082e-05 9.538018352255820537e-04 2.308694385834579100e-04 1.000000000000000082e-05
8.629979463878240966e-05 1.000000000000000082e-05 8.552387677565309035e-04 4.094224856463028468e-04 1.000000000000000082e-05
3.532599209627906893e-05 1.000000000000000082e-05 6.838960519722058623e-04 6.452738362704713015e-04 1.000000000000000082e-05
1.000000000000000082e-05 1.000000000000000082e-05 4.312182262284624265e-04 4.996693030303781370e-04 1.000000000000000082e-05
1.000000000000000082e-05 1.000000000000000082e-05 3.328110379383553879e-04 3.668139987519732819e-04 1.000000000000000082e-05
1.000000000000000082e-05 9.673948146923448644e-05 3.396829920755099633e-04 5.731807074706613296e-04 1.000000000000000082e-05
1.000000000000000082e-05 2.172460472824394248e-04 1.018898377501502973e-04 5.830940825851247582e-04 1.000000000000000082e-05
1.000000000000000082e-05 2.138342017344225284e-04 1.000000000000000082e-05 1.364282570074143897e-04 1.000000000000000082e-05
1.000000000000000082e-05 2.192318018382509841e-05 1.000000000000000082e-05 3.332420686692404382e-05 1.000000000000000082e-05
0.000000000000000000e+00 -0.000000000000000000e+00 0.000000000000000000e+00 -0.000000000000000000e+00 -0.000000000000000000e+00
1.000000000000000082e-05 1.000000000000000082e-05 2.959620636862914461e-05 1.000000000000000082e-05 1.621490586287516233e-06
1.000000000000000082e-05 1.000000000000000082e-05 6.499559045659718704e-05 1.000000000000000082e-05 3.560920503219663189e-06
1.000000000000000082e-05 1.000000000000000082e-05 1.740953315801703863e-06 1.000000000000000082e-05 9.538179919338320582e-08
0.000000000000000000e+00 -0.000000000000000000e+00 0.000000000000000000e+00 -0.000000000000000000e+00 -0.000000000000000000e+00
0.000000000000000000e+00 -0.000000000000000000e+00 0.000000000000000000e+00 -0.000000000000000000e+00 -0.000000000000000000e+00
0.000000000000000000e+00 -0.000000000000000000e+00 0.000000000000000000e+00 -0.000000000000000000e+00 -0.000000000000000000e+00
0.000000000000000000e+00 -0.000000000000000000e+00 0.000000000000000000e+00 -0.000000000000000000e+00 -0.000000000000000000e+00
0.000000000000000000e+00 -0.000000000000000000e+00 0.000000000000000000e+00 -0.000000000000000000e+00 -0.000000000000000000e+00
0.000000000000000000e+00 -0.000000000000000000e+00 0.000000000000000000e+00 -0.000000000000000000e+00 -0.000000000000000000e+00
0.000000000000000000e+00 -0.000000000000000000e+00 0.000000000000000000e+00 -0.000000000000000000e+00 -0.000000000000000000e+00
0.000000000000000000e+00 -0.000000000000000000e+00 0.000000000000000000e+00 -0.000000000000000000e+00 -0.000000000000000000e+00
0.000000000000000000e+00 -0.000000000000000000e+00 0.000000000000000000e+00 -0.000000000000000000e+00 -0.000000000000000000e+00
0.000000000000000000e+00 -0.000000000000000000e+00 0.000000000000000000e+00 -0.000000000000000000e+00 -0.000000000000000000e+00
0.000000000000000000e+00 -0.000000000000000000e+00 0.000000000000000000e+00 -0.000000000000000000e+00 -0.000000000000000000e+00
0.000000000000000000e+00 -0.000000000000000000e+00 0.000000000000000000e+00 -0.000000000000000000e+00 -0.000000000000000000e+00
0.000000000000000000e+00 -0.000000000000000000e+00 0.000000000000000000e+00 -0.000000000000000000e+00 -0.000000000000000000e+00
0.000000000000000000e+00 -0.000000000000000000e+00 0.000000000000000000e+00 -0.000000000000000000e+00 -0.000000000000000000e+00
0.000000000000000000e+00 -0.000000000000000000e+00 0.000000000000000000e+00 -0.000000000000000000e+00 -0.000000000000000000e+00
0.000000000000000000e+00 -0.000000000000000000e+00 0.000000000000000000e+00 -0.000000000000000000e+00 -0.000000000000000000e+00
0.000000000000000000e+00 -0.000000000000000000e+00 0.000000000000000000e+00 -0.000000000000000000e+00 -0.000000000000000000e+00
0.000000000000000000e+00 -0.000000000000000000e+00 0.000000000000000000e+00 -0.000000000000000000e+00 -0.000000000000000000e+00
0.000000000000000000e+00 -0.000000000000000000e+00 0.000000000000000000e+00 -0.000000000000000000e+00 -0.000000000000000000e+00
0.000000000000000000e+00 -0.000000000000000000e+00 0.000000000000000000e+00 -0.000000000000000000e+00 -0.000000000000000000e+00
0.000000000000000000e+00 -0.000000000000000000e+00 0.000000000000000000e+00 -0.000000000000000000e+00 -0.000000000000000000e+00
0.000000000000000000e+00 -0.000000000000000000e+00 0.000000000000000000e+00 -0.000000000000000000e+00 -0.000000000000000000e+00
0.000000000000000000e+00 -0.000000000000000000e+00 0.000000000000000000e+00 -0.000000000000000000e+00 -0.000000000000000000e+00
0.000000000000000000e+00 -0.000000000000000000e+00 0.000000000000000000e+00 -0.000000000000000000e+00 -0.000000000000000000e+00
0.000000000000000000e+00 -0.000000000000000000e+00 0.000000000000000000e+00 -0.000000000000000000e+00 -0.000000000000000000e+00
0.000000000000000000e+00 -0.000000000000000000e+00 0.000000000000000000e+00 -0.000000000000000000e+00 -0.000000000000000000e+00
0.000000000000000000e+00 -0.000000000000000000e+00 0.000000000000000000e+00 -0.000000000000000000e+00 -0.000000000000000000e+00
0.000000000000000000e+00 -0.000000000000000000e+00 0.000000000000000000e+00 -0.000000000000000000e+00 -0.000000000000000000e+00
0.000000000000000000e+00 -0.000000000000000000e+00 0.000000000000000000e+00 -0.000000000000000000e+00 -0.000000000000000000e+00
0.000000000000000000e+00 -0.000000000000000000e+00 0.000000000000000000e+00 -0.000000000000000000e+00 -0.000000000000000000e+00
0.000000000000000000e+00 -0.000000000000000000e+00 0.000000000000000000e+00 -0.000000000000000000e+00 -0.000000000000000000e+00
