0.000000000000000000e+00 -0.000000000000000000e+00 -0.000000000000000000e+00 -0.000000000000000000e+00 0.000000000000000000e+00
0.000000000000000000e+00 -0.000000000000000000e+00 -0.000000000000000000e+00 -0.000000000000000000e+00 0.000000000000000000e+00
0.000000000000000000e+00 -0.000000000000000000e+00 -0.000000000000000000e+00 -0.000000000000000000e+00 0.000000000000000000e+00
0.000000000000000000e+00 -0.000000000000000000e+00 -0.000000000000000000e+00 -0.000000000000000000e+00 0.000000000000000000e+00
0.000000000000000000e+00 -0.000000000000000000e+00 -0.000000000000000000e+00 -0.000000000000000000e+00 0.000000000000000000e+00
0.000000000000000000e+00 -0.000000000000000000e+00 -0.000000000000000000e+00 -0.000000000000000000e+00 0.000000000000000000e+00
0.000000000000000000e+00 -0.000000000000000000e+00 -0.000000000000000000e+00 -0.000000000000000000e+00 0.000000000000000000e+00
0.000000000000000000e+00 -0.000000000000000000e+00 -0.000000000000000000e+00 -0.000000000000000000e+00 0.000000000000000000e+00
0.000000000000000000e+00 -0.000000000000000000e+00 -0.000000000000000000e+00 -0.000000000000000000e+00 0.000000000000000000e+00
0.000000000000000000e+00 -0.000000000000000000e+00 -0.000000000000000000e+00 -0.000000000000000000e+00 0.000000000000000000e+00
0.000000000000000000e+00 -0.000000000000000000e+00 -0.000000000000000000e+00 -0.000000000000000000e+00 0.000000000000000000e+00
0.000000000000000000e+00 -0.000000000000000000e+00 -0.000000000000000000e+00 -0.000000000000000000e+00 0.000000000000000000e+00
0.000000000000000000e+00 -0.000000000000000000e+00 -0.000000000000000000e+00 -0.000000000000000000e+00 0.000000000000000000e+00
0.000000000000000000e+00 -0.000000000000000000e+00 -0.000000000000000000e+00 -0.000000000000000000e+00 0.000000000000000000e+00
0.000000000000000000e+00 -0.000000000000000000e+00 -0.000000000000000000e+00 -0.000000000000000000e+00 0.000000000000000000e+00
0.000000000000000000e+00 -0.000000000000000000e+00 -0.000000000000000000e+00 -0.000000000000000000e+00 0.000000000000000000e+00
0.000000000000000000e+00 -0.000000000000000000e+00 -0.000000000000000000e+00 -0.000000000000000000e+00 0.000000000000000000e+00
0.000000000000000000e+00 -0.000000000000000000e+00 -0.000000000000000000e+00 -0.000000000000000000e+00 0.000000000000000000e+00
0.000000000000000000e+00 -0.000000000000000000e+00 -0.000000000000000000e+00 -0.000000000000000000e+00 0.000000000000000000e+00
0.000000000000000000e+00 -0.000000000000000000e+00 -0.000000000000000000e+00 -0.000000000000000000e+00 0.000000000000000000e+00
0.000000000000000000e+00 -0.000000000000000000e+00 -0.000000000000000000e+00 -0.000000000000000000e+00 0.000000000000000000e+00
0.000000000000000000e+00 -0.000000000000000000e+00 -0.000000000000000000e+00 -0.000000000000000000e+00 0.000000000000000000e+00
0.000000000000000000e+00 -0.000000000000000000e+00 -0.000000000000000000e+00 -0.000000000000000000e+00 0.000000000000000000e+00
0.000000000000000000e+00 -0.000000000000000000e+00 -0.000000000000000000e+00 -0.000000000000000000e+00 0.000000000000000000e+00
0.000000000000000000e+00 -0.000000000000000000e+00 -0.000000000000000000e+00 -0.000000000000000000e+00 0.000000000000000000e+00
0.000000000000000000e+00 -0.000000000000000000e+00 -0.000000000000000000e+00 -0.000000000000000000e+00 0.000000000000000000e+00
0.000000000000000000e+00 -0.000000000000000000e+00 -0.000000000000000000e+00 -0.000000000000000000e+00 0.000000000000000000e+00
0.000000000000000000e+00 -0.000000000000000000e+00 -0.000000000000000000e+00 -0.000000000000000000e+00 0.000000000000000000e+00
0.000000000000000000e+00 -0.000000000000000000e+00 -0.000000000000000000e+00 -0.000000000000000000e+00 0.000000000000000000e+00
0.000000000000000000e+00 -0.000000000000000000e+00 -0.000000000000000000e+00 -0.000000000000000000e+00 0.000000000000000000e+00
0.000000000000000000e+00 -0.000000000000000000e+00 -0.000000000000000000e+00 -0.000000000000000000e+00 0.000000000000000000e+00
0.000000000000000000e+00 -0.000000000000000000e+00 -0.000000000000000000e+00 -0.000000000000000000e+00 0.000000000000000000e+00
0.000000000000000000e+00 -0.000000000000000000e+00 -0.000000000000000000e+00 -0.000000000000000000e+00 0.000000000000000000e+00
0.000000000000000000e+00 -0.000000000000000000e+00 -0.000000000000000000e+00 -0.000000000000000000e+00 0.000000000000000000e+00
0.000000000000000000e+00 -0.000000000000000000e+00 -0.000000000000000000e+00 -0.000000000000000000e+00 0.000000000000000000e+00
0.000000000000000000e+00 -0.000000000000000000e+00 -0.000000000000000000e+00 -0.000000000000000000e+00 0.000000000000000000e+00
0.000000000000000000e+00 -0.000000000000000000e+00 -0.000000000000000000e+00 -0.000000000000000000e+00 0.000000000000000000e+00
0.000000000000000000e+00 -0.000000000000000000e+00 -0.000000000000000000e+00 -0.000000000000000000e+00 0.000000000000000000e+00
0.000000000000000000e+00 -0.000000000000000000e+00 -0.000000000000000000e+00 -0.000000000000000000e+00 0.000000000000000000e+00
0.000000000000000000e+00 -0.000000000000000000e+00 -0.000000000000000000e+00 -0.000000000000000000e+00 0.000000000000000000e+00
0.000000000000000000e+00 -0.000000000000000000e+00 -0.000000000000000000e+00 -0.000000000000000000e+00 0.000000000000000000e+00
0.000000000000000000e+00 -0.000000000000000000e+00 -0.000000000000000000e+00 -0.000000000000000000e+00 0.000000000000000000e+00
0.000000000000000000e+00 -0.000000000000000000e+00 -0.000000000000000000e+00 -0.000000000000000000e+00 0.000000000000000000e+00
0.000000000000000000e+00 -0.000000000000000000e+00 -0.000000000000000000e+00 -0.000000000000000000e+00 0.000000000000000000e+00
0.000000000000000000e+00 -0.000000000000000000e+00 -0.000000000000000000e+00 -0.000000000000000000e+00 0.000000000000000000e+00
0.000000000000000000e+00 -0.000000000000000000e+00 -0.000000000000000000e+00 -0.000000000000000000e+00 0.000000000000000000e+00
0.000000000000000000e+00 -0.000000000000000000e+00 -0.000000000000000000e+00 -0.000000000000000000e+00 0.000000000000000000e+00
0.000000000000000000e+00 -0.000000000000000000e+00 -0.000000000000000000e+00 -0.000000000000000000e+00 0.000000000000000000e+00
0.000000000000000000e+00 -0.000000000000000000e+00 -0.000000000000000000e+00 -0.000000000000000000e+00 0.000000000000000000e+00
0.000000000000000000e+00 -0.000000000000000000e+00 -0.000000000000000000e+00 -0.000000000000000000e+00 0.000000000000000000e+00
0.000000000000000000e+00 -0.000000000000000000e+00 -0.000000000000000000e+00 -0.000000000000000000e+00 0.000000000000000000e+00
0.000000000000000000e+00 -0.000000000000000000e+00 -0.000000000000000000e+00 -0.000000000000000000e+00 0.000000000000000000e+00
0.000000000000000000e+00 -0.000000000000000000e+00 -0.000000000000000000e+00 -0.000000000000000000e+00 0.000000000000000000e+00
0.000000000000000000e+00 -0.000000000000000000e+00 -0.000000000000000000e+00 -0.000000000000000000e+00 0.000000000000000000e+00
0.000000000000000000e+00 -0.000000000000000000e+00 -0.000000000000000000e+00 -0.000000000000000000e+00 0.000000000000000000e+00
0.000000000000000000e+00 -0.000000000000000000e+00 -0.000000000000000000e+00 -0.000000000000000000e+00 0.000000000000000000e+00
0.000000000000000000e+00 -0.000000000000000000e+00 -0.000000000000000000e+00 -0.000000000000000000e+00 0.000000000000000000e+00
0.000000000000000000e+00 -0.000000000000000000e+00 -0.000000000000000000e+00 -0.000000000000000000e+00 0.000000000000000000e+00
0.000000000000000000e+00 -0.000000000000000000e+00 -0.000000000000000000e+00 -0.000000000000000000e+00 0.000000000000000000e+00
0.000000000000000000e+00 -0.000000000000000000e+00 -0.000000000000000000e+00 -0.000000000000000000e+00 0.000000000000000000e+00
0.000000000000000000e+00 -0.000000000000000000e+00 -0.000000000000000000e+00 -0.000000000000000000e+00 0.000000000000000000e+00
0.000000000000000000e+00 -0.000000000000000000e+00 -0.000000000000000000e+00 -0.000000000000000000e+00 0.000000000000000000e+00
0.000000000000000000e+00 -0.000000000000000000e+00 -0.000000000000000000e+00 -0.000000000000000000e+00 0.000000000000000000e+00
0.000000000000000000e+00 -0.000000000000000000e+00 -0.000000000000000000e+00 -0.000000000000000000e+00 0.000000000000000000e+00
0.000000000000000000e+00 -0.000000000000000000e+00 -0.000000000000000000e+00 -0.000000000000000000e+00 0.000000000000000000e+00
0.000000000000000000e+00 -0.000000000000000000e+00 -0.000000000000000000e+00 -0.000000000000000000e+00 0.000000000000000000e+00
0.000000000000000000e+00 -0.000000000000000000e+00 -0.000000000000000000e+00 -0.000000000000000000e+00 0.000000000000000000e+00
0.000000000000000000e+00 -0.000000000000000000e+00 -0.000000000000000000e+00 -0.000000000000000000e+00 0.000000000000000000e+00
0.000000000000000000e+00 -0.000000000000000000e+00 -0.000000000000000000e+00 -0.000000000000000000e+00 0.000000000000000000e+00
0.000000000000000000e+00 -0.000000000000000000e+00 -0.000000000000000000e+00 -0.000000000000000000e+00 0.000000000000000000e+00
0.000000000000000000e+00 -0.000000000000000000e+00 -0.000000000000000000e+00 -0.000000000000000000e+00 0.000000000000000000e+00
0.000000000000000000e+00 -0.000000000000000000e+00 -0.000000000000000000e+00 -0.000000000000000000e+00 0.000000000000000000e+00
0.000000000000000000e+00 -0.000000000000000000e+00 -0.000000000000000000e+00 -0.000000000000000000e+00 0.000000000000000000e+00
0.000000000000000000e+00 -0.000000000000000000e+00 -0.000000000000000000e+00 -0.000000000000000000e+00 0.000000000000000000e+00
0.000000000000000000e+00 -0.000000000000000000e+00 -0.000000000000000000e+00 -0.000000000000000000e+00 0.000000000000000000e+00
0.000000000000000000e+00 -0.000000000000000000e+00 -0.000000000000000000e+00 -0.000000000000000000e+00 0.000000000000000000e+00
0.000000000000000000e+00 -0.000000000000000000e+00 -0.000000000000000000e+00 -0.000000000000000000e+00 0.000000000000000000e+00
0.000000000000000000e+00 -0.000000000000000000e+00 -0.000000000000000000e+00 -0.000000000000000000e+00 0.000000000000000000e+00
0.000000000000000000e+00 -0.000000000000000000e+00 -0.000000000000000000e+00 -0.000000000000000000e+00 0.000000000000000000e+00
0.000000000000000000e+00 -0.000000000000000000e+00 -0.000000000000000000e+00 -0.000000000000000000e+00 0.000000000000000000e+00
0.000000000000000000e+00 -0.000000000000000000e+00 -0.000000000000000000e+00 -0.000000000000000000e+00 0.000000000000000000e+00
0.000000000000000000e+00 -0.000000000000000000e+00 -0.000000000000000000e+00 -0.000000000000000000e+00 0.000000000000000000e+00
0.000000000000000000e+00 -0.000000000000000000e+00 -0.000000000000000000e+00 -0.000000000000000000e+00 0.000000000000000000e+00
0.000000000000000000e+00 -0.000000000000000000e+00 -0.000000000000000000e+00 -0.000000000000000000e+00 0.000000000000000000e+00
0.000000000000000000e+00 -0.000000000000000000e+00 -0.000000000000000000e+00 -0.000000000000000000e+00 0.000000000000000000e+00
0.000000000000000000e+00 -0.000000000000000000e+00 -0.000000000000000000e+00 -0.000000000000000000e+00 0.000000000000000000e+00
0.000000000000000000e+00 -0.000000000000000000e+00 -0.000000000000000000e+00 -0.000000000000000000e+00 0.000000000000000000e+00
0.000000000000000000e+00 -0.000000000000000000e+00 -0.000000000000000000e+00 -0.000000000000000000e+00 0.000000000000000000e+00
0.000000000000000000e+00 -0.000000000000000000e+00 -0.000000000000000000e+00 -0.000000000000000000e+00 0.000000000000000000e+00
0.000000000000000000e+00 -0.000000000000000000e+00 -0.000000000000000000e+00 -0.000000000000000000e+00 0.000000000000000000e+00
0.000000000000000000e+00 -0.000000000000000000e+00 -0.000000000000000000e+00 -0.000000000000000000e+00 0.000000000000000000e+00
0.000000000000000000e+00 -0.000000000000000000e+00 -0.000000000000000000e+00 -0.000000000000000000e+00 0.000000000000000000e+00
0.000000000000000000e+00 -0.000000000000000000e+00 -0.000000000000000000e+00 -0.000000000000000000e+00 0.000000000000000000e+00
0.000000000000000000e+00 -0.000000000000000000e+00 -0.000000000000000000e+00 -0.000000000000000000e+00 0.000000000000000000e+00
0.000000000000000000e+00 -0.000000000000000000e+00 -0.000000000000000000e+00 -0.000000000000000000e+00 0.000000000000000000e+00
0.000000000000000000e+00 -0.000000000000000000e+00 -0.000000000000000000e+00 -0.000000000000000000e+00 0.000000000000000000e+00
1.000000000000000082e-05 1.000000000000000082e-05 2.410141351597588476e-03 1.000000000000000082e-05 2.298820110602172416e-03
1.000000000000000082e-05 2.882023701334682437e-04 3.159457754138094267e-04 1.000000000000000082e-05 2.269257057616408824e-03
1.000000000000000082e-05 1.227201538857518965e-03 1.000000000000000082e-05 1.000000000000000082e-05 4.383785408827437467e-03
1.000000000000000082e-05 1.417219841648360542e-03 1.000000000000000082e-05 1.000000000000000082e-05 5.062565085032980430e-03
1.000000000000000082e-05 1.662660149419864985e-03 1.000000000000000082e-05 1.000000000000000082e-05 5.939322166798466883e-03
1.000000000000000082e-05 1.227201538857518965e-03 1.000000000000000082e-05 1.000000000000000082e-05 4.383785408827437467e-03
1.000000000000000082e-05 1.227201538857518965e-03 1.000000000000000082e-05 1.000000000000000082e-05 4.383785408827437467e-03
1.000000000000000082e-05 8.471649332758360296e-04 1.000000000000000082e-05 1.000000000000000082e-05 3.026226056416361516e-03
1.000000000000000082e-05 8.782908750540335688e-05 1.000000000000000082e-05 6.081791135959516885e-05 1.562081667833074752e-03
1.000000000000000082e-05 4.630394737164057251e-04 1.000000000000000082e-05 5.777732009058516059e-05 5.535714867368260288e-03
1.000000000000000082e-05 7.086794660763165747e-04 1.000000000000000082e-05 1.000000000000000082e-05 3.155387384788824450e-03
4.246903490535348566e-04 9.641625401096526023e-04 1.000000000000000082e-05 1.000000000000000082e-05 2.611453068940443323e-03
3.549197917090268230e-04 8.057644085202105445e-04 1.000000000000000082e-05 1.000000000000000082e-05 2.182428636185939578e-03
0.000000000000000000e+00 -0.000000000000000000e+00 -0.000000000000000000e+00 -0.000000000000000000e+00 0.000000000000000000e+00
0.000000000000000000e+00 -0.000000000000000000e+00 -0.000000000000000000e+00 -0.000000000000000000e+00 0.000000000000000000e+00
0.000000000000000000e+00 -0.000000000000000000e+00 -0.000000000000000000e+00 -0.000000000000000000e+00 0.000000000000000000e+00
0.000000000000000000e+00 -0.000000000000000000e+00 -0.000000000000000000e+00 -0.000000000000000000e+00 0.000000000000000000e+00
0.000000000000000000e+00 -0.000000000000000000e+00 -0.000000000000000000e+00 -0.000000000000000000e+00 0.000000000000000000e+00
0.000000000000000000e+00 -0.000000000000000000e+00 -0.000000000000000000e+00 -0.000000000000000000e+00 0.000000000000000000e+00
0.000000000000000000e+00 -0.000000000000000000e+00 -0.000000000000000000e+00 -0.000000000000000000e+00 0.000000000000000000e+00
0.000000000000000000e+00 -0.000000000000000000e+00 -0.000000000000000000e+00 -0.000000000000000000e+00 0.000000000000000000e+00
0.000000000000000000e+00 -0.000000000000000000e+00 -0.000000000000000000e+00 -0.000000000000000000e+00 0.000000000000000000e+00
0.000000000000000000e+00 -0.000000000000000000e+00 -0.000000000000000000e+00 -0.000000000000000000e+00 0.000000000000000000e+00
0.000000000000000000e+00 -0.000000000000000000e+00 -0.000000000000000000e+00 -0.000000000000000000e+00 0.000000000000000000e+00
1.771560170626067243e-03 1.000000000000000082e-05 1.000000000000000082e-05 6.937844954894548284e-03 4.814774990164134892e-04
5.498691510475165606e-03 1.000000000000000082e-05 1.000000000000000082e-05 2.002815319523302065e-02 8.062998840387666831e-04
8.012767396416077548e-03 1.000000000000000082e-05 1.000000000000000082e-05 3.322704438387644177e-02 1.379550750390462011e-03
4.724960607284087004e-03 1.000000000000000082e-05 1.000000000000000082e-05 2.933902689901505059e-02 6.532105603665455153e-03
5.649269840151329315e-04 1.000000000000000082e-05 1.000000000000000082e-05 3.215365918665470668e-02 1.484975884602927898e-02
1.000000000000000082e-05 6.168246110785926498e-04 1.000000000000000082e-05 2.400253043836816924e-02 1.786787829209655551e-02
1.000000000000000082e-05 4.057873891639669252e-03 1.000000000000000082e-05 1.866511276450568552e-02 1.528372849678272249e-02
1.000000000000000082e-05 3.789849148873739373e-03 1.000000000000000082e-05 1.059566480621854274e-02 2.813908219173412439e-02
1.000000000000000082e-05 2.561235712096911199e-03 1.000000000000000082e-05 1.000000000000000082e-05 4.687813541463806827e-02
1.000000000000000082e-05 1.255220946010367081e-03 1.000000000000000082e-05 1.000000000000000082e-05 5.559016716192911878e-02
1.000000000000000082e-05 3.966337634989378145e-04 1.000000000000000082e-05 1.000000000000000082e-05 6.133444057018227341e-02
1.000000000000000082e-05 9.437004740216697971e-04 1.000000000000000082e-05 1.000000000000000082e-05 6.862743141742165542e-02
1.000000000000000082e-05 1.000000000000000082e-05 1.000000000000000082e-05 1.000000000000000082e-05 8.197084233505358419e-02
1.000000000000000082e-05 1.000000000000000082e-05 1.000000000000000082e-05 1.000000000000000082e-05 6.110256569425798201e-02
1.023959318057898662e-03 1.000000000000000082e-05 1.000000000000000082e-05 8.252306759399296102e-04 3.610229296829308571e-02
4.689003032675364765e-03 1.000000000000000082e-05 1.000000000000000082e-05 1.000000000000000082e-05 1.717945767508963564e-02
1.603929996785391021e-03 7.564294516326313354e-04 1.000000000000000082e-05 1.000000000000000082e-05 6.419295574620488554e-03
0.000000000000000000e+00 -0.000000000000000000e+00 -0.000000000000000000e+00 -0.000000000000000000e+00 0.000000000000000000e+00
0.000000000000000000e+00 -0.000000000000000000e+00 -0.000000000000000000e+00 -0.000000000000000000e+00 0.000000000000000000e+00
0.000000000000000000e+00 -0.000000000000000000e+00 -0.000000000000000000e+00 -0.000000000000000000e+00 0.000000000000000000e+00
0.000000000000000000e+00 -0.000000000000000000e+00 -0.000000000000000000e+00 -0.000000000000000000e+00 0.000000000000000000e+00
0.000000000000000000e+00 -0.000000000000000000e+00 -0.000000000000000000e+00 -0.000000000000000000e+00 0.000000000000000000e+00
0.000000000000000000e+00 -0.000000000000000000e+00 -0.000000000000000000e+00 -0.000000000000000000e+00 0.000000000000000000e+00
0.000000000000000000e+00 -0.000000000000000000e+00 -0.000000000000000000e+00 -0.000000000000000000e+00 0.000000000000000000e+00
0.000000000000000000e+00 -0.000000000000000000e+00 -0.000000000000000000e+00 -0.000000000000000000e+00 0.000000000000000000e+00
2.369934494832603170e-05 1.000000000000000082e-05 1.000000000000000082e-05 7.271552393849259983e-04 1.000000000000000082e-05
7.340244328737159348e-04 1.000000000000000082e-05 1.000000000000000082e-05 1.815264549348257275e-02 1.000000000000000082e-05
1.438029043548577895e-03 1.000000000000000082e-05 1.000000000000000082e-05 2.470652642787953338e-02 1.000000000000000082e-05
5.035766691799521862e-03 1.000000000000000082e-05 1.000000000000000082e-05 3.815083690889305851e-02 1.000000000000000082e-05
8.154906760814054079e-03 1.000000000000000082e-05 1.000000000000000082e-05 5.502829347603147708e-02 1.000000000000000082e-05
3.146166348392021549e-03 1.000000000000000082e-05 1.000000000000000082e-05 6.889454618256619922e-02 4.041334210499833868e-04
1.000000000000000082e-05 1.000000000000000082e-05 9.688012976368337928e-03 7.307061005800737086e-02 8.940370646877988242e-03
1.000000000000000082e-05 1.000000000000000082e-05 1.441568522751368771e-02 8.279171762521357614e-02 2.021712776406565590e-02
1.000000000000000082e-05 1.000000000000000082e-05 1.263275187160377809e-02 9.544143447590558438e-02 3.679917902040768379e-02
1.000000000000000082e-05 1.290506960374037044e-04 1.752884567752355585e-02 9.316601034517885127e-02 6.843739037005379389e-02
1.000000000000000082e-05 1.000000000000000082e-05 2.736603321064998845e-02 6.780239821679709400e-02 1.010115796628420631e-01
1.000000000000000082e-05 1.000000000000000082e-05 3.278716477199181828e-02 5.351695491189237958e-02 1.140806529097953131e-01
1.000000000000000082e-05 1.000000000000000082e-05 5.011710239553578139e-02 3.699903378515360941e-02 1.151436764203639801e-01
1.000000000000000082e-05 1.000000000000000082e-05 5.157921463339756180e-02 1.786548263242934351e-02 1.114110074669562994e-01
1.000000000000000082e-05 1.000000000000000082e-05 4.174258453133623120e-02 9.841920092350968981e-05 1.022135296674624300e-01
1.199570907891006621e-02 1.000000000000000082e-05 3.387989750802620353e-02 1.000000000000000082e-05 1.006563169280533382e-01
3.373824296179838561e-02 1.000000000000000082e-05 2.374094167244035491e-02 1.000000000000000082e-05 7.823263398666827073e-02
3.954542936629450167e-02 1.000000000000000082e-05 3.105882220096823493e-02 1.000000000000000082e-05 4.813801719239082372e-02
4.369502092104621260e-02 1.000000000000000082e-05 3.114978524199728607e-02 1.000000000000000082e-05 2.546911852822934461e-02
2.487813420315954788e-02 1.000000000000000082e-05 2.419228930453008394e-02 1.000000000000000082e-05 8.680602160790237831e-03
6.119162154465100471e-03 1.000000000000000082e-05 5.825518704782930816e-03 1.000000000000000082e-05 1.000000000000000082e-05
0.000000000000000000e+00 -0.000000000000000000e+00 -0.000000000000000000e+00 -0.000000000000000000e+00 0.000000000000000000e+00
0.000000000000000000e+00 -0.000000000000000000e+00 -0.000000000000000000e+00 -0.000000000000000000e+00 0.000000000000000000e+00
0.000000000000000000e+00 -0.000000000000000000e+00 -0.000000000000000000e+00 -0.000000000000000000e+00 0.000000000000000000e+00
0.000000000000000000e+00 -0.000000000000000000e+00 -0.000000000000000000e+00 -0.000000000000000000e+00 0.000000000000000000e+00
0.000000000000000000e+00 -0.000000000000000000e+00 -0.000000000000000000e+00 -0.000000000000000000e+00 0.000000000000000000e+00
0.000000000000000000e+00 -0.000000000000000000e+00 -0.000000000000000000e+00 -0.000000000000000000e+00 0.000000000000000000e+00
0.000000000000000000e+00 -0.000000000000000000e+00 -0.000000000000000000e+00 -0.000000000000000000e+00 0.000000000000000000e+00
8.916448505874637206e-05 1.000000000000000082e-05 1.000000000000000082e-05 1.643524170434495233e-03 1.000000000000000082e-05
1.828453526946410184e-03 1.000000000000000082e-05 1.000000000000000082e-05 3.298114838500749296e-02 1.000000000000000082e-05
3.253256333166312624e-03 1.000000000000000082e-05 1.000000000000000082e-05 4.975865842495656721e-02 1.000000000000000082e-05
6.372239188755723753e-03 1.000000000000000082e-05 1.000000000000000082e-05 8.669027142796328911e-02 1.000000000000000082e-05
3.524568769243261596e-03 1.000000000000000082e-05 1.000000000000000082e-05 1.227169706110089187e-01 1.000000000000000082e-05
1.000000000000000082e-05 2.643959272548678918e-03 1.231026359568044432e-02 1.228698191067890411e-01 1.000000000000000082e-05
1.000000000000000082e-05 1.997698534266260147e-03 2.624418539225135960e-02 1.286248768525836694e-01 9.384712596649020036e-03
1.000000000000000082e-05 2.331384408465122550e-03 3.351644265016787139e-02 1.235730014844452079e-01 3.313268181834379267e-02
1.000000000000000082e-05 1.000000000000000082e-05 4.214974090239663462e-02 1.106902961766675075e-01 7.432286333814473733e-02
1.000000000000000082e-05 1.000000000000000082e-05 6.039308561244269291e-02 8.171869895534578099e-02 1.238439766638415734e-01
1.000000000000000082e-05 1.000000000000000082e-05 7.008290970151793975e-02 7.854135236327317027e-02 1.283614487909763568e-01
1.348999499116792893e-02 1.000000000000000082e-05 8.087907922472986622e-02 6.847619508012139922e-02 1.123142378419408199e-01
4.584629143010210406e-02 1.000000000000000082e-05 7.984912246351225096e-02 5.798935422203158746e-02 9.225466036355256527e-02
7.222206206933587391e-02 1.000000000000000082e-05 7.463131217222157554e-02 5.438930277322811396e-02 7.624315115093317774e-02
8.621517635962450132e-02 1.000000000000000082e-05 8.326034669717789771e-02 4.166382386572529267e-02 5.633633015943288053e-02
1.037824863050186286e-01 1.000000000000000082e-05 7.839215066859403502e-02 3.998355717834607172e-03 3.867125206588958169e-02
1.197151373859373508e-01 1.000000000000000082e-05 5.623107658983064056e-02 1.000000000000000082e-05 2.269968125598337272e-02
1.129708140002679134e-01 1.000000000000000082e-05 4.374782192095613698e-02 1.000000000000000082e-05 7.688559832245348349e-03
8.704528675756403877e-02 1.000000000000000082e-05 3.561700273343165052e-02 1.000000000000000082e-05 1.464521948962110159e-03
4.264927120069247207e-02 1.000000000000000082e-05 4.097173836717621365e-02 1.000000000000000082e-05 1.000000000000000082e-05
9.377806255094715132e-03 1.000000000000000082e-05 9.596058694555213014e-03 1.000000000000000082e-05 1.000000000000000082e-05
0.000000000000000000e+00 -0.000000000000000000e+00 -0.000000000000000000e+00 -0.000000000000000000e+00 0.000000000000000000e+00
0.000000000000000000e+00 -0.000000000000000000e+00 -0.000000000000000000e+00 -0.000000000000000000e+00 0.000000000000000000e+00
0.000000000000000000e+00 -0.000000000000000000e+00 -0.000000000000000000e+00 -0.000000000000000000e+00 0.000000000000000000e+00
0.000000000000000000e+00 -0.000000000000000000e+00 -0.000000000000000000e+00 -0.000000000000000000e+00 0.000000000000000000e+00
0.000000000000000000e+00 -0.000000000000000000e+00 -0.000000000000000000e+00 -0.000000000000000000e+00 0.000000000000000000e+00
0.000000000000000000e+00 -0.000000000000000000e+00 -0.000000000000000000e+00 -0.000000000000000000e+00 0.000000000000000000e+00
0.000000000000000000e+00 -0.000000000000000000e+00 -0.000000000000000000e+00 -0.000000000000000000e+00 0.000000000000000000e+00
4.149436943102594879e-04 1.000000000000000082e-05 1.000000000000000082e-05 5.995874355026734569e-03 1.000000000000000082e-05
2.087710432394905471e-03 1.000000000000000082e-05 1.000000000000000082e-05 3.481166475887852857e-02 1.000000000000000082e-05
4.295925535374485113e-03 1.000000000000000082e-05 1.000000000000000082e-05 8.145970889107152779e-02 1.000000000000000082e-05
5.384751007964236162e-03 1.000000000000000082e-05 1.000000000000000082e-05 1.212461314983109828e-01 1.000000000000000082e-05
1.000000000000000082e-05 1.683448045916654146e-04 5.225817103781025229e-03 1.366750344160205521e-01 1.000000000000000082e-05
1.000000000000000082e-05 1.109236727788239386e-03 4.408434389257442909e-02 1.289582956854812557e-01 1.000000000000000082e-05
1.000000000000000082e-05 1.289436492743162820e-03 6.900458744569391845e-02 1.084155477574756388e-01 1.125314733139884393e-02
1.000000000000000082e-05 1.000000000000000082e-05 9.378880397355338072e-02 7.850879293571258466e-02 5.555775052906346267e-02
1.000000000000000082e-05 1.000000000000000082e-05 1.104260751543403030e-01 4.713399972329173487e-02 1.052037391666830607e-01
2.175228411316112651e-02 1.000000000000000082e-05 1.041572340711860861e-01 3.370207285767657518e-02 1.097909239260544678e-01
5.884471907727965856e-02 1.000000000000000082e-05 9.143101724367028171e-02 3.474844625131496417e-02 9.560195026886675329e-02
1.107317309069363181e-01 1.000000000000000082e-05 8.942207698963602902e-02 5.337207373675027094e-02 5.490657875100650454e-02
1.407833772398825178e-01 1.000000000000000082e-05 8.486334866287058298e-02 5.862464526775942875e-02 1.327417623675900687e-02
1.441858402021256313e-01 1.000000000000000082e-05 7.424126745093269364e-02 6.197618172517079665e-02 1.000000000000000082e-05
1.414459653371915593e-01 1.000000000000000082e-05 8.232500903936491865e-02 3.788421812998091220e-02 1.000000000000000082e-05
1.458925866362330848e-01 1.000000000000000082e-05 7.718575919960413145e-02 2.064126327153374685e-02 1.000000000000000082e-05
1.427473607866733551e-01 5.896898022877080682e-04 4.754044935990199561e-02 6.206635898436960522e-03 1.000000000000000082e-05
1.266614844324791267e-01 1.823227710933970555e-02 2.546369277306412618e-02 1.590664215954530614e-03 1.000000000000000082e-05
8.538601392259714817e-02 3.520069469341952778e-02 2.562361802928590088e-02 1.000000000000000082e-05 1.000000000000000082e-05
2.494745497157175793e-02 3.987809988012990664e-02 2.664517123365648874e-02 1.000000000000000082e-05 1.000000000000000082e-05
9.062638307416184119e-03 2.334016610232366243e-02 1.678805662554421971e-02 1.000000000000000082e-05 1.000000000000000082e-05
5.322379447653084218e-03 7.861738731404502778e-04 6.084873241287426862e-03 1.000000000000000082e-05 1.000000000000000082e-05
0.000000000000000000e+00 -0.000000000000000000e+00 -0.000000000000000000e+00 -0.000000000000000000e+00 0.000000000000000000e+00
0.000000000000000000e+00 -0.000000000000000000e+00 -0.000000000000000000e+00 -0.000000000000000000e+00 0.000000000000000000e+00
0.000000000000000000e+00 -0.000000000000000000e+00 -0.000000000000000000e+00 -0.000000000000000000e+00 0.000000000000000000e+00
0.000000000000000000e+00 -0.000000000000000000e+00 -0.000000000000000000e+00 -0.000000000000000000e+00 0.000000000000000000e+00
0.000000000000000000e+00 -0.000000000000000000e+00 -0.000000000000000000e+00 -0.000000000000000000e+00 0.000000000000000000e+00
0.000000000000000000e+00 -0.000000000000000000e+00 -0.000000000000000000e+00 -0.000000000000000000e+00 0.000000000000000000e+00
6.616669720082516554e-04 1.000000000000000082e-05 1.000000000000000082e-05 9.560988836393969140e-03 1.000000000000000082e-05
1.132379449605365072e-03 1.000000000000000082e-05 1.000000000000000082e-05 3.133793152157378359e-02 1.000000000000000082e-05
3.212239167464659741e-03 1.000000000000000082e-05 1.000000000000000082e-05 8.639283550993588634e-02 1.000000000000000082e-05
4.240628946184500300e-03 1.000000000000000082e-05 6.007461844928182505e-03 1.175342646293225379e-01 1.000000000000000082e-05
1.042254751114708028e-03 1.000000000000000082e-05 4.403013966464002643e-02 1.073747505498475890e-01 1.000000000000000082e-05
1.000000000000000082e-05 1.000000000000000082e-05 7.574792519488803000e-02 9.595633348168783328e-02 1.000000000000000082e-05
1.000000000000000082e-05 1.000000000000000082e-05 1.221633623696327525e-01 4.436798661629789975e-02 4.016433754536996581e-02
7.381567783103374150e-03 1.000000000000000082e-05 1.320317193974861192e-01 1.000000000000000082e-05 8.910483928422280320e-02
4.377304613115790694e-02 1.000000000000000082e-05 1.168373505573964272e-01 1.000000000000000082e-05 1.040268414432540395e-01
1.031642456000202435e-01 6.153339689745583423e-03 8.199567630732303158e-02 1.000000000000000082e-05 7.413167963346603551e-02
1.246968226051981266e-01 2.038094518236215069e-02 7.243928022651294207e-02 5.166105333559969405e-03 2.294161096206299641e-02
1.409266856444367222e-01 1.979785589771755963e-02 5.432499327715085979e-02 2.575380844344465209e-02 1.000000000000000082e-05
1.287696089157916723e-01 2.969192246299036733e-02 4.456450713647897022e-02 2.584862213674959941e-02 1.000000000000000082e-05
1.171023084075284854e-01 5.001659834342403466e-02 3.599820863084853689e-02 2.388035175049057005e-02 1.000000000000000082e-05
9.752569077501953287e-02 7.113457340050755029e-02 3.610479013260467496e-02 2.085225890205816279e-02 1.000000000000000082e-05
8.648720284573876982e-02 9.739519419834012648e-02 3.479430617158428551e-02 1.363811316268180758e-02 1.000000000000000082e-05
6.561610688559886551e-02 1.085883507172084178e-01 2.585237317531668272e-02 3.753164700492270765e-04 1.000000000000000082e-05
5.052423573317304378e-02 1.144099426478406289e-01 8.244488821690541466e-03 3.788315436070828750e-03 1.000000000000000082e-05
2.602951720567450028e-02 1.132178998016050708e-01 5.628405635869073061e-03 3.367441130315096485e-03 1.000000000000000082e-05
1.000000000000000082e-05 9.626136327188766773e-02 7.773968261174272337e-03 3.013776695089704239e-03 1.000000000000000082e-05
1.000000000000000082e-05 7.778880430357117126e-02 3.591721783250455789e-03 1.000000000000000082e-05 1.000000000000000082e-05
3.451657758803774491e-03 6.968311479578549218e-03 1.000000000000000082e-05 1.000000000000000082e-05 1.000000000000000082e-05
0.000000000000000000e+00 -0.000000000000000000e+00 -0.000000000000000000e+00 -0.000000000000000000e+00 0.000000000000000000e+00
0.000000000000000000e+00 -0.000000000000000000e+00 -0.000000000000000000e+00 -0.000000000000000000e+00 0.000000000000000000e+00
0.000000000000000000e+00 -0.000000000000000000e+00 -0.000000000000000000e+00 -0.000000000000000000e+00 0.000000000000000000e+00
0.000000000000000000e+00 -0.000000000000000000e+00 -0.000000000000000000e+00 -0.000000000000000000e+00 0.000000000000000000e+00
0.000000000000000000e+00 -0.000000000000000000e+00 -0.000000000000000000e+00 -0.000000000000000000e+00 0.000000000000000000e+00
8.224109256599742982e-05 1.000000000000000082e-05 1.000000000000000082e-05 1.188371493789081154e-03 1.000000000000000082e-05
8.485785460218814693e-04 1.000000000000000082e-05 1.000000000000000082e-05 1.226183314046006868e-02 1.000000000000000082e-05
2.342946629425504820e-04 1.000000000000000082e-05 1.000000000000000082e-05 2.695659443917356943e-02 1.000000000000000082e-05
3.149881865206154759e-03 1.000000000000000082e-05 5.861924694582848830e-03 7.163704767609498092e-02 1.000000000000000082e-05
3.838133277433375401e-03 1.000000000000000082e-05 2.269327238056947568e-02 1.152715058318824759e-01 1.000000000000000082e-05
3.437503838780794126e-03 1.000000000000000082e-05 4.563817763731387728e-02 1.221671197843670620e-01 1.000000000000000082e-05
1.000000000000000082e-05 1.000000000000000082e-05 1.028018816968909177e-01 7.197586791986143595e-02 1.055584489542074449e-02
7.838028382269561847e-03 1.000000000000000082e-05 1.268812870330486287e-01 6.913847093344351220e-03 7.767118752580931540e-02
4.648648128328009693e-02 1.000000000000000082e-05 9.420615822334105216e-02 1.000000000000000082e-05 1.070474834179601376e-01
9.311931577294711715e-02 3.967623338568316421e-02 4.739703466923580327e-02 1.000000000000000082e-05 9.464649338829823899e-02
1.168810908166698082e-01 8.783231566432314619e-02 1.884315416114961186e-02 1.000000000000000082e-05 3.889236282581340354e-02
8.735314082138302683e-02 1.051158594422748477e-01 2.304669704425533344e-02 1.000000000000000082e-05 1.000000000000000082e-05
6.541901740831863876e-02 1.098953337528222052e-01 2.427462944551382271e-02 1.000000000000000082e-05 1.000000000000000082e-05
4.354055374442979132e-02 1.287279199796969309e-01 2.751156799767247307e-02 1.000000000000000082e-05 1.000000000000000082e-05
3.084452188939608777e-02 1.419937299116937890e-01 2.337462619056112495e-02 1.000000000000000082e-05 1.000000000000000082e-05
1.133562675557422440e-02 1.435005520549557101e-01 2.528584141509626279e-02 1.000000000000000082e-05 1.000000000000000082e-05
1.000000000000000082e-05 1.432437328819023969e-01 2.234489646021712433e-02 1.000000000000000082e-05 1.000000000000000082e-05
1.000000000000000082e-05 1.331123665421469204e-01 2.181582242800128232e-02 1.000000000000000082e-05 1.000000000000000082e-05
1.000000000000000082e-05 1.174442484745531756e-01 1.213121311233279764e-02 1.000000000000000082e-05 1.000000000000000082e-05
1.000000000000000082e-05 1.001095238883841360e-01 9.369182831198608410e-03 1.000000000000000082e-05 1.000000000000000082e-05
1.000000000000000082e-05 8.018792435828690779e-02 3.851339809597029672e-03 1.780213421850778213e-04 1.000000000000000082e-05
1.000000000000000082e-05 4.277642688959155948e-02 7.153237999426355917e-04 8.638409319844971143e-04 1.000000000000000082e-05
1.000000000000000082e-05 4.294265403407235802e-03 1.555027242115241000e-04 1.000000000000000082e-05 2.210582017582123337e-05
0.000000000000000000e+00 -0.000000000000000000e+00 -0.000000000000000000e+00 -0.000000000000000000e+00 0.000000000000000000e+00
0.000000000000000000e+00 -0.000000000000000000e+00 -0.000000000000000000e+00 -0.000000000000000000e+00 0.000000000000000000e+00
0.000000000000000000e+00 -0.000000000000000000e+00 -0.000000000000000000e+00 -0.000000000000000000e+00 0.000000000000000000e+00
0.000000000000000000e+00 -0.000000000000000000e+00 -0.000000000000000000e+00 -0.000000000000000000e+00 0.000000000000000000e+00
0.000000000000000000e+00 -0.000000000000000000e+00 -0.000000000000000000e+00 -0.000000000000000000e+00 0.000000000000000000e+00
2.691526665796279620e-04 1.000000000000000082e-05 1.000000000000000082e-05 3.889215797855176144e-03 1.000000000000000082e-05
9.531779854226710190e-04 1.000000000000000082e-05 1.000000000000000082e-05 1.409929486303045792e-02 1.000000000000000082e-05
1.000000000000000082e-05 1.000000000000000082e-05 7.359312490883348525e-03 1.166209544372862755e-02 1.000000000000000082e-05
1.000000000000000082e-05 1.719389975975270260e-04 1.916491945602113653e-02 4.310654258651234333e-02 1.000000000000000082e-05
3.495298518705775362e-03 1.000000000000000082e-05 3.295596840516516052e-02 9.874661009453249150e-02 1.000000000000000082e-05
1.000000000000000082e-05 1.000000000000000082e-05 5.562084167097316317e-02 1.117014443463591605e-01 3.311227822072933518e-03
1.517486114061300864e-02 1.000000000000000082e-05 9.099137621104837204e-02 7.159879793610376963e-02 4.288931100844588229e-02
6.149669568623782057e-02 1.000000000000000082e-05 8.678935375555688059e-02 1.029634605875949689e-02 9.368903265807965175e-02
9.603656173894033199e-02 3.976852024798768065e-02 4.968323460883052045e-02 1.000000000000000082e-05 1.000144581184852360e-01
1.114659486546034362e-01 1.085894113504208974e-01 1.000000000000000082e-05 1.000000000000000082e-05 8.056394071535531720e-02
5.586569144380391927e-02 1.404057057509026096e-01 1.000000000000000082e-05 1.000000000000000082e-05 4.204554199533328679e-02
7.710413926196025419e-03 1.482916184319749142e-01 9.679195633619080627e-03 1.000000000000000082e-05 1.526149749336055614e-02
1.000000000000000082e-05 1.385920646760806230e-01 1.748597660123247383e-02 1.000000000000000082e-05 4.338559723983953162e-03
1.000000000000000082e-05 1.234363690520038914e-01 2.333097425692525276e-02 1.000000000000000082e-05 1.000000000000000082e-05
1.000000000000000082e-05 1.121716714596005110e-01 1.888219928509791978e-02 1.000000000000000082e-05 1.000000000000000082e-05
1.000000000000000082e-05 8.619114052119551672e-02 1.760873609303545417e-02 1.000000000000000082e-05 4.349939125648174957e-04
1.000000000000000082e-05 6.501182162921700924e-02 1.218556998300690704e-02 1.000000000000000082e-05 1.148450936528451006e-03
1.000000000000000082e-05 5.422701226955609771e-02 7.172955593321852542e-03 1.000000000000000082e-05 1.000000000000000082e-05
1.000000000000000082e-05 4.172753662182642626e-02 6.203648165403585768e-03 1.000000000000000082e-05 1.000000000000000082e-05
1.000000000000000082e-05 3.086610472180526324e-02 1.000000000000000082e-05 1.000000000000000082e-05 6.553606623849913800e-04
1.000000000000000082e-05 2.118442601918086449e-02 1.000000000000000082e-05 1.000000000000000082e-05 4.586604843608507471e-04
1.000000000000000082e-05 9.730874946101631534e-03 1.000000000000000082e-05 1.000000000000000082e-05 3.701662680620606736e-04
0.000000000000000000e+00 -0.000000000000000000e+00 -0.000000000000000000e+00 -0.000000000000000000e+00 0.000000000000000000e+00
0.000000000000000000e+00 -0.000000000000000000e+00 -0.000000000000000000e+00 -0.000000000000000000e+00 0.000000000000000000e+00
0.000000000000000000e+00 -0.000000000000000000e+00 -0.000000000000000000e+00 -0.000000000000000000e+00 0.000000000000000000e+00
0.000000000000000000e+00 -0.000000000000000000e+00 -0.000000000000000000e+00 -0.000000000000000000e+00 0.000000000000000000e+00
0.000000000000000000e+00 -0.000000000000000000e+00 -0.000000000000000000e+00 -0.000000000000000000e+00 0.000000000000000000e+00
0.000000000000000000e+00 -0.000000000000000000e+00 -0.000000000000000000e+00 -0.000000000000000000e+00 0.000000000000000000e+00
5.532582590803459838e-04 1.000000000000000082e-05 1.000000000000000082e-05 7.994499140035644935e-03 1.000000000000000082e-05
9.718864172046515074e-04 1.000000000000000082e-05 1.000000000000000082e-05 1.519324690797199326e-02 1.000000000000000082e-05
1.000000000000000082e-05 6.292449849896253940e-04 1.716546331166741643e-02 8.865973873197140545e-03 1.000000000000000082e-05
1.000000000000000082e-05 5.559859146814407748e-04 3.136735317001467654e-02 3.122269333610775202e-02 1.000000000000000082e-05
1.000000000000000082e-05 7.346143263496004170e-04 5.234217385360287467e-02 6.583238071622089793e-02 1.000000000000000082e-05
7.761255936811518007e-03 1.000000000000000082e-05 7.870878683233706319e-02 8.068480603746627788e-02 1.775135443872206953e-02
6.209193114318177498e-02 1.000000000000000082e-05 7.519053774657258327e-02 5.675794084319581850e-02 6.985567655079075178e-02
9.883825491834788424e-02 3.499318440810240266e-02 5.740767275990497215e-02 2.401131251243248874e-02 8.800358035623581654e-02
1.100164725174588437e-01 9.869167233406718476e-02 1.222328992499836960e-02 6.274015668853814322e-03 9.229839026788073941e-02
7.431455672578671234e-02 1.283198556942816704e-01 1.000000000000000082e-05 1.492744384581911297e-02 9.619188877338485932e-02
1.676960164021271821e-02 9.533890627005364715e-02 1.000000000000000082e-05 1.476825946143925893e-02 8.580865321364060383e-02
1.000000000000000082e-05 7.247029805485862008e-02 1.000000000000000082e-05 1.545084379378356548e-02 8.250524735287283196e-02
1.000000000000000082e-05 5.061883237267691960e-02 1.000000000000000082e-05 2.464201885072948503e-02 6.625920973319249230e-02
1.000000000000000082e-05 3.005707414978134318e-02 1.000000000000000082e-05 2.788264211099474379e-02 3.832921782360020069e-02
1.000000000000000082e-05 2.160152791251958651e-02 1.106352429167944615e-02 1.866119121326835148e-02 1.066690311709080942e-02
1.000000000000000082e-05 1.571162656484470857e-02 7.638864442399667665e-03 1.668257029310440259e-02 5.859983139106152844e-03
1.000000000000000082e-05 7.785666793167250743e-03 1.484437976705548000e-04 2.999479379461889202e-03 2.768747460204314115e-03
1.000000000000000082e-05 7.976495569123347520e-03 1.000000000000000082e-05 1.000000000000000082e-05 5.053338627346163400e-04
1.000000000000000082e-05 6.240800524102871685e-03 1.000000000000000082e-05 1.000000000000000082e-05 4.237301417009160126e-04
1.000000000000000082e-05 4.466232088301332059e-03 1.372963737010842323e-04 1.000000000000000082e-05 4.483613291736296370e-04
1.000000000000000082e-05 1.908865405314458903e-03 4.928416558100371823e-04 1.000000000000000082e-05 4.539767659358869044e-04
1.000000000000000082e-05 9.400133154171500405e-05 1.000000000000000082e-05 1.000000000000000082e-05 6.539628244445701535e-06
0.000000000000000000e+00 -0.000000000000000000e+00 -0.000000000000000000e+00 -0.000000000000000000e+00 0.000000000000000000e+00
0.000000000000000000e+00 -0.000000000000000000e+00 -0.000000000000000000e+00 -0.000000000000000000e+00 0.000000000000000000e+00
0.000000000000000000e+00 -0.000000000000000000e+00 -0.000000000000000000e+00 -0.000000000000000000e+00 0.000000000000000000e+00
0.000000000000000000e+00 -0.000000000000000000e+00 -0.000000000000000000e+00 -0.000000000000000000e+00 0.000000000000000000e+00
0.000000000000000000e+00 -0.000000000000000000e+00 -0.000000000000000000e+00 -0.000000000000000000e+00 0.000000000000000000e+00
0.000000000000000000e+00 -0.000000000000000000e+00 -0.000000000000000000e+00 -0.000000000000000000e+00 0.000000000000000000e+00
6.242846572055258010e-04 1.000000000000000082e-05 1.000000000000000082e-05 9.020819975580756170e-03 1.000000000000000082e-05
8.096099933594612906e-04 1.000000000000000082e-05 1.000000000000000082e-05 1.768602194478859427e-02 1.000000000000000082e-05
1.000000000000000082e-05 1.000000000000000082e-05 1.686953756679958338e-02 2.133045038772153970e-02 1.000000000000000082e-05
1.000000000000000082e-05 1.000000000000000082e-05 3.234668187195910427e-02 4.531292441725362496e-02 1.000000000000000082e-05
1.720066122530724520e-04 5.361315154410486311e-03 5.635000935393134902e-02 4.517090917244076520e-02 7.899545512451460610e-03
2.620121671929458163e-02 4.628651053329145039e-03 8.178582690364503971e-02 5.526907546506180935e-02 3.967576897351383913e-02
8.392445705970683067e-02 4.089389048907807189e-02 7.714832533270182813e-02 5.317380626335749955e-02 7.226624033037827577e-02
1.082525154078114865e-01 7.549369439495604017e-02 5.783546238274830248e-02 5.000448212397203690e-02 7.971836766951179154e-02
1.167693636019611764e-01 9.972241465925975323e-02 1.000000000000000082e-05 6.098741124435552025e-02 7.888779652770436246e-02
1.059267242868474485e-01 6.137603833790316460e-02 1.000000000000000082e-05 8.524447173399302136e-02 9.055522436105710449e-02
7.419405999308024968e-02 1.778094401072210715e-02 1.000000000000000082e-05 6.834351267397817398e-02 1.013133800504546489e-01
4.732792588404850787e-02 6.717646260361009522e-03 1.000000000000000082e-05 6.354881666344924795e-02 1.070712581938602359e-01
2.952698146142947871e-02 2.847384629002672977e-03 1.000000000000000082e-05 6.120952147201051685e-02 1.041536826082841288e-01
1.144697048339966827e-02 1.000000000000000082e-05 1.000000000000000082e-05 6.084562481082044644e-02 8.255906654865416416e-02
1.000000000000000082e-05 2.399400550676985937e-04 4.231177182487480017e-03 5.878579781301999235e-02 4.429882913508827874e-02
1.000000000000000082e-05 4.223325025041079449e-03 1.624564573476789189e-02 4.922175148423892782e-02 1.016787319951227390e-02
1.000000000000000082e-05 1.967351999779948495e-03 1.051174610724390883e-02 2.942361790162198454e-02 5.763505217686397918e-03
1.000000000000000082e-05 6.073523467713794286e-04 1.544347060925364097e-03 6.012512392355320347e-03 2.301361756359460067e-04
1.000000000000000082e-05 9.674196690785907783e-04 1.250524359970044911e-03 1.000000000000000082e-05 8.347929789682473952e-04
1.000000000000000082e-05 5.310292748746611464e-04 6.864291323748603242e-04 1.000000000000000082e-05 4.582287547597443185e-04
1.000000000000000082e-05 2.628857796409212274e-05 3.398164021657725404e-05 1.000000000000000082e-05 2.268459181978932005e-05
0.000000000000000000e+00 -0.000000000000000000e+00 -0.000000000000000000e+00 -0.000000000000000000e+00 0.000000000000000000e+00
0.000000000000000000e+00 -0.000000000000000000e+00 -0.000000000000000000e+00 -0.000000000000000000e+00 0.000000000000000000e+00
0.000000000000000000e+00 -0.000000000000000000e+00 -0.000000000000000000e+00 -0.000000000000000000e+00 0.000000000000000000e+00
0.000000000000000000e+00 -0.000000000000000000e+00 -0.000000000000000000e+00 -0.000000000000000000e+00 0.000000000000000000e+00
0.000000000000000000e+00 -0.000000000000000000e+00 -0.000000000000000000e+00 -0.000000000000000000e+00 0.000000000000000000e+00
0.000000000000000000e+00 -0.000000000000000000e+00 -0.000000000000000000e+00 -0.000000000000000000e+00 0.000000000000000000e+00
0.000000000000000000e+00 -0.000000000000000000e+00 -0.000000000000000000e+00 -0.000000000000000000e+00 0.000000000000000000e+00
8.971755552654263593e-05 1.000000000000000082e-05 1.000000000000000082e-05 1.296405265951724659e-03 1.000000000000000082e-05
2.240032943686652296e-04 1.000000000000000082e-05 4.632456842385261771e-04 1.516988691881246756e-02 2.651419150983207293e-04
1.181861030812373465e-03 1.000000000000000082e-05 9.485835617096467429e-03 2.242470195621280860e-02 1.000000000000000082e-05
1.098694991305636205e-03 1.818812230015306878e-03 3.297046802849815106e-02 4.737413899898904046e-02 1.000000000000000082e-05
1.000000000000000082e-05 1.195031231953122899e-02 6.433880896968592611e-02 3.582610608585473644e-02 1.615973721312720032e-02
1.944165150205665396e-02 3.860986380227843240e-02 8.581499312499382692e-02 2.766079101429138112e-02 4.428913754793561974e-02
5.662897624343687930e-02 8.743804177419724211e-02 9.476056855755696229e-02 3.772396965377990130e-02 6.044232011191139065e-02
8.247904462057889519e-02 1.192146598479646713e-01 9.117785350667016731e-02 3.650922041552616404e-02 5.756685458102064890e-02
1.016937734680029431e-01 9.642786848491566309e-02 6.092222346317232445e-02 7.004258298608072308e-02 4.547432117999624518e-02
1.194921514581690491e-01 5.828556016097025810e-02 2.667930733442405028e-02 9.003461829478053013e-02 3.974084442594923855e-02
1.262393609853241783e-01 2.899729793972024433e-02 1.050460925663493188e-02 9.208244513295850420e-02 4.601712303959757527e-02
1.208477620905945432e-01 2.268811011861650989e-02 1.000000000000000082e-05 8.620122986853083480e-02 6.358639404212744484e-02
9.840001066461429025e-02 1.516399222515581006e-02 1.000000000000000082e-05 8.461051947842054832e-02 8.819275381719317297e-02
6.260728286168068535e-02 6.572061457230304535e-03 1.000000000000000082e-05 8.404923182260466696e-02 9.745018400562645289e-02
1.456267459520367222e-02 1.000000000000000082e-05 1.000000000000000082e-05 8.414830193633494881e-02 8.568606183041825586e-02
1.000000000000000082e-05 1.000000000000000082e-05 5.784516299254048588e-03 8.853154913787128488e-02 3.363614674628306878e-02
1.000000000000000082e-05 7.675735154899128183e-04 1.301091133307232320e-02 6.300165242474516092e-02 5.671006892563344552e-03
1.581180944063781532e-03 1.000000000000000082e-05 7.328406511707535702e-03 2.588554588016948182e-02 1.000000000000000082e-05
9.899138414378812114e-04 1.000000000000000082e-05 1.379613870503042445e-04 1.803999870772522371e-03 1.000000000000000082e-05
0.000000000000000000e+00 -0.000000000000000000e+00 -0.000000000000000000e+00 -0.000000000000000000e+00 0.000000000000000000e+00
0.000000000000000000e+00 -0.000000000000000000e+00 -0.000000000000000000e+00 -0.000000000000000000e+00 0.000000000000000000e+00
0.000000000000000000e+00 -0.000000000000000000e+00 -0.000000000000000000e+00 -0.000000000000000000e+00 0.000000000000000000e+00
0.000000000000000000e+00 -0.000000000000000000e+00 -0.000000000000000000e+00 -0.000000000000000000e+00 0.000000000000000000e+00
0.000000000000000000e+00 -0.000000000000000000e+00 -0.000000000000000000e+00 -0.000000000000000000e+00 0.000000000000000000e+00
0.000000000000000000e+00 -0.000000000000000000e+00 -0.000000000000000000e+00 -0.000000000000000000e+00 0.000000000000000000e+00
0.000000000000000000e+00 -0.000000000000000000e+00 -0.000000000000000000e+00 -0.000000000000000000e+00 0.000000000000000000e+00
0.000000000000000000e+00 -0.000000000000000000e+00 -0.000000000000000000e+00 -0.000000000000000000e+00 0.000000000000000000e+00
0.000000000000000000e+00 -0.000000000000000000e+00 -0.000000000000000000e+00 -0.000000000000000000e+00 0.000000000000000000e+00
0.000000000000000000e+00 -0.000000000000000000e+00 -0.000000000000000000e+00 -0.000000000000000000e+00 0.000000000000000000e+00
1.010140804090994392e-03 1.000000000000000082e-05 5.056549134705647271e-03 8.856187779462727392e-04 1.000000000000000082e-05
6.704848530075411747e-04 1.000000000000000082e-05 1.409065181595878409e-02 1.282711425794734982e-02 1.000000000000000082e-05
4.315485529575667153e-03 2.295017589424977900e-03 2.594497132719875490e-02 3.028833551301497728e-02 3.158272033178464045e-03
9.544384826232168995e-03 1.415736274769900313e-02 4.162750330655971137e-02 2.894305224165022450e-02 1.767419777368116340e-02
1.065340188201304925e-02 6.555634380415863161e-02 8.347678817457594713e-02 2.182941598728315932e-02 2.758892794046039973e-02
1.497385875539809091e-02 1.180146874788332856e-01 1.041232465220569420e-01 2.080781622167241288e-02 4.480002200722649902e-02
1.638953662579792359e-02 1.434123907648286456e-01 1.147256801935769427e-01 1.720785187604253683e-02 3.437437105829536932e-02
9.226286318659959740e-03 1.426888263767447096e-01 1.400518250905115336e-01 1.487264087974223166e-02 1.945456352435155981e-02
4.601367649379983250e-03 1.253496795688912591e-01 1.345006865558022457e-01 2.182450302651306115e-02 1.274840417418207986e-02
2.794424727441850373e-02 1.026645015990250986e-01 1.072544333939038502e-01 4.100828612325245481e-02 1.110235054944981592e-02
6.465352617155489812e-02 8.032473663483784276e-02 6.580671281443549459e-02 5.373250802596501313e-02 1.764259720890336974e-02
9.665978120305075694e-02 5.887046492126081498e-02 2.834628595788807326e-02 5.464878648916247222e-02 4.434645597027517261e-02
1.049617754698257965e-01 2.772397354839994943e-02 1.000000000000000082e-05 4.991467825531201857e-02 9.916143073506177019e-02
5.056927357628683561e-02 8.226674514102081878e-03 1.000000000000000082e-05 6.423582283688342165e-02 1.099299489903338839e-01
1.000000000000000082e-05 1.000000000000000082e-05 1.000000000000000082e-05 9.907590052372469702e-02 8.454942315630006866e-02
1.000000000000000082e-05 1.000000000000000082e-05 1.000000000000000082e-05 1.089110367360510007e-01 1.945840071777127367e-02
2.157478089689584752e-03 1.000000000000000082e-05 6.670783416907083083e-03 6.098519469128578507e-02 1.000000000000000082e-05
4.402420688115637158e-03 1.000000000000000082e-05 2.946464442896958458e-03 2.050682705224833244e-02 1.000000000000000082e-05
4.094613596139278443e-04 1.000000000000000082e-05 1.000000000000000082e-05 6.949417441448345377e-04 1.000000000000000082e-05
0.000000000000000000e+00 -0.000000000000000000e+00 -0.000000000000000000e+00 -0.000000000000000000e+00 0.000000000000000000e+00
0.000000000000000000e+00 -0.000000000000000000e+00 -0.000000000000000000e+00 -0.000000000000000000e+00 0.000000000000000000e+00
0.000000000000000000e+00 -0.000000000000000000e+00 -0.000000000000000000e+00 -0.000000000000000000e+00 0.000000000000000000e+00
0.000000000000000000e+00 -0.000000000000000000e+00 -0.000000000000000000e+00 -0.000000000000000000e+00 0.000000000000000000e+00
0.000000000000000000e+00 -0.000000000000000000e+00 -0.000000000000000000e+00 -0.000000000000000000e+00 0.000000000000000000e+00
0.000000000000000000e+00 -0.000000000000000000e+00 -0.000000000000000000e+00 -0.000000000000000000e+00 0.000000000000000000e+00
0.000000000000000000e+00 -0.000000000000000000e+00 -0.000000000000000000e+00 -0.000000000000000000e+00 0.000000000000000000e+00
8.309421662517432403e-03 1.000000000000000082e-05 1.000000000000000082e-05 3.259801093890430366e-04 1.000000000000000082e-05
8.403868807546092598e-03 5.320670804934361352e-04 1.000000000000000082e-05 3.797222468009042382e-04 1.000000000000000082e-05
7.590230374559307075e-03 1.721609283096840271e-03 4.064801713356997435e-03 1.000000000000000082e-05 1.000000000000000082e-05
3.648751939662590784e-03 2.931613819058877159e-03 1.028089318667164791e-02 4.387783569541096711e-03 1.000000000000000082e-05
1.144123563747726814e-03 3.346041984632232638e-03 2.526257796907249720e-02 1.019587131611337898e-02 1.000000000000000082e-05
8.032365372860478248e-03 1.433616060974286788e-02 3.826448203689978428e-02 1.827093612212327828e-02 8.718845881159375741e-03
1.037494776069959254e-02 4.135729253033024883e-02 6.961546798870034414e-02 1.179587513906686300e-02 1.613522191627451974e-02
3.764287296055920072e-03 8.665464099613121030e-02 8.766743255472378427e-02 1.134680836918308157e-02 1.630700388354619848e-02
1.000000000000000082e-05 1.059906485208510218e-01 1.036199004950903724e-01 1.000000000000000082e-05 9.723742464013560710e-03
1.000000000000000082e-05 1.068311573175941137e-01 1.268538126478858385e-01 1.000000000000000082e-05 1.000000000000000082e-05
1.000000000000000082e-05 9.856337263715410357e-02 1.420766945270291459e-01 1.000000000000000082e-05 1.000000000000000082e-05
1.000000000000000082e-05 9.053659222977018806e-02 1.364765041934433432e-01 3.608795740399852901e-04 1.000000000000000082e-05
1.000000000000000082e-05 7.752193696955887725e-02 1.130392670540680128e-01 1.186977581391551739e-02 1.000000000000000082e-05
3.946869428800893476e-02 7.320151611493871946e-02 7.995443266404281268e-02 1.760068318409392304e-02 1.348740046392580584e-02
1.073804857375411093e-01 5.145534459334541455e-02 1.964959615710097987e-02 1.349642205612904856e-02 6.769436956239732739e-02
9.752191759576342434e-02 1.664348745484437939e-02 1.000000000000000082e-05 2.392342014854087831e-02 1.143883326015253943e-01
1.208805252332363460e-02 1.000000000000000082e-05 1.000000000000000082e-05 8.854013450202245783e-02 1.063734025531784949e-01
1.000000000000000082e-05 1.000000000000000082e-05 1.000000000000000082e-05 1.163129187131624193e-01 4.534518685058052528e-02
6.671325787733225522e-03 1.000000000000000082e-05 1.000000000000000082e-05 1.077756489282559460e-01 1.000000000000000082e-05
7.712400755301135336e-03 1.000000000000000082e-05 2.917017449487506941e-04 4.427893840141381571e-02 1.000000000000000082e-05
4.002405904658419035e-03 1.000000000000000082e-05 2.782292268502755065e-06 7.626579000140075101e-03 1.000000000000000082e-05
0.000000000000000000e+00 -0.000000000000000000e+00 -0.000000000000000000e+00 -0.000000000000000000e+00 0.000000000000000000e+00
0.000000000000000000e+00 -0.000000000000000000e+00 -0.000000000000000000e+00 -0.000000000000000000e+00 0.000000000000000000e+00
0.000000000000000000e+00 -0.000000000000000000e+00 -0.000000000000000000e+00 -0.000000000000000000e+00 0.000000000000000000e+00
0.000000000000000000e+00 -0.000000000000000000e+00 -0.000000000000000000e+00 -0.000000000000000000e+00 0.000000000000000000e+00
0.000000000000000000e+00 -0.000000000000000000e+00 -0.000000000000000000e+00 -0.000000000000000000e+00 0.000000000000000000e+00
0.000000000000000000e+00 -0.000000000000000000e+00 -0.000000000000000000e+00 -0.000000000000000000e+00 0.000000000000000000e+00
0.000000000000000000e+00 -0.000000000000000000e+00 -0.000000000000000000e+00 -0.000000000000000000e+00 0.000000000000000000e+00
8.976910592880199199e-03 5.239005127361676464e-04 1.000000000000000082e-05 1.681654478984373198e-04 1.000000000000000082e-05
4.059021797030365475e-02 7.112043047915461713e-04 1.000000000000000082e-05 3.532020015508291564e-03 1.000000000000000082e-05
5.453372807654651572e-02 1.000000000000000082e-05 1.000000000000000082e-05 5.314092900523884055e-03 1.000000000000000082e-05
1.385285741989302800e-02 1.564115938747025897e-02 8.011873234512394831e-03 1.000000000000000082e-05 1.000000000000000082e-05
4.484362583132146286e-03 2.038537715935967096e-02 2.220513788505175043e-02 1.000000000000000082e-05 1.000000000000000082e-05
1.000000000000000082e-05 2.074990202453833726e-02 3.685024778867258127e-02 1.085400566692213027e-02 4.664143827046882303e-03
1.000000000000000082e-05 2.890684418847068796e-02 6.317111892207694090e-02 1.000000000000000082e-05 1.299485638178462903e-02
1.000000000000000082e-05 3.317356410872135397e-02 7.160256765135819546e-02 1.197980118531788299e-03 1.279442661023557672e-02
1.000000000000000082e-05 2.316507856348647837e-02 7.451386509998229879e-02 6.232002321430865806e-03 3.799088109360083433e-03
1.000000000000000082e-05 2.377845875534226328e-02 6.978876127693604825e-02 4.562264177936196929e-03 1.000000000000000082e-05
1.000000000000000082e-05 4.439201784469466727e-02 7.127935325896844754e-02 1.000000000000000082e-05 1.000000000000000082e-05
1.000000000000000082e-05 6.470710330138383648e-02 8.965899766479708266e-02 1.000000000000000082e-05 1.000000000000000082e-05
1.000000000000000082e-05 7.717956572529752202e-02 1.019444408688447712e-01 1.000000000000000082e-05 1.000000000000000082e-05
3.054613871872861181e-02 8.505201566581424566e-02 9.815330345532981282e-02 1.000000000000000082e-05 3.496773216841829977e-03
9.752397494748639428e-02 6.070789375780741293e-02 6.078548300724185421e-02 1.000000000000000082e-05 5.204312989079022678e-02
8.414856987518712361e-02 2.168768363694525969e-02 2.058300140984550136e-02 1.000000000000000082e-05 1.070737111542769265e-01
2.399059971959648097e-02 1.000000000000000082e-05 4.346261587190247515e-03 6.434296576352285801e-02 1.053450824218591236e-01
1.000000000000000082e-05 1.000000000000000082e-05 1.000000000000000082e-05 1.252168261920459935e-01 5.277356566916811126e-02
4.806745696619225267e-03 1.000000000000000082e-05 1.000000000000000082e-05 1.146710792459579992e-01 1.000000000000000082e-05
1.190871892506753169e-02 1.000000000000000082e-05 1.000000000000000082e-05 6.114919579320221565e-02 1.000000000000000082e-05
6.318502565232187590e-03 1.000000000000000082e-05 1.000000000000000082e-05 1.295711403413382645e-02 1.000000000000000082e-05
0.000000000000000000e+00 -0.000000000000000000e+00 -0.000000000000000000e+00 -0.000000000000000000e+00 0.000000000000000000e+00
0.000000000000000000e+00 -0.000000000000000000e+00 -0.000000000000000000e+00 -0.000000000000000000e+00 0.000000000000000000e+00
0.000000000000000000e+00 -0.000000000000000000e+00 -0.000000000000000000e+00 -0.000000000000000000e+00 0.000000000000000000e+00
0.000000000000000000e+00 -0.000000000000000000e+00 -0.000000000000000000e+00 -0.000000000000000000e+00 0.000000000000000000e+00
0.000000000000000000e+00 -0.000000000000000000e+00 -0.000000000000000000e+00 -0.000000000000000000e+00 0.000000000000000000e+00
0.000000000000000000e+00 -0.000000000000000000e+00 -0.000000000000000000e+00 -0.000000000000000000e+00 0.000000000000000000e+00
0.000000000000000000e+00 -0.000000000000000000e+00 -0.000000000000000000e+00 -0.000000000000000000e+00 0.000000000000000000e+00
5.714070597138736808e-03 8.149563778937586383e-04 1.000000000000000082e-05 1.000000000000000082e-05 1.711458926018828036e-04
5.678088934830176349e-02 1.000000000000000082e-05 1.000000000000000082e-05 8.333591875759539108e-03 1.000000000000000082e-05
7.120142677597413039e-02 4.219109236418386896e-04 1.000000000000000082e-05 9.655658267060671443e-03 1.000000000000000082e-05
3.747842812061832202e-02 3.649015101550831530e-02 1.000000000000000082e-05 9.086835339625664101e-03 1.000000000000000082e-05
1.429970220816122010e-02 5.557733966210901683e-02 1.000000000000000082e-05 4.598190382003847221e-03 5.191588820777294673e-03
1.000000000000000082e-05 4.536245628176438505e-02 6.589428089763718632e-03 9.294710075883960004e-03 1.034856012311321204e-02
1.000000000000000082e-05 2.415540480731328751e-02 3.413866478677734378e-02 9.139669482724814553e-03 1.073567450277485361e-02
1.000000000000000082e-05 1.154913338114130911e-02 4.344540372233763464e-02 6.224456607011393146e-03 8.194750926097563865e-03
1.000000000000000082e-05 6.616615712437631629e-03 3.366724338042450387e-02 7.476160881219489664e-03 2.225733281804961449e-03
2.535146796369548271e-03 1.252549013205643026e-02 1.367576729586713995e-02 3.773714291545048147e-03 1.000000000000000082e-05
2.201365806129865817e-03 3.703584960203655518e-02 1.119585433715773043e-02 1.000000000000000082e-05 1.000000000000000082e-05
1.026329054327384561e-02 6.070727670822945871e-02 3.458541766055916317e-02 1.000000000000000082e-05 1.000000000000000082e-05
2.638452517332627589e-02 8.706768570941506025e-02 6.919366529209972083e-02 1.000000000000000082e-05 1.000000000000000082e-05
6.346480924967842774e-02 9.792707807559060396e-02 8.354152626868308062e-02 1.000000000000000082e-05 1.567356063152156032e-02
9.909636130645806118e-02 5.445621726472236329e-02 6.595301415121893052e-02 1.000000000000000082e-05 7.183189576431642243e-02
6.191843735396268533e-02 1.111453449195380291e-02 6.128315676316897082e-02 1.000000000000000082e-05 1.029701721807491643e-01
4.931456511487168235e-04 1.000000000000000082e-05 3.457795425053555166e-02 4.593166509935731057e-02 1.005654301580726911e-01
1.000000000000000082e-05 1.000000000000000082e-05 1.000000000000000082e-05 1.292008043093328951e-01 3.690016842336708847e-02
5.343606323692469406e-03 1.000000000000000082e-05 1.000000000000000082e-05 1.365767927431350004e-01 3.769005119981358909e-04
1.442815822271741912e-02 1.000000000000000082e-05 1.000000000000000082e-05 7.319043681061801476e-02 1.000000000000000082e-05
7.352053299333847526e-03 1.000000000000000082e-05 1.000000000000000082e-05 2.055784335540138813e-02 1.000000000000000082e-05
0.000000000000000000e+00 -0.000000000000000000e+00 -0.000000000000000000e+00 -0.000000000000000000e+00 0.000000000000000000e+00
0.000000000000000000e+00 -0.000000000000000000e+00 -0.000000000000000000e+00 -0.000000000000000000e+00 0.000000000000000000e+00
0.000000000000000000e+00 -0.000000000000000000e+00 -0.000000000000000000e+00 -0.000000000000000000e+00 0.000000000000000000e+00
0.000000000000000000e+00 -0.000000000000000000e+00 -0.000000000000000000e+00 -0.000000000000000000e+00 0.000000000000000000e+00
0.000000000000000000e+00 -0.000000000000000000e+00 -0.000000000000000000e+00 -0.000000000000000000e+00 0.000000000000000000e+00
0.000000000000000000e+00 -0.000000000000000000e+00 -0.000000000000000000e+00 -0.000000000000000000e+00 0.000000000000000000e+00
0.000000000000000000e+00 -0.000000000000000000e+00 -0.000000000000000000e+00 -0.000000000000000000e+00 0.000000000000000000e+00
3.529913077186346265e-04 7.169145410825086872e-05 1.000000000000000082e-05 1.000000000000000082e-05 2.882257298706328980e-05
4.363852487121368945e-02 1.000000000000000082e-05 1.000000000000000082e-05 4.771787477529617835e-03 1.000000000000000082e-05
7.771507672577512849e-02 1.012377335529894042e-02 1.000000000000000082e-05 1.647853854068174681e-02 8.098887153765086094e-04
7.574186775747784872e-02 6.523302963226274009e-02 1.000000000000000082e-05 2.964573341812847679e-02 1.203325852145738922e-02
4.944122835987919962e-02 8.552923055481657932e-02 1.000000000000000082e-05 2.358786878796162445e-02 2.396092133083123354e-02
1.617741305192791842e-02 5.821105915311443335e-02 1.000000000000000082e-05 1.178179788191646531e-02 2.141992211071927152e-02
1.000000000000000082e-05 4.620213374596335992e-02 1.000000000000000082e-05 1.724181965173903625e-02 1.846490497163448888e-02
1.000000000000000082e-05 3.803746172182947971e-02 6.400898495662350057e-03 7.090385481737215487e-03 9.950301304336103131e-03
1.000000000000000082e-05 3.419205015617348548e-02 8.965822313847456732e-03 2.066283110291024445e-04 2.151492351990503659e-03
1.000000000000000082e-05 4.882827388656599266e-02 8.245779574866083511e-03 1.000000000000000082e-05 1.000000000000000082e-05
8.028283099242033635e-03 7.821960858883963974e-02 8.063182065851012478e-03 1.000000000000000082e-05 1.000000000000000082e-05
3.560955339014310050e-02 1.025720133158007918e-01 1.649063569559629586e-02 1.000000000000000082e-05 1.000000000000000082e-05
8.565321000126982498e-02 1.115962263468849580e-01 3.387948648255371259e-02 1.000000000000000082e-05 2.070249983969534024e-03
1.117378141807117281e-01 7.433186816925083096e-02 5.402523568762888223e-02 1.000000000000000082e-05 4.608311619219680744e-02
9.000918104854883917e-02 2.811450428929667886e-02 5.982885002574749728e-02 1.000000000000000082e-05 9.189279014213018459e-02
2.638951013299410328e-02 1.000000000000000082e-05 7.850576771559675260e-02 1.000000000000000082e-05 1.121319595334698133e-01
1.000000000000000082e-05 1.000000000000000082e-05 5.128411857580236072e-02 5.582365214541296083e-02 8.709259590011099450e-02
1.000000000000000082e-05 1.000000000000000082e-05 6.172373123657789833e-03 1.309836920263890703e-01 2.109757677546760662e-02
6.578124845107428779e-03 1.000000000000000082e-05 1.000000000000000082e-05 1.406195422624725855e-01 1.000000000000000082e-05
1.332746904169424852e-02 1.000000000000000082e-05 1.000000000000000082e-05 7.644250194315153901e-02 1.000000000000000082e-05
5.943331416456198134e-03 1.000000000000000082e-05 1.000000000000000082e-05 1.907095637869092239e-02 1.000000000000000082e-05
0.000000000000000000e+00 -0.000000000000000000e+00 -0.000000000000000000e+00 -0.000000000000000000e+00 0.000000000000000000e+00
0.000000000000000000e+00 -0.000000000000000000e+00 -0.000000000000000000e+00 -0.000000000000000000e+00 0.000000000000000000e+00
0.000000000000000000e+00 -0.000000000000000000e+00 -0.000000000000000000e+00 -0.000000000000000000e+00 0.000000000000000000e+00
0.000000000000000000e+00 -0.000000000000000000e+00 -0.000000000000000000e+00 -0.000000000000000000e+00 0.000000000000000000e+00
0.000000000000000000e+00 -0.000000000000000000e+00 -0.000000000000000000e+00 -0.000000000000000000e+00 0.000000000000000000e+00
0.000000000000000000e+00 -0.000000000000000000e+00 -0.000000000000000000e+00 -0.000000000000000000e+00 0.000000000000000000e+00
0.000000000000000000e+00 -0.000000000000000000e+00 -0.000000000000000000e+00 -0.000000000000000000e+00 0.000000000000000000e+00
0.000000000000000000e+00 -0.000000000000000000e+00 -0.000000000000000000e+00 -0.000000000000000000e+00 0.000000000000000000e+00
5.962639922507395607e-03 1.000000000000000082e-05 1.000000000000000082e-05 1.000000000000000082e-05 5.962599872520559993e-03
6.028538567277714338e-02 1.636213026729132439e-03 1.000000000000000082e-05 6.913915489292719050e-04 2.490216744681565328e-02
9.364561238349367045e-02 6.424985663672280745e-02 1.000000000000000082e-05 2.331565847326452778e-02 4.750647751216844489e-02
9.256694627527117802e-02 9.601012602670042084e-02 1.000000000000000082e-05 4.268243982598749625e-02 4.331322524390820994e-02
7.407033283460140449e-02 9.510626958689170907e-02 1.000000000000000082e-05 4.798072991658708375e-02 2.072474726011450455e-02
3.922334526868077181e-02 9.607648265086284056e-02 1.000000000000000082e-05 3.697571733956600548e-02 2.295451956872133353e-02
2.140723656148735971e-02 9.782224942220439645e-02 1.000000000000000082e-05 1.558546482634258143e-02 1.619676036016154050e-02
2.912274347636625849e-02 1.052056828140648520e-01 1.000000000000000082e-05 6.662401388667076908e-03 1.000000000000000082e-05
3.376408452395396331e-02 1.253481686773549875e-01 1.000000000000000082e-05 1.000000000000000082e-05 1.000000000000000082e-05
5.687304887592005420e-02 1.324276127323614494e-01 1.000000000000000082e-05 1.000000000000000082e-05 1.000000000000000082e-05
9.670075928073423865e-02 1.126572991047866956e-01 1.000000000000000082e-05 1.000000000000000082e-05 1.000000000000000082e-05
1.322993649945681527e-01 7.270677537162258119e-02 1.563483448701245490e-02 1.000000000000000082e-05 4.406445974039372576e-02
1.135473963843937062e-01 2.751416540763322593e-02 3.853180317509021652e-02 1.000000000000000082e-05 8.517952019698675492e-02
4.078752909587575470e-02 1.660087855593097000e-03 8.076584936051735275e-02 1.000000000000000082e-05 1.138156047424379452e-01
1.000000000000000082e-05 1.000000000000000082e-05 9.040043774058079129e-02 2.130387100818787252e-02 1.083378844041301553e-01
1.000000000000000082e-05 1.000000000000000082e-05 4.974904867960480703e-02 8.836133608184686128e-02 5.331923591291543030e-02
1.000000000000000082e-05 1.000000000000000082e-05 3.677691898090401819e-03 1.331740733426687584e-01 5.935355118820886088e-03
8.552894579640785144e-03 1.000000000000000082e-05 1.000000000000000082e-05 1.278966221111575707e-01 1.000000000000000082e-05
9.916309739077602825e-03 1.000000000000000082e-05 1.000000000000000082e-05 5.567946747485028741e-02 1.000000000000000082e-05
4.760986100283135999e-03 1.000000000000000082e-05 1.000000000000000082e-05 2.177616701124816465e-02 1.000000000000000082e-05
2.304619358141555183e-05 4.483322964017530828e-06 1.000000000000000082e-05 2.014384658066305635e-04 1.000000000000000082e-05
0.000000000000000000e+00 -0.000000000000000000e+00 -0.000000000000000000e+00 -0.000000000000000000e+00 0.000000000000000000e+00
0.000000000000000000e+00 -0.000000000000000000e+00 -0.000000000000000000e+00 -0.000000000000000000e+00 0.000000000000000000e+00
0.000000000000000000e+00 -0.000000000000000000e+00 -0.000000000000000000e+00 -0.000000000000000000e+00 0.000000000000000000e+00
0.000000000000000000e+00 -0.000000000000000000e+00 -0.000000000000000000e+00 -0.000000000000000000e+00 0.000000000000000000e+00
0.000000000000000000e+00 -0.000000000000000000e+00 -0.000000000000000000e+00 -0.000000000000000000e+00 0.000000000000000000e+00
0.000000000000000000e+00 -0.000000000000000000e+00 -0.000000000000000000e+00 -0.000000000000000000e+00 0.000000000000000000e+00
1.000000000000000082e-05 1.000000000000000082e-05 1.000000000000000082e-05 1.000000000000000082e-05 5.233456354610887575e-03
1.000000000000000082e-05 1.000000000000000082e-05 1.000000000000000082e-05 1.000000000000000082e-05 1.858989612292127891e-02
2.666775888845735257e-02 9.494478595134654003e-03 1.000000000000000082e-05 1.000000000000000082e-05 4.065467767327731602e-02
5.994624261461709708e-02 4.847892154326184644e-02 1.000000000000000082e-05 1.000000000000000082e-05 6.367592434224837727e-02
8.908370119410106980e-02 8.304820918779458327e-02 1.000000000000000082e-05 2.472938168685052257e-02 5.474564404566557158e-02
8.079463664724802208e-02 1.049923745277917264e-01 1.000000000000000082e-05 4.189414269513352940e-02 5.433825534445976824e-02
7.434345004212904173e-02 1.190885734121855388e-01 1.000000000000000082e-05 4.467893197140699463e-02 4.998209337448380335e-02
8.397040331884091102e-02 1.264762150798017237e-01 1.000000000000000082e-05 3.949195987503231059e-02 3.088021678818854074e-02
8.894013753660422184e-02 1.348032322684343809e-01 1.000000000000000082e-05 2.854923929119265388e-02 2.088253253069735985e-02
1.045872850719931774e-01 1.226930182041855721e-01 1.000000000000000082e-05 1.886882054333165887e-02 2.090533876000026658e-02
1.278238901670037120e-01 9.178819455249906389e-02 1.000000000000000082e-05 1.976431256899086487e-03 4.268140158957320351e-02
1.318085421230378307e-01 5.173098252292247790e-02 1.000000000000000082e-05 1.000000000000000082e-05 7.239074034008037561e-02
1.166540012044946228e-01 1.526453521669994366e-02 1.256957871164568474e-02 1.000000000000000082e-05 9.645003546174717168e-02
5.481975511891049035e-02 1.000000000000000082e-05 7.047966162882696173e-02 1.000000000000000082e-05 1.157107461172126178e-01
7.429532505196024747e-03 1.000000000000000082e-05 1.074634401670837847e-01 1.095644640727246391e-02 1.083224750477599641e-01
1.000000000000000082e-05 1.000000000000000082e-05 9.123973845815692985e-02 6.093466173729174262e-02 6.309673779128514848e-02
1.000000000000000082e-05 1.000000000000000082e-05 3.034983583961522319e-02 1.233416542089588314e-01 1.215353522256891299e-02
1.000000000000000082e-05 1.000000000000000082e-05 4.748569240731297103e-03 1.257832170455222554e-01 1.000000000000000082e-05
7.123753446407836941e-03 1.000000000000000082e-05 1.000000000000000082e-05 7.450312723683576166e-02 1.000000000000000082e-05
5.732786762432487936e-03 1.000000000000000082e-05 1.000000000000000082e-05 3.353145526018808803e-02 1.000000000000000082e-05
2.349722652974478142e-03 1.000000000000000082e-05 1.000000000000000082e-05 1.526919504546611975e-02 1.000000000000000082e-05
6.337703234889271314e-04 1.232913815104819881e-04 1.000000000000000082e-05 5.539557809682344250e-03 1.000000000000000082e-05
0.000000000000000000e+00 -0.000000000000000000e+00 -0.000000000000000000e+00 -0.000000000000000000e+00 0.000000000000000000e+00
0.000000000000000000e+00 -0.000000000000000000e+00 -0.000000000000000000e+00 -0.000000000000000000e+00 0.000000000000000000e+00
0.000000000000000000e+00 -0.000000000000000000e+00 -0.000000000000000000e+00 -0.000000000000000000e+00 0.000000000000000000e+00
0.000000000000000000e+00 -0.000000000000000000e+00 -0.000000000000000000e+00 -0.000000000000000000e+00 0.000000000000000000e+00
0.000000000000000000e+00 -0.000000000000000000e+00 -0.000000000000000000e+00 -0.000000000000000000e+00 0.000000000000000000e+00
0.000000000000000000e+00 -0.000000000000000000e+00 -0.000000000000000000e+00 -0.000000000000000000e+00 0.000000000000000000e+00
1.000000000000000082e-05 1.000000000000000082e-05 1.000000000000000082e-05 1.000000000000000082e-05 5.674832191746744664e-03
1.000000000000000082e-05 1.000000000000000082e-05 1.000000000000000082e-05 1.000000000000000082e-05 1.332301053779797427e-02
1.396734415219096082e-02 2.271494905788029855e-03 1.000000000000000082e-05 2.782663257383095846e-04 3.572592352522997727e-02
5.135775849200109600e-02 1.841491502654059873e-03 3.226362558953614276e-03 1.000000000000000082e-05 6.150461266369979668e-02
7.013067082725948920e-02 3.359269094844902909e-02 1.000000000000000082e-05 5.846949754460479924e-03 7.566830528611775963e-02
7.327619878728793001e-02 5.531149936423844504e-02 1.642432916394357626e-03 3.945934333541469691e-02 8.510530060316785772e-02
6.801781216611367531e-02 6.492363315494238674e-02 8.409011627776567799e-03 4.425107644535062473e-02 1.002095695297623018e-01
8.277430551430575711e-02 6.188105962604509291e-02 8.884479388943499617e-03 4.989221463763533759e-02 8.975197916492706762e-02
1.001366019924430778e-01 4.967818062133484008e-02 1.000000000000000082e-05 6.112468594532088212e-02 8.302876913297191352e-02
1.071112919665469093e-01 3.206437957494518570e-02 1.391243588135364373e-04 4.811904491778817156e-02 9.000082351607256725e-02
1.069781599001319583e-01 1.199619253945216797e-02 1.621044906064347466e-02 2.770438733761599118e-02 1.062260135671890260e-01
7.970747214095713629e-02 1.000000000000000082e-05 4.149843964504828370e-02 2.177772340452342401e-02 1.164687681679274639e-01
2.928433318911958377e-02 1.000000000000000082e-05 7.979171381679371622e-02 2.693022779502578234e-02 1.242719921708049929e-01
1.000000000000000082e-05 1.000000000000000082e-05 1.055190975626156963e-01 3.777224851178059839e-02 1.052193238560182459e-01
1.000000000000000082e-05 1.000000000000000082e-05 1.097248566893506555e-01 6.616557280424377463e-02 5.532062244545846857e-02
1.000000000000000082e-05 1.000000000000000082e-05 5.099628477957729444e-02 1.167497022655762662e-01 1.174975533655563120e-02
1.000000000000000082e-05 1.000000000000000082e-05 1.679681055713275889e-02 1.337977429472324287e-01 1.000000000000000082e-05
4.742293183397414298e-03 1.000000000000000082e-05 1.000000000000000082e-05 9.441082344210625921e-02 1.000000000000000082e-05
2.611575665693087987e-03 1.000000000000000082e-05 1.000000000000000082e-05 4.291758587491926319e-02 1.000000000000000082e-05
2.024804554170469770e-03 1.000000000000000082e-05 1.000000000000000082e-05 2.102054895270756563e-02 1.000000000000000082e-05
1.451910195629180439e-03 2.824493467331043515e-04 1.000000000000000082e-05 1.269062334581773019e-02 1.000000000000000082e-05
7.547628397913591419e-04 1.468288270715739858e-04 1.000000000000000082e-05 6.597109755167156545e-03 1.000000000000000082e-05
0.000000000000000000e+00 -0.000000000000000000e+00 -0.000000000000000000e+00 -0.000000000000000000e+00 0.000000000000000000e+00
0.000000000000000000e+00 -0.000000000000000000e+00 -0.000000000000000000e+00 -0.000000000000000000e+00 0.000000000000000000e+00
0.000000000000000000e+00 -0.000000000000000000e+00 -0.000000000000000000e+00 -0.000000000000000000e+00 0.000000000000000000e+00
0.000000000000000000e+00 -0.000000000000000000e+00 -0.000000000000000000e+00 -0.000000000000000000e+00 0.000000000000000000e+00
0.000000000000000000e+00 -0.000000000000000000e+00 -0.000000000000000000e+00 -0.000000000000000000e+00 0.000000000000000000e+00
0.000000000000000000e+00 -0.000000000000000000e+00 -0.000000000000000000e+00 -0.000000000000000000e+00 0.000000000000000000e+00
1.000000000000000082e-05 1.000000000000000082e-05 1.000000000000000082e-05 1.000000000000000082e-05 3.783221461164498864e-04
1.775885708891374254e-03 1.000000000000000082e-05 1.000000000000000082e-05 3.984981149709822951e-03 4.173140845670155960e-03
5.153775059409704783e-03 1.000000000000000082e-05 1.000000000000000082e-05 1.182307553933434514e-02 1.357626979091263938e-02
3.553225846824014517e-02 1.000000000000000082e-05 1.067285977185224513e-02 5.577375370294443413e-03 3.283729361516114775e-02
5.134728427132431716e-02 1.000000000000000082e-05 2.288895401170901525e-02 1.000000000000000082e-05 6.062738172992823693e-02
5.062954288055191571e-02 1.000000000000000082e-05 2.629168912552551016e-02 4.748725177080594627e-03 8.166887583198262357e-02
5.149433798663251294e-02 1.000000000000000082e-05 5.199164394230477992e-02 2.544224375065872595e-02 9.085310364538448646e-02
6.032871276093403068e-02 1.000000000000000082e-05 7.096694048755143591e-02 2.836704472109769296e-02 9.735125499530478121e-02
6.170823245437682958e-02 1.000000000000000082e-05 7.424804853229340085e-02 5.200204239155424568e-02 1.025830846569621146e-01
4.664233994635736541e-02 1.000000000000000082e-05 8.320366532205454579e-02 5.898548231222793675e-02 1.123738393571981492e-01
3.093697422100107758e-02 1.000000000000000082e-05 8.950908732987521155e-02 5.943545955829513533e-02 1.106203823737195863e-01
1.000000000000000082e-05 1.000000000000000082e-05 1.044269922294927266e-01 5.027830049866933992e-02 1.080451338823235768e-01
1.000000000000000082e-05 1.000000000000000082e-05 1.111267989708698140e-01 5.991268255962546585e-02 7.878575989719124872e-02
1.000000000000000082e-05 1.000000000000000082e-05 9.881656187911842804e-02 8.819458702742934142e-02 3.942154285167604605e-02
1.000000000000000082e-05 1.000000000000000082e-05 6.353941693867382057e-02 1.242819853204167185e-01 1.000000000000000082e-05
1.000000000000000082e-05 1.000000000000000082e-05 3.484326171405328909e-02 1.267710822125497627e-01 1.000000000000000082e-05
1.478815405626028503e-03 1.000000000000000082e-05 1.464695802951846738e-03 1.045491090764882752e-01 1.000000000000000082e-05
1.545414126078863224e-03 5.794562695747446915e-04 1.000000000000000082e-05 6.042414955373645591e-02 1.000000000000000082e-05
1.277520801577473105e-03 5.227771590847321353e-04 1.000000000000000082e-05 3.026879911006654170e-02 1.000000000000000082e-05
1.549104214116268051e-03 2.161673375367430142e-04 1.000000000000000082e-05 1.409506238393210507e-02 1.000000000000000082e-05
1.181117421047546412e-03 2.297703019058982209e-04 1.000000000000000082e-05 1.032372137258981935e-02 1.000000000000000082e-05
4.378776780468950883e-04 8.518313631633334408e-05 1.000000000000000082e-05 3.827330850325978782e-03 1.000000000000000082e-05
0.000000000000000000e+00 -0.000000000000000000e+00 -0.000000000000000000e+00 -0.000000000000000000e+00 0.000000000000000000e+00
0.000000000000000000e+00 -0.000000000000000000e+00 -0.000000000000000000e+00 -0.000000000000000000e+00 0.000000000000000000e+00
0.000000000000000000e+00 -0.000000000000000000e+00 -0.000000000000000000e+00 -0.000000000000000000e+00 0.000000000000000000e+00
0.000000000000000000e+00 -0.000000000000000000e+00 -0.000000000000000000e+00 -0.000000000000000000e+00 0.000000000000000000e+00
0.000000000000000000e+00 -0.000000000000000000e+00 -0.000000000000000000e+00 -0.000000000000000000e+00 0.000000000000000000e+00
0.000000000000000000e+00 -0.000000000000000000e+00 -0.000000000000000000e+00 -0.000000000000000000e+00 0.000000000000000000e+00
0.000000000000000000e+00 -0.000000000000000000e+00 -0.000000000000000000e+00 -0.000000000000000000e+00 0.000000000000000000e+00
2.754863055057913280e-03 1.000000000000000082e-05 1.000000000000000082e-05 2.793675190197361571e-03 5.780899989029437058e-04
7.517183328942760381e-03 1.000000000000000082e-05 1.000000000000000082e-05 7.248527847755683630e-03 2.229244697443121502e-03
2.078763494901037998e-02 1.000000000000000082e-05 7.439998916017703280e-03 2.652660922208358984e-03 8.905914466442604177e-03
3.776526632863502764e-02 1.000000000000000082e-05 2.754353414587085852e-02 4.377708441924055630e-03 1.904634563410331424e-02
4.357741290334263967e-02 1.000000000000000082e-05 4.251780969877706762e-02 1.000000000000000082e-05 3.419483674213114749e-02
2.902385021990062583e-02 1.000000000000000082e-05 6.651204364128025792e-02 1.000000000000000082e-05 5.072489386653294963e-02
1.885930240176331846e-02 1.000000000000000082e-05 9.371042233640065888e-02 4.696873226850879074e-03 5.532469821214236472e-02
8.449900985431421999e-03 1.000000000000000082e-05 1.082669270544512202e-01 2.531858881474682507e-02 6.122557579050946774e-02
1.000000000000000082e-05 1.000000000000000082e-05 1.053685092052312894e-01 5.098068063396167526e-02 6.534274272427442742e-02
1.000000000000000082e-05 1.000000000000000082e-05 1.016516414770588517e-01 6.683452645124081382e-02 4.574209493013024069e-02
1.000000000000000082e-05 1.000000000000000082e-05 9.183805953947427048e-02 9.423450752869164115e-02 2.783697058205239841e-02
1.000000000000000082e-05 8.616242319099660192e-04 7.873431683007700577e-02 1.061228134838282655e-01 5.498154475481635724e-03
1.000000000000000082e-05 8.600577203639074228e-04 5.622091553554395965e-02 1.158979937968784429e-01 1.000000000000000082e-05
1.000000000000000082e-05 1.000000000000000082e-05 3.374259199594013131e-02 9.732238232282132417e-02 1.000000000000000082e-05
2.913216372745399373e-03 1.000000000000000082e-05 7.044801246241227770e-03 6.946319846461938841e-02 1.000000000000000082e-05
1.672998337922954352e-03 7.986369196383077008e-04 1.000000000000000082e-05 4.211026460561143742e-02 1.000000000000000082e-05
8.298738012895408647e-04 9.739509701314803683e-04 1.000000000000000082e-05 2.731704762016440649e-02 1.000000000000000082e-05
1.427732375255993513e-03 3.090279663447053401e-04 1.000000000000000082e-05 1.285868211170760993e-02 1.000000000000000082e-05
1.186878969442900457e-03 2.308911326469026534e-04 1.000000000000000082e-05 1.037408098904147626e-02 1.000000000000000082e-05
4.378776780468950883e-04 8.518313631633334408e-05 1.000000000000000082e-05 3.827330850325978782e-03 1.000000000000000082e-05
0.000000000000000000e+00 -0.000000000000000000e+00 -0.000000000000000000e+00 -0.000000000000000000e+00 0.000000000000000000e+00
0.000000000000000000e+00 -0.000000000000000000e+00 -0.000000000000000000e+00 -0.000000000000000000e+00 0.000000000000000000e+00
0.000000000000000000e+00 -0.000000000000000000e+00 -0.000000000000000000e+00 -0.000000000000000000e+00 0.000000000000000000e+00
0.000000000000000000e+00 -0.000000000000000000e+00 -0.000000000000000000e+00 -0.000000000000000000e+00 0.000000000000000000e+00
0.000000000000000000e+00 -0.000000000000000000e+00 -0.000000000000000000e+00 -0.000000000000000000e+00 0.000000000000000000e+00
0.000000000000000000e+00 -0.000000000000000000e+00 -0.000000000000000000e+00 -0.000000000000000000e+00 0.000000000000000000e+00
0.000000000000000000e+00 -0.000000000000000000e+00 -0.000000000000000000e+00 -0.000000000000000000e+00 0.000000000000000000e+00
0.000000000000000000e+00 -0.000000000000000000e+00 -0.000000000000000000e+00 -0.000000000000000000e+00 0.000000000000000000e+00
1.957862972015551265e-03 1.000000000000000082e-05 1.427591001320002240e-03 1.000000000000000082e-05 7.641548285258631130e-04
3.642200969999519027e-03 1.000000000000000082e-05 2.655739142161474709e-03 1.000000000000000082e-05 1.421552732478260092e-03
7.353174142831105098e-03 1.000000000000000082e-05 5.363421841834543208e-03 1.000000000000000082e-05 5.299226105636374628e-04
1.543522881630843280e-02 1.000000000000000082e-05 1.319827909641447215e-02 1.000000000000000082e-05 1.000000000000000082e-05
2.190926995949644268e-02 1.000000000000000082e-05 2.290778001692138702e-02 1.000000000000000082e-05 1.000000000000000082e-05
2.140811689257221886e-02 1.000000000000000082e-05 3.849647661806519794e-02 1.000000000000000082e-05 1.828642098536063104e-03
9.189982968703007751e-03 1.000000000000000082e-05 6.013802048102739883e-02 1.000000000000000082e-05 3.398181729944286557e-03
1.000000000000000082e-05 1.000000000000000082e-05 7.926287526524211646e-02 1.646621882338728145e-03 1.205380629859956329e-03
1.000000000000000082e-05 1.000000000000000082e-05 8.505143310683122015e-02 1.559508500718607797e-02 1.000000000000000082e-05
1.000000000000000082e-05 9.672047441668658700e-04 7.719099711412150122e-02 3.554336413204889356e-02 1.000000000000000082e-05
1.000000000000000082e-05 7.405670408033338285e-04 5.121740529762474486e-02 5.449934727637079784e-02 1.000000000000000082e-05
1.000000000000000082e-05 1.000000000000000082e-05 2.383152141975296637e-02 6.415752223260194620e-02 1.000000000000000082e-05
3.788304983735391908e-03 1.000000000000000082e-05 4.427938579690525803e-03 5.256870375258239358e-02 1.000000000000000082e-05
7.173666829165974146e-03 1.000000000000000082e-05 7.247628681867695870e-03 2.901815694175484753e-02 1.000000000000000082e-05
5.134838144242597109e-03 6.463820016704629546e-05 1.104246063635996172e-02 9.569251217173467550e-03 1.000000000000000082e-05
5.559878548308515864e-04 1.022062491506148295e-03 2.104063254116676687e-03 6.377029803921240546e-03 1.000000000000000082e-05
8.725792851373471732e-04 1.003019887994534634e-03 1.000000000000000082e-05 4.393908654032053530e-03 1.000000000000000082e-05
6.625958630324920232e-04 1.437184955863559516e-04 1.000000000000000082e-05 4.284707834518678836e-05 1.000000000000000082e-05
2.691795693569500199e-04 5.838563883195707822e-05 1.000000000000000082e-05 1.740662557773214251e-05 1.000000000000000082e-05
0.000000000000000000e+00 -0.000000000000000000e+00 -0.000000000000000000e+00 -0.000000000000000000e+00 0.000000000000000000e+00
0.000000000000000000e+00 -0.000000000000000000e+00 -0.000000000000000000e+00 -0.000000000000000000e+00 0.000000000000000000e+00
0.000000000000000000e+00 -0.000000000000000000e+00 -0.000000000000000000e+00 -0.000000000000000000e+00 0.000000000000000000e+00
0.000000000000000000e+00 -0.000000000000000000e+00 -0.000000000000000000e+00 -0.000000000000000000e+00 0.000000000000000000e+00
0.000000000000000000e+00 -0.000000000000000000e+00 -0.000000000000000000e+00 -0.000000000000000000e+00 0.000000000000000000e+00
0.000000000000000000e+00 -0.000000000000000000e+00 -0.000000000000000000e+00 -0.000000000000000000e+00 0.000000000000000000e+00
0.000000000000000000e+00 -0.000000000000000000e+00 -0.000000000000000000e+00 -0.000000000000000000e+00 0.000000000000000000e+00
0.000000000000000000e+00 -0.000000000000000000e+00 -0.000000000000000000e+00 -0.000000000000000000e+00 0.000000000000000000e+00
0.000000000000000000e+00 -0.000000000000000000e+00 -0.000000000000000000e+00 -0.000000000000000000e+00 0.000000000000000000e+00
0.000000000000000000e+00 -0.000000000000000000e+00 -0.000000000000000000e+00 -0.000000000000000000e+00 0.000000000000000000e+00
0.000000000000000000e+00 -0.000000000000000000e+00 -0.000000000000000000e+00 -0.000000000000000000e+00 0.000000000000000000e+00
0.000000000000000000e+00 -0.000000000000000000e+00 -0.000000000000000000e+00 -0.000000000000000000e+00 0.000000000000000000e+00
0.000000000000000000e+00 -0.000000000000000000e+00 -0.000000000000000000e+00 -0.000000000000000000e+00 0.000000000000000000e+00
0.000000000000000000e+00 -0.000000000000000000e+00 -0.000000000000000000e+00 -0.000000000000000000e+00 0.000000000000000000e+00
3.493706310380237639e-03 1.000000000000000082e-05 3.031664098418390945e-03 2.679201932372916699e-03 1.000000000000000082e-05
2.943392676148791440e-03 1.000000000000000082e-05 2.525414911499743002e-03 6.947731338086210462e-03 1.000000000000000082e-05
2.922009276644078890e-03 1.000000000000000082e-05 2.495780603766629101e-03 8.741079881270272592e-03 1.000000000000000082e-05
1.624478360354911655e-03 1.000000000000000082e-05 1.358388706164647460e-03 9.617937156950416219e-03 1.000000000000000082e-05
1.418928908269498530e-03 1.000000000000000082e-05 1.178207811495025166e-03 9.756845240226479435e-03 1.000000000000000082e-05
1.059990370209229829e-03 1.000000000000000082e-05 8.801631477176277306e-04 7.288710475900412288e-03 1.000000000000000082e-05
6.182151868606659134e-04 1.000000000000000082e-05 6.656336944787278904e-04 4.022717728089925462e-03 1.000000000000000082e-05
1.617403336754373849e-03 1.000000000000000082e-05 7.770826413792320496e-03 1.000000000000000082e-05 1.000000000000000082e-05
3.343396231408034876e-03 1.000000000000000082e-05 1.374549990726479237e-02 1.000000000000000082e-05 1.000000000000000082e-05
1.640017040101481938e-03 1.000000000000000082e-05 7.704946584486871072e-03 1.000000000000000082e-05 1.000000000000000082e-05
0.000000000000000000e+00 -0.000000000000000000e+00 -0.000000000000000000e+00 -0.000000000000000000e+00 0.000000000000000000e+00
0.000000000000000000e+00 -0.000000000000000000e+00 -0.000000000000000000e+00 -0.000000000000000000e+00 0.000000000000000000e+00
0.000000000000000000e+00 -0.000000000000000000e+00 -0.000000000000000000e+00 -0.000000000000000000e+00 0.000000000000000000e+00
0.000000000000000000e+00 -0.000000000000000000e+00 -0.000000000000000000e+00 -0.000000000000000000e+00 0.000000000000000000e+00
0.000000000000000000e+00 -0.000000000000000000e+00 -0.000000000000000000e+00 -0.000000000000000000e+00 0.000000000000000000e+00
0.000000000000000000e+00 -0.000000000000000000e+00 -0.000000000000000000e+00 -0.000000000000000000e+00 0.000000000000000000e+00
0.000000000000000000e+00 -0.000000000000000000e+00 -0.000000000000000000e+00 -0.000000000000000000e+00 0.000000000000000000e+00
0.000000000000000000e+00 -0.000000000000000000e+00 -0.000000000000000000e+00 -0.000000000000000000e+00 0.000000000000000000e+00
0.000000000000000000e+00 -0.000000000000000000e+00 -0.000000000000000000e+00 -0.000000000000000000e+00 0.000000000000000000e+00
0.000000000000000000e+00 -0.000000000000000000e+00 -0.000000000000000000e+00 -0.000000000000000000e+00 0.000000000000000000e+00
0.000000000000000000e+00 -0.000000000000000000e+00 -0.000000000000000000e+00 -0.000000000000000000e+00 0.000000000000000000e+00
0.000000000000000000e+00 -0.000000000000000000e+00 -0.000000000000000000e+00 -0.000000000000000000e+00 0.000000000000000000e+00
0.000000000000000000e+00 -0.000000000000000000e+00 -0.000000000000000000e+00 -0.000000000000000000e+00 0.000000000000000000e+00
0.000000000000000000e+00 -0.000000000000000000e+00 -0.000000000000000000e+00 -0.000000000000000000e+00 0.000000000000000000e+00
0.000000000000000000e+00 -0.000000000000000000e+00 -0.000000000000000000e+00 -0.000000000000000000e+00 0.000000000000000000e+00
0.000000000000000000e+00 -0.000000000000000000e+00 -0.000000000000000000e+00 -0.000000000000000000e+00 0.000000000000000000e+00
0.000000000000000000e+00 -0.000000000000000000e+00 -0.000000000000000000e+00 -0.000000000000000000e+00 0.000000000000000000e+00
0.000000000000000000e+00 -0.000000000000000000e+00 -0.000000000000000000e+00 -0.000000000000000000e+00 0.000000000000000000e+00
0.000000000000000000e+00 -0.000000000000000000e+00 -0.000000000000000000e+00 -0.000000000000000000e+00 0.000000000000000000e+00
0.000000000000000000e+00 -0.000000000000000000e+00 -0.000000000000000000e+00 -0.000000000000000000e+00 0.000000000000000000e+00
0.000000000000000000e+00 -0.000000000000000000e+00 -0.000000000000000000e+00 -0.000000000000000000e+00 0.000000000000000000e+00
0.000000000000000000e+00 -0.000000000000000000e+00 -0.000000000000000000e+00 -0.000000000000000000e+00 0.000000000000000000e+00
0.000000000000000000e+00 -0.000000000000000000e+00 -0.000000000000000000e+00 -0.000000000000000000e+00 0.000000000000000000e+00
0.000000000000000000e+00 -0.000000000000000000e+00 -0.000000000000000000e+00 -0.000000000000000000e+00 0.000000000000000000e+00
9.874988111364983116e-04 1.000000000000000082e-05 5.947356988287421514e-03 1.000000000000000082e-05 1.000000000000000082e-05
1.236817817908585342e-03 1.000000000000000082e-05 7.448917416023354866e-03 1.000000000000000082e-05 1.000000000000000082e-05
1.173265914221581626e-03 1.000000000000000082e-05 7.066166718757339697e-03 1.000000000000000082e-05 1.000000000000000082e-05
1.711012791573141272e-04 1.000000000000000082e-05 1.030482646485444704e-03 1.000000000000000082e-05 1.000000000000000082e-05
0.000000000000000000e+00 -0.000000000000000000e+00 -0.000000000000000000e+00 -0.000000000000000000e+00 0.000000000000000000e+00
0.000000000000000000e+00 -0.000000000000000000e+00 -0.000000000000000000e+00 -0.000000000000000000e+00 0.000000000000000000e+00
0.000000000000000000e+00 -0.000000000000000000e+00 -0.000000000000000000e+00 -0.000000000000000000e+00 0.000000000000000000e+00
0.000000000000000000e+00 -0.000000000000000000e+00 -0.000000000000000000e+00 -0.000000000000000000e+00 0.000000000000000000e+00
0.000000000000000000e+00 -0.000000000000000000e+00 -0.000000000000000000e+00 -0.000000000000000000e+00 0.000000000000000000e+00
0.000000000000000000e+00 -0.000000000000000000e+00 -0.000000000000000000e+00 -0.000000000000000000e+00 0.000000000000000000e+00
0.000000000000000000e+00 -0.000000000000000000e+00 -0.000000000000000000e+00 -0.000000000000000000e+00 0.000000000000000000e+00
0.000000000000000000e+00 -0.000000000000000000e+00 -0.000000000000000000e+00 -0.000000000000000000e+00 0.000000000000000000e+00
0.000000000000000000e+00 -0.000000000000000000e+00 -0.000000000000000000e+00 -0.000000000000000000e+00 0.000000000000000000e+00
0.000000000000000000e+00 -0.000000000000000000e+00 -0.000000000000000000e+00 -0.000000000000000000e+00 0.000000000000000000e+00
0.000000000000000000e+00 -0.000000000000000000e+00 -0.000000000000000000e+00 -0.000000000000000000e+00 0.000000000000000000e+00
0.000000000000000000e+00 -0.000000000000000000e+00 -0.000000000000000000e+00 -0.000000000000000000e+00 0.000000000000000000e+00
0.000000000000000000e+00 -0.000000000000000000e+00 -0.000000000000000000e+00 -0.000000000000000000e+00 0.000000000000000000e+00
0.000000000000000000e+00 -0.000000000000000000e+00 -0.000000000000000000e+00 -0.000000000000000000e+00 0.000000000000000000e+00
0.000000000000000000e+00 -0.000000000000000000e+00 -0.000000000000000000e+00 -0.000000000000000000e+00 0.000000000000000000e+00
0.000000000000000000e+00 -0.000000000000000000e+00 -0.000000000000000000e+00 -0.000000000000000000e+00 0.000000000000000000e+00
0.000000000000000000e+00 -0.000000000000000000e+00 -0.000000000000000000e+00 -0.000000000000000000e+00 0.000000000000000000e+00
0.000000000000000000e+00 -0.000000000000000000e+00 -0.000000000000000000e+00 -0.000000000000000000e+00 0.000000000000000000e+00
0.000000000000000000e+00 -0.000000000000000000e+00 -0.000000000000000000e+00 -0.000000000000000000e+00 0.000000000000000000e+00
0.000000000000000000e+00 -0.000000000000000000e+00 -0.000000000000000000e+00 -0.000000000000000000e+00 0.000000000000000000e+00
0.000000000000000000e+00 -0.000000000000000000e+00 -0.000000000000000000e+00 -0.000000000000000000e+00 0.000000000000000000e+00
0.000000000000000000e+00 -0.000000000000000000e+00 -0.000000000000000000e+00 -0.000000000000000000e+00 0.000000000000000000e+00
0.000000000000000000e+00 -0.000000000000000000e+00 -0.000000000000000000e+00 -0.000000000000000000e+00 0.000000000000000000e+00
0.000000000000000000e+00 -0.000000000000000000e+00 -0.000000000000000000e+00 -0.000000000000000000e+00 0.000000000000000000e+00
0.000000000000000000e+00 -0.000000000000000000e+00 -0.000000000000000000e+00 -0.000000000000000000e+00 0.000000000000000000e+00
0.000000000000000000e+00 -0.000000000000000000e+00 -0.000000000000000000e+00 -0.000000000000000000e+00 0.000000000000000000e+00
0.000000000000000000e+00 -0.000000000000000000e+00 -0.000000000000000000e+00 -0.000000000000000000e+00 0.000000000000000000e+00
0.000000000000000000e+00 -0.000000000000000000e+00 -0.000000000000000000e+00 -0.000000000000000000e+00 0.000000000000000000e+00
0.000000000000000000e+00 -0.000000000000000000e+00 -0.000000000000000000e+00 -0.000000000000000000e+00 0.000000000000000000e+00
0.000000000000000000e+00 -0.000000000000000000e+00 -0.000000000000000000e+00 -0.000000000000000000e+00 0.000000000000000000e+00
0.000000000000000000e+00 -0.000000000000000000e+00 -0.000000000000000000e+00 -0.000000000000000000e+00 0.000000000000000000e+00
0.000000000000000000e+00 -0.000000000000000000e+00 -0.000000000000000000e+00 -0.000000000000000000e+00 0.000000000000000000e+00
0.000000000000000000e+00 -0.000000000000000000e+00 -0.000000000000000000e+00 -0.000000000000000000e+00 0.000000000000000000e+00
0.000000000000000000e+00 -0.000000000000000000e+00 -0.000000000000000000e+00 -0.000000000000000000e+00 0.000000000000000000e+00
0.000000000000000000e+00 -0.000000000000000000e+00 -0.000000000000000000e+00 -0.000000000000000000e+00 0.000000000000000000e+00
0.000000000000000000e+00 -0.000000000000000000e+00 -0.000000000000000000e+00 -0.000000000000000000e+00 0.000000000000000000e+00
0.000000000000000000e+00 -0.000000000000000000e+00 -0.000000000000000000e+00 -0.000000000000000000e+00 0.000000000000000000e+00
