0.000000000000000000e+00 -0.000000000000000000e+00 -0.000000000000000000e+00 -0.000000000000000000e+00 0.000000000000000000e+00
0.000000000000000000e+00 0.000000000000000000e+00 -0.000000000000000000e+00 -0.000000000000000000e+00 0.000000000000000000e+00
0.000000000000000000e+00 0.000000000000000000e+00 -0.000000000000000000e+00 -0.000000000000000000e+00 0.000000000000000000e+00
0.000000000000000000e+00 0.000000000000000000e+00 -0.000000000000000000e+00 0.000000000000000000e+00 0.000000000000000000e+00
0.000000000000000000e+00 0.000000000000000000e+00 -0.000000000000000000e+00 0.000000000000000000e+00 0.000000000000000000e+00
0.000000000000000000e+00 0.000000000000000000e+00 -0.000000000000000000e+00 0.000000000000000000e+00 0.000000000000000000e+00
0.000000000000000000e+00 0.000000000000000000e+00 -0.000000000000000000e+00 0.000000000000000000e+00 0.000000000000000000e+00
0.000000000000000000e+00 0.000000000000000000e+00 -0.000000000000000000e+00 0.000000000000000000e+00 0.000000000000000000e+00
0.000000000000000000e+00 0.000000000000000000e+00 -0.000000000000000000e+00 0.000000000000000000e+00 0.000000000000000000e+00
0.000000000000000000e+00 0.000000000000000000e+00 -0.000000000000000000e+00 0.000000000000000000e+00 0.000000000000000000e+00
0.000000000000000000e+00 0.000000000000000000e+00 -0.000000000000000000e+00 0.000000000000000000e+00 0.000000000000000000e+00
0.000000000000000000e+00 0.000000000000000000e+00 -0.000000000000000000e+00 0.000000000000000000e+00 0.000000000000000000e+00
0.000000000000000000e+00 0.000000000000000000e+00 -0.000000000000000000e+00 0.000000000000000000e+00 0.000000000000000000e+00
0.000000000000000000e+00 0.000000000000000000e+00 -0.000000000000000000e+00 0.000000000000000000e+00 0.000000000000000000e+00
0.000000000000000000e+00 0.000000000000000000e+00 -0.000000000000000000e+00 0.000000000000000000e+00 0.000000000000000000e+00
0.000000000000000000e+00 0.000000000000000000e+00 -0.000000000000000000e+00 0.000000000000000000e+00 0.000000000000000000e+00
0.000000000000000000e+00 0.000000000000000000e+00 -0.000000000000000000e+00 0.000000000000000000e+00 0.000000000000000000e+00
0.000000000000000000e+00 0.000000000000000000e+00 -0.000000000000000000e+00 0.000000000000000000e+00 0.000000000000000000e+00
0.000000000000000000e+00 0.000000000000000000e+00 -0.000000000000000000e+00 0.000000000000000000e+00 0.000000000000000000e+00
0.000000000000000000e+00 0.000000000000000000e+00 -0.000000000000000000e+00 0.000000000000000000e+00 0.000000000000000000e+00
0.000000000000000000e+00 0.000000000000000000e+00 -0.000000000000000000e+00 0.000000000000000000e+00 0.000000000000000000e+00
0.000000000000000000e+00 0.000000000000000000e+00 -0.000000000000000000e+00 0.000000000000000000e+00 0.000000000000000000e+00
0.000000000000000000e+00 0.000000000000000000e+00 -0.000000000000000000e+00 0.000000000000000000e+00 0.000000000000000000e+00
0.000000000000000000e+00 0.000000000000000000e+00 -0.000000000000000000e+00 0.000000000000000000e+00 0.000000000000000000e+00
0.000000000000000000e+00 0.000000000000000000e+00 -0.000000000000000000e+00 0.000000000000000000e+00 0.000000000000000000e+00
0.000000000000000000e+00 0.000000000000000000e+00 -0.000000000000000000e+00 0.000000000000000000e+00 0.000000000000000000e+00
0.000000000000000000e+00 0.000000000000000000e+00 -0.000000000000000000e+00 0.000000000000000000e+00 0.000000000000000000e+00
0.000000000000000000e+00 0.000000000000000000e+00 -0.000000000000000000e+00 0.000000000000000000e+00 0.000000000000000000e+00
0.000000000000000000e+00 0.000000000000000000e+00 -0.000000000000000000e+00 0.000000000000000000e+00 0.000000000000000000e+00
0.000000000000000000e+00 0.000000000000000000e+00 -0.000000000000000000e+00 0.000000000000000000e+00 0.000000000000000000e+00
0.000000000000000000e+00 0.000000000000000000e+00 -0.000000000000000000e+00 0.000000000000000000e+00 0.000000000000000000e+00
0.000000000000000000e+00 0.000000000000000000e+00 -0.000000000000000000e+00 0.000000000000000000e+00 0.000000000000000000e+00
0.000000000000000000e+00 0.000000000000000000e+00 -0.000000000000000000e+00 0.000000000000000000e+00 0.000000000000000000e+00
0.000000000000000000e+00 0.000000000000000000e+00 -0.000000000000000000e+00 0.000000000000000000e+00 0.000000000000000000e+00
0.000000000000000000e+00 0.000000000000000000e+00 -0.000000000000000000e+00 0.000000000000000000e+00 0.000000000000000000e+00
0.000000000000000000e+00 0.000000000000000000e+00 -0.000000000000000000e+00 0.000000000000000000e+00 0.000000000000000000e+00
0.000000000000000000e+00 0.000000000000000000e+00 -0.000000000000000000e+00 0.000000000000000000e+00 0.000000000000000000e+00
0.000000000000000000e+00 0.000000000000000000e+00 -0.000000000000000000e+00 0.000000000000000000e+00 0.000000000000000000e+00
0.000000000000000000e+00 0.000000000000000000e+00 -0.000000000000000000e+00 0.000000000000000000e+00 0.000000000000000000e+00
0.000000000000000000e+00 0.000000000000000000e+00 -0.000000000000000000e+00 0.000000000000000000e+00 0.000000000000000000e+00
0.000000000000000000e+00 0.000000000000000000e+00 -0.000000000000000000e+00 0.000000000000000000e+00 0.000000000000000000e+00
0.000000000000000000e+00 0.000000000000000000e+00 -0.000000000000000000e+00 0.000000000000000000e+00 0.000000000000000000e+00
0.000000000000000000e+00 0.000000000000000000e+00 -0.000000000000000000e+00 0.000000000000000000e+00 0.000000000000000000e+00
0.000000000000000000e+00 0.000000000000000000e+00 -0.000000000000000000e+00 0.000000000000000000e+00 0.000000000000000000e+00
0.000000000000000000e+00 0.000000000000000000e+00 -0.000000000000000000e+00 0.000000000000000000e+00 0.000000000000000000e+00
0.000000000000000000e+00 0.000000000000000000e+00 -0.000000000000000000e+00 0.000000000000000000e+00 0.000000000000000000e+00
0.000000000000000000e+00 0.000000000000000000e+00 -0.000000000000000000e+00 0.000000000000000000e+00 0.000000000000000000e+00
0.000000000000000000e+00 0.000000000000000000e+00 -0.000000000000000000e+00 0.000000000000000000e+00 0.000000000000000000e+00
0.000000000000000000e+00 0.000000000000000000e+00 -0.000000000000000000e+00 0.000000000000000000e+00 0.000000000000000000e+00
0.000000000000000000e+00 0.000000000000000000e+00 -0.000000000000000000e+00 0.000000000000000000e+00 0.000000000000000000e+00
0.000000000000000000e+00 0.000000000000000000e+00 -0.000000000000000000e+00 0.000000000000000000e+00 0.000000000000000000e+00
0.000000000000000000e+00 0.000000000000000000e+00 -0.000000000000000000e+00 0.000000000000000000e+00 0.000000000000000000e+00
0.000000000000000000e+00 0.000000000000000000e+00 -0.000000000000000000e+00 0.000000000000000000e+00 0.000000000000000000e+00
0.000000000000000000e+00 0.000000000000000000e+00 -0.000000000000000000e+00 0.000000000000000000e+00 0.000000000000000000e+00
0.000000000000000000e+00 0.000000000000000000e+00 -0.000000000000000000e+00 0.000000000000000000e+00 0.000000000000000000e+00
0.000000000000000000e+00 0.000000000000000000e+00 -0.000000000000000000e+00 0.000000000000000000e+00 0.000000000000000000e+00
0.000000000000000000e+00 0.000000000000000000e+00 -0.000000000000000000e+00 0.000000000000000000e+00 0.000000000000000000e+00
0.000000000000000000e+00 0.000000000000000000e+00 -0.000000000000000000e+00 0.000000000000000000e+00 0.000000000000000000e+00
0.000000000000000000e+00 0.000000000000000000e+00 -0.000000000000000000e+00 0.000000000000000000e+00 0.000000000000000000e+00
0.000000000000000000e+00 0.000000000000000000e+00 -0.000000000000000000e+00 0.000000000000000000e+00 0.000000000000000000e+00
0.000000000000000000e+00 0.000000000000000000e+00 -0.000000000000000000e+00 0.000000000000000000e+00 0.000000000000000000e+00
0.000000000000000000e+00 0.000000000000000000e+00 -0.000000000000000000e+00 0.000000000000000000e+00 0.000000000000000000e+00
0.000000000000000000e+00 0.000000000000000000e+00 -0.000000000000000000e+00 0.000000000000000000e+00 0.000000000000000000e+00
0.000000000000000000e+00 0.000000000000000000e+00 -0.000000000000000000e+00 0.000000000000000000e+00 0.000000000000000000e+00
0.000000000000000000e+00 0.000000000000000000e+00 -0.000000000000000000e+00 0.000000000000000000e+00 0.000000000000000000e+00
0.000000000000000000e+00 0.000000000000000000e+00 -0.000000000000000000e+00 0.000000000000000000e+00 0.000000000000000000e+00
0.000000000000000000e+00 0.000000000000000000e+00 -0.000000000000000000e+00 0.000000000000000000e+00 0.000000000000000000e+00
0.000000000000000000e+00 0.000000000000000000e+00 -0.000000000000000000e+00 0.000000000000000000e+00 0.000000000000000000e+00
0.000000000000000000e+00 0.000000000000000000e+00 -0.000000000000000000e+00 0.000000000000000000e+00 0.000000000000000000e+00
0.000000000000000000e+00 0.000000000000000000e+00 -0.000000000000000000e+00 0.000000000000000000e+00 0.000000000000000000e+00
1.000000000000000082e-05 1.000000000000000082e-05 1.202576515362623711e-05 1.000000000000000082e-05 5.298746300242551536e-05
1.000000000000000082e-05 1.000000000000000082e-05 8.683300249417347423e-05 1.000000000000000082e-05 3.301900881123550398e-04
1.000000000000000082e-05 1.000000000000000082e-05 1.805811340228105340e-04 1.000000000000000082e-05 6.192757732349057605e-04
1.000000000000000082e-05 1.000000000000000082e-05 2.125082965841311206e-04 1.000000000000000082e-05 6.266110447838644506e-04
1.000000000000000082e-05 1.000000000000000082e-05 1.678003656470179934e-04 1.000000000000000082e-05 4.094605841021818236e-04
1.000000000000000082e-05 4.067894732669676867e-05 1.147752079700219255e-04 1.000000000000000082e-05 4.141236949176835291e-04
1.000000000000000082e-05 1.000000000000000082e-05 4.629811984874893614e-05 1.000000000000000082e-05 2.089450102902906594e-04
1.000000000000000082e-05 1.000000000000000082e-05 1.746904978566253945e-05 1.000000000000000082e-05 1.262536633813445930e-04
1.000000000000000082e-05 1.000000000000000082e-05 9.814072913293464813e-06 1.000000000000000082e-05 7.092902437154217660e-05
1.000000000000000082e-05 1.000000000000000082e-05 5.986584477109059632e-06 1.000000000000000082e-05 4.326670486664079224e-05
0.000000000000000000e+00 0.000000000000000000e+00 -0.000000000000000000e+00 0.000000000000000000e+00 0.000000000000000000e+00
0.000000000000000000e+00 0.000000000000000000e+00 -0.000000000000000000e+00 0.000000000000000000e+00 0.000000000000000000e+00
0.000000000000000000e+00 0.000000000000000000e+00 -0.000000000000000000e+00 0.000000000000000000e+00 0.000000000000000000e+00
0.000000000000000000e+00 0.000000000000000000e+00 -0.000000000000000000e+00 0.000000000000000000e+00 0.000000000000000000e+00
0.000000000000000000e+00 0.000000000000000000e+00 -0.000000000000000000e+00 0.000000000000000000e+00 0.000000000000000000e+00
0.000000000000000000e+00 0.000000000000000000e+00 -0.000000000000000000e+00 0.000000000000000000e+00 0.000000000000000000e+00
0.000000000000000000e+00 0.000000000000000000e+00 -0.000000000000000000e+00 0.000000000000000000e+00 0.000000000000000000e+00
0.000000000000000000e+00 0.000000000000000000e+00 -0.000000000000000000e+00 0.000000000000000000e+00 0.000000000000000000e+00
0.000000000000000000e+00 0.000000000000000000e+00 -0.000000000000000000e+00 0.000000000000000000e+00 0.000000000000000000e+00
0.000000000000000000e+00 0.000000000000000000e+00 -0.000000000000000000e+00 0.000000000000000000e+00 0.000000000000000000e+00
0.000000000000000000e+00 0.000000000000000000e+00 -0.000000000000000000e+00 0.000000000000000000e+00 0.000000000000000000e+00
0.000000000000000000e+00 0.000000000000000000e+00 -0.000000000000000000e+00 0.000000000000000000e+00 0.000000000000000000e+00
1.376282840239833325e-04 1.000000000000000082e-05 1.399441845202237165e-05 1.000000000000000082e-05 6.761346561851611949e-05
3.219200479458077051e-04 1.000000000000000082e-05 4.058397826842882999e-05 1.000000000000000082e-05 2.007588188583314204e-04
2.369311981924236937e-04 1.000000000000000082e-05 4.816164413885050963e-05 1.000000000000000082e-05 6.125843511548185495e-04
1.000000000000000082e-05 1.000000000000000082e-05 2.436620652455117784e-04 1.000000000000000082e-05 7.546847931448730619e-04
5.552877190711422411e-05 1.000000000000000082e-05 5.259441218859079196e-04 1.000000000000000082e-05 1.630998529396891598e-03
2.079454628728140002e-05 1.000000000000000082e-05 5.694584446979124000e-04 1.000000000000000082e-05 2.726938177885288462e-03
1.000000000000000082e-05 1.304778902277066736e-04 8.506679877485355708e-04 1.000000000000000082e-05 5.067856830910418518e-03
1.000000000000000082e-05 8.708386752866481865e-04 1.154740005505915622e-03 1.000000000000000082e-05 6.067785205091439510e-03
1.000000000000000082e-05 9.226870759792958230e-04 1.107156670999431131e-03 1.000000000000000082e-05 6.702369834458635559e-03
1.000000000000000082e-05 9.482764123800889108e-04 1.147041211637198771e-03 1.000000000000000082e-05 7.622109061828168629e-03
1.000000000000000082e-05 7.964573498720325852e-04 1.035564835394575667e-03 1.000000000000000082e-05 8.132066547082828986e-03
1.000000000000000082e-05 3.808957289657171805e-04 9.926829051048679468e-04 1.000000000000000082e-05 8.492947526786653184e-03
1.000000000000000082e-05 1.000000000000000082e-05 7.600011379644545885e-04 1.000000000000000082e-05 7.114615608003221035e-03
1.000000000000000082e-05 1.000000000000000082e-05 5.223647638884954154e-04 1.000000000000000082e-05 6.388898223037061536e-03
1.000000000000000082e-05 1.000000000000000082e-05 5.323110825536344400e-04 1.000000000000000082e-05 5.060806734427319466e-03
1.000000000000000082e-05 1.000000000000000082e-05 5.203607938692021316e-04 5.310796758187148216e-05 2.426941256483060652e-03
1.000000000000000082e-05 1.000000000000000082e-05 3.016400934968472463e-04 1.114531301046448497e-04 1.094185193090372373e-03
1.000000000000000082e-05 1.000000000000000082e-05 7.350903876353204734e-05 1.295890794461423956e-04 2.138622735116929964e-04
1.000000000000000082e-05 1.000000000000000082e-05 6.783272901266854110e-06 2.537140606747615446e-05 2.021015568512627073e-05
0.000000000000000000e+00 0.000000000000000000e+00 -0.000000000000000000e+00 0.000000000000000000e+00 0.000000000000000000e+00
0.000000000000000000e+00 0.000000000000000000e+00 -0.000000000000000000e+00 0.000000000000000000e+00 0.000000000000000000e+00
0.000000000000000000e+00 0.000000000000000000e+00 -0.000000000000000000e+00 0.000000000000000000e+00 0.000000000000000000e+00
0.000000000000000000e+00 0.000000000000000000e+00 -0.000000000000000000e+00 0.000000000000000000e+00 0.000000000000000000e+00
0.000000000000000000e+00 0.000000000000000000e+00 -0.000000000000000000e+00 0.000000000000000000e+00 0.000000000000000000e+00
0.000000000000000000e+00 0.000000000000000000e+00 -0.000000000000000000e+00 0.000000000000000000e+00 0.000000000000000000e+00
3.214999099984261065e-04 1.000000000000000082e-05 1.000000000000000082e-05 1.000000000000000082e-05 1.078108587507380946e-04
2.095800375172630903e-03 1.000000000000000082e-05 2.400807816686045370e-05 1.000000000000000082e-05 4.416938031158176652e-04
3.873209029928950664e-03 1.000000000000000082e-05 1.643789536268147123e-04 1.000000000000000082e-05 6.713033334145291058e-04
6.150660420233474389e-03 1.000000000000000082e-05 2.018429262108387210e-04 1.000000000000000082e-05 1.502992628812648522e-03
9.288006472449979872e-03 1.000000000000000082e-05 3.571860998275053710e-04 1.000000000000000082e-05 3.216154385109395476e-03
1.280209193744689944e-02 3.896041709482241555e-04 3.565993578370192174e-04 1.000000000000000082e-05 8.492522711558014512e-03
1.142742872254073720e-02 2.620273670059210594e-03 8.278658179773724706e-04 1.000000000000000082e-05 1.599172683040665788e-02
7.634413370616145028e-03 5.564926856384224373e-03 7.261846702994325482e-04 1.000000000000000082e-05 2.516916569051108610e-02
3.399770517782582310e-03 8.080146021852877003e-03 7.333687367286957116e-04 1.000000000000000082e-05 3.529059363153185663e-02
2.268129400316060054e-04 9.610395647323988558e-03 1.291556510900638112e-03 1.000000000000000082e-05 4.580385237379035190e-02
1.000000000000000082e-05 1.217429277542599227e-02 1.678553134181053801e-03 1.000000000000000082e-05 5.358876944272837617e-02
1.000000000000000082e-05 1.419737841042443410e-02 9.362246754432448871e-04 1.000000000000000082e-05 5.908199629526304786e-02
1.000000000000000082e-05 1.422586496339499004e-02 1.000000000000000082e-05 1.000000000000000082e-05 6.122100480437598496e-02
1.000000000000000082e-05 1.292717963464076400e-02 1.000000000000000082e-05 1.000000000000000082e-05 6.039248409917916116e-02
1.000000000000000082e-05 1.001569522501905354e-02 1.000000000000000082e-05 1.000000000000000082e-05 5.572652986342387094e-02
1.000000000000000082e-05 6.389742777740689030e-03 1.000000000000000082e-05 1.000000000000000082e-05 5.091628332802398266e-02
1.000000000000000082e-05 2.422826670330995892e-03 1.000000000000000082e-05 3.286727354270098204e-03 4.367989248038876837e-02
1.000000000000000082e-05 1.000000000000000082e-05 1.000000000000000082e-05 9.680445360927733209e-03 3.105107665126520533e-02
1.000000000000000082e-05 1.000000000000000082e-05 1.000000000000000082e-05 9.978211689619168046e-03 1.882176862364038153e-02
1.000000000000000082e-05 1.000000000000000082e-05 1.000000000000000082e-05 5.989640445557611707e-03 8.273453954810721864e-03
1.000000000000000082e-05 1.000000000000000082e-05 1.000000000000000082e-05 2.136515810352740061e-03 2.006185078613885973e-03
1.000000000000000082e-05 1.000000000000000082e-05 1.000000000000000082e-05 4.419593597703347951e-04 1.167620631764032817e-04
0.000000000000000000e+00 0.000000000000000000e+00 -0.000000000000000000e+00 0.000000000000000000e+00 0.000000000000000000e+00
0.000000000000000000e+00 0.000000000000000000e+00 -0.000000000000000000e+00 0.000000000000000000e+00 0.000000000000000000e+00
0.000000000000000000e+00 0.000000000000000000e+00 -0.000000000000000000e+00 0.000000000000000000e+00 0.000000000000000000e+00
0.000000000000000000e+00 0.000000000000000000e+00 -0.000000000000000000e+00 0.000000000000000000e+00 0.000000000000000000e+00
0.000000000000000000e+00 0.000000000000000000e+00 -0.000000000000000000e+00 0.000000000000000000e+00 0.000000000000000000e+00
2.490738362691749942e-04 1.000000000000000082e-05 1.000000000000000082e-05 2.285708921844028152e-05 1.000000000000000082e-05
2.347611116732069205e-03 1.000000000000000082e-05 9.098351674911744728e-05 1.000000000000000082e-05 1.000000000000000082e-05
8.055278889006412674e-03 1.000000000000000082e-05 2.595727581680922326e-04 1.000000000000000082e-05 3.298400035018271646e-04
1.855326705563475204e-02 1.000000000000000082e-05 1.241315604072397731e-04 1.000000000000000082e-05 6.497771208372398822e-04
3.385335961719502379e-02 1.000000000000000082e-05 1.000000000000000082e-05 1.000000000000000082e-05 1.907651935619551244e-03
5.001834268465438216e-02 1.000000000000000082e-05 1.000000000000000082e-05 1.000000000000000082e-05 7.727211464924557509e-03
6.028607106005494376e-02 8.386597273102949085e-03 1.000000000000000082e-05 1.000000000000000082e-05 1.870110713131050914e-02
5.703841621270772100e-02 2.490619506072564923e-02 1.000000000000000082e-05 1.000000000000000082e-05 3.688847946603465711e-02
4.897070985882855110e-02 4.152643718582498672e-02 1.000000000000000082e-05 1.000000000000000082e-05 5.492036962231894998e-02
3.612440915776300721e-02 5.506674679492244012e-02 1.000000000000000082e-05 1.000000000000000082e-05 7.400847245690671261e-02
2.671228155405531296e-02 6.097186087841018065e-02 1.000000000000000082e-05 1.000000000000000082e-05 8.987755651445322735e-02
2.033749750417867749e-02 6.606341113748165350e-02 1.000000000000000082e-05 1.000000000000000082e-05 9.957812925709673413e-02
1.339411384489413125e-02 6.901792273063291072e-02 1.000000000000000082e-05 1.000000000000000082e-05 1.046695269516725729e-01
8.338535144133209925e-03 6.981768351295060404e-02 1.000000000000000082e-05 1.000000000000000082e-05 1.058065177187646894e-01
1.000000000000000082e-05 6.440424040533464234e-02 1.000000000000000082e-05 1.000000000000000082e-05 1.013627007661246915e-01
1.000000000000000082e-05 5.372529208603312595e-02 1.000000000000000082e-05 9.522460010892127430e-03 8.890677432001080349e-02
1.000000000000000082e-05 3.665863309685703231e-02 1.000000000000000082e-05 3.117486757852261023e-02 7.707369426024426873e-02
1.000000000000000082e-05 1.858601994066602647e-02 1.000000000000000082e-05 4.857407783665650819e-02 6.094397547137560961e-02
1.000000000000000082e-05 5.920553574123857236e-03 1.000000000000000082e-05 5.588957642673461623e-02 4.400900862701821736e-02
1.000000000000000082e-05 1.000000000000000082e-05 1.000000000000000082e-05 5.180748216164944575e-02 2.700922843127643788e-02
1.000000000000000082e-05 1.000000000000000082e-05 1.000000000000000082e-05 3.519038125731982491e-02 1.091030760290533433e-02
1.000000000000000082e-05 1.000000000000000082e-05 1.000000000000000082e-05 1.205336453243540350e-02 1.735210304973113871e-03
2.184664669396271873e-04 1.000000000000000082e-05 1.000000000000000082e-05 2.314364299299869789e-03 1.000000000000000082e-05
4.848936429146811322e-06 1.000000000000000082e-05 2.128925483080949867e-05 2.975789335050732525e-05 1.000000000000000082e-05
0.000000000000000000e+00 0.000000000000000000e+00 -0.000000000000000000e+00 0.000000000000000000e+00 0.000000000000000000e+00
0.000000000000000000e+00 0.000000000000000000e+00 -0.000000000000000000e+00 0.000000000000000000e+00 0.000000000000000000e+00
1.000000000000000082e-05 3.968140272141769832e-05 1.000000000000000082e-05 2.887253741790896949e-05 3.690232867156153140e-05
0.000000000000000000e+00 0.000000000000000000e+00 -0.000000000000000000e+00 0.000000000000000000e+00 0.000000000000000000e+00
1.362338930915185913e-03 1.000000000000000082e-05 1.000000000000000082e-05 5.807276909003187659e-05 1.000000000000000082e-05
6.458461686908180052e-03 1.000000000000000082e-05 2.298251372677844763e-04 1.000000000000000082e-05 1.000000000000000082e-05
1.912365516619075195e-02 1.000000000000000082e-05 2.036174978694193691e-04 1.000000000000000082e-05 1.000000000000000082e-05
4.198964759490188964e-02 1.000000000000000082e-05 1.000000000000000082e-05 1.000000000000000082e-05 1.000000000000000082e-05
7.260536532257957920e-02 1.000000000000000082e-05 1.000000000000000082e-05 1.000000000000000082e-05 3.460126107328886122e-04
1.019342283829629131e-01 5.626398593324559091e-03 1.000000000000000082e-05 1.000000000000000082e-05 6.304069691234584147e-03
1.135344239366089802e-01 3.297146070057870720e-02 1.000000000000000082e-05 1.000000000000000082e-05 2.065126885732562409e-02
1.002329578339086341e-01 6.717511678702077493e-02 1.000000000000000082e-05 1.000000000000000082e-05 4.552737781128647632e-02
8.083077086501469499e-02 9.647498433775733573e-02 1.000000000000000082e-05 1.000000000000000082e-05 6.474305418321270322e-02
6.365622134776709184e-02 1.100614417216980584e-01 1.000000000000000082e-05 1.000000000000000082e-05 7.987664523764552438e-02
5.145106899202785827e-02 1.130468735408086955e-01 1.000000000000000082e-05 1.000000000000000082e-05 8.955843334511141840e-02
4.683782229862373803e-02 1.091439028588168242e-01 1.000000000000000082e-05 1.174043142646352678e-02 9.043435845242239757e-02
4.408516445520552218e-02 1.048520504350650279e-01 1.000000000000000082e-05 2.571151653082208097e-02 8.538618907525161172e-02
3.763199806985310231e-02 9.552637095694575808e-02 1.000000000000000082e-05 4.462116018316338723e-02 8.081420759315255387e-02
2.926783327995641573e-02 8.090971082118775248e-02 1.000000000000000082e-05 6.714597870650390599e-02 7.409529108382002793e-02
1.935209746856449142e-02 6.110821635153993597e-02 1.000000000000000082e-05 9.095225607234865006e-02 6.327084211432795757e-02
1.030400815417232933e-02 3.925720227493512821e-02 1.000000000000000082e-05 1.107157481773713981e-01 4.951219636991480849e-02
6.340546516686647316e-03 1.485371140659661610e-02 1.000000000000000082e-05 1.216500878793391055e-01 3.563461014958266976e-02
6.951945400965128677e-04 1.000000000000000082e-05 1.000000000000000082e-05 1.195518074860135865e-01 2.401791723455180827e-02
1.000000000000000082e-05 1.000000000000000082e-05 1.000000000000000082e-05 1.025885121127585731e-01 1.347612818821915075e-02
5.636563906956036348e-04 1.000000000000000082e-05 1.000000000000000082e-05 7.102814685586325560e-02 2.248004540134989748e-03
2.879505306131713814e-03 1.000000000000000082e-05 1.062604342907123682e-03 2.972855012289297300e-02 1.000000000000000082e-05
1.909989637578070592e-03 1.000000000000000082e-05 4.851297204756943598e-05 6.491092271650996358e-03 1.000000000000000082e-05
2.196606456535955235e-04 1.000000000000000082e-05 2.249470892647531409e-04 4.728488066446934202e-04 1.000000000000000082e-05
0.000000000000000000e+00 0.000000000000000000e+00 -0.000000000000000000e+00 0.000000000000000000e+00 0.000000000000000000e+00
0.000000000000000000e+00 0.000000000000000000e+00 -0.000000000000000000e+00 0.000000000000000000e+00 0.000000000000000000e+00
1.000000000000000082e-05 2.612359012493327469e-05 1.000000000000000082e-05 1.900775380012357751e-05 2.429403304211155598e-05
0.000000000000000000e+00 0.000000000000000000e+00 -0.000000000000000000e+00 0.000000000000000000e+00 0.000000000000000000e+00
1.289745271778497404e-03 1.000000000000000082e-05 1.000000000000000082e-05 1.000000000000000082e-05 1.000000000000000082e-05
9.142515591069017011e-03 1.000000000000000082e-05 3.049754212709563918e-05 1.156670216083092198e-04 1.000000000000000082e-05
2.875132803897751180e-02 1.000000000000000082e-05 3.887549313334071082e-05 1.000000000000000082e-05 1.000000000000000082e-05
6.564131007267991202e-02 1.000000000000000082e-05 1.000000000000000082e-05 1.000000000000000082e-05 1.000000000000000082e-05
1.069369222598316321e-01 1.000000000000000082e-05 1.000000000000000082e-05 1.000000000000000082e-05 1.000000000000000082e-05
1.335660328596013358e-01 2.464829679036236246e-02 1.000000000000000082e-05 1.000000000000000082e-05 3.127976142068448345e-03
1.274461372422337757e-01 7.017276611636819039e-02 1.000000000000000082e-05 1.000000000000000082e-05 1.987459164445050039e-02
9.533620123194289087e-02 1.104804003043071275e-01 1.000000000000000082e-05 1.000000000000000082e-05 4.367530629823909022e-02
6.696734095775959406e-02 1.269547672441257991e-01 1.000000000000000082e-05 5.777421217736888014e-03 5.343541617941979099e-02
5.252593745161220767e-02 1.147388460460493642e-01 1.000000000000000082e-05 4.622632064729660650e-02 5.779330066233454022e-02
5.023269827808883592e-02 9.388420876644411328e-02 1.000000000000000082e-05 8.113556434756363789e-02 5.426391584303391635e-02
5.326661875781323746e-02 7.926385622191624292e-02 1.000000000000000082e-05 1.040751811326030563e-01 4.199499592581278778e-02
5.413559060047935106e-02 6.646885784530143226e-02 1.000000000000000082e-05 1.218181037657597027e-01 3.140552612330644450e-02
5.282453081208930007e-02 5.196228587788983416e-02 1.000000000000000082e-05 1.387009666932363383e-01 2.274686079111093093e-02
4.801595809660019060e-02 3.857151819302192391e-02 1.000000000000000082e-05 1.505188607045176152e-01 1.525749488188691237e-02
4.047616907615429749e-02 2.158380840388269759e-02 1.000000000000000082e-05 1.586067930620940203e-01 9.944231193122734375e-03
3.106380789009724822e-02 6.925617556135591803e-03 1.000000000000000082e-05 1.588741191870506608e-01 2.992475126429920002e-03
2.454417377176841206e-02 1.000000000000000082e-05 1.146014194073465518e-02 1.527050898293137449e-01 1.000000000000000082e-05
1.712869195088362329e-02 1.000000000000000082e-05 2.519474752838533546e-02 1.359873431021794976e-01 1.000000000000000082e-05
1.095337073380123379e-02 1.000000000000000082e-05 3.774958008497996537e-02 1.117105571032257771e-01 1.000000000000000082e-05
8.097024522402448965e-03 1.000000000000000082e-05 3.639896520658945228e-02 7.499406040172322541e-02 1.000000000000000082e-05
5.919092783816092690e-03 1.000000000000000082e-05 2.041198219835190300e-02 3.484628677204189284e-02 1.000000000000000082e-05
2.190160637795763275e-03 1.000000000000000082e-05 4.012004868503019073e-03 6.975423315457207792e-03 1.000000000000000082e-05
1.337969415117294919e-04 1.000000000000000082e-05 2.009690139302259572e-04 2.830654046110591630e-04 1.000000000000000082e-05
0.000000000000000000e+00 0.000000000000000000e+00 -0.000000000000000000e+00 0.000000000000000000e+00 0.000000000000000000e+00
0.000000000000000000e+00 0.000000000000000000e+00 -0.000000000000000000e+00 0.000000000000000000e+00 0.000000000000000000e+00
0.000000000000000000e+00 0.000000000000000000e+00 -0.000000000000000000e+00 0.000000000000000000e+00 0.000000000000000000e+00
0.000000000000000000e+00 0.000000000000000000e+00 -0.000000000000000000e+00 0.000000000000000000e+00 0.000000000000000000e+00
1.450454284983296403e-03 1.000000000000000082e-05 1.277529776986319535e-06 1.000000000000000082e-05 1.000000000000000082e-05
1.159020317882445208e-02 1.000000000000000082e-05 4.926246324374621771e-06 1.556329414796757448e-04 1.000000000000000082e-05
3.549510220616877015e-02 1.000000000000000082e-05 1.000000000000000082e-05 4.923919785139439266e-04 1.000000000000000082e-05
8.187142287533817619e-02 1.000000000000000082e-05 1.000000000000000082e-05 7.625823435408598605e-04 1.000000000000000082e-05
1.289472924191134573e-01 8.545016874468184392e-03 1.000000000000000082e-05 1.000000000000000082e-05 1.000000000000000082e-05
1.360348001185889832e-01 4.732803077885261445e-02 1.000000000000000082e-05 1.000000000000000082e-05 6.693802190955634333e-04
9.770366436540429966e-02 9.977597972912012614e-02 1.000000000000000082e-05 1.000000000000000082e-05 2.124594659775667221e-02
4.217897149963925618e-02 1.274023141296571071e-01 1.000000000000000082e-05 1.791298693464869057e-02 4.438193247708735467e-02
1.133208910347844982e-02 1.082482669134015307e-01 1.000000000000000082e-05 7.201315612344073858e-02 4.894243634517994601e-02
9.875626127100488316e-03 6.607085233516236944e-02 1.000000000000000082e-05 1.207207888667728157e-01 3.963589255349207058e-02
1.962668856058636876e-02 3.108252472185882298e-02 1.273252025061112451e-02 1.486606048186753237e-01 2.285714354042876414e-02
3.257810334325558776e-02 1.342240633773055317e-02 2.675507718642784055e-02 1.560767272142283280e-01 1.818358970945752572e-03
3.938760521665352760e-02 2.432519602926427275e-03 3.834437679185413728e-02 1.551466400113389599e-01 1.000000000000000082e-05
4.099622596754767812e-02 1.000000000000000082e-05 5.013684031416128922e-02 1.486740505318479288e-01 1.000000000000000082e-05
3.976936122048881084e-02 1.000000000000000082e-05 6.372167560186485502e-02 1.386917012664725113e-01 1.000000000000000082e-05
3.391298173773051039e-02 1.000000000000000082e-05 7.610585800894824338e-02 1.251015904674742107e-01 1.000000000000000082e-05
2.785406434363749476e-02 1.000000000000000082e-05 8.824581858999783202e-02 1.091176813951273139e-01 1.000000000000000082e-05
2.189258635203401165e-02 1.000000000000000082e-05 9.813992050152950397e-02 9.069845852660601837e-02 1.000000000000000082e-05
1.512071490208920926e-02 1.000000000000000082e-05 1.049028323109603145e-01 6.927960754477782701e-02 1.000000000000000082e-05
8.847383851320285431e-03 1.000000000000000082e-05 1.066304412863028350e-01 4.872868933090226951e-02 1.000000000000000082e-05
6.224910932623139471e-03 1.000000000000000082e-05 8.737230971724813111e-02 3.051505027385460062e-02 1.000000000000000082e-05
4.728458818916033563e-03 1.000000000000000082e-05 4.650766370536447286e-02 1.366799919897333446e-02 1.000000000000000082e-05
1.880912721567627689e-03 1.000000000000000082e-05 6.779511268723864559e-03 3.228667864879993313e-03 1.000000000000000082e-05
6.698995911916926372e-05 1.000000000000000082e-05 2.504568237214274142e-04 1.443594947527034782e-04 1.000000000000000082e-05
0.000000000000000000e+00 0.000000000000000000e+00 -0.000000000000000000e+00 0.000000000000000000e+00 0.000000000000000000e+00
0.000000000000000000e+00 0.000000000000000000e+00 -0.000000000000000000e+00 0.000000000000000000e+00 0.000000000000000000e+00
0.000000000000000000e+00 0.000000000000000000e+00 -0.000000000000000000e+00 0.000000000000000000e+00 0.000000000000000000e+00
0.000000000000000000e+00 0.000000000000000000e+00 -0.000000000000000000e+00 0.000000000000000000e+00 0.000000000000000000e+00
2.163974620300769449e-03 1.000000000000000082e-05 2.274652782759768515e-05 3.190748649154539698e-05 1.000000000000000082e-05
1.437475134580984241e-02 1.000000000000000082e-05 1.000000000000000082e-05 3.642147417391708637e-04 1.000000000000000082e-05
4.360908158380955024e-02 1.000000000000000082e-05 1.000000000000000082e-05 1.212591291050085568e-03 1.000000000000000082e-05
9.476335824747773862e-02 1.000000000000000082e-05 1.000000000000000082e-05 2.209372517037090904e-03 1.000000000000000082e-05
1.408597086049253599e-01 1.772799284036891479e-02 1.000000000000000082e-05 3.684359185574187859e-04 1.000000000000000082e-05
1.264098438104649114e-01 6.553754518623387815e-02 1.000000000000000082e-05 1.000000000000000082e-05 2.825754917526982542e-03
5.850302682320188824e-02 1.123884785388878788e-01 1.000000000000000082e-05 1.403804328147823834e-02 3.064185581271786085e-02
1.000000000000000082e-05 1.140980347907555592e-01 2.926151736460408815e-03 5.959279586614938534e-02 5.630451877205768646e-02
1.000000000000000082e-05 6.441893826759843844e-02 2.118500784480343430e-02 1.133166105759335768e-01 5.619583394519706010e-02
1.000000000000000082e-05 1.091379584167745907e-02 5.225105570010847578e-02 1.386986976021929163e-01 3.908169233595416153e-02
1.000000000000000082e-05 1.000000000000000082e-05 8.671452509587614099e-02 1.286625500191799498e-01 1.366434185048862569e-02
1.108818487988094334e-02 1.000000000000000082e-05 1.061533736398915378e-01 1.060943235963898723e-01 1.000000000000000082e-05
1.614674216155080264e-02 1.000000000000000082e-05 1.201983967224641708e-01 8.248669905887198728e-02 1.000000000000000082e-05
1.822118866704643472e-02 1.000000000000000082e-05 1.325017441268017682e-01 6.101961707355086501e-02 1.000000000000000082e-05
1.733982370235743337e-02 1.000000000000000082e-05 1.394827453357980751e-01 4.225677048307341366e-02 1.000000000000000082e-05
1.503338664341847576e-02 4.271904198830770404e-03 1.422005707745243319e-01 2.596180774465570856e-02 1.000000000000000082e-05
1.085046548851367754e-02 8.176715187501166701e-03 1.413884747827411636e-01 1.249861430070708934e-02 1.000000000000000082e-05
8.434113885439886368e-03 9.882269790882107149e-03 1.352742547992923927e-01 4.990211874473142808e-03 1.000000000000000082e-05
5.191208941945953635e-03 9.038748799497071940e-03 1.271441442161148905e-01 1.000000000000000082e-05 1.000000000000000082e-05
2.441959800129158299e-03 7.289781265047326486e-03 1.139304735121658696e-01 1.000000000000000082e-05 1.000000000000000082e-05
2.399065522704971892e-03 6.199773198529817154e-03 8.910715073437232292e-02 1.000000000000000082e-05 1.000000000000000082e-05
2.518026450528499088e-03 2.880481612226061354e-03 4.265590394307046396e-02 1.000000000000000082e-05 1.000000000000000082e-05
1.208820487920088003e-03 1.000000000000000082e-05 5.180373146251370658e-03 9.268274424244368976e-04 1.000000000000000082e-05
6.606955366678113079e-05 1.000000000000000082e-05 1.794809084875097314e-04 2.614621026142913094e-05 1.000000000000000082e-05
0.000000000000000000e+00 0.000000000000000000e+00 -0.000000000000000000e+00 0.000000000000000000e+00 0.000000000000000000e+00
0.000000000000000000e+00 0.000000000000000000e+00 -0.000000000000000000e+00 0.000000000000000000e+00 0.000000000000000000e+00
0.000000000000000000e+00 0.000000000000000000e+00 -0.000000000000000000e+00 0.000000000000000000e+00 0.000000000000000000e+00
0.000000000000000000e+00 0.000000000000000000e+00 -0.000000000000000000e+00 0.000000000000000000e+00 0.000000000000000000e+00
3.794074043065727344e-03 4.921114816638130470e-05 7.119285803275273708e-05 1.000000000000000082e-05 1.000000000000000082e-05
1.655829290964067058e-02 1.000000000000000082e-05 1.000000000000000082e-05 7.295021613670675314e-04 1.000000000000000082e-05
5.152637271408148228e-02 1.000000000000000082e-05 1.000000000000000082e-05 2.270203738402067507e-03 1.000000000000000082e-05
1.043060640875349693e-01 1.281059961588102087e-03 1.000000000000000082e-05 5.706832895608087916e-03 1.000000000000000082e-05
1.432604841135970974e-01 2.566870892336621524e-02 1.000000000000000082e-05 8.609387944230086076e-03 1.000000000000000082e-05
1.111397761997133804e-01 7.665480498111716667e-02 1.000000000000000082e-05 1.522969160160395422e-02 1.104573102361600459e-02
2.949929149499462555e-02 1.076633026327358938e-01 7.566976773106414388e-03 4.274154090040804127e-02 4.772292287656010323e-02
1.000000000000000082e-05 8.649851799181910994e-02 2.838057044930920869e-02 8.374887987373820508e-02 7.981470521951032626e-02
1.000000000000000082e-05 2.517495304523898955e-02 6.612102551847465204e-02 1.092475692342297217e-01 8.006438074889173084e-02
1.000000000000000082e-05 1.000000000000000082e-05 1.085402460923264728e-01 9.224067481125892976e-02 6.084559845604933098e-02
4.486771012593584670e-03 1.000000000000000082e-05 1.327169683246660348e-01 5.357630055819182641e-02 3.853159774810059612e-02
1.379582945127853788e-02 1.000000000000000082e-05 1.386462627998934771e-01 2.000574664272796593e-02 2.536643033741317610e-02
1.596836477063793419e-02 1.000000000000000082e-05 1.364167479002004746e-01 7.143279067179639013e-05 1.552114290211570498e-02
1.402454474966487175e-02 1.000000000000000082e-05 1.293378349381913428e-01 1.000000000000000082e-05 6.153554185663652303e-03
1.194344227929598594e-02 3.535511653708438371e-03 1.201801750525787610e-01 1.000000000000000082e-05 1.000000000000000082e-05
7.940085708699569020e-03 7.023861812531121546e-03 1.082814984901110944e-01 1.000000000000000082e-05 1.000000000000000082e-05
5.098272861254462759e-03 8.617418793183876172e-03 9.531959380299884210e-02 1.000000000000000082e-05 1.000000000000000082e-05
3.047807846691724144e-03 8.763762993954616123e-03 8.220848369216804397e-02 1.000000000000000082e-05 1.000000000000000082e-05
1.047689097965289395e-03 7.706705069507372406e-03 7.035126874512021011e-02 1.000000000000000082e-05 1.000000000000000082e-05
6.433388595166258678e-05 6.192950619623765508e-03 6.045231417194259216e-02 1.000000000000000082e-05 1.000000000000000082e-05
2.495830302678980162e-05 5.001346236435391494e-03 4.609975676354000074e-02 1.000000000000000082e-05 1.000000000000000082e-05
3.432403767198067440e-04 2.515997306621051317e-03 2.253760950084673226e-02 1.000000000000000082e-05 1.000000000000000082e-05
3.321190674767268117e-04 7.595324684977440902e-05 3.470962806901597801e-03 1.000000000000000082e-05 1.000000000000000082e-05
7.403897553470469158e-05 3.310703491490264765e-05 5.873303922852728175e-05 7.041307312950046641e-05 1.000000000000000082e-05
0.000000000000000000e+00 0.000000000000000000e+00 -0.000000000000000000e+00 0.000000000000000000e+00 0.000000000000000000e+00
0.000000000000000000e+00 0.000000000000000000e+00 -0.000000000000000000e+00 0.000000000000000000e+00 0.000000000000000000e+00
0.000000000000000000e+00 0.000000000000000000e+00 -0.000000000000000000e+00 0.000000000000000000e+00 0.000000000000000000e+00
2.225837398485087037e-04 1.000000000000000082e-05 1.785932097482040171e-05 4.543262025400837987e-06 1.000000000000000082e-05
4.982063112283354606e-03 6.303540048350971285e-05 6.368296856946083398e-06 6.879796913613570736e-05 1.000000000000000082e-05
1.990087923871607448e-02 1.000000000000000082e-05 1.000000000000000082e-05 8.849966669313690535e-04 1.000000000000000082e-05
5.820188780589075073e-02 1.000000000000000082e-05 1.000000000000000082e-05 3.969558779466280350e-03 1.000000000000000082e-05
1.108729553696978370e-01 3.572762201496001901e-03 1.000000000000000082e-05 1.137784051238270415e-02 1.000000000000000082e-05
1.402405474736590218e-01 3.278701278106039424e-02 5.504554433048764508e-05 2.057093165347121527e-02 1.000000000000000082e-05
1.017615675003155640e-01 7.670628152498605579e-02 8.862200051309887527e-03 3.832850891982937658e-02 1.917459875191095814e-02
2.623007436046930971e-02 9.317598871177354414e-02 2.716217657672308911e-02 6.320959647438907647e-02 6.752072206410704436e-02
1.000000000000000082e-05 6.286023420417800878e-02 6.300497028237439512e-02 7.958907024120365215e-02 1.054502930052799853e-01
1.000000000000000082e-05 8.248969116318975378e-03 9.960592634496544251e-02 7.118084350275095951e-02 1.192163943285012295e-01
2.987255095301974937e-03 1.000000000000000082e-05 1.137238584374641870e-01 3.845182632762660091e-02 1.125181550503048661e-01
2.089193350590425047e-02 1.000000000000000082e-05 1.019097522990857901e-01 5.586264003197855682e-03 1.000834624943466311e-01
2.834886444807575151e-02 1.000000000000000082e-05 8.250123524025276822e-02 1.000000000000000082e-05 8.700464616948189178e-02
3.151491831985463177e-02 1.000000000000000082e-05 6.328221844403712770e-02 1.000000000000000082e-05 7.345574614003144709e-02
3.287787093898394963e-02 1.000000000000000082e-05 5.248623537576047049e-02 1.000000000000000082e-05 5.196342700462141390e-02
2.866106084515234950e-02 1.000000000000000082e-05 4.383898287775578329e-02 1.000000000000000082e-05 3.062049478753341158e-02
1.865271103207967462e-02 1.000000000000000082e-05 3.563020303290440061e-02 1.000000000000000082e-05 1.528211216753636720e-02
9.851288956019528878e-03 1.000000000000000082e-05 2.891143356479665069e-02 1.000000000000000082e-05 6.091036795700101487e-03
4.295049478001205893e-03 7.528059003778336507e-04 2.375878448681377486e-02 1.000000000000000082e-05 1.743716280598617665e-03
1.661382666304717440e-03 1.249983895525472004e-03 1.909427392174690985e-02 1.000000000000000082e-05 5.012758011920598810e-04
5.972582330289376512e-04 1.465506869740131361e-03 1.707862189302349759e-02 1.000000000000000082e-05 3.772685050222630973e-04
1.769582985266885940e-04 1.115011566198630902e-03 1.315091362748249497e-02 1.000000000000000082e-05 1.466329032392955066e-04
1.609520527193532562e-04 7.505137947672748484e-04 6.682424496995367780e-03 1.000000000000000082e-05 1.000000000000000082e-05
2.126548002178535967e-04 8.266083867331743722e-05 1.289597524492807441e-03 1.000000000000000082e-05 1.000000000000000082e-05
3.542321811748563734e-05 7.290143650846889411e-06 2.370138789146299075e-05 2.871576444586091336e-05 1.000000000000000082e-05
0.000000000000000000e+00 0.000000000000000000e+00 -0.000000000000000000e+00 0.000000000000000000e+00 0.000000000000000000e+00
0.000000000000000000e+00 0.000000000000000000e+00 -0.000000000000000000e+00 0.000000000000000000e+00 0.000000000000000000e+00
0.000000000000000000e+00 0.000000000000000000e+00 -0.000000000000000000e+00 0.000000000000000000e+00 0.000000000000000000e+00
1.298935592445573479e-03 8.186383087713131014e-05 5.632838396107563481e-05 2.546006390580454431e-05 1.000000000000000082e-05
5.829902463923367258e-03 5.158490656556372554e-06 1.292724874366724510e-05 1.785079053499434554e-04 1.000000000000000082e-05
2.280080818384789057e-02 1.000000000000000082e-05 1.000000000000000082e-05 1.191577702861450986e-03 1.000000000000000082e-05
6.300704519931456249e-02 1.000000000000000082e-05 1.000000000000000082e-05 6.510618674589348925e-03 1.000000000000000082e-05
1.137234242499178122e-01 3.336582812670773820e-03 1.000000000000000082e-05 1.984496578247049031e-02 1.000000000000000082e-05
1.392999801475574562e-01 3.277823968662786636e-02 5.937349060596079121e-03 3.813244414431193885e-02 1.000000000000000082e-05
1.098726881834301145e-01 6.949766254245176578e-02 2.399592215864689015e-02 5.795394030768533794e-02 1.877245104729209635e-02
5.216965176255261571e-02 8.777944489523513416e-02 5.810287594538667000e-02 6.640132058371997492e-02 6.672303271924087675e-02
1.301467632094487244e-02 6.837413680565392060e-02 9.185797940692906616e-02 5.951256912629588475e-02 1.084600595848824872e-01
1.046077533997138639e-02 3.313092002278806431e-02 1.010501265291442047e-01 3.848158635599603639e-02 1.309048995540447180e-01
2.018129374904104392e-02 1.363424190815133198e-02 8.202941994280653348e-02 1.453480874671872480e-02 1.382332128437850638e-01
2.909889040290895498e-02 4.134752033755022434e-03 5.257275733613182844e-02 8.455298860061446738e-04 1.373899553013915587e-01
3.496395260180673592e-02 1.000000000000000082e-05 3.011899961867786982e-02 1.000000000000000082e-05 1.333805673581308637e-01
4.110998283679231924e-02 1.000000000000000082e-05 1.255289329714531776e-02 1.000000000000000082e-05 1.236420077728391520e-01
4.726344610263514406e-02 1.000000000000000082e-05 3.615442872785290182e-03 1.000000000000000082e-05 1.039048321467311436e-01
4.962544498471111593e-02 1.000000000000000082e-05 3.174182434707432704e-04 1.000000000000000082e-05 7.480844044841632179e-02
4.480014769702511668e-02 1.000000000000000082e-05 7.148126065376355460e-04 1.000000000000000082e-05 4.268155823897291923e-02
3.092866947802971195e-02 1.000000000000000082e-05 2.308506688402673507e-03 1.000000000000000082e-05 1.944305152331619185e-02
1.582265253939457370e-02 1.000000000000000082e-05 2.973995289617562682e-03 1.000000000000000082e-05 6.267459436261636589e-03
5.866397001510482469e-03 1.000000000000000082e-05 2.939126691339201836e-03 1.000000000000000082e-05 1.927014618274560569e-03
2.052743077017181363e-03 1.000000000000000082e-05 2.546488657843361779e-03 1.000000000000000082e-05 7.922856625842412655e-04
4.343736380315377151e-05 1.267399488466860709e-04 1.699836159165012475e-03 1.000000000000000082e-05 1.745168176646457023e-04
1.000000000000000082e-05 5.808266176040156030e-05 7.342261689446913939e-04 1.000000000000000082e-05 9.312196634930113492e-05
1.000000000000000082e-05 2.029975934806945198e-06 3.417414844399562011e-04 1.000000000000000082e-05 5.364395442849161062e-05
0.000000000000000000e+00 0.000000000000000000e+00 -0.000000000000000000e+00 0.000000000000000000e+00 0.000000000000000000e+00
0.000000000000000000e+00 0.000000000000000000e+00 -0.000000000000000000e+00 0.000000000000000000e+00 0.000000000000000000e+00
0.000000000000000000e+00 0.000000000000000000e+00 -0.000000000000000000e+00 0.000000000000000000e+00 0.000000000000000000e+00
0.000000000000000000e+00 0.000000000000000000e+00 -0.000000000000000000e+00 0.000000000000000000e+00 0.000000000000000000e+00
1.006671197681554501e-03 3.434707912089010525e-05 8.556040234062122873e-05 4.719934981854610566e-05 1.000000000000000082e-05
5.876032704904750673e-03 1.000000000000000082e-05 1.000000000000000082e-05 3.465392932983043009e-04 1.000000000000000082e-05
2.352300288543519510e-02 1.000000000000000082e-05 1.024316755364753293e-05 2.493258123053333514e-03 1.000000000000000082e-05
6.034965014561774477e-02 1.000000000000000082e-05 2.931045202032761575e-04 9.477765403193342403e-03 1.000000000000000082e-05
1.064995930519808121e-01 9.917364114304125320e-04 2.689157049921675480e-03 2.746870265444464193e-02 1.000000000000000082e-05
1.347815820596692804e-01 2.660318511748869033e-02 1.581022436129126893e-02 4.940819125935961426e-02 1.000000000000000082e-05
1.176252477115317663e-01 6.244996071891677214e-02 4.627152703855524907e-02 6.814584881931419480e-02 1.920025929764277838e-03
7.589356143554441825e-02 8.940913816599753428e-02 8.730624749187376743e-02 6.480984150182325654e-02 3.359826123858974944e-02
4.203901784230732602e-02 9.459873409723557058e-02 1.089685651634308833e-01 4.900803535128872568e-02 6.038128352025055878e-02
2.762753614390315096e-02 8.806660769776498976e-02 1.006049620534389677e-01 3.222587329663071515e-02 7.642563559717013844e-02
2.223716631297719543e-02 8.352789024966270071e-02 7.945397099743220504e-02 1.681430405944058307e-02 8.263966231402852802e-02
2.048486306066740065e-02 7.795482078294925510e-02 5.954388457438472559e-02 2.626752262925932321e-03 8.912149477414563203e-02
2.176818138410768072e-02 6.295881669461439456e-02 3.842861851345309721e-02 1.000000000000000082e-05 9.919416973287679962e-02
2.653633001593501406e-02 4.004747087937927247e-02 1.779320691616025768e-02 1.000000000000000082e-05 1.126498843385616705e-01
3.798916586800344525e-02 1.508436558209152144e-02 5.651651245980324808e-04 1.000000000000000082e-05 1.211050568980845399e-01
5.426997302293859460e-02 1.000000000000000082e-05 1.000000000000000082e-05 1.000000000000000082e-05 1.107619110326618639e-01
6.542901137412029944e-02 1.000000000000000082e-05 1.000000000000000082e-05 1.000000000000000082e-05 7.571250955682019834e-02
5.420199880303307877e-02 1.000000000000000082e-05 1.000000000000000082e-05 4.488786350475057322e-04 3.933208657350006215e-02
3.361924025612034878e-02 1.000000000000000082e-05 1.000000000000000082e-05 1.006473349395942216e-03 1.487354885686699435e-02
1.595581242317763854e-02 1.000000000000000082e-05 1.000000000000000082e-05 4.541979599941116451e-04 4.633720860237926058e-03
5.819776037000700709e-03 1.000000000000000082e-05 1.302455562472002349e-04 2.271230944631562646e-04 1.218458149809583313e-03
1.064988415098314014e-03 1.000000000000000082e-05 7.186475861375796810e-05 7.898729433713323343e-05 1.117881328132967181e-04
2.065556057304428721e-05 1.000000000000000082e-05 6.414948188359650104e-05 1.000000000000000082e-05 7.750420191901820333e-05
1.000000000000000082e-05 1.000000000000000082e-05 3.571537394951061826e-05 1.000000000000000082e-05 1.301403329611159819e-05
0.000000000000000000e+00 0.000000000000000000e+00 -0.000000000000000000e+00 0.000000000000000000e+00 0.000000000000000000e+00
1.000000000000000082e-05 6.561127124599663038e-05 1.000000000000000082e-05 1.000000000000000082e-05 2.196001856798462321e-05
0.000000000000000000e+00 0.000000000000000000e+00 -0.000000000000000000e+00 0.000000000000000000e+00 0.000000000000000000e+00
0.000000000000000000e+00 0.000000000000000000e+00 -0.000000000000000000e+00 0.000000000000000000e+00 0.000000000000000000e+00
1.956478538258404258e-04 1.000000000000000082e-05 1.261871045669814197e-04 1.498996397344993259e-06 2.004252654627297126e-04
4.529484791669798581e-03 1.000000000000000082e-05 2.480068028281223920e-04 2.524627614947288286e-04 1.000000000000000082e-05
1.899076287663224380e-02 1.000000000000000082e-05 1.034518902350857342e-03 2.776173208717471093e-03 1.000000000000000082e-05
4.843426642469048776e-02 1.000000000000000082e-05 1.770782246634540957e-03 1.017951027880497315e-02 1.000000000000000082e-05
8.426326490861613117e-02 1.000000000000000082e-05 4.942873657613935934e-03 2.889605008875667513e-02 1.000000000000000082e-05
1.108759451638600818e-01 1.798152338070541090e-02 2.140848685348751418e-02 5.090787956627806227e-02 1.000000000000000082e-05
1.060280958545861130e-01 5.136310955075158030e-02 5.897555311885083890e-02 6.351048189192362581e-02 1.000000000000000082e-05
7.728698195950821359e-02 8.247594935570207175e-02 9.547066692097636031e-02 6.119419047984699794e-02 1.000000000000000082e-05
4.942819402385249111e-02 9.968371319393402874e-02 1.097143263526481338e-01 5.395263137152466609e-02 1.000000000000000082e-05
3.153532043504632398e-02 1.114310462104129706e-01 1.070473495663837732e-01 4.721072268491836171e-02 1.000000000000000082e-05
1.989573856627841267e-02 1.191219375760087379e-01 9.800855285303160247e-02 3.635972637220451914e-02 1.000000000000000082e-05
1.263932021619382923e-02 1.223559240439545531e-01 8.622989106929332404e-02 2.272761827306664373e-02 1.000000000000000082e-05
8.742650742879692904e-03 1.224762500859437886e-01 7.073039512646238369e-02 5.425372231775697079e-03 1.533023517104048147e-02
5.626641151075717842e-03 1.081056131299021478e-01 4.876258828743411378e-02 1.000000000000000082e-05 4.500307540006327767e-02
1.102249430084962026e-02 7.897007650674960078e-02 2.178651291624959102e-02 1.000000000000000082e-05 8.392228659688101555e-02
3.501193151076761878e-02 3.459092924680583214e-02 1.000000000000000082e-05 1.000000000000000082e-05 1.096641029771471404e-01
6.417232534065726857e-02 1.000000000000000082e-05 1.000000000000000082e-05 1.000000000000000082e-05 9.732773594656350669e-02
7.472147044599623811e-02 1.000000000000000082e-05 1.000000000000000082e-05 1.000000000000000082e-05 5.983284669278796097e-02
5.673823286466226495e-02 1.000000000000000082e-05 1.000000000000000082e-05 1.007562620047425771e-03 2.615480705896584476e-02
3.085934421351718346e-02 1.000000000000000082e-05 1.000000000000000082e-05 1.176919686500449381e-03 7.809391475117880531e-03
1.219435714884515264e-02 1.000000000000000082e-05 1.000000000000000082e-05 6.372767945943213184e-04 1.641266885027548158e-03
3.556119180728996385e-03 1.000000000000000082e-05 1.000000000000000082e-05 3.054462495740646101e-04 1.222402567158955525e-04
1.108126915415205222e-04 1.000000000000000082e-05 1.000000000000000082e-05 1.000000000000000082e-05 1.482799857788863029e-04
0.000000000000000000e+00 0.000000000000000000e+00 -0.000000000000000000e+00 0.000000000000000000e+00 0.000000000000000000e+00
0.000000000000000000e+00 0.000000000000000000e+00 -0.000000000000000000e+00 0.000000000000000000e+00 0.000000000000000000e+00
1.000000000000000082e-05 2.148333660267163635e-05 1.000000000000000082e-05 1.000000000000000082e-05 7.190448557658649083e-06
0.000000000000000000e+00 0.000000000000000000e+00 -0.000000000000000000e+00 0.000000000000000000e+00 0.000000000000000000e+00
0.000000000000000000e+00 0.000000000000000000e+00 -0.000000000000000000e+00 0.000000000000000000e+00 0.000000000000000000e+00
1.000000000000000082e-05 1.000000000000000082e-05 1.668126795703730526e-04 2.547507241959689591e-05 7.543738709038229307e-04
1.491459625082883125e-03 1.000000000000000082e-05 6.376078811101435016e-04 1.000000000000000082e-05 7.934729744880340309e-04
1.067121205278867037e-02 1.000000000000000082e-05 2.787349447274216092e-03 1.739772604080208488e-03 1.857657521189068830e-05
2.800013708484549307e-02 1.000000000000000082e-05 7.041535850406544471e-03 7.923282820795702480e-03 1.000000000000000082e-05
5.130745213513906305e-02 1.000000000000000082e-05 1.052644637786348189e-02 2.127308323415718835e-02 1.000000000000000082e-05
7.159669177568632470e-02 1.002507268498179643e-02 2.286700482149610705e-02 3.850679724400049575e-02 1.000000000000000082e-05
7.596086006656826983e-02 3.251174048050939347e-02 4.798809963730020500e-02 4.744666294558988473e-02 1.000000000000000082e-05
6.318625390507695561e-02 5.565272130229471231e-02 6.871128217869083843e-02 5.248224143854267332e-02 1.000000000000000082e-05
4.435829449411930053e-02 6.673668008927380324e-02 7.534468835318236524e-02 5.845015838429459126e-02 1.000000000000000082e-05
3.008141166568970362e-02 7.100529194195351335e-02 7.627068023140293196e-02 6.393207356124713803e-02 1.000000000000000082e-05
1.939609590999641017e-02 7.620120108548486537e-02 7.690671024488528185e-02 6.539194798494139815e-02 1.000000000000000082e-05
9.586039585890531595e-03 8.642917452991953631e-02 7.942230100726045683e-02 5.780473738481545221e-02 1.000000000000000082e-05
1.000000000000000082e-05 1.034006900344463104e-01 8.097751056172916573e-02 3.865785545256757161e-02 1.000000000000000082e-05
1.000000000000000082e-05 1.222976988445870633e-01 6.717904946420090451e-02 1.661714562788499383e-02 1.000000000000000082e-05
1.000000000000000082e-05 1.223881156855014946e-01 3.902799343822949130e-02 1.000000000000000082e-05 3.769504830303673643e-02
3.028217661294954708e-03 8.898896658074917365e-02 1.295670436959812932e-02 1.000000000000000082e-05 8.207490582965706882e-02
4.872883381685161330e-02 3.327855414078245699e-02 1.000000000000000082e-05 1.000000000000000082e-05 9.687677773128280934e-02
8.228545182443749995e-02 1.000000000000000082e-05 1.000000000000000082e-05 1.000000000000000082e-05 7.061486733918349856e-02
7.754124233941614430e-02 1.000000000000000082e-05 1.000000000000000082e-05 1.000000000000000082e-05 3.517822964163865029e-02
4.889629108942596114e-02 1.000000000000000082e-05 1.000000000000000082e-05 1.172266296539700063e-03 1.266377307940181815e-02
2.208287095494097796e-02 1.000000000000000082e-05 1.000000000000000082e-05 1.186851091334561710e-03 2.356078893579976238e-03
6.499012957450820208e-03 1.000000000000000082e-05 1.000000000000000082e-05 4.784919861265967181e-04 2.805278114555090482e-04
3.474329699941614393e-04 1.000000000000000082e-05 1.000000000000000082e-05 2.890085004850383700e-05 1.166699720868287336e-04
0.000000000000000000e+00 0.000000000000000000e+00 -0.000000000000000000e+00 0.000000000000000000e+00 0.000000000000000000e+00
0.000000000000000000e+00 0.000000000000000000e+00 -0.000000000000000000e+00 0.000000000000000000e+00 0.000000000000000000e+00
0.000000000000000000e+00 0.000000000000000000e+00 -0.000000000000000000e+00 0.000000000000000000e+00 0.000000000000000000e+00
0.000000000000000000e+00 0.000000000000000000e+00 -0.000000000000000000e+00 0.000000000000000000e+00 0.000000000000000000e+00
0.000000000000000000e+00 0.000000000000000000e+00 -0.000000000000000000e+00 0.000000000000000000e+00 0.000000000000000000e+00
1.000000000000000082e-05 1.000000000000000082e-05 1.076044355547326701e-04 9.075180477974998793e-05 1.467153484913828613e-03
1.000000000000000082e-05 1.000000000000000082e-05 1.637925853196017453e-03 1.447664584332501855e-04 3.946168564518706852e-03
3.801523742377013824e-03 1.000000000000000082e-05 7.759917721949382945e-03 6.679299575054690585e-04 5.445600549223677048e-03
1.014881032395260549e-02 1.000000000000000082e-05 1.992252215589348022e-02 1.347097591578890483e-03 5.085243282195516662e-03
1.897415172889767646e-02 1.000000000000000082e-05 2.192610555432703348e-02 9.559454495344177349e-03 1.321701570215975507e-04
3.167822515760172764e-02 4.612711933970330136e-03 2.120431639299956081e-02 2.017027390925809488e-02 1.000000000000000082e-05
3.927404256959029366e-02 1.597133694874239979e-02 2.738704559989627377e-02 2.816485206059400268e-02 1.000000000000000082e-05
3.805123542317555285e-02 2.383842510664897774e-02 3.173112927219052387e-02 3.617615071120378056e-02 1.000000000000000082e-05
3.155842193304377735e-02 2.410195502402237913e-02 3.215127415476560363e-02 4.697687179064747448e-02 1.000000000000000082e-05
2.555624398176039799e-02 1.930350601136257213e-02 3.703935299500742823e-02 5.968147103829392341e-02 1.000000000000000082e-05
1.976079188375584952e-02 1.788060249555031150e-02 4.884306255856099566e-02 6.994634868411016282e-02 1.000000000000000082e-05
1.192837171522432953e-02 2.590968365716430147e-02 6.706174228631213430e-02 7.383362611465775494e-02 1.000000000000000082e-05
1.571339644236452102e-03 4.888656160988921751e-02 7.886553440931762249e-02 6.736337132769239233e-02 1.000000000000000082e-05
1.000000000000000082e-05 8.367345796165390204e-02 7.464521174117692837e-02 5.086147807700546614e-02 1.000000000000000082e-05
1.000000000000000082e-05 1.220248939899400281e-01 4.705926259130158162e-02 2.083052354601610742e-02 1.589418112373223654e-02
1.000000000000000082e-05 1.213408849724695870e-01 2.040163506442082067e-02 1.000000000000000082e-05 6.264213094773209145e-02
2.663221041956721075e-02 6.997270357775438321e-02 1.000000000000000082e-05 1.000000000000000082e-05 8.843330637949381456e-02
8.064886050385206007e-02 1.161033211565212775e-02 1.000000000000000082e-05 1.000000000000000082e-05 7.117603085068652247e-02
9.212897352424924413e-02 1.000000000000000082e-05 1.000000000000000082e-05 1.000000000000000082e-05 3.716340134673419560e-02
6.404459681793087111e-02 1.000000000000000082e-05 1.000000000000000082e-05 9.126824415170913885e-04 1.458669359639276457e-02
3.215365375997408792e-02 1.000000000000000082e-05 1.000000000000000082e-05 1.391652324367780849e-03 2.815424286946412342e-03
1.060952389832716010e-02 1.000000000000000082e-05 1.000000000000000082e-05 7.147094211004484604e-04 3.704261571066989412e-04
4.748496382541536913e-04 1.000000000000000082e-05 1.000000000000000082e-05 7.018829586775722767e-05 1.000000000000000082e-05
1.000000000000000082e-05 6.083831798913206160e-06 1.000000000000000082e-05 8.287124169395299831e-06 1.000000000000000082e-05
0.000000000000000000e+00 0.000000000000000000e+00 -0.000000000000000000e+00 0.000000000000000000e+00 0.000000000000000000e+00
0.000000000000000000e+00 0.000000000000000000e+00 -0.000000000000000000e+00 0.000000000000000000e+00 0.000000000000000000e+00
0.000000000000000000e+00 0.000000000000000000e+00 -0.000000000000000000e+00 0.000000000000000000e+00 0.000000000000000000e+00
0.000000000000000000e+00 0.000000000000000000e+00 -0.000000000000000000e+00 0.000000000000000000e+00 0.000000000000000000e+00
1.000000000000000082e-05 1.000000000000000082e-05 1.000000000000000082e-05 2.168169230739728549e-04 1.787651924746303097e-03
1.000000000000000082e-05 1.000000000000000082e-05 1.943089009510739259e-03 1.340242983997733074e-03 8.155199235755611342e-03
1.000000000000000082e-05 1.000000000000000082e-05 1.867411758785850889e-02 1.199708955650894424e-03 1.644201042619474265e-02
1.000000000000000082e-05 1.000000000000000082e-05 4.357122811308602323e-02 1.000000000000000082e-05 2.180712308882510470e-02
1.000000000000000082e-05 1.000000000000000082e-05 4.576839529810243501e-02 1.000000000000000082e-05 1.784156517863248748e-02
7.108967554398435036e-03 2.193039689961364010e-03 3.317705357966160146e-02 3.132992768333750164e-03 1.161445960531087493e-02
1.471035496621554348e-02 7.832506423058922460e-03 2.640720966236067418e-02 5.921987968119214220e-03 1.877938278578622847e-03
1.809960210875493497e-02 1.022850871394519190e-02 2.126256353587719500e-02 1.051013143858100206e-02 1.000000000000000082e-05
1.854278705815654016e-02 4.904201059763796736e-03 2.096746918864080683e-02 2.023789469209255620e-02 1.000000000000000082e-05
1.819354921426136890e-02 1.000000000000000082e-05 2.728062800879248531e-02 3.291083767303591007e-02 1.000000000000000082e-05
1.574747739351672546e-02 1.000000000000000082e-05 4.454587140674175910e-02 4.853143877844306314e-02 1.000000000000000082e-05
1.046351943241226150e-02 1.000000000000000082e-05 6.923261351772197481e-02 6.515280129062669956e-02 1.000000000000000082e-05
1.000000000000000082e-05 3.996648110395962551e-03 8.442479660035775990e-02 7.821434250389602827e-02 1.000000000000000082e-05
1.000000000000000082e-05 4.240588068611917533e-02 7.651133242028702874e-02 7.923410699659699796e-02 1.000000000000000082e-05
1.000000000000000082e-05 1.019279496675623842e-01 4.481875093906029922e-02 4.708697477360400396e-02 2.184711046350773858e-02
1.000000000000000082e-05 1.304716260933158345e-01 1.717314813683671823e-02 6.127396094958069634e-04 5.948762715934944462e-02
1.422030714841172709e-02 9.153618967138704710e-02 1.000000000000000082e-05 1.000000000000000082e-05 7.983402860299840254e-02
8.271712273834327944e-02 2.779629494568341269e-02 1.000000000000000082e-05 1.000000000000000082e-05 6.363251107497817916e-02
1.040589019611751348e-01 1.000000000000000082e-05 1.000000000000000082e-05 1.000000000000000082e-05 3.292296484027905368e-02
7.567013327422172919e-02 1.000000000000000082e-05 1.000000000000000082e-05 5.227650194321605383e-04 1.192518666745532620e-02
3.990116967764956862e-02 1.000000000000000082e-05 1.000000000000000082e-05 1.313800870055813804e-03 2.814767541552721641e-03
1.305347834440916469e-02 1.000000000000000082e-05 1.000000000000000082e-05 5.459612098106347670e-04 2.748561005570897536e-04
5.639261595077428102e-04 1.000000000000000082e-05 1.000000000000000082e-05 8.985785428523767400e-05 1.000000000000000082e-05
1.000000000000000082e-05 1.960345801872032399e-05 1.000000000000000082e-05 2.670295565694058863e-05 1.000000000000000082e-05
0.000000000000000000e+00 0.000000000000000000e+00 -0.000000000000000000e+00 0.000000000000000000e+00 0.000000000000000000e+00
0.000000000000000000e+00 0.000000000000000000e+00 -0.000000000000000000e+00 0.000000000000000000e+00 0.000000000000000000e+00
0.000000000000000000e+00 0.000000000000000000e+00 -0.000000000000000000e+00 0.000000000000000000e+00 0.000000000000000000e+00
1.000000000000000082e-05 1.000000000000000082e-05 1.872001038732308887e-06 1.000000000000000082e-05 5.160786637905788736e-05
1.000000000000000082e-05 1.000000000000000082e-05 1.000000000000000082e-05 2.421990546074503329e-04 2.442571689868017898e-03
1.000000000000000082e-05 1.000000000000000082e-05 1.958212334319605827e-03 3.340031566314496849e-03 1.385929041975425199e-02
1.000000000000000082e-05 1.000000000000000082e-05 2.626897020937375357e-02 8.026473739589475714e-03 3.226249968013767538e-02
1.000000000000000082e-05 1.000000000000000082e-05 7.132911288369672698e-02 3.009954176436435355e-03 4.775253406745139789e-02
1.000000000000000082e-05 1.000000000000000082e-05 7.623487013398480561e-02 1.000000000000000082e-05 4.835706548390551057e-02
1.000000000000000082e-05 3.083410599466851563e-03 6.022263554230186666e-02 1.000000000000000082e-05 3.612990857446811421e-02
2.039400538503668980e-03 7.394720462618020740e-03 4.682602435229277216e-02 1.000000000000000082e-05 2.259947436694826478e-02
5.933454008577468929e-03 6.643406415937530216e-03 3.993445927895941661e-02 1.000000000000000082e-05 1.247893678256888766e-02
6.284614539555715210e-03 2.661133355276546885e-03 4.177465283710209143e-02 1.000000000000000082e-05 5.620267097795572826e-03
6.990684794160129632e-03 1.000000000000000082e-05 5.357221021731900512e-02 5.465624524246411563e-03 9.857255856694578221e-04
5.845169790718480161e-03 1.000000000000000082e-05 7.631873728382704281e-02 2.236665273803385354e-02 1.000000000000000082e-05
1.000000000000000082e-05 1.000000000000000082e-05 9.832484192942374246e-02 5.008553034024302436e-02 1.430588345488861043e-03
1.000000000000000082e-05 1.000000000000000082e-05 9.629940145965151799e-02 8.586330749806707352e-02 7.657155758117390604e-03
1.000000000000000082e-05 1.998496390719905688e-02 6.624652847162101899e-02 9.996993088330037580e-02 2.085388916440299167e-02
1.000000000000000082e-05 9.079926953994786609e-02 2.918756076859774229e-02 6.337165218995094440e-02 4.529513589188853551e-02
1.000000000000000082e-05 1.313453345466372990e-01 7.624279736837315420e-03 7.499187748602515954e-03 6.567441025034224944e-02
1.520414546212407909e-02 9.854751313433357529e-02 1.000000000000000082e-05 1.000000000000000082e-05 7.405733674909270592e-02
9.001182459160272931e-02 3.461599577458124299e-02 1.000000000000000082e-05 1.000000000000000082e-05 5.346999159461399836e-02
1.133393885721849098e-01 1.000000000000000082e-05 1.000000000000000082e-05 1.000000000000000082e-05 2.253401342230174423e-02
8.544586505245124752e-02 1.000000000000000082e-05 1.000000000000000082e-05 1.000000000000000082e-05 6.205778476507602809e-03
4.392513221341905194e-02 1.000000000000000082e-05 1.000000000000000082e-05 1.664540801691204251e-03 1.254011329049160503e-03
1.301258016938644166e-02 1.000000000000000082e-05 1.000000000000000082e-05 5.612917593753885288e-04 2.681309227952413123e-04
5.337599105740921173e-04 1.000000000000000082e-05 1.000000000000000082e-05 5.731528572902616923e-05 1.000000000000000082e-05
1.000000000000000082e-05 4.495275718085886454e-05 1.000000000000000082e-05 6.123263969608738722e-05 1.000000000000000082e-05
0.000000000000000000e+00 0.000000000000000000e+00 -0.000000000000000000e+00 0.000000000000000000e+00 0.000000000000000000e+00
0.000000000000000000e+00 0.000000000000000000e+00 -0.000000000000000000e+00 0.000000000000000000e+00 0.000000000000000000e+00
0.000000000000000000e+00 0.000000000000000000e+00 -0.000000000000000000e+00 0.000000000000000000e+00 0.000000000000000000e+00
1.000000000000000082e-05 1.000000000000000082e-05 1.000000000000000082e-05 1.000000000000000082e-05 5.128185915693811089e-04
1.000000000000000082e-05 1.000000000000000082e-05 1.000000000000000082e-05 2.736004351595462919e-04 2.508216281937791000e-03
1.000000000000000082e-05 1.000000000000000082e-05 9.820585850339159061e-04 5.509148263638094165e-03 1.716321927321667537e-02
1.000000000000000082e-05 1.000000000000000082e-05 2.521360648240716928e-02 1.908100337940435431e-02 4.616138198787949481e-02
1.000000000000000082e-05 1.000000000000000082e-05 7.613010770091811763e-02 2.273889855175491304e-02 7.264340237372082787e-02
1.000000000000000082e-05 1.000000000000000082e-05 9.754747479957152911e-02 1.492179727960243896e-02 7.936571818544170542e-02
1.000000000000000082e-05 1.000000000000000082e-05 9.303952126980011283e-02 1.000000000000000082e-05 7.137717161561064894e-02
1.000000000000000082e-05 6.908804887921447466e-03 8.663963733276026924e-02 1.000000000000000082e-05 5.427988429887329463e-02
5.274789762865797439e-04 8.110256105968946874e-03 8.589114844161276074e-02 1.000000000000000082e-05 3.843447562228001491e-02
1.000000000000000082e-05 4.590824597790349633e-03 9.258697410786678739e-02 1.000000000000000082e-05 2.831304674377109823e-02
1.000000000000000082e-05 1.000000000000000082e-05 1.058557399007341582e-01 1.000000000000000082e-05 2.367650773723779800e-02
1.000000000000000082e-05 1.000000000000000082e-05 1.199775066108527688e-01 1.406057370179031318e-02 2.497393146648111545e-02
1.000000000000000082e-05 1.000000000000000082e-05 1.177977088655440541e-01 5.678028207948966621e-02 3.273613961727440264e-02
1.000000000000000082e-05 1.000000000000000082e-05 8.491969196321604019e-02 1.035914685556118264e-01 4.311280355557735311e-02
1.000000000000000082e-05 2.718667628577820308e-02 3.913986486290609718e-02 1.086202621654431960e-01 5.699758222352750703e-02
1.000000000000000082e-05 9.823786789225871785e-02 7.266523874439226316e-03 6.166918850795149315e-02 6.863816875239611703e-02
1.000000000000000082e-05 1.299069186317730051e-01 1.000000000000000082e-05 1.945701122478216789e-03 7.420503686703189272e-02
4.148177295619943916e-02 9.025006294811029062e-02 1.000000000000000082e-05 1.000000000000000082e-05 6.538294898718079173e-02
1.078654110544460809e-01 3.018135847804209390e-02 1.000000000000000082e-05 1.000000000000000082e-05 3.791239972538731906e-02
1.193202215757974693e-01 1.000000000000000082e-05 1.000000000000000082e-05 1.000000000000000082e-05 1.083154148796882169e-02
8.541793015158367919e-02 1.000000000000000082e-05 1.000000000000000082e-05 1.000000000000000082e-05 3.404037083150877083e-04
3.976440806263735472e-02 1.000000000000000082e-05 1.000000000000000082e-05 1.648867105100947300e-03 1.000000000000000082e-05
9.600421320356666149e-03 1.000000000000000082e-05 1.000000000000000082e-05 4.571561418694094613e-04 1.185381973243485206e-04
4.549109716764925698e-04 1.000000000000000082e-05 9.986054264772406053e-06 4.064045775936944921e-05 1.000000000000000082e-05
1.000000000000000082e-05 5.238855160175256954e-05 1.000000000000000082e-05 7.136134701423742363e-05 1.000000000000000082e-05
0.000000000000000000e+00 0.000000000000000000e+00 -0.000000000000000000e+00 0.000000000000000000e+00 0.000000000000000000e+00
0.000000000000000000e+00 0.000000000000000000e+00 -0.000000000000000000e+00 0.000000000000000000e+00 0.000000000000000000e+00
0.000000000000000000e+00 0.000000000000000000e+00 -0.000000000000000000e+00 0.000000000000000000e+00 0.000000000000000000e+00
1.000000000000000082e-05 1.000000000000000082e-05 1.000000000000000082e-05 1.000000000000000082e-05 2.553867641770895787e-04
1.000000000000000082e-05 1.000000000000000082e-05 1.000000000000000082e-05 4.650241567413145602e-04 2.705574300156278391e-03
1.000000000000000082e-05 1.000000000000000082e-05 1.000000000000000082e-05 6.179782390426913873e-03 1.550181719640750765e-02
1.000000000000000082e-05 1.000000000000000082e-05 1.252608776457997744e-02 2.777309798011854541e-02 4.490654989144931414e-02
1.000000000000000082e-05 1.000000000000000082e-05 5.286310869826874731e-02 4.947045522631528941e-02 7.846664048817635073e-02
1.000000000000000082e-05 1.000000000000000082e-05 8.452780257194980607e-02 4.846218049036535302e-02 1.002350705201624781e-01
1.000000000000000082e-05 1.000000000000000082e-05 9.869536423685348892e-02 2.714303154678261026e-02 1.078537701787529307e-01
1.000000000000000082e-05 1.422573037044027894e-03 1.111995953231075945e-01 4.564053571034418742e-03 1.001642580333247934e-01
1.000000000000000082e-05 5.543139156418935842e-03 1.209345346207060107e-01 1.000000000000000082e-05 8.547933353424071179e-02
1.000000000000000082e-05 1.000000000000000082e-05 1.288031431099719570e-01 1.000000000000000082e-05 7.329058416650995056e-02
1.000000000000000082e-05 1.000000000000000082e-05 1.273179157550455298e-01 1.480912969039632418e-02 6.866005192814454705e-02
1.000000000000000082e-05 1.000000000000000082e-05 1.151445395520008380e-01 5.065351477437324973e-02 7.295133987613414139e-02
1.000000000000000082e-05 1.000000000000000082e-05 8.483350452729687685e-02 9.382011420460011075e-02 8.021271416868724913e-02
1.000000000000000082e-05 1.644393836331155658e-03 4.021245015873631257e-02 1.184141489023609328e-01 8.756510915229920311e-02
1.000000000000000082e-05 6.173639265045108987e-02 4.827943369059868074e-03 9.415896408729430844e-02 9.033001228898572543e-02
1.000000000000000082e-05 1.177161280328812981e-01 1.000000000000000082e-05 3.672959955637188079e-02 8.291470316333716950e-02
2.088926261425410116e-02 1.202589072738029091e-01 1.000000000000000082e-05 1.000000000000000082e-05 6.887379435277420081e-02
9.213038091485080405e-02 6.865979554364806670e-02 1.000000000000000082e-05 1.000000000000000082e-05 4.555506464199985533e-02
1.295696240163367319e-01 1.747802070237994623e-02 1.000000000000000082e-05 1.000000000000000082e-05 1.648555555136031053e-02
1.141601732691921445e-01 1.000000000000000082e-05 1.000000000000000082e-05 1.000000000000000082e-05 1.000000000000000082e-05
7.224409955286020812e-02 1.000000000000000082e-05 1.000000000000000082e-05 2.431558113870213448e-04 1.000000000000000082e-05
2.983659755894565307e-02 1.000000000000000082e-05 1.000000000000000082e-05 1.180762579176381248e-03 1.000000000000000082e-05
6.203595272452040212e-03 1.000000000000000082e-05 1.000000000000000082e-05 2.976853112319834973e-04 3.752474061083049779e-05
2.525619385756048738e-04 1.000000000000000082e-05 3.657767539730080942e-05 1.000000000000000082e-05 1.000000000000000082e-05
1.000000000000000082e-05 5.083589282844369492e-05 1.000000000000000082e-05 8.459766377527673097e-05 1.000000000000000082e-05
1.000000000000000082e-05 1.000000000000000082e-05 1.000000000000000082e-05 3.893034341482117211e-05 1.000000000000000082e-05
0.000000000000000000e+00 0.000000000000000000e+00 -0.000000000000000000e+00 0.000000000000000000e+00 0.000000000000000000e+00
0.000000000000000000e+00 0.000000000000000000e+00 -0.000000000000000000e+00 0.000000000000000000e+00 0.000000000000000000e+00
1.000000000000000082e-05 1.000000000000000082e-05 1.000000000000000082e-05 1.631689576575170012e-07 5.557770357820565187e-06
1.000000000000000082e-05 1.000000000000000082e-05 1.000000000000000082e-05 4.991217306433031776e-04 1.707922458236528322e-03
1.000000000000000082e-05 1.000000000000000082e-05 1.000000000000000082e-05 5.175449171722213207e-03 1.100247888040870210e-02
1.000000000000000082e-05 1.000000000000000082e-05 1.000000000000000082e-05 2.552206830168794738e-02 3.137333411426087432e-02
1.000000000000000082e-05 1.000000000000000082e-05 1.334840105297092384e-02 6.221479059956760982e-02 6.331323459590362801e-02
1.000000000000000082e-05 1.000000000000000082e-05 3.498593924066103339e-02 8.266653527826929582e-02 9.515386109218471056e-02
1.000000000000000082e-05 1.000000000000000082e-05 5.426289691242718732e-02 7.728205621087366750e-02 1.183274592975507439e-01
1.000000000000000082e-05 1.000000000000000082e-05 7.050301199299235932e-02 5.884368853150732936e-02 1.306071744392366674e-01
4.279062640704434962e-03 3.470548173724857365e-03 8.135570492504275164e-02 4.884675600683623803e-02 1.289737791684355539e-01
4.231283027568834981e-03 1.000000000000000082e-05 8.395382006306036093e-02 5.303413840058845974e-02 1.234370549531423056e-01
1.000000000000000082e-05 1.000000000000000082e-05 7.334414769988560623e-02 7.227243096987082116e-02 1.210092746615954173e-01
1.000000000000000082e-05 1.000000000000000082e-05 5.053942391227260467e-02 9.614625605652731000e-02 1.202476204766714102e-01
1.000000000000000082e-05 1.712817568225114689e-02 2.037793121490937692e-02 1.096547061922205357e-01 1.175293677858289115e-01
1.000000000000000082e-05 5.981225400185621877e-02 1.000000000000000082e-05 9.691878525534236566e-02 1.061521408945382411e-01
1.000000000000000082e-05 1.061617856801506110e-01 1.000000000000000082e-05 5.336134507031692342e-02 8.787586092256290116e-02
4.363455400824523683e-02 1.243413240896940053e-01 1.000000000000000082e-05 3.293513756685371129e-03 6.504187056010964085e-02
9.873169874442579153e-02 9.147294830951251121e-02 1.000000000000000082e-05 1.000000000000000082e-05 3.885382276146372160e-02
1.350932667216952765e-01 3.958130615138533148e-02 1.000000000000000082e-05 1.000000000000000082e-05 1.456140260215082333e-02
1.321745395908562604e-01 3.461760902760626594e-03 1.000000000000000082e-05 1.000000000000000082e-05 1.000000000000000082e-05
9.378856309473582176e-02 1.000000000000000082e-05 1.000000000000000082e-05 1.000000000000000082e-05 1.000000000000000082e-05
4.882298488070808268e-02 1.000000000000000082e-05 1.000000000000000082e-05 9.526075752288193929e-04 1.000000000000000082e-05
1.769173032331100917e-02 1.000000000000000082e-05 1.000000000000000082e-05 7.817296091419908589e-04 1.000000000000000082e-05
2.381179173783524658e-03 1.000000000000000082e-05 8.973206050172018459e-05 1.000000000000000082e-05 1.000000000000000082e-05
1.826745339631389968e-04 3.909896915597610423e-05 4.603178144028887455e-05 1.000000000000000082e-05 1.000000000000000082e-05
1.000000000000000082e-05 4.630471980283954803e-05 1.000000000000000082e-05 6.307422284484189001e-05 1.000000000000000082e-05
0.000000000000000000e+00 0.000000000000000000e+00 -0.000000000000000000e+00 0.000000000000000000e+00 0.000000000000000000e+00
0.000000000000000000e+00 0.000000000000000000e+00 -0.000000000000000000e+00 0.000000000000000000e+00 0.000000000000000000e+00
0.000000000000000000e+00 0.000000000000000000e+00 -0.000000000000000000e+00 0.000000000000000000e+00 0.000000000000000000e+00
0.000000000000000000e+00 0.000000000000000000e+00 -0.000000000000000000e+00 0.000000000000000000e+00 0.000000000000000000e+00
1.000000000000000082e-05 1.000000000000000082e-05 1.000000000000000082e-05 2.633322524506182091e-04 3.759581340610398514e-04
1.000000000000000082e-05 1.000000000000000082e-05 1.000000000000000082e-05 3.414481994157529763e-03 5.253208465236786258e-03
1.000000000000000082e-05 1.000000000000000082e-05 1.000000000000000082e-05 1.556755271828463155e-02 1.515900231280574613e-02
1.000000000000000082e-05 1.000000000000000082e-05 1.000000000000000082e-05 4.822784646485515220e-02 3.076628107507319715e-02
1.000000000000000082e-05 1.000000000000000082e-05 1.000000000000000082e-05 8.283944617971769619e-02 5.503289612205636977e-02
1.000000000000000082e-05 1.000000000000000082e-05 1.000000000000000082e-05 1.031883006887763105e-01 7.952470904052340306e-02
8.103064093245623128e-03 1.326024518863706293e-02 3.218756773664439939e-03 1.039539002600160661e-01 1.003430277553943734e-01
2.104992967264478904e-02 2.879474819595252699e-02 1.052928402108764191e-02 9.550180081492753992e-02 1.117616510746251568e-01
2.909174057597443963e-02 3.859558219434901932e-02 1.117163530046502359e-02 9.238039153679981907e-02 1.162759135917482284e-01
3.323612744287692683e-02 4.642340793545916833e-02 3.148805202306872823e-03 9.514941780340369082e-02 1.137701732823247630e-01
3.668222408296199083e-02 6.098621876919488316e-02 1.000000000000000082e-05 9.439447871845803306e-02 1.050403415079138036e-01
4.425990276048222954e-02 8.574051004585578339e-02 1.000000000000000082e-05 8.008050588542850456e-02 8.869503294420640060e-02
6.298669473480840442e-02 1.144469160178855360e-01 1.000000000000000082e-05 4.689866897349675295e-02 6.553181481504877226e-02
9.090096438279417213e-02 1.232757740136584262e-01 1.000000000000000082e-05 8.196147352226533511e-03 4.171513842875003431e-02
1.271192065440637786e-01 9.757079442808844205e-02 1.000000000000000082e-05 1.000000000000000082e-05 1.569169710108454102e-02
1.463618197081985872e-01 5.230265947393011872e-02 1.000000000000000082e-05 1.000000000000000082e-05 1.000000000000000082e-05
1.340176070028238631e-01 1.251072596370449326e-02 1.000000000000000082e-05 1.000000000000000082e-05 1.000000000000000082e-05
9.742764534483226713e-02 1.000000000000000082e-05 1.000000000000000082e-05 1.000000000000000082e-05 1.000000000000000082e-05
5.563334073302362431e-02 1.000000000000000082e-05 1.000000000000000082e-05 6.319523450862388507e-04 1.000000000000000082e-05
2.561106408033333656e-02 1.000000000000000082e-05 5.058721243341711844e-05 8.613380925415575458e-04 1.000000000000000082e-05
7.616965933447817153e-03 1.000000000000000082e-05 2.265894934670697190e-04 1.955935945689030728e-04 1.000000000000000082e-05
7.541458163808092106e-04 3.640194530781191973e-05 1.763266319203994495e-04 1.000000000000000082e-05 1.000000000000000082e-05
1.828487785430393852e-04 2.889435082718454847e-05 5.202441590092914939e-05 1.000000000000000082e-05 1.000000000000000082e-05
1.000000000000000082e-05 2.703925243961415266e-06 1.000000000000000082e-05 3.683166297509043699e-06 1.000000000000000082e-05
0.000000000000000000e+00 0.000000000000000000e+00 -0.000000000000000000e+00 0.000000000000000000e+00 0.000000000000000000e+00
0.000000000000000000e+00 0.000000000000000000e+00 -0.000000000000000000e+00 0.000000000000000000e+00 0.000000000000000000e+00
0.000000000000000000e+00 0.000000000000000000e+00 -0.000000000000000000e+00 0.000000000000000000e+00 0.000000000000000000e+00
1.000000000000000082e-05 3.195045096274490016e-05 1.000000000000000082e-05 2.260769225517781164e-05 1.000000000000000082e-05
5.005456402657427806e-05 2.200020603862715162e-04 1.000000000000000082e-05 3.667323939586552336e-05 1.000000000000000082e-05
1.000000000000000082e-05 1.000000000000000082e-05 1.000000000000000082e-05 1.610908318947500443e-03 1.679297071162757496e-03
9.144530162985135111e-06 1.000000000000000082e-05 1.000000000000000082e-05 7.080257294840868257e-03 4.300987195039911344e-03
1.298556302193484618e-03 1.000000000000000082e-05 1.000000000000000082e-05 2.464561550160045134e-02 7.253629855464585607e-03
4.322957487485911549e-03 1.000000000000000082e-05 1.000000000000000082e-05 5.285906140599076070e-02 1.188435313264283102e-02
8.675490965802357471e-03 1.059639798909312904e-02 1.000000000000000082e-05 8.034997637159084494e-02 2.035252712351179327e-02
1.666703865068375895e-02 3.087343190970801357e-02 1.000000000000000082e-05 9.667246925511888134e-02 2.903471029463957145e-02
3.129678191870224196e-02 5.528158677794312026e-02 1.000000000000000082e-05 9.841381238579714752e-02 3.758182046650084679e-02
4.945770187059169570e-02 7.920175763101247601e-02 1.000000000000000082e-05 8.939081650816170510e-02 3.957843100466533481e-02
6.802413809548484014e-02 9.875672436851007374e-02 1.000000000000000082e-05 7.601549871145019122e-02 3.606609095927751363e-02
8.570911735588579439e-02 1.128571407231581808e-01 1.000000000000000082e-05 5.676022519777833980e-02 2.611648376051022014e-02
1.029770228390431142e-01 1.199453756921757264e-01 1.000000000000000082e-05 3.246894510965787906e-02 1.232342394611383486e-02
1.230133169925081010e-01 1.124534316294307779e-01 1.000000000000000082e-05 7.893965442336123642e-03 1.000000000000000082e-05
1.375389838689997368e-01 8.526153354390393624e-02 1.000000000000000082e-05 1.000000000000000082e-05 1.000000000000000082e-05
1.337791619795209719e-01 4.862194753112487194e-02 1.000000000000000082e-05 1.000000000000000082e-05 1.000000000000000082e-05
1.113674012983026929e-01 1.599824719702211406e-02 1.000000000000000082e-05 1.000000000000000082e-05 1.000000000000000082e-05
7.898472211645776730e-02 1.704697843013515358e-03 4.102636477022251994e-04 1.000000000000000082e-05 1.000000000000000082e-05
4.711978643167819003e-02 1.000000000000000082e-05 4.145258797512333488e-04 5.668295836700036356e-04 1.000000000000000082e-05
2.202399680795022463e-02 1.000000000000000082e-05 2.448074088290857001e-04 9.139319263442775322e-04 1.000000000000000082e-05
8.235510434372469990e-03 1.000000000000000082e-05 3.049978089582370882e-04 2.196535637180626731e-04 1.000000000000000082e-05
2.095461603670699651e-03 1.128653018966236781e-04 2.089805900973814353e-04 1.000000000000000082e-05 1.000000000000000082e-05
4.797825975753949239e-04 1.237762249905940558e-04 1.523019986509128098e-04 1.000000000000000082e-05 1.000000000000000082e-05
1.223791037492785792e-04 1.933873874260387367e-05 3.481949095731476699e-05 1.000000000000000082e-05 1.000000000000000082e-05
0.000000000000000000e+00 0.000000000000000000e+00 -0.000000000000000000e+00 0.000000000000000000e+00 0.000000000000000000e+00
0.000000000000000000e+00 0.000000000000000000e+00 -0.000000000000000000e+00 0.000000000000000000e+00 0.000000000000000000e+00
0.000000000000000000e+00 0.000000000000000000e+00 -0.000000000000000000e+00 0.000000000000000000e+00 0.000000000000000000e+00
0.000000000000000000e+00 0.000000000000000000e+00 -0.000000000000000000e+00 0.000000000000000000e+00 0.000000000000000000e+00
0.000000000000000000e+00 0.000000000000000000e+00 -0.000000000000000000e+00 0.000000000000000000e+00 0.000000000000000000e+00
3.004097641910667802e-04 6.227785554392396795e-05 1.000000000000000082e-05 1.000000000000000082e-05 1.000000000000000082e-05
1.000000000000000082e-05 2.637709239417168399e-04 1.000000000000000082e-05 1.244831193577968333e-04 2.470885428544434886e-04
1.552530455659190654e-04 5.996314790221322823e-04 1.000000000000000082e-05 1.319366790656601373e-03 3.418944825347066123e-04
8.288894564316813757e-04 1.798949899525729285e-03 1.000000000000000082e-05 6.939921053821885254e-03 1.000000000000000082e-05
3.093515355616405921e-03 2.582682036906598644e-03 1.000000000000000082e-05 2.024429583639847721e-02 1.000000000000000082e-05
7.864071620285099581e-03 8.884788162991813856e-03 1.000000000000000082e-05 3.716994444721704455e-02 1.000000000000000082e-05
1.622738326349886656e-02 2.184828399996447540e-02 1.000000000000000082e-05 5.231650045876755362e-02 1.000000000000000082e-05
2.712002504987224422e-02 3.853766643912127227e-02 1.000000000000000082e-05 6.012552978027302375e-02 1.000000000000000082e-05
4.168961132773872647e-02 5.704570768073749520e-02 1.000000000000000082e-05 5.780057660011823917e-02 1.000000000000000082e-05
5.847696756279537056e-02 7.347740090153842552e-02 1.000000000000000082e-05 4.590976283990608198e-02 1.000000000000000082e-05
7.404507936945342594e-02 7.873977525279873824e-02 1.000000000000000082e-05 2.965914893414912587e-02 1.000000000000000082e-05
8.488539460161399763e-02 7.001986998623613290e-02 1.000000000000000082e-05 1.416571663766491053e-02 1.000000000000000082e-05
8.831992869485005837e-02 4.972451479497923960e-02 1.000000000000000082e-05 3.479027845856999882e-03 1.000000000000000082e-05
7.859757507140906208e-02 2.695031760525445907e-02 1.000000000000000082e-05 6.997909523868366512e-04 1.000000000000000082e-05
6.149420727772386686e-02 1.075496477591587202e-02 9.441009592604051757e-04 1.338581483984226106e-03 1.000000000000000082e-05
4.199312348421078978e-02 2.732951620397063974e-03 9.924531669138862700e-04 1.245544626050127659e-03 1.000000000000000082e-05
2.543543798161342420e-02 2.563825312298520314e-04 1.056450812972292361e-03 5.233858056093196147e-04 1.000000000000000082e-05
1.279950481663722980e-02 1.000000000000000082e-05 7.972361683859342059e-04 4.698314468868363823e-04 1.000000000000000082e-05
5.803922212588350123e-03 1.000000000000000082e-05 5.032158422313716666e-04 3.252565356432338736e-04 1.000000000000000082e-05
2.202287721953775663e-03 9.328618073276377101e-05 2.080985245942934189e-04 8.747336402110849805e-05 1.000000000000000082e-05
9.521626622418889263e-04 1.324677989203108656e-04 1.645268175645337762e-04 1.000000000000000082e-05 1.000000000000000082e-05
3.683610502342936593e-04 1.026272455476983769e-04 1.268871649367515463e-04 1.000000000000000082e-05 1.000000000000000082e-05
0.000000000000000000e+00 0.000000000000000000e+00 -0.000000000000000000e+00 0.000000000000000000e+00 0.000000000000000000e+00
0.000000000000000000e+00 0.000000000000000000e+00 -0.000000000000000000e+00 0.000000000000000000e+00 0.000000000000000000e+00
0.000000000000000000e+00 0.000000000000000000e+00 -0.000000000000000000e+00 0.000000000000000000e+00 0.000000000000000000e+00
0.000000000000000000e+00 0.000000000000000000e+00 -0.000000000000000000e+00 0.000000000000000000e+00 0.000000000000000000e+00
0.000000000000000000e+00 0.000000000000000000e+00 -0.000000000000000000e+00 0.000000000000000000e+00 0.000000000000000000e+00
0.000000000000000000e+00 0.000000000000000000e+00 -0.000000000000000000e+00 0.000000000000000000e+00 0.000000000000000000e+00
3.340293980449019536e-04 1.000000000000000082e-05 1.000000000000000082e-05 1.386011130434905127e-05 1.000000000000000082e-05
4.649914236332768351e-04 2.543934265643943841e-05 1.000000000000000082e-05 6.540539657217328139e-05 1.000000000000000082e-05
3.965706388577907313e-04 1.559718879789759346e-05 2.722401543955737683e-05 1.637558293592212666e-04 1.000000000000000082e-05
6.737469332085425835e-04 1.366994263697402683e-04 2.079760487535305661e-05 1.275869865479335773e-03 1.000000000000000082e-05
1.358207933466957758e-03 5.210446992722684743e-04 1.000000000000000082e-05 3.923559990440850936e-03 1.000000000000000082e-05
2.793624512813300265e-03 1.477871810537476722e-03 1.459130470848860495e-04 8.030952880697451654e-03 1.000000000000000082e-05
4.425018099830895467e-03 3.114034787662110781e-03 2.534590656713882361e-04 1.180282662156995239e-02 1.000000000000000082e-05
8.000161798220325332e-03 5.712192769475599174e-03 1.396710512682134277e-04 1.438973005752596651e-02 1.000000000000000082e-05
1.141622823698814314e-02 8.228294253284487714e-03 1.000000000000000082e-05 1.476627236623068683e-02 1.000000000000000082e-05
1.438226545025693068e-02 1.033448912617356344e-02 1.386177551203917199e-05 1.239463335212057614e-02 1.000000000000000082e-05
1.732492938672085953e-02 9.484015030166166593e-03 6.691324756290273909e-04 9.539817535022388287e-03 1.000000000000000082e-05
1.705478770434981292e-02 6.626422702494303915e-03 8.827286324454365661e-04 6.226865692578478773e-03 1.000000000000000082e-05
1.612832768486534285e-02 4.084079532722517149e-03 1.474365660658820236e-03 3.494074221857987501e-03 1.000000000000000082e-05
1.356078161900501830e-02 2.032010214150166243e-03 1.677061583481096862e-03 1.976388300657688779e-03 1.000000000000000082e-05
1.030389674443261787e-02 6.790631520615529517e-04 1.379785859780794646e-03 1.617320592689846419e-03 1.000000000000000082e-05
6.227487616136115518e-03 2.580066109530269620e-04 1.073830555183002012e-03 7.350756112107368267e-04 1.000000000000000082e-05
3.133664082255413399e-03 2.907442741395996995e-04 6.650022441981951263e-04 1.000000000000000082e-05 1.000000000000000082e-05
1.083169317231960681e-03 1.001646197270193207e-04 2.880414898487227305e-04 1.000000000000000082e-05 1.000000000000000082e-05
6.643800796799849461e-04 4.985251449925287001e-05 1.241796168984179603e-04 1.000000000000000082e-05 1.000000000000000082e-05
7.583133669728089540e-04 7.331700073004142359e-05 8.106402997721962197e-05 1.000000000000000082e-05 1.000000000000000082e-05
5.452070502055435253e-04 9.206848092166184197e-05 1.249549565124150464e-04 1.000000000000000082e-05 1.000000000000000082e-05
2.893734081780156885e-04 8.751990486664805479e-05 9.037017721431683326e-05 2.070408604496368917e-06 1.000000000000000082e-05
0.000000000000000000e+00 0.000000000000000000e+00 -0.000000000000000000e+00 0.000000000000000000e+00 0.000000000000000000e+00
0.000000000000000000e+00 0.000000000000000000e+00 -0.000000000000000000e+00 0.000000000000000000e+00 0.000000000000000000e+00
0.000000000000000000e+00 0.000000000000000000e+00 -0.000000000000000000e+00 0.000000000000000000e+00 0.000000000000000000e+00
0.000000000000000000e+00 0.000000000000000000e+00 -0.000000000000000000e+00 0.000000000000000000e+00 0.000000000000000000e+00
0.000000000000000000e+00 0.000000000000000000e+00 -0.000000000000000000e+00 0.000000000000000000e+00 0.000000000000000000e+00
0.000000000000000000e+00 0.000000000000000000e+00 -0.000000000000000000e+00 0.000000000000000000e+00 0.000000000000000000e+00
0.000000000000000000e+00 0.000000000000000000e+00 -0.000000000000000000e+00 0.000000000000000000e+00 0.000000000000000000e+00
0.000000000000000000e+00 0.000000000000000000e+00 -0.000000000000000000e+00 0.000000000000000000e+00 0.000000000000000000e+00
0.000000000000000000e+00 0.000000000000000000e+00 -0.000000000000000000e+00 0.000000000000000000e+00 0.000000000000000000e+00
1.571420174260920643e-05 1.000000000000000082e-05 4.640293344713735562e-05 7.737076115405287172e-05 1.000000000000000082e-05
1.571420174260920643e-05 1.000000000000000082e-05 4.640293344713735562e-05 7.737076115405287172e-05 1.000000000000000082e-05
6.140108059483008929e-05 4.020411506358741849e-05 1.996850081491953856e-04 1.409287481389398674e-04 1.000000000000000082e-05
1.362681854902499134e-04 1.975819867336352001e-05 5.831259877792302482e-04 2.956893734657776388e-04 1.000000000000000082e-05
3.989241778818133823e-04 1.000000000000000082e-05 5.516018751034775089e-04 6.808838532160708945e-04 1.000000000000000082e-05
4.803022802338285978e-04 2.074843553334819861e-05 5.856591543168182057e-04 6.758485282562482583e-04 1.000000000000000082e-05
4.830396235085819990e-04 3.777916784379074583e-04 7.628269613815609257e-04 4.395265432540857928e-04 1.000000000000000082e-05
6.453783486014772744e-04 4.437971780631649139e-04 9.218613345116301490e-04 1.552782231979290379e-04 1.000000000000000082e-05
5.909639855089728359e-04 4.080289733786312276e-04 8.736642675785750902e-04 1.000000000000000082e-05 1.000000000000000082e-05
1.014329502367596319e-03 4.354701137167988115e-04 9.559925250226063544e-04 7.462930131432435178e-06 1.000000000000000082e-05
9.309995295116342551e-04 2.623885215533451176e-04 6.802348958463284813e-04 1.049406798626240783e-04 1.000000000000000082e-05
9.126028316590803491e-04 2.595359067483448399e-05 4.446625027904356616e-04 1.825080157031067920e-04 1.000000000000000082e-05
6.816235520080887776e-04 1.678545328058083801e-05 2.721968478570807072e-04 7.328056806528608440e-05 1.000000000000000082e-05
4.431833827756863527e-04 1.073340065680361262e-04 2.088321595743509345e-04 1.000000000000000082e-05 1.000000000000000082e-05
4.276269236735794239e-04 1.099167103703680613e-04 1.686030865138995853e-04 1.000000000000000082e-05 1.000000000000000082e-05
2.816106037278137361e-04 9.929226521406529261e-05 4.891525964493940743e-05 1.000000000000000082e-05 1.000000000000000082e-05
1.050523714232812472e-04 4.352275027835906797e-05 2.104747559285675694e-05 1.000000000000000082e-05 1.000000000000000082e-05
2.795146153140874026e-06 1.251669275347195895e-06 6.689747226693061291e-07 1.000000000000000082e-05 1.000000000000000082e-05
0.000000000000000000e+00 0.000000000000000000e+00 -0.000000000000000000e+00 0.000000000000000000e+00 0.000000000000000000e+00
0.000000000000000000e+00 0.000000000000000000e+00 -0.000000000000000000e+00 0.000000000000000000e+00 0.000000000000000000e+00
0.000000000000000000e+00 0.000000000000000000e+00 -0.000000000000000000e+00 0.000000000000000000e+00 0.000000000000000000e+00
0.000000000000000000e+00 0.000000000000000000e+00 -0.000000000000000000e+00 0.000000000000000000e+00 0.000000000000000000e+00
0.000000000000000000e+00 0.000000000000000000e+00 -0.000000000000000000e+00 0.000000000000000000e+00 0.000000000000000000e+00
0.000000000000000000e+00 0.000000000000000000e+00 -0.000000000000000000e+00 0.000000000000000000e+00 0.000000000000000000e+00
0.000000000000000000e+00 0.000000000000000000e+00 -0.000000000000000000e+00 0.000000000000000000e+00 0.000000000000000000e+00
0.000000000000000000e+00 0.000000000000000000e+00 -0.000000000000000000e+00 0.000000000000000000e+00 0.000000000000000000e+00
0.000000000000000000e+00 0.000000000000000000e+00 -0.000000000000000000e+00 0.000000000000000000e+00 0.000000000000000000e+00
0.000000000000000000e+00 0.000000000000000000e+00 -0.000000000000000000e+00 0.000000000000000000e+00 0.000000000000000000e+00
0.000000000000000000e+00 0.000000000000000000e+00 -0.000000000000000000e+00 0.000000000000000000e+00 0.000000000000000000e+00
0.000000000000000000e+00 0.000000000000000000e+00 -0.000000000000000000e+00 0.000000000000000000e+00 0.000000000000000000e+00
0.000000000000000000e+00 0.000000000000000000e+00 -0.000000000000000000e+00 0.000000000000000000e+00 0.000000000000000000e+00
0.000000000000000000e+00 0.000000000000000000e+00 -0.000000000000000000e+00 0.000000000000000000e+00 0.000000000000000000e+00
0.000000000000000000e+00 0.000000000000000000e+00 -0.000000000000000000e+00 0.000000000000000000e+00 0.000000000000000000e+00
0.000000000000000000e+00 0.000000000000000000e+00 -0.000000000000000000e+00 0.000000000000000000e+00 0.000000000000000000e+00
0.000000000000000000e+00 0.000000000000000000e+00 -0.000000000000000000e+00 0.000000000000000000e+00 0.000000000000000000e+00
0.000000000000000000e+00 0.000000000000000000e+00 -0.000000000000000000e+00 0.000000000000000000e+00 0.000000000000000000e+00
0.000000000000000000e+00 0.000000000000000000e+00 -0.000000000000000000e+00 0.000000000000000000e+00 0.000000000000000000e+00
0.000000000000000000e+00 0.000000000000000000e+00 -0.000000000000000000e+00 0.000000000000000000e+00 0.000000000000000000e+00
0.000000000000000000e+00 0.000000000000000000e+00 -0.000000000000000000e+00 0.000000000000000000e+00 0.000000000000000000e+00
0.000000000000000000e+00 0.000000000000000000e+00 -0.000000000000000000e+00 0.000000000000000000e+00 0.000000000000000000e+00
0.000000000000000000e+00 0.000000000000000000e+00 -0.000000000000000000e+00 0.000000000000000000e+00 0.000000000000000000e+00
0.000000000000000000e+00 0.000000000000000000e+00 -0.000000000000000000e+00 0.000000000000000000e+00 0.000000000000000000e+00
0.000000000000000000e+00 0.000000000000000000e+00 -0.000000000000000000e+00 0.000000000000000000e+00 0.000000000000000000e+00
0.000000000000000000e+00 0.000000000000000000e+00 -0.000000000000000000e+00 0.000000000000000000e+00 0.000000000000000000e+00
0.000000000000000000e+00 0.000000000000000000e+00 -0.000000000000000000e+00 0.000000000000000000e+00 0.000000000000000000e+00
0.000000000000000000e+00 0.000000000000000000e+00 -0.000000000000000000e+00 0.000000000000000000e+00 0.000000000000000000e+00
0.000000000000000000e+00 0.000000000000000000e+00 -0.000000000000000000e+00 0.000000000000000000e+00 0.000000000000000000e+00
0.000000000000000000e+00 0.000000000000000000e+00 -0.000000000000000000e+00 0.000000000000000000e+00 0.000000000000000000e+00
0.000000000000000000e+00 0.000000000000000000e+00 -0.000000000000000000e+00 0.000000000000000000e+00 0.000000000000000000e+00
0.000000000000000000e+00 0.000000000000000000e+00 -0.000000000000000000e+00 0.000000000000000000e+00 0.000000000000000000e+00
