0.000000000000000000e+00 -0.000000000000000000e+00 0.000000000000000000e+00 0.000000000000000000e+00 0.000000000000000000e+00
0.000000000000000000e+00 -0.000000000000000000e+00 0.000000000000000000e+00 0.000000000000000000e+00 0.000000000000000000e+00
0.000000000000000000e+00 -0.000000000000000000e+00 0.000000000000000000e+00 0.000000000000000000e+00 0.000000000000000000e+00
0.000000000000000000e+00 -0.000000000000000000e+00 0.000000000000000000e+00 0.000000000000000000e+00 0.000000000000000000e+00
0.000000000000000000e+00 -0.000000000000000000e+00 0.000000000000000000e+00 0.000000000000000000e+00 -0.000000000000000000e+00
0.000000000000000000e+00 -0.000000000000000000e+00 0.000000000000000000e+00 0.000000000000000000e+00 -0.000000000000000000e+00
0.000000000000000000e+00 -0.000000000000000000e+00 0.000000000000000000e+00 0.000000000000000000e+00 -0.000000000000000000e+00
0.000000000000000000e+00 -0.000000000000000000e+00 0.000000000000000000e+00 0.000000000000000000e+00 -0.000000000000000000e+00
0.000000000000000000e+00 -0.000000000000000000e+00 0.000000000000000000e+00 0.000000000000000000e+00 -0.000000000000000000e+00
0.000000000000000000e+00 -0.000000000000000000e+00 0.000000000000000000e+00 0.000000000000000000e+00 -0.000000000000000000e+00
0.000000000000000000e+00 -0.000000000000000000e+00 0.000000000000000000e+00 0.000000000000000000e+00 -0.000000000000000000e+00
0.000000000000000000e+00 -0.000000000000000000e+00 0.000000000000000000e+00 0.000000000000000000e+00 -0.000000000000000000e+00
0.000000000000000000e+00 -0.000000000000000000e+00 0.000000000000000000e+00 0.000000000000000000e+00 -0.000000000000000000e+00
0.000000000000000000e+00 -0.000000000000000000e+00 0.000000000000000000e+00 0.000000000000000000e+00 -0.000000000000000000e+00
0.000000000000000000e+00 -0.000000000000000000e+00 0.000000000000000000e+00 0.000000000000000000e+00 -0.000000000000000000e+00
0.000000000000000000e+00 -0.000000000000000000e+00 0.000000000000000000e+00 0.000000000000000000e+00 -0.000000000000000000e+00
0.000000000000000000e+00 -0.000000000000000000e+00 0.000000000000000000e+00 0.000000000000000000e+00 -0.000000000000000000e+00
0.000000000000000000e+00 -0.000000000000000000e+00 0.000000000000000000e+00 0.000000000000000000e+00 -0.000000000000000000e+00
0.000000000000000000e+00 -0.000000000000000000e+00 0.000000000000000000e+00 0.000000000000000000e+00 -0.000000000000000000e+00
0.000000000000000000e+00 -0.000000000000000000e+00 0.000000000000000000e+00 0.000000000000000000e+00 -0.000000000000000000e+00
0.000000000000000000e+00 -0.000000000000000000e+00 0.000000000000000000e+00 0.000000000000000000e+00 -0.000000000000000000e+00
0.000000000000000000e+00 -0.000000000000000000e+00 0.000000000000000000e+00 0.000000000000000000e+00 -0.000000000000000000e+00
0.000000000000000000e+00 -0.000000000000000000e+00 0.000000000000000000e+00 0.000000000000000000e+00 -0.000000000000000000e+00
0.000000000000000000e+00 -0.000000000000000000e+00 0.000000000000000000e+00 0.000000000000000000e+00 -0.000000000000000000e+00
0.000000000000000000e+00 -0.000000000000000000e+00 0.000000000000000000e+00 0.000000000000000000e+00 -0.000000000000000000e+00
0.000000000000000000e+00 -0.000000000000000000e+00 0.000000000000000000e+00 0.000000000000000000e+00 -0.000000000000000000e+00
0.000000000000000000e+00 -0.000000000000000000e+00 0.000000000000000000e+00 0.000000000000000000e+00 -0.000000000000000000e+00
0.000000000000000000e+00 -0.000000000000000000e+00 0.000000000000000000e+00 0.000000000000000000e+00 -0.000000000000000000e+00
0.000000000000000000e+00 -0.000000000000000000e+00 0.000000000000000000e+00 0.000000000000000000e+00 -0.000000000000000000e+00
0.000000000000000000e+00 -0.000000000000000000e+00 0.000000000000000000e+00 0.000000000000000000e+00 -0.000000000000000000e+00
0.000000000000000000e+00 -0.000000000000000000e+00 0.000000000000000000e+00 0.000000000000000000e+00 -0.000000000000000000e+00
0.000000000000000000e+00 -0.000000000000000000e+00 0.000000000000000000e+00 0.000000000000000000e+00 -0.000000000000000000e+00
0.000000000000000000e+00 -0.000000000000000000e+00 0.000000000000000000e+00 0.000000000000000000e+00 -0.000000000000000000e+00
0.000000000000000000e+00 -0.000000000000000000e+00 0.000000000000000000e+00 0.000000000000000000e+00 -0.000000000000000000e+00
0.000000000000000000e+00 -0.000000000000000000e+00 0.000000000000000000e+00 0.000000000000000000e+00 -0.000000000000000000e+00
0.000000000000000000e+00 -0.000000000000000000e+00 0.000000000000000000e+00 0.000000000000000000e+00 -0.000000000000000000e+00
0.000000000000000000e+00 -0.000000000000000000e+00 0.000000000000000000e+00 0.000000000000000000e+00 -0.000000000000000000e+00
0.000000000000000000e+00 -0.000000000000000000e+00 0.000000000000000000e+00 0.000000000000000000e+00 -0.000000000000000000e+00
2.226735897557172172e-04 1.165572639338344256e-04 5.379139609936746088e-04 1.000000000000000082e-05 1.000000000000000082e-05
1.380576256485446275e-03 7.226550363897735717e-04 3.335066558160783897e-03 1.000000000000000082e-05 1.000000000000000082e-05
0.000000000000000000e+00 -0.000000000000000000e+00 0.000000000000000000e+00 0.000000000000000000e+00 -0.000000000000000000e+00
6.337290975098797477e-03 1.000000000000000082e-05 1.000000000000000082e-05 1.000000000000000082e-05 9.445271646800047858e-04
1.686405044893442631e-02 1.000000000000000082e-05 1.000000000000000082e-05 1.000000000000000082e-05 2.176999761365379805e-03
1.837042402836534805e-02 1.000000000000000082e-05 1.000000000000000082e-05 2.855983482232070554e-03 2.138087742118131591e-03
2.204139431428191881e-02 1.000000000000000082e-05 1.000000000000000082e-05 2.732851367408902898e-03 3.338531728646959660e-03
1.363574154682130855e-02 2.045186950773505118e-03 5.952084094694146468e-03 1.000000000000000082e-05 1.000000000000000082e-05
5.338142877068683886e-03 1.709047842569951957e-03 4.624473883327937310e-03 1.000000000000000082e-05 1.000000000000000082e-05
2.891743115943162194e-04 2.654197321092433091e-03 1.000000000000000082e-05 1.000000000000000082e-05 5.184445502154581137e-03
3.335449731617020643e-04 3.061455111101317635e-03 1.000000000000000082e-05 1.000000000000000082e-05 5.979942431056615125e-03
1.989029656468862994e-05 1.825638369005372135e-04 1.000000000000000082e-05 1.000000000000000082e-05 3.566020715767705238e-04
0.000000000000000000e+00 -0.000000000000000000e+00 0.000000000000000000e+00 0.000000000000000000e+00 -0.000000000000000000e+00
0.000000000000000000e+00 -0.000000000000000000e+00 0.000000000000000000e+00 0.000000000000000000e+00 -0.000000000000000000e+00
0.000000000000000000e+00 -0.000000000000000000e+00 0.000000000000000000e+00 0.000000000000000000e+00 -0.000000000000000000e+00
0.000000000000000000e+00 -0.000000000000000000e+00 0.000000000000000000e+00 0.000000000000000000e+00 -0.000000000000000000e+00
0.000000000000000000e+00 -0.000000000000000000e+00 0.000000000000000000e+00 0.000000000000000000e+00 -0.000000000000000000e+00
0.000000000000000000e+00 -0.000000000000000000e+00 0.000000000000000000e+00 0.000000000000000000e+00 -0.000000000000000000e+00
0.000000000000000000e+00 -0.000000000000000000e+00 0.000000000000000000e+00 0.000000000000000000e+00 -0.000000000000000000e+00
0.000000000000000000e+00 -0.000000000000000000e+00 0.000000000000000000e+00 0.000000000000000000e+00 -0.000000000000000000e+00
0.000000000000000000e+00 -0.000000000000000000e+00 0.000000000000000000e+00 0.000000000000000000e+00 -0.000000000000000000e+00
0.000000000000000000e+00 -0.000000000000000000e+00 0.000000000000000000e+00 0.000000000000000000e+00 -0.000000000000000000e+00
0.000000000000000000e+00 -0.000000000000000000e+00 0.000000000000000000e+00 0.000000000000000000e+00 -0.000000000000000000e+00
0.000000000000000000e+00 -0.000000000000000000e+00 0.000000000000000000e+00 0.000000000000000000e+00 -0.000000000000000000e+00
0.000000000000000000e+00 -0.000000000000000000e+00 0.000000000000000000e+00 0.000000000000000000e+00 -0.000000000000000000e+00
0.000000000000000000e+00 -0.000000000000000000e+00 0.000000000000000000e+00 0.000000000000000000e+00 -0.000000000000000000e+00
0.000000000000000000e+00 -0.000000000000000000e+00 0.000000000000000000e+00 0.000000000000000000e+00 -0.000000000000000000e+00
0.000000000000000000e+00 -0.000000000000000000e+00 0.000000000000000000e+00 0.000000000000000000e+00 -0.000000000000000000e+00
4.345017279117160437e-03 1.269698964054247333e-03 6.541844573610394210e-03 1.000000000000000082e-05 1.000000000000000082e-05
1.427438354737838033e-02 6.495926131239576455e-03 2.297206831721819789e-02 1.000000000000000082e-05 1.000000000000000082e-05
8.208079790170500281e-03 5.293083312593015351e-03 1.487974485802406530e-02 1.000000000000000082e-05 1.000000000000000082e-05
1.250607394035857002e-02 3.611081486325549636e-03 1.626346563325866725e-03 1.000000000000000082e-05 1.000000000000000082e-05
3.402776581061840028e-02 1.000000000000000082e-05 1.000000000000000082e-05 4.960899618415213520e-03 1.000000000000000082e-05
4.993403468251120941e-02 1.000000000000000082e-05 1.000000000000000082e-05 1.763323499028007432e-02 1.000000000000000082e-05
5.332038007083589326e-02 1.000000000000000082e-05 1.000000000000000082e-05 4.599061534855101302e-02 1.000000000000000082e-05
2.469559150541985812e-02 1.000000000000000082e-05 1.000000000000000082e-05 5.919168618189447895e-02 8.439357416767739872e-03
7.285075225848239647e-03 1.000000000000000082e-05 1.000000000000000082e-05 4.664033657718515136e-02 3.020223606565357669e-02
1.159195286791238344e-03 1.000000000000000082e-05 1.000000000000000082e-05 2.985539706004432942e-02 4.733972295229443850e-02
7.295250337973106618e-03 1.000000000000000082e-05 1.000000000000000082e-05 9.766781938486407064e-03 3.566284369002196974e-02
3.393761300466374784e-03 1.000000000000000082e-05 1.000000000000000082e-05 1.000000000000000082e-05 2.633564055918022340e-02
1.549649783573726252e-03 3.902287030041045983e-03 1.000000000000000082e-05 1.000000000000000082e-05 1.372874864569762973e-02
8.783196436586811955e-05 9.626336776043967029e-04 1.000000000000000082e-05 1.000000000000000082e-05 1.209800807823180118e-03
0.000000000000000000e+00 -0.000000000000000000e+00 0.000000000000000000e+00 0.000000000000000000e+00 -0.000000000000000000e+00
0.000000000000000000e+00 -0.000000000000000000e+00 0.000000000000000000e+00 0.000000000000000000e+00 -0.000000000000000000e+00
0.000000000000000000e+00 -0.000000000000000000e+00 0.000000000000000000e+00 0.000000000000000000e+00 -0.000000000000000000e+00
0.000000000000000000e+00 -0.000000000000000000e+00 0.000000000000000000e+00 0.000000000000000000e+00 -0.000000000000000000e+00
0.000000000000000000e+00 -0.000000000000000000e+00 0.000000000000000000e+00 0.000000000000000000e+00 -0.000000000000000000e+00
0.000000000000000000e+00 -0.000000000000000000e+00 0.000000000000000000e+00 0.000000000000000000e+00 -0.000000000000000000e+00
0.000000000000000000e+00 -0.000000000000000000e+00 0.000000000000000000e+00 0.000000000000000000e+00 -0.000000000000000000e+00
0.000000000000000000e+00 -0.000000000000000000e+00 0.000000000000000000e+00 0.000000000000000000e+00 -0.000000000000000000e+00
0.000000000000000000e+00 -0.000000000000000000e+00 0.000000000000000000e+00 0.000000000000000000e+00 -0.000000000000000000e+00
0.000000000000000000e+00 -0.000000000000000000e+00 0.000000000000000000e+00 0.000000000000000000e+00 -0.000000000000000000e+00
0.000000000000000000e+00 -0.000000000000000000e+00 0.000000000000000000e+00 0.000000000000000000e+00 -0.000000000000000000e+00
6.140742838962381586e-04 1.000000000000000082e-05 3.726733939164802870e-04 1.000000000000000082e-05 1.094921055715031874e-04
2.408134446651913324e-05 1.000000000000000082e-05 1.461464289868550311e-05 1.000000000000000082e-05 4.293808061627575810e-06
7.983410678622100112e-05 2.817794507444753411e-04 2.626107341333922961e-04 1.000000000000000082e-05 1.000000000000000082e-05
8.361422916119290102e-03 1.153760978390496947e-02 1.939755004751088363e-02 1.000000000000000082e-05 1.000000000000000082e-05
2.317533747174572306e-02 1.627057162194352202e-02 2.690804508321925984e-02 1.000000000000000082e-05 1.000000000000000082e-05
3.377240675044484997e-02 2.332877661937774946e-02 2.447280442946263637e-02 1.000000000000000082e-05 1.000000000000000082e-05
4.020877886933690165e-02 1.310843515224268362e-02 2.263339002692374424e-02 1.000000000000000082e-05 1.000000000000000082e-05
5.388656338024155890e-02 1.468602003365944778e-02 1.646932698185251884e-02 1.505069333423395862e-02 1.000000000000000082e-05
6.744118540880812696e-02 1.000000000000000082e-05 9.903019624275683983e-03 5.448987678865436363e-02 1.000000000000000082e-05
6.398028439183925387e-02 1.000000000000000082e-05 1.000000000000000082e-05 9.133631687227525275e-02 1.000000000000000082e-05
1.506049077591018782e-02 1.000000000000000082e-05 1.000000000000000082e-05 8.949410612228279882e-02 2.326999742379325456e-02
1.000000000000000082e-05 1.000000000000000082e-05 1.000000000000000082e-05 5.478634453815220406e-02 7.842633923023571707e-02
1.000000000000000082e-05 1.000000000000000082e-05 1.000000000000000082e-05 2.100288362040494267e-02 1.067534346329714334e-01
2.179549115726184087e-03 6.645686965793875037e-03 1.000000000000000082e-05 1.000000000000000082e-05 8.055723120131073889e-02
3.747914237149035412e-03 1.000000000000000082e-05 1.000000000000000082e-05 1.000000000000000082e-05 5.155996946192208802e-02
1.685943384085903784e-03 2.715772335802617895e-03 1.000000000000000082e-05 1.000000000000000082e-05 1.836087101325483556e-02
7.064744959863307949e-05 7.742923058991893264e-04 1.000000000000000082e-05 1.000000000000000082e-05 9.731006497708195781e-04
0.000000000000000000e+00 -0.000000000000000000e+00 0.000000000000000000e+00 0.000000000000000000e+00 -0.000000000000000000e+00
0.000000000000000000e+00 -0.000000000000000000e+00 0.000000000000000000e+00 0.000000000000000000e+00 -0.000000000000000000e+00
0.000000000000000000e+00 -0.000000000000000000e+00 0.000000000000000000e+00 0.000000000000000000e+00 -0.000000000000000000e+00
0.000000000000000000e+00 -0.000000000000000000e+00 0.000000000000000000e+00 0.000000000000000000e+00 -0.000000000000000000e+00
0.000000000000000000e+00 -0.000000000000000000e+00 0.000000000000000000e+00 0.000000000000000000e+00 -0.000000000000000000e+00
0.000000000000000000e+00 -0.000000000000000000e+00 0.000000000000000000e+00 0.000000000000000000e+00 -0.000000000000000000e+00
0.000000000000000000e+00 -0.000000000000000000e+00 0.000000000000000000e+00 0.000000000000000000e+00 -0.000000000000000000e+00
0.000000000000000000e+00 -0.000000000000000000e+00 0.000000000000000000e+00 0.000000000000000000e+00 -0.000000000000000000e+00
0.000000000000000000e+00 -0.000000000000000000e+00 0.000000000000000000e+00 0.000000000000000000e+00 -0.000000000000000000e+00
0.000000000000000000e+00 -0.000000000000000000e+00 0.000000000000000000e+00 0.000000000000000000e+00 -0.000000000000000000e+00
7.465216784620932458e-04 1.000000000000000082e-05 4.530539298592509319e-04 1.000000000000000082e-05 1.331080499104547840e-04
2.155280329753463554e-03 1.000000000000000082e-05 1.308010539432352811e-03 1.000000000000000082e-05 3.842958215156680392e-04
1.204067223325956662e-05 1.000000000000000082e-05 7.307321449342751556e-06 1.000000000000000082e-05 2.146904030813787905e-06
2.141356228884576732e-03 4.015586441447924031e-03 3.216838378029966781e-03 1.000000000000000082e-05 1.000000000000000082e-05
2.175831776585982619e-02 2.221143725914915754e-02 2.331637541582920123e-02 1.000000000000000082e-05 1.000000000000000082e-05
3.605326369895082983e-02 2.645190055176748628e-02 2.945729984588079525e-02 1.000000000000000082e-05 1.000000000000000082e-05
6.167643463724456487e-02 2.438759619006264368e-02 3.597351645215571964e-02 1.000000000000000082e-05 1.000000000000000082e-05
8.277424065829799837e-02 1.962442824216403814e-02 3.905123485854062465e-02 5.012435934335750243e-04 1.000000000000000082e-05
7.143733551536800286e-02 3.523364247002198218e-02 1.575112530969376493e-02 4.847961938033634038e-02 1.000000000000000082e-05
4.857539476633172121e-02 2.665661797920504048e-02 1.440715430720033823e-02 9.699526459176609217e-02 1.000000000000000082e-05
2.848083112278681356e-02 4.629839992597318751e-03 1.000000000000000082e-05 1.174691214061084205e-01 7.835335128598555979e-03
1.000000000000000082e-05 1.254034546497598789e-02 1.000000000000000082e-05 8.232817459396428450e-02 8.078370688394652388e-02
3.016977775242650570e-03 3.014306190223125723e-02 1.000000000000000082e-05 3.145894990330939250e-02 1.263940084705091060e-01
2.106769327380429035e-05 3.475312761974907322e-02 1.000000000000000082e-05 1.000000000000000082e-05 1.239627814949072343e-01
1.000000000000000082e-05 2.928621454858056777e-02 1.000000000000000082e-05 1.000000000000000082e-05 7.766613656822894673e-02
1.170290014757267719e-03 8.073907397134627443e-04 1.000000000000000082e-05 1.000000000000000082e-05 3.210941617272557169e-02
1.259119944473554979e-04 6.020542154963112041e-04 1.000000000000000082e-05 1.000000000000000082e-05 4.108249190249443385e-03
0.000000000000000000e+00 -0.000000000000000000e+00 0.000000000000000000e+00 0.000000000000000000e+00 -0.000000000000000000e+00
0.000000000000000000e+00 -0.000000000000000000e+00 0.000000000000000000e+00 0.000000000000000000e+00 -0.000000000000000000e+00
0.000000000000000000e+00 -0.000000000000000000e+00 0.000000000000000000e+00 0.000000000000000000e+00 -0.000000000000000000e+00
0.000000000000000000e+00 -0.000000000000000000e+00 0.000000000000000000e+00 0.000000000000000000e+00 -0.000000000000000000e+00
0.000000000000000000e+00 -0.000000000000000000e+00 0.000000000000000000e+00 0.000000000000000000e+00 -0.000000000000000000e+00
0.000000000000000000e+00 -0.000000000000000000e+00 0.000000000000000000e+00 0.000000000000000000e+00 -0.000000000000000000e+00
0.000000000000000000e+00 -0.000000000000000000e+00 0.000000000000000000e+00 0.000000000000000000e+00 -0.000000000000000000e+00
0.000000000000000000e+00 -0.000000000000000000e+00 0.000000000000000000e+00 0.000000000000000000e+00 -0.000000000000000000e+00
0.000000000000000000e+00 -0.000000000000000000e+00 0.000000000000000000e+00 0.000000000000000000e+00 -0.000000000000000000e+00
0.000000000000000000e+00 -0.000000000000000000e+00 0.000000000000000000e+00 0.000000000000000000e+00 -0.000000000000000000e+00
0.000000000000000000e+00 -0.000000000000000000e+00 0.000000000000000000e+00 0.000000000000000000e+00 -0.000000000000000000e+00
2.095076968587164870e-03 1.000000000000000082e-05 1.271473932185640272e-03 1.000000000000000082e-05 3.735613013615990429e-04
1.589368734790263865e-03 1.000000000000000082e-05 9.645664313132431850e-04 1.000000000000000082e-05 2.833913320674200272e-04
1.596682135724420022e-04 5.635589014889506821e-04 5.252214682667845922e-04 1.000000000000000082e-05 1.000000000000000082e-05
7.962365177930193910e-03 9.747480428481627990e-03 1.008289851155415653e-02 1.000000000000000082e-05 1.000000000000000082e-05
3.934002609320809418e-02 3.097735181873239457e-02 3.409692766872714220e-02 1.000000000000000082e-05 1.000000000000000082e-05
6.651608177756031248e-02 3.142219575098391393e-02 4.276963005623862085e-02 1.000000000000000082e-05 1.000000000000000082e-05
9.993421298459304047e-02 3.856817445688966867e-02 3.403539965230656383e-02 1.000000000000000082e-05 1.000000000000000082e-05
9.414444927054557710e-02 4.549932274389483638e-02 2.455975285524739787e-02 3.101085584069723095e-02 1.000000000000000082e-05
5.800564497777772194e-02 3.235888339348887838e-02 4.580121975050060155e-03 9.334085376533310385e-02 1.000000000000000082e-05
1.838945663284020926e-02 1.916503811542310393e-02 5.497101379858334788e-03 1.231704495816808576e-01 1.000000000000000082e-05
1.000000000000000082e-05 2.433110565601124577e-03 1.000000000000000082e-05 1.007652798043035813e-01 7.756519598111465130e-02
1.000000000000000082e-05 5.474088752036171401e-02 1.000000000000000082e-05 4.469104450250341309e-02 1.224819429445433150e-01
3.795761461587607907e-03 7.495658604699687033e-02 1.000000000000000082e-05 1.000000000000000082e-05 1.335153443266851869e-01
1.000000000000000082e-05 5.941733162561523701e-02 1.994720819643310862e-03 1.000000000000000082e-05 9.089131866383609593e-02
1.000000000000000082e-05 2.122727763616116814e-02 1.434647631570301965e-02 1.000000000000000082e-05 3.734268517247720659e-02
1.000000000000000082e-05 8.224828911770529737e-04 6.868114419679915636e-04 1.000000000000000082e-05 3.325732544921635239e-03
1.000000000000000082e-05 4.366106139718711626e-06 1.299044201880868683e-05 1.000000000000000082e-05 3.983583590846291204e-05
0.000000000000000000e+00 -0.000000000000000000e+00 0.000000000000000000e+00 0.000000000000000000e+00 -0.000000000000000000e+00
0.000000000000000000e+00 -0.000000000000000000e+00 0.000000000000000000e+00 0.000000000000000000e+00 -0.000000000000000000e+00
0.000000000000000000e+00 -0.000000000000000000e+00 0.000000000000000000e+00 0.000000000000000000e+00 -0.000000000000000000e+00
0.000000000000000000e+00 -0.000000000000000000e+00 0.000000000000000000e+00 0.000000000000000000e+00 -0.000000000000000000e+00
0.000000000000000000e+00 -0.000000000000000000e+00 0.000000000000000000e+00 0.000000000000000000e+00 -0.000000000000000000e+00
0.000000000000000000e+00 -0.000000000000000000e+00 0.000000000000000000e+00 0.000000000000000000e+00 -0.000000000000000000e+00
0.000000000000000000e+00 -0.000000000000000000e+00 0.000000000000000000e+00 0.000000000000000000e+00 -0.000000000000000000e+00
0.000000000000000000e+00 -0.000000000000000000e+00 0.000000000000000000e+00 0.000000000000000000e+00 -0.000000000000000000e+00
0.000000000000000000e+00 -0.000000000000000000e+00 0.000000000000000000e+00 0.000000000000000000e+00 -0.000000000000000000e+00
0.000000000000000000e+00 -0.000000000000000000e+00 0.000000000000000000e+00 0.000000000000000000e+00 -0.000000000000000000e+00
4.816268893303826649e-05 1.000000000000000082e-05 2.922928579737100622e-05 1.000000000000000082e-05 8.587616123255151619e-06
1.439205110610907411e-03 1.000000000000000082e-05 4.959785891943911500e-03 1.000000000000000082e-05 1.000000000000000082e-05
5.899929394297192490e-04 1.000000000000000082e-05 3.580587510177950109e-04 1.000000000000000082e-05 1.051982975098756404e-04
3.132153972717417832e-03 2.566593747763777373e-03 4.092856135548500994e-03 1.000000000000000082e-05 1.000000000000000082e-05
2.984116038432953893e-02 1.963815037009767825e-02 2.056430493324248529e-02 1.000000000000000082e-05 1.000000000000000082e-05
5.355305898887646743e-02 3.773872997111529098e-02 4.615760854001012964e-02 1.000000000000000082e-05 1.000000000000000082e-05
1.035543856711815952e-01 4.955150818110688055e-02 3.840869403551186445e-02 1.000000000000000082e-05 1.000000000000000082e-05
9.731664612305218620e-02 5.183091718142682214e-02 3.278288447989986115e-02 1.190431357301225020e-02 1.000000000000000082e-05
7.057729903104219271e-02 2.846330202072772791e-02 1.973905359071600769e-03 8.433828124277030491e-02 1.000000000000000082e-05
9.199400304534383760e-03 2.164327934007190257e-02 1.068187659308365497e-02 1.276309625518506075e-01 1.000000000000000082e-05
1.000000000000000082e-05 1.000000000000000082e-05 1.180559530726362286e-02 1.157588348864203170e-01 6.226321851960495840e-02
1.000000000000000082e-05 1.947930165419878637e-02 1.000000000000000082e-05 5.090124259019528086e-02 1.220027098475055527e-01
7.207942967081717826e-03 5.251186067448584266e-02 1.000000000000000082e-05 1.000000000000000082e-05 1.379223597895984643e-01
3.126584215093634270e-03 6.448460507859966884e-02 1.000000000000000082e-05 1.000000000000000082e-05 9.609066449221444206e-02
1.000000000000000082e-05 3.770335454384616397e-02 1.000000000000000082e-05 1.000000000000000082e-05 3.112399879744863485e-02
1.000000000000000082e-05 1.433166991326551357e-02 3.539930199899156416e-03 1.000000000000000082e-05 4.458789668512008232e-03
6.036679313278461205e-04 3.408539977649463915e-03 1.000000000000000082e-05 1.000000000000000082e-05 1.000000000000000082e-05
0.000000000000000000e+00 -0.000000000000000000e+00 0.000000000000000000e+00 0.000000000000000000e+00 -0.000000000000000000e+00
0.000000000000000000e+00 -0.000000000000000000e+00 0.000000000000000000e+00 0.000000000000000000e+00 -0.000000000000000000e+00
0.000000000000000000e+00 -0.000000000000000000e+00 0.000000000000000000e+00 0.000000000000000000e+00 -0.000000000000000000e+00
0.000000000000000000e+00 -0.000000000000000000e+00 0.000000000000000000e+00 0.000000000000000000e+00 -0.000000000000000000e+00
0.000000000000000000e+00 -0.000000000000000000e+00 0.000000000000000000e+00 0.000000000000000000e+00 -0.000000000000000000e+00
0.000000000000000000e+00 -0.000000000000000000e+00 0.000000000000000000e+00 0.000000000000000000e+00 -0.000000000000000000e+00
0.000000000000000000e+00 -0.000000000000000000e+00 0.000000000000000000e+00 0.000000000000000000e+00 -0.000000000000000000e+00
0.000000000000000000e+00 -0.000000000000000000e+00 0.000000000000000000e+00 0.000000000000000000e+00 -0.000000000000000000e+00
0.000000000000000000e+00 -0.000000000000000000e+00 0.000000000000000000e+00 0.000000000000000000e+00 -0.000000000000000000e+00
0.000000000000000000e+00 -0.000000000000000000e+00 0.000000000000000000e+00 0.000000000000000000e+00 -0.000000000000000000e+00
0.000000000000000000e+00 -0.000000000000000000e+00 0.000000000000000000e+00 0.000000000000000000e+00 -0.000000000000000000e+00
1.071619828760101345e-03 1.000000000000000082e-05 6.503516089915050867e-04 1.000000000000000082e-05 1.910744587424271091e-04
2.913842680448814736e-03 1.000000000000000082e-05 1.768371790740947032e-03 1.000000000000000082e-05 5.195507754569365358e-04
2.769354613649701170e-04 1.000000000000000082e-05 1.680683933348833586e-04 1.000000000000000082e-05 4.937879270871709555e-05
9.794712348715978525e-03 4.530583772832876173e-03 5.598241367488147012e-03 1.000000000000000082e-05 1.000000000000000082e-05
4.553257148104239427e-02 2.274647914975346311e-02 2.816309484115667866e-02 1.000000000000000082e-05 1.000000000000000082e-05
9.428730629194352619e-02 5.005374240436027966e-02 4.611893610028229562e-02 1.000000000000000082e-05 1.000000000000000082e-05
1.137083135827080954e-01 5.974058544316859787e-02 3.855822100853345535e-02 1.000000000000000082e-05 1.000000000000000082e-05
7.455201321901641642e-02 2.014398789091965958e-02 3.891312994660416601e-03 6.378464894576682531e-02 1.000000000000000082e-05
2.670380210781568217e-02 5.889019776430500300e-03 1.151787991505661031e-02 1.211246521918577096e-01 1.000000000000000082e-05
1.000000000000000082e-05 1.000000000000000082e-05 1.166945612011658848e-02 1.231594417650761775e-01 5.709854899919193649e-02
1.000000000000000082e-05 1.000000000000000082e-05 1.024091693202016165e-03 7.093024289306347485e-02 1.182775617152026087e-01
1.000000000000000082e-05 2.371850882241616915e-02 1.000000000000000082e-05 7.856298357828110299e-03 1.470653788674251561e-01
2.530541161080156459e-03 4.440404664618395614e-02 1.000000000000000082e-05 1.000000000000000082e-05 9.528331860359215422e-02
1.000000000000000082e-05 3.232099483905875176e-02 2.093946452163344702e-03 1.000000000000000082e-05 3.221359300097898642e-02
1.000000000000000082e-05 1.837282422875197857e-02 1.878944910730344451e-03 1.000000000000000082e-05 4.034803717969199718e-03
9.380848429524295913e-04 9.738434130138067663e-03 1.862959415930604597e-03 1.000000000000000082e-05 1.000000000000000082e-05
1.822920488219802269e-03 9.878394736979321730e-03 1.000000000000000082e-05 1.000000000000000082e-05 1.000000000000000082e-05
1.215280325479866806e-03 6.585596491319546664e-03 1.000000000000000082e-05 1.000000000000000082e-05 1.000000000000000082e-05
0.000000000000000000e+00 -0.000000000000000000e+00 0.000000000000000000e+00 0.000000000000000000e+00 -0.000000000000000000e+00
0.000000000000000000e+00 -0.000000000000000000e+00 0.000000000000000000e+00 0.000000000000000000e+00 -0.000000000000000000e+00
0.000000000000000000e+00 -0.000000000000000000e+00 0.000000000000000000e+00 0.000000000000000000e+00 -0.000000000000000000e+00
0.000000000000000000e+00 -0.000000000000000000e+00 0.000000000000000000e+00 0.000000000000000000e+00 -0.000000000000000000e+00
0.000000000000000000e+00 -0.000000000000000000e+00 0.000000000000000000e+00 0.000000000000000000e+00 -0.000000000000000000e+00
0.000000000000000000e+00 -0.000000000000000000e+00 0.000000000000000000e+00 0.000000000000000000e+00 -0.000000000000000000e+00
0.000000000000000000e+00 -0.000000000000000000e+00 0.000000000000000000e+00 0.000000000000000000e+00 -0.000000000000000000e+00
0.000000000000000000e+00 -0.000000000000000000e+00 0.000000000000000000e+00 0.000000000000000000e+00 -0.000000000000000000e+00
0.000000000000000000e+00 -0.000000000000000000e+00 0.000000000000000000e+00 0.000000000000000000e+00 -0.000000000000000000e+00
0.000000000000000000e+00 -0.000000000000000000e+00 0.000000000000000000e+00 0.000000000000000000e+00 -0.000000000000000000e+00
1.794060162755674271e-03 1.000000000000000082e-05 1.088790895952070851e-03 1.000000000000000082e-05 3.198887005912544952e-04
2.492419152284730457e-03 1.000000000000000082e-05 1.512615540013951014e-03 1.000000000000000082e-05 4.444091343784538329e-04
3.298336272289569167e-03 8.742509366508529342e-04 1.172133385428916980e-03 1.000000000000000082e-05 1.000000000000000082e-05
2.613391431726083333e-02 8.237960799446853236e-03 1.003348521935795712e-02 1.000000000000000082e-05 1.000000000000000082e-05
8.277505786909571117e-02 3.424655473289849039e-02 3.809514872049800382e-02 1.000000000000000082e-05 1.000000000000000082e-05
1.146417421125989766e-01 6.375643923109963751e-02 4.610312422299388951e-02 1.000000000000000082e-05 1.000000000000000082e-05
1.004027387581678255e-01 3.829877276467746200e-02 8.436959816599937795e-03 3.389072593257715094e-02 1.000000000000000082e-05
3.589079188764072309e-02 1.156793125779339605e-02 1.000000000000000082e-05 1.107713028176796066e-01 1.000000000000000082e-05
1.000000000000000082e-05 1.000000000000000082e-05 5.578780983868520706e-03 1.303650846837534905e-01 4.617998156090298567e-02
1.000000000000000082e-05 1.102432096535043175e-03 3.114586610358040936e-03 8.722593455334685941e-02 1.066563753499603501e-01
9.970012591836504168e-04 3.092465923097882999e-02 1.000000000000000082e-05 1.613523971816327104e-02 1.467310101938405498e-01
1.401620813905624097e-02 3.614546331040107557e-02 1.000000000000000082e-05 1.000000000000000082e-05 1.131998081872840761e-01
7.900097560015167941e-03 3.192082790509637863e-02 7.546791909471450149e-03 1.000000000000000082e-05 3.116906597918592953e-02
6.603566258724461076e-03 1.477400191775803638e-02 8.479103950392558042e-03 1.000000000000000082e-05 1.402766098577811881e-03
2.998074045345728786e-03 1.219505421663738716e-02 9.184047278077978049e-03 1.000000000000000082e-05 1.000000000000000082e-05
1.413708489747862989e-03 6.529569410056670735e-03 1.357567592597964034e-03 1.000000000000000082e-05 1.000000000000000082e-05
1.675811323274824802e-03 8.753113488530184921e-03 1.000000000000000082e-05 1.000000000000000082e-05 1.000000000000000082e-05
2.846377628046864276e-03 9.846843338170615731e-03 1.000000000000000082e-05 1.000000000000000082e-05 1.000000000000000082e-05
1.537757377632015992e-03 5.445838718711114648e-03 1.000000000000000082e-05 1.000000000000000082e-05 1.000000000000000082e-05
0.000000000000000000e+00 -0.000000000000000000e+00 0.000000000000000000e+00 0.000000000000000000e+00 -0.000000000000000000e+00
0.000000000000000000e+00 -0.000000000000000000e+00 0.000000000000000000e+00 0.000000000000000000e+00 -0.000000000000000000e+00
0.000000000000000000e+00 -0.000000000000000000e+00 0.000000000000000000e+00 0.000000000000000000e+00 -0.000000000000000000e+00
0.000000000000000000e+00 -0.000000000000000000e+00 0.000000000000000000e+00 0.000000000000000000e+00 -0.000000000000000000e+00
0.000000000000000000e+00 -0.000000000000000000e+00 0.000000000000000000e+00 0.000000000000000000e+00 -0.000000000000000000e+00
0.000000000000000000e+00 -0.000000000000000000e+00 0.000000000000000000e+00 0.000000000000000000e+00 -0.000000000000000000e+00
0.000000000000000000e+00 -0.000000000000000000e+00 0.000000000000000000e+00 0.000000000000000000e+00 -0.000000000000000000e+00
0.000000000000000000e+00 -0.000000000000000000e+00 0.000000000000000000e+00 0.000000000000000000e+00 -0.000000000000000000e+00
0.000000000000000000e+00 -0.000000000000000000e+00 0.000000000000000000e+00 0.000000000000000000e+00 -0.000000000000000000e+00
2.131198985286943126e-03 1.000000000000000082e-05 1.293395896533668186e-03 1.000000000000000082e-05 3.800020134540400721e-04
2.095076968587164870e-03 1.000000000000000082e-05 1.271473932185640272e-03 1.000000000000000082e-05 3.735613013615990429e-04
1.898654999451745637e-02 2.705430967838695026e-03 9.045166562699259033e-03 1.000000000000000082e-05 1.000000000000000082e-05
6.307988303966319266e-02 1.714618830722704906e-02 2.259955533147593731e-02 1.000000000000000082e-05 1.000000000000000082e-05
1.058598544445302908e-01 4.115635644942092219e-02 3.622875999934665331e-02 1.000000000000000082e-05 1.000000000000000082e-05
1.159640872403921025e-01 5.409552339542876565e-02 3.764689720840615206e-02 6.185767975181802499e-03 1.000000000000000082e-05
6.422335838481059433e-02 1.424186937539105580e-02 6.081747362946609593e-03 8.634476244565524039e-02 1.000000000000000082e-05
1.048233411955684299e-02 1.000000000000000082e-05 4.975983066668119605e-03 1.292136712039784474e-01 2.742644979537504565e-02
1.000000000000000082e-05 1.000000000000000082e-05 2.574629206781021713e-03 1.103095203415650483e-01 8.692207495232301406e-02
1.000000000000000082e-05 3.590520343815561261e-02 1.000000000000000082e-05 3.942850792928576792e-02 1.333668324087321777e-01
1.166566048913417718e-02 5.271635778512140380e-02 1.000000000000000082e-05 1.000000000000000082e-05 1.253264358294600977e-01
1.329334839508207119e-02 4.137724053787195794e-02 8.886936758223662469e-03 1.000000000000000082e-05 4.277086816626894661e-02
1.306183470749299434e-02 2.105229991025343514e-02 6.175294901163594710e-03 1.000000000000000082e-05 3.280521054603674665e-03
1.212337607945562952e-02 1.663674991987956417e-02 9.224240914327960436e-03 1.000000000000000082e-05 1.000000000000000082e-05
1.087935885309159259e-02 1.590078140760247880e-02 1.149208679776610523e-02 1.000000000000000082e-05 1.000000000000000082e-05
9.585791571186719207e-03 1.421767407520968876e-02 1.169212940492650454e-02 1.000000000000000082e-05 1.000000000000000082e-05
3.519022660899321503e-03 3.907792853171851953e-03 6.125116936707027809e-03 1.000000000000000082e-05 1.000000000000000082e-05
3.504550206519170628e-03 3.242450746031172622e-03 1.292063195626356673e-03 1.000000000000000082e-05 1.620980000165190725e-04
2.685069908016883902e-03 1.000000000000000082e-05 1.629532683203433873e-03 1.000000000000000082e-05 4.787595988714749137e-04
1.384677306824850639e-03 1.000000000000000082e-05 8.403419666744172539e-04 1.000000000000000082e-05 2.468939635435856675e-04
0.000000000000000000e+00 -0.000000000000000000e+00 0.000000000000000000e+00 0.000000000000000000e+00 -0.000000000000000000e+00
0.000000000000000000e+00 -0.000000000000000000e+00 0.000000000000000000e+00 0.000000000000000000e+00 -0.000000000000000000e+00
0.000000000000000000e+00 -0.000000000000000000e+00 0.000000000000000000e+00 0.000000000000000000e+00 -0.000000000000000000e+00
0.000000000000000000e+00 -0.000000000000000000e+00 0.000000000000000000e+00 0.000000000000000000e+00 -0.000000000000000000e+00
0.000000000000000000e+00 -0.000000000000000000e+00 0.000000000000000000e+00 0.000000000000000000e+00 -0.000000000000000000e+00
0.000000000000000000e+00 -0.000000000000000000e+00 0.000000000000000000e+00 0.000000000000000000e+00 -0.000000000000000000e+00
0.000000000000000000e+00 -0.000000000000000000e+00 0.000000000000000000e+00 0.000000000000000000e+00 -0.000000000000000000e+00
0.000000000000000000e+00 -0.000000000000000000e+00 0.000000000000000000e+00 0.000000000000000000e+00 -0.000000000000000000e+00
2.131198985286943126e-03 1.000000000000000082e-05 1.293395896533668186e-03 1.000000000000000082e-05 3.800020134540400721e-04
5.039413106685948669e-03 1.525557549424264904e-04 4.337896670353664878e-03 1.000000000000000082e-05 1.000000000000000082e-05
3.722430787562006765e-02 5.421586873554051951e-03 1.986200412554791489e-02 1.000000000000000082e-05 1.000000000000000082e-05
9.133018059354414131e-02 1.836999124310124618e-02 1.722744404353600267e-02 1.000000000000000082e-05 1.000000000000000082e-05
1.258068096043006290e-01 4.090714531972214352e-02 2.228678908215127319e-02 1.000000000000000082e-05 1.000000000000000082e-05
1.142273487265360182e-01 2.314301094027480798e-02 1.185571537867839698e-02 4.638772066570424901e-02 1.000000000000000082e-05
3.048425972573512097e-02 1.000000000000000082e-05 1.054668171858298177e-02 1.222252987654149220e-01 1.694582574996204155e-02
1.000000000000000082e-05 1.000000000000000082e-05 6.305241569597411395e-03 1.221190082524093723e-01 7.049324462217371190e-02
1.000000000000000082e-05 3.045026788261066125e-02 1.000000000000000082e-05 7.213796923609998302e-02 1.191652593695949197e-01
1.000000000000000082e-05 6.156384363913326718e-02 1.000000000000000082e-05 1.000000000000000082e-05 1.244613780759373789e-01
4.738858086290252160e-03 5.901004556757915437e-02 5.825760906977351869e-03 1.000000000000000082e-05 5.607006465143548474e-02
3.281117349998304705e-03 2.619329184414371028e-02 1.975371435275714502e-02 1.000000000000000082e-05 1.030560681526122672e-02
3.097746236851916298e-03 1.714456032181772491e-02 3.780599038832205272e-02 1.000000000000000082e-05 1.000000000000000082e-05
2.624559381325927698e-03 1.386651377215386734e-02 4.385401610420876922e-02 1.000000000000000082e-05 1.000000000000000082e-05
6.228666083156904863e-03 1.057355209264848779e-02 5.257270339487123134e-02 1.000000000000000082e-05 1.000000000000000082e-05
7.463978152340058556e-03 1.515529001598147664e-02 4.883891465043305180e-02 1.000000000000000082e-05 1.000000000000000082e-05
7.768833002044991075e-03 1.220032787910973852e-02 2.503322167239348597e-02 1.000000000000000082e-05 3.482118275707472453e-04
1.000000000000000082e-05 6.390392294585371235e-04 9.166020745659511984e-03 1.000000000000000082e-05 7.153693685214919558e-04
1.000000000000000082e-05 1.000000000000000082e-05 3.333016493474691509e-03 1.000000000000000082e-05 5.288723680697088271e-04
2.829557974815999095e-03 1.000000000000000082e-05 1.717220540595546614e-03 1.000000000000000082e-05 5.045224472412396808e-04
0.000000000000000000e+00 -0.000000000000000000e+00 0.000000000000000000e+00 0.000000000000000000e+00 -0.000000000000000000e+00
0.000000000000000000e+00 -0.000000000000000000e+00 0.000000000000000000e+00 0.000000000000000000e+00 -0.000000000000000000e+00
0.000000000000000000e+00 -0.000000000000000000e+00 0.000000000000000000e+00 0.000000000000000000e+00 -0.000000000000000000e+00
0.000000000000000000e+00 -0.000000000000000000e+00 0.000000000000000000e+00 0.000000000000000000e+00 -0.000000000000000000e+00
0.000000000000000000e+00 -0.000000000000000000e+00 0.000000000000000000e+00 0.000000000000000000e+00 -0.000000000000000000e+00
0.000000000000000000e+00 -0.000000000000000000e+00 0.000000000000000000e+00 0.000000000000000000e+00 -0.000000000000000000e+00
0.000000000000000000e+00 -0.000000000000000000e+00 0.000000000000000000e+00 0.000000000000000000e+00 -0.000000000000000000e+00
0.000000000000000000e+00 -0.000000000000000000e+00 0.000000000000000000e+00 0.000000000000000000e+00 -0.000000000000000000e+00
2.697110580250143899e-03 1.000000000000000082e-05 1.636840004652775861e-03 1.000000000000000082e-05 4.809065029022887888e-04
1.319405829614611614e-02 1.218413821290876674e-03 1.223538501204830646e-02 1.000000000000000082e-05 1.000000000000000082e-05
5.503140095495905049e-02 8.771214629068326343e-03 1.806036892368437577e-02 1.000000000000000082e-05 1.000000000000000082e-05
1.101148421613340339e-01 1.822212642643282823e-02 6.004746694010592960e-03 1.000000000000000082e-05 1.000000000000000082e-05
1.338476411519395615e-01 2.170451708469829655e-02 1.000000000000000082e-05 1.768630284150323265e-02 1.000000000000000082e-05
7.388171824158723533e-02 1.000000000000000082e-05 1.119225317128703066e-02 9.265634444579283480e-02 1.225040288039695550e-02
1.000000000000000082e-05 1.000000000000000082e-05 2.662760788298518602e-02 1.291677919785424733e-01 5.060623041378082415e-02
1.000000000000000082e-05 2.218908064478718883e-02 1.374605175078847698e-02 9.744395267828462326e-02 1.014134127535998298e-01
1.000000000000000082e-05 7.555677583164498168e-02 5.506008432022345639e-05 2.174324002930860464e-02 1.179421059940306410e-01
1.000000000000000082e-05 8.009876432588919348e-02 1.229182218643786254e-02 1.000000000000000082e-05 7.284654274985277733e-02
9.888700965621300201e-04 5.338392919856511931e-02 1.807202205886930535e-02 1.000000000000000082e-05 7.883123405355211763e-03
1.000000000000000082e-05 2.895081453368129193e-02 7.344630667572159266e-02 1.000000000000000082e-05 1.000000000000000082e-05
1.000000000000000082e-05 1.835423773010100984e-02 1.381475430661784076e-01 1.000000000000000082e-05 1.000000000000000082e-05
1.000000000000000082e-05 1.000000000000000082e-05 1.744289303606554320e-01 1.138802260585545286e-03 1.000000000000000082e-05
1.000000000000000082e-05 1.000000000000000082e-05 1.825276777071508372e-01 1.000000000000000082e-05 1.000000000000000082e-05
1.000000000000000082e-05 3.566810197096292531e-03 1.401720166771540099e-01 1.000000000000000082e-05 4.310950492434886296e-03
1.320613182536203335e-02 9.318990533768103587e-03 8.880118344273663089e-02 1.000000000000000082e-05 7.501154573004616306e-03
7.707596109299316711e-03 1.776604843352442122e-03 2.436722675015424305e-02 1.000000000000000082e-05 5.665775701527405242e-03
3.038415467905820466e-03 1.000000000000000082e-05 1.394317699020582342e-02 1.000000000000000082e-05 1.041420185610854825e-05
3.825609619076688131e-03 1.000000000000000082e-05 3.765517008580963974e-03 1.000000000000000082e-05 2.791742406149239075e-04
0.000000000000000000e+00 -0.000000000000000000e+00 0.000000000000000000e+00 0.000000000000000000e+00 -0.000000000000000000e+00
0.000000000000000000e+00 -0.000000000000000000e+00 0.000000000000000000e+00 0.000000000000000000e+00 -0.000000000000000000e+00
0.000000000000000000e+00 -0.000000000000000000e+00 0.000000000000000000e+00 0.000000000000000000e+00 -0.000000000000000000e+00
0.000000000000000000e+00 -0.000000000000000000e+00 0.000000000000000000e+00 0.000000000000000000e+00 -0.000000000000000000e+00
0.000000000000000000e+00 -0.000000000000000000e+00 0.000000000000000000e+00 0.000000000000000000e+00 -0.000000000000000000e+00
0.000000000000000000e+00 -0.000000000000000000e+00 0.000000000000000000e+00 0.000000000000000000e+00 -0.000000000000000000e+00
0.000000000000000000e+00 -0.000000000000000000e+00 0.000000000000000000e+00 0.000000000000000000e+00 -0.000000000000000000e+00
0.000000000000000000e+00 -0.000000000000000000e+00 0.000000000000000000e+00 0.000000000000000000e+00 -0.000000000000000000e+00
3.070371419481192528e-03 1.000000000000000082e-05 1.863366969582401760e-03 1.000000000000000082e-05 5.474605278575159911e-04
2.603849650488177306e-02 3.690770722630412441e-03 1.397030331305558482e-02 1.000000000000000082e-05 1.000000000000000082e-05
7.656086770404219033e-02 7.149046611179313802e-03 1.026863515171348024e-02 1.000000000000000082e-05 1.000000000000000082e-05
1.243080376221203653e-01 1.129275077159255271e-02 1.000000000000000082e-05 1.000000000000000082e-05 3.609938353261642413e-04
1.223802998580602597e-01 1.000000000000000082e-05 1.000000000000000082e-05 5.104119145695063670e-02 1.191304536796609741e-02
3.749456130685723670e-02 1.000000000000000082e-05 3.033938449212812694e-02 1.114925027831905335e-01 3.907700105849571531e-02
1.000000000000000082e-05 4.115270226294230616e-03 2.769606397592011549e-02 1.166934625054492219e-01 8.350775684358087425e-02
1.000000000000000082e-05 6.852419145509619502e-02 5.240615641889295739e-03 5.620118940458107559e-02 1.122200353654610044e-01
1.000000000000000082e-05 1.057595379768234006e-01 8.842652967064039415e-03 1.000000000000000082e-05 8.418213106154984193e-02
1.000000000000000082e-05 9.740455118688899627e-02 6.229410342427323805e-02 1.000000000000000082e-05 2.067828323098531984e-02
1.000000000000000082e-05 5.604988308729491608e-02 1.302610490219280048e-01 1.000000000000000082e-05 1.000000000000000082e-05
1.000000000000000082e-05 5.044313670610763023e-02 2.285873088544893850e-01 1.000000000000000082e-05 1.000000000000000082e-05
1.000000000000000082e-05 2.416186601209528023e-02 2.605199994066226266e-01 7.109053490680181109e-03 1.000000000000000082e-05
1.000000000000000082e-05 1.000000000000000082e-05 2.451983624801561956e-01 2.536570840574641286e-02 1.977841799395429773e-03
8.845401195042236833e-03 1.000000000000000082e-05 2.101356727508008615e-01 3.739502023498623984e-02 8.590113789762954602e-03
2.624957114673801689e-02 1.000000000000000082e-05 1.857020539315361041e-01 2.614983723046538158e-02 1.097887906608242987e-02
5.719283978165706772e-02 1.000000000000000082e-05 1.174080221308455435e-01 1.000000000000000082e-05 2.294077172673984408e-02
4.310944049779080744e-02 1.000000000000000082e-05 3.663047474699270695e-02 1.000000000000000082e-05 1.863688085373990319e-02
1.234423279140535457e-02 1.000000000000000082e-05 1.327466291906036211e-02 1.000000000000000082e-05 2.856445493242241746e-03
1.002607594941985758e-02 5.784024139346582473e-04 1.090683083364076683e-02 1.000000000000000082e-05 1.000000000000000082e-05
3.148120247675516726e-03 3.393654300412437185e-04 4.116321745214463097e-03 1.000000000000000082e-05 1.000000000000000082e-05
0.000000000000000000e+00 -0.000000000000000000e+00 0.000000000000000000e+00 0.000000000000000000e+00 -0.000000000000000000e+00
0.000000000000000000e+00 -0.000000000000000000e+00 0.000000000000000000e+00 0.000000000000000000e+00 -0.000000000000000000e+00
0.000000000000000000e+00 -0.000000000000000000e+00 0.000000000000000000e+00 0.000000000000000000e+00 -0.000000000000000000e+00
0.000000000000000000e+00 -0.000000000000000000e+00 0.000000000000000000e+00 0.000000000000000000e+00 -0.000000000000000000e+00
0.000000000000000000e+00 -0.000000000000000000e+00 0.000000000000000000e+00 0.000000000000000000e+00 -0.000000000000000000e+00
0.000000000000000000e+00 -0.000000000000000000e+00 0.000000000000000000e+00 0.000000000000000000e+00 -0.000000000000000000e+00
0.000000000000000000e+00 -0.000000000000000000e+00 0.000000000000000000e+00 0.000000000000000000e+00 -0.000000000000000000e+00
6.361066628024238806e-03 9.631135034148073778e-04 4.717244928465448399e-03 1.000000000000000082e-05 1.000000000000000082e-05
3.863193291381709915e-02 2.813367104635341835e-03 1.604584071988625349e-02 1.000000000000000082e-05 1.000000000000000082e-05
1.041579374098476757e-01 1.000000000000000082e-05 1.000000000000000082e-05 1.000000000000000082e-05 4.088949062105083805e-03
1.348666334824932533e-01 1.000000000000000082e-05 1.000000000000000082e-05 2.296037863287356956e-02 1.490062463737105818e-02
1.013772153053051489e-01 1.000000000000000082e-05 1.961623674586883068e-02 7.836375654842371585e-02 3.392542078904218356e-02
1.879306109477307113e-02 4.956569929720216637e-05 6.164216277058529730e-02 1.101449629731412749e-01 6.374075676153904968e-02
1.000000000000000082e-05 5.725193206266663420e-02 3.976989459530914234e-02 8.066017222379504026e-02 9.646048992334178840e-02
1.000000000000000082e-05 1.248921879183849531e-01 2.094597641520913600e-02 1.232048784929285976e-02 9.318723036322487663e-02
1.000000000000000082e-05 1.482913551406545016e-01 5.429028026624032471e-02 1.000000000000000082e-05 2.545642241297675287e-02
1.000000000000000082e-05 1.436396485296760062e-01 1.392059620976555112e-01 1.000000000000000082e-05 1.000000000000000082e-05
1.000000000000000082e-05 1.202359971186485049e-01 2.314747574582107503e-01 1.000000000000000082e-05 1.000000000000000082e-05
1.000000000000000082e-05 6.293847468360971864e-02 2.517921394710819216e-01 1.411899668565324770e-02 4.452263386325257082e-03
1.695842787227649917e-02 1.000000000000000082e-05 1.789791972493082473e-01 4.245001739497252652e-02 3.835907306404760103e-02
4.641520737239986094e-02 1.000000000000000082e-05 1.234172621414459797e-01 6.782554969273141277e-02 5.680845728338328182e-02
6.508788108173028941e-02 1.000000000000000082e-05 1.111117349278591959e-01 7.214814989703109693e-02 6.051842831699364572e-02
7.015539773031650994e-02 1.000000000000000082e-05 1.268787603510925233e-01 6.755523243435464231e-02 3.975508269404240402e-02
8.192520332333050326e-02 1.000000000000000082e-05 9.145544906653077510e-02 2.488983671076848425e-02 3.444339631229700882e-02
6.947097186980127903e-02 1.000000000000000082e-05 3.690306023661580476e-02 1.000000000000000082e-05 2.597957485345626927e-02
4.398899666354298688e-02 1.000000000000000082e-05 1.000000000000000082e-05 1.000000000000000082e-05 1.283758412822539642e-02
1.145608094173493872e-02 1.000000000000000082e-05 8.536491381581244250e-03 1.000000000000000082e-05 2.713257979447433049e-03
6.521106227327853194e-03 7.029712479425775365e-04 8.526666472229958715e-03 1.000000000000000082e-05 1.000000000000000082e-05
0.000000000000000000e+00 -0.000000000000000000e+00 0.000000000000000000e+00 0.000000000000000000e+00 -0.000000000000000000e+00
0.000000000000000000e+00 -0.000000000000000000e+00 0.000000000000000000e+00 0.000000000000000000e+00 -0.000000000000000000e+00
0.000000000000000000e+00 -0.000000000000000000e+00 0.000000000000000000e+00 0.000000000000000000e+00 -0.000000000000000000e+00
0.000000000000000000e+00 -0.000000000000000000e+00 0.000000000000000000e+00 0.000000000000000000e+00 -0.000000000000000000e+00
0.000000000000000000e+00 -0.000000000000000000e+00 0.000000000000000000e+00 0.000000000000000000e+00 -0.000000000000000000e+00
0.000000000000000000e+00 -0.000000000000000000e+00 0.000000000000000000e+00 0.000000000000000000e+00 -0.000000000000000000e+00
0.000000000000000000e+00 -0.000000000000000000e+00 0.000000000000000000e+00 0.000000000000000000e+00 -0.000000000000000000e+00
6.322662722433815621e-03 9.508181951948815012e-04 4.683975332182518415e-03 1.000000000000000082e-05 1.000000000000000082e-05
5.384771674160387933e-02 1.000000000000000082e-05 9.607365516533123220e-03 1.000000000000000082e-05 5.605657144997256173e-04
1.168871428431171033e-01 1.000000000000000082e-05 1.000000000000000082e-05 1.032274689061460360e-03 1.806539068845409990e-02
1.353016966271722299e-01 1.000000000000000082e-05 1.000000000000000082e-05 4.552866523046324859e-02 4.298441498257813548e-02
6.864716267177144171e-02 1.000000000000000082e-05 4.708746023405834674e-02 9.345479451406384086e-02 5.783627234521840355e-02
7.303694995685915993e-03 2.664393143446511583e-02 7.071885584428032334e-02 9.690011229983663821e-02 7.561989984546430010e-02
1.000000000000000082e-05 1.169575764412178476e-01 5.326891193819527359e-02 4.191793533715457154e-02 8.041607229476765983e-02
1.000000000000000082e-05 1.564864450857221534e-01 3.828015347021906239e-02 1.000000000000000082e-05 3.983211796005578509e-02
1.000000000000000082e-05 1.681201069838537399e-01 9.857376138645453090e-02 1.000000000000000082e-05 3.522919935118952982e-03
1.000000000000000082e-05 1.496341055762347161e-01 2.048762222535153166e-01 1.000000000000000082e-05 1.000000000000000082e-05
3.579745675232269466e-03 1.075203369718914087e-01 1.983299134569339872e-01 1.682852779216474290e-02 3.572796305369652092e-02
3.091142806107800844e-02 3.932213789188181152e-02 8.548345692803639706e-02 6.088241662508980107e-02 7.218824507811287539e-02
7.427376502772754796e-02 1.000000000000000082e-05 1.000000000000000082e-05 8.881924392317158690e-02 7.735576904450830460e-02
9.392162512114177186e-02 1.000000000000000082e-05 1.000000000000000082e-05 9.240988347329186225e-02 8.231811116708322162e-02
8.546956694942277333e-02 1.000000000000000082e-05 6.870139135604537949e-03 8.601382293955558977e-02 9.194069220519401897e-02
8.818391465271156748e-02 1.000000000000000082e-05 7.629369744572513101e-02 8.132823094498446703e-02 5.708366522487885730e-02
1.113360460829355414e-01 1.000000000000000082e-05 6.323278752712502282e-02 3.779149264733458469e-02 3.676048867496074790e-02
9.064982887329232908e-02 1.000000000000000082e-05 1.034588500569083407e-02 4.379708431142392139e-03 2.674930421051465237e-02
5.456769815039444471e-02 1.000000000000000082e-05 1.000000000000000082e-05 1.000000000000000082e-05 1.184513402374063468e-02
1.191234634879246267e-02 1.000000000000000082e-05 7.928540772063114375e-03 1.000000000000000082e-05 2.769478619219822683e-03
4.244340691062525872e-03 4.575373208591755397e-04 5.549683781494499889e-03 1.000000000000000082e-05 1.000000000000000082e-05
0.000000000000000000e+00 -0.000000000000000000e+00 0.000000000000000000e+00 0.000000000000000000e+00 -0.000000000000000000e+00
0.000000000000000000e+00 -0.000000000000000000e+00 0.000000000000000000e+00 0.000000000000000000e+00 -0.000000000000000000e+00
0.000000000000000000e+00 -0.000000000000000000e+00 0.000000000000000000e+00 0.000000000000000000e+00 -0.000000000000000000e+00
0.000000000000000000e+00 -0.000000000000000000e+00 0.000000000000000000e+00 0.000000000000000000e+00 -0.000000000000000000e+00
0.000000000000000000e+00 -0.000000000000000000e+00 0.000000000000000000e+00 0.000000000000000000e+00 -0.000000000000000000e+00
0.000000000000000000e+00 -0.000000000000000000e+00 0.000000000000000000e+00 0.000000000000000000e+00 -0.000000000000000000e+00
0.000000000000000000e+00 -0.000000000000000000e+00 0.000000000000000000e+00 0.000000000000000000e+00 -0.000000000000000000e+00
5.987340378669680531e-03 8.473621098532193446e-04 4.392755749296452066e-03 1.000000000000000082e-05 4.330945786736725218e-05
5.623207588984793087e-02 1.000000000000000082e-05 1.674322517181179790e-02 1.000000000000000082e-05 5.243957846835938658e-03
1.284906159501079392e-01 1.000000000000000082e-05 1.000000000000000082e-05 1.227706216202535672e-02 3.102541796416454292e-02
1.309774664404068367e-01 1.000000000000000082e-05 1.000000000000000082e-05 5.538591987300974656e-02 6.148650800974061331e-02
6.051915860895114990e-02 1.000000000000000082e-05 4.667405298246321554e-02 9.626293171791863723e-02 8.190132369844545235e-02
1.000000000000000082e-05 5.820677564577212554e-02 7.096349959984599165e-02 8.087383360679623046e-02 7.125911648771490747e-02
1.000000000000000082e-05 1.625275562093536630e-01 5.913843528009156414e-02 2.080657757780917175e-02 4.473292165922897190e-02
1.000000000000000082e-05 1.944357091920727032e-01 7.949684015786699642e-02 1.000000000000000082e-05 5.521793684604931439e-03
1.000000000000000082e-05 1.724247549440487415e-01 1.636271345191017690e-01 1.000000000000000082e-05 1.008250353811910270e-02
1.000000000000000082e-05 1.186048096555142040e-01 1.756484492128089769e-01 1.705752925032706299e-02 4.429953868651635707e-02
4.302563013197515523e-02 5.362368553166260710e-02 5.611035220579094207e-02 6.804933690830589077e-02 8.792315360196818752e-02
9.364834287355379427e-02 2.082427254715105147e-02 1.000000000000000082e-05 9.378913370512052816e-02 1.044364623553405147e-01
9.919810083332258888e-02 3.008227392623838078e-02 1.000000000000000082e-05 8.720429685551887855e-02 8.027391236406487829e-02
7.676559568941364320e-02 3.437899308023079081e-02 1.000000000000000082e-05 7.203978920167812550e-02 8.273863932488542683e-02
6.246070574598129588e-02 1.000000000000000082e-05 1.000000000000000082e-05 8.994497815820323705e-02 8.942629464921024451e-02
7.750424865123085871e-02 1.000000000000000082e-05 5.823071298514301969e-02 8.979644411883422328e-02 4.997435110499126587e-02
1.251924752723835577e-01 1.000000000000000082e-05 1.887127141657109902e-02 4.381476504989922222e-02 3.330157232214148860e-02
1.153675682792506957e-01 1.000000000000000082e-05 1.000000000000000082e-05 1.000000000000000082e-05 2.133519537733796420e-02
5.334445657056018086e-02 5.626008377568784448e-03 2.628740392734074498e-03 1.000000000000000082e-05 8.764713708687298446e-03
1.645912742322877195e-02 3.846605305472146179e-03 6.435981274713464123e-03 1.000000000000000082e-05 3.414018350036982039e-04
4.890620667242816591e-03 1.748279308310994509e-03 1.254802129980489437e-03 1.000000000000000082e-05 1.000000000000000082e-05
0.000000000000000000e+00 -0.000000000000000000e+00 0.000000000000000000e+00 0.000000000000000000e+00 -0.000000000000000000e+00
0.000000000000000000e+00 -0.000000000000000000e+00 0.000000000000000000e+00 0.000000000000000000e+00 -0.000000000000000000e+00
0.000000000000000000e+00 -0.000000000000000000e+00 0.000000000000000000e+00 0.000000000000000000e+00 -0.000000000000000000e+00
0.000000000000000000e+00 -0.000000000000000000e+00 0.000000000000000000e+00 0.000000000000000000e+00 -0.000000000000000000e+00
0.000000000000000000e+00 -0.000000000000000000e+00 0.000000000000000000e+00 0.000000000000000000e+00 -0.000000000000000000e+00
0.000000000000000000e+00 -0.000000000000000000e+00 0.000000000000000000e+00 0.000000000000000000e+00 -0.000000000000000000e+00
1.000000000000000082e-05 4.085193676411277153e-05 1.623412550976312881e-04 1.000000000000000082e-05 4.640637376902528150e-05
3.008162609994557892e-03 1.089241181771519185e-03 9.391287847759990579e-03 1.000000000000000082e-05 4.407298113624191251e-03
4.999949300271192693e-02 1.000000000000000082e-05 1.008458874059432915e-02 1.000000000000000082e-05 1.750283334955155326e-02
1.275691119826428410e-01 1.000000000000000082e-05 1.000000000000000082e-05 2.235823328662681075e-02 5.046908347464693079e-02
1.310515487016110092e-01 1.000000000000000082e-05 5.823545994848814723e-03 5.833287719422738937e-02 9.248383433470555581e-02
6.058789787132955879e-02 1.000000000000000082e-05 5.181806829386782082e-02 9.210372575730460531e-02 8.538076006612997648e-02
1.000000000000000082e-05 9.455861342276096482e-02 9.603379527583152941e-02 6.318564311954011359e-02 4.426190184394797333e-02
1.000000000000000082e-05 2.033521222211423785e-01 8.998224193911363855e-02 1.067829516177416262e-02 7.987496086193252584e-04
1.000000000000000082e-05 1.937491307041320221e-01 1.227794582644996524e-01 1.000000000000000082e-05 1.536798097368913436e-02
1.000000000000000082e-05 1.139397428275094604e-01 1.434834176598035749e-01 1.275123782704097250e-02 5.639602079656188399e-02
3.792796539083752999e-02 6.368129346040903548e-03 8.926213870018517849e-02 5.991585871531547591e-02 8.738136123400994104e-02
7.734080915394055122e-02 1.000000000000000082e-05 1.000000000000000082e-05 8.629908213897125036e-02 8.401165863703428938e-02
9.341514623586560928e-02 1.000000000000000082e-05 1.000000000000000082e-05 8.195432746286211712e-02 7.603401711655298489e-02
6.803687047494580420e-02 4.295750259830798806e-02 1.000000000000000082e-05 4.567327583035196703e-02 7.623414968195675601e-02
4.456115398257065596e-02 5.545495320806146516e-02 1.000000000000000082e-05 5.522044101499794938e-02 9.486221076352174819e-02
4.512048898612470993e-02 1.000000000000000082e-05 1.000000000000000082e-05 9.923441049001476000e-02 8.754115892425956558e-02
8.319155903674523012e-02 1.000000000000000082e-05 2.597033161862605591e-02 9.243008055119127098e-02 4.042726608435080055e-02
1.333547175329426460e-01 1.000000000000000082e-05 1.386370014806175520e-02 2.976274427700065575e-02 1.502926891453014099e-02
1.016446362135933618e-01 3.279392033251118336e-03 1.000000000000000082e-05 1.000000000000000082e-05 1.114254191580463585e-02
4.081330589126498654e-02 6.926277352029732402e-03 1.000000000000000082e-05 1.000000000000000082e-05 2.326270033228654277e-03
1.339827497833712307e-02 4.277735612529396519e-03 1.000000000000000082e-05 1.000000000000000082e-05 5.906241066791804517e-05
5.025186284372926311e-03 2.302329460918540842e-03 1.000000000000000082e-05 1.000000000000000082e-05 1.165589889809057054e-04
0.000000000000000000e+00 -0.000000000000000000e+00 0.000000000000000000e+00 0.000000000000000000e+00 -0.000000000000000000e+00
0.000000000000000000e+00 -0.000000000000000000e+00 0.000000000000000000e+00 0.000000000000000000e+00 -0.000000000000000000e+00
0.000000000000000000e+00 -0.000000000000000000e+00 0.000000000000000000e+00 0.000000000000000000e+00 -0.000000000000000000e+00
0.000000000000000000e+00 -0.000000000000000000e+00 0.000000000000000000e+00 0.000000000000000000e+00 -0.000000000000000000e+00
0.000000000000000000e+00 -0.000000000000000000e+00 0.000000000000000000e+00 0.000000000000000000e+00 -0.000000000000000000e+00
0.000000000000000000e+00 -0.000000000000000000e+00 0.000000000000000000e+00 0.000000000000000000e+00 -0.000000000000000000e+00
1.000000000000000082e-05 1.361731225470425435e-05 5.411375169921041356e-05 1.000000000000000082e-05 1.546879125634175372e-05
2.530259165562716728e-03 1.000000000000000082e-05 6.856629855916860326e-03 1.000000000000000082e-05 7.188824846290393575e-03
3.068256950780881911e-02 1.000000000000000082e-05 8.860196213048976768e-03 3.290720581124373899e-03 2.233393009445604205e-02
1.089034583126218259e-01 1.000000000000000082e-05 1.000000000000000082e-05 2.254571554103858982e-02 6.870536266081501975e-02
1.247374104709362413e-01 1.000000000000000082e-05 8.404905255464504427e-03 5.798082832020946820e-02 1.123573434143281674e-01
7.388445206811923571e-02 1.000000000000000082e-05 3.011824444243036900e-02 8.631882354226333431e-02 8.886762660125653579e-02
8.537996644369922825e-03 1.051058521446886912e-01 1.009421125476040876e-01 6.052789998546523331e-02 1.186267423350867260e-02
1.000000000000000082e-05 1.878075362484867283e-01 1.189305209252582429e-01 1.409508220790118074e-02 5.751498697419580274e-03
1.000000000000000082e-05 1.365635290627005005e-01 1.233102132439401200e-01 9.740700692279441811e-03 5.384622435266871870e-02
1.773022274582840285e-02 1.733503545685954189e-02 1.022767439246111132e-01 4.136968842423605769e-02 8.460960676194551056e-02
6.271594125512743034e-02 1.000000000000000082e-05 4.410564131660476422e-02 8.714147379795678106e-02 7.308100345998955194e-02
8.772707198095382186e-02 1.000000000000000082e-05 1.000000000000000082e-05 8.243050439429212839e-02 6.403463762381379765e-02
8.952691204407749181e-02 1.000000000000000082e-05 1.000000000000000082e-05 5.131989822900756559e-02 8.934391919089645917e-02
6.989963676750306221e-02 1.372792580035585297e-02 1.431970014737997399e-02 4.188906161585301963e-02 1.026064751951026588e-01
5.362410225127679092e-02 7.372714642776775212e-03 1.000000000000000082e-05 8.312616789415604168e-02 9.396729614917666285e-02
7.416995327600212073e-02 1.000000000000000082e-05 1.000000000000000082e-05 1.087410446778753342e-01 5.555129464589225741e-02
1.071006667683750413e-01 1.000000000000000082e-05 6.966898048404500041e-03 7.146858706053056676e-02 1.750751316934713239e-02
1.106490487616457602e-01 2.436247384197849294e-02 2.261181892317100373e-02 4.305834975121138161e-04 1.000000000000000082e-05
6.202283726935797770e-02 2.533893873356650450e-02 5.270537323444881607e-03 1.000000000000000082e-05 4.917257443230612333e-04
2.074622497001539501e-02 6.312582525829030233e-03 1.000000000000000082e-05 1.000000000000000082e-05 2.660790834778653004e-03
1.334663638742009280e-02 9.739604620069513110e-04 1.000000000000000082e-05 6.574512277323536769e-04 2.300063905877173815e-03
2.563960468295553921e-03 1.465174424143892828e-04 1.000000000000000082e-05 1.566571539049541983e-04 4.575688023742218000e-04
0.000000000000000000e+00 -0.000000000000000000e+00 0.000000000000000000e+00 0.000000000000000000e+00 -0.000000000000000000e+00
0.000000000000000000e+00 -0.000000000000000000e+00 0.000000000000000000e+00 0.000000000000000000e+00 -0.000000000000000000e+00
0.000000000000000000e+00 -0.000000000000000000e+00 0.000000000000000000e+00 0.000000000000000000e+00 -0.000000000000000000e+00
0.000000000000000000e+00 -0.000000000000000000e+00 0.000000000000000000e+00 0.000000000000000000e+00 -0.000000000000000000e+00
0.000000000000000000e+00 -0.000000000000000000e+00 0.000000000000000000e+00 0.000000000000000000e+00 -0.000000000000000000e+00
0.000000000000000000e+00 -0.000000000000000000e+00 0.000000000000000000e+00 0.000000000000000000e+00 -0.000000000000000000e+00
1.000000000000000082e-05 8.170387352822554305e-05 3.246825101952625762e-04 1.000000000000000082e-05 9.281274753805056300e-05
1.397069715498438190e-03 2.270560271778345027e-04 1.138209099124577565e-02 1.000000000000000082e-05 9.055014702550155323e-03
1.445879282267053742e-02 1.000000000000000082e-05 1.008907319522018425e-02 3.790480004904532661e-03 2.462167944956807075e-02
7.007450651829515154e-02 1.000000000000000082e-05 1.000000000000000082e-05 2.498085151983362243e-02 9.569974352149232533e-02
1.124815280503208004e-01 1.000000000000000082e-05 1.000000000000000082e-05 5.460336108358305324e-02 1.270548114150448216e-01
9.357738635462850563e-02 1.000000000000000082e-05 2.770203572071458509e-03 8.501422848957326805e-02 8.889974260497342240e-02
6.340723057853134281e-02 7.706228578736729062e-02 4.651500532604770782e-02 7.624003709703204568e-02 2.291362694885999349e-02
4.214190619407245236e-02 1.133696578351583578e-01 9.589633547456075102e-02 3.761829258677920618e-02 3.842250208155315733e-02
5.527595841045780667e-02 5.496357723217492469e-02 8.681625914331657368e-02 3.374336702682857736e-02 7.414724760166692408e-02
7.368920250977281650e-02 1.000000000000000082e-05 5.681892344327194727e-02 6.381838514583250410e-02 7.970867657009034213e-02
8.315056247119614885e-02 1.000000000000000082e-05 4.918165225956929593e-02 8.781585983974371512e-02 6.706270984196116558e-02
8.532547333553489044e-02 1.000000000000000082e-05 4.350094974114224883e-02 7.138164707020133726e-02 8.456327318628978351e-02
9.000245400284309638e-02 1.000000000000000082e-05 2.106010327632834925e-02 6.196189254047222705e-02 9.333295156171901585e-02
8.399223080404973063e-02 1.000000000000000082e-05 1.000000000000000082e-05 8.705778375830115767e-02 8.554998303620423017e-02
7.799043436936330120e-02 1.000000000000000082e-05 1.000000000000000082e-05 1.071798515568117283e-01 5.227087652837231202e-02
9.426403731435063771e-02 9.015713195390243767e-03 1.000000000000000082e-05 8.869397878198066743e-02 2.018498588836156044e-02
1.018867404441224367e-01 5.797719388870336416e-02 8.246099898330565975e-03 1.914673881678280107e-02 1.000000000000000082e-05
7.065852523508026062e-02 6.447659529924720800e-02 3.544262750269513464e-03 1.000000000000000082e-05 1.000000000000000082e-05
4.387064101741109529e-02 2.414290783941559076e-02 1.000000000000000082e-05 1.000000000000000082e-05 1.000000000000000082e-05
1.431738001497616722e-02 6.277364499611421365e-03 1.000000000000000082e-05 1.000000000000000082e-05 1.508886399776050453e-03
2.490218381026052495e-03 2.631975188156180246e-04 1.000000000000000082e-05 6.172508401513355060e-05 3.976001364955352672e-04
1.904463051853656525e-04 1.000000000000000082e-05 1.000000000000000082e-05 1.420874829199040678e-04 1.015144295421788211e-04
0.000000000000000000e+00 -0.000000000000000000e+00 0.000000000000000000e+00 0.000000000000000000e+00 -0.000000000000000000e+00
0.000000000000000000e+00 -0.000000000000000000e+00 0.000000000000000000e+00 0.000000000000000000e+00 -0.000000000000000000e+00
0.000000000000000000e+00 -0.000000000000000000e+00 0.000000000000000000e+00 0.000000000000000000e+00 -0.000000000000000000e+00
0.000000000000000000e+00 -0.000000000000000000e+00 0.000000000000000000e+00 0.000000000000000000e+00 -0.000000000000000000e+00
0.000000000000000000e+00 -0.000000000000000000e+00 0.000000000000000000e+00 0.000000000000000000e+00 -0.000000000000000000e+00
0.000000000000000000e+00 -0.000000000000000000e+00 0.000000000000000000e+00 0.000000000000000000e+00 -0.000000000000000000e+00
1.000000000000000082e-05 1.361731225470425435e-05 5.411375169921041356e-05 1.000000000000000082e-05 1.546879125634175372e-05
9.332502196518543741e-04 1.000000000000000082e-05 4.960264090804434103e-03 1.000000000000000082e-05 4.475020411474298770e-03
9.649131867502816137e-03 1.000000000000000082e-05 1.466827266336884206e-02 2.439878156586259943e-03 2.720226420772906342e-02
3.433145762118176847e-02 1.000000000000000082e-05 1.000000000000000082e-05 2.064564466554834332e-02 9.861475371008679436e-02
7.982803004158900428e-02 1.000000000000000082e-05 1.000000000000000082e-05 4.295657689533530221e-02 1.357370761417512339e-01
9.562925548496520323e-02 1.000000000000000082e-05 1.000000000000000082e-05 8.247506202166518530e-02 9.599445988246027572e-02
8.386000673050909848e-02 9.258239231124683333e-03 1.000000000000000082e-05 9.944769081078481954e-02 6.943283758697633978e-02
8.192315336982713969e-02 4.156796436238621023e-02 1.906947935403963471e-02 8.276394583692250895e-02 8.940325599675812140e-02
9.186699585247909416e-02 1.841991082134395580e-02 4.584716656754150854e-02 7.516543946412360122e-02 9.268238213266181968e-02
1.033828907187639562e-01 1.000000000000000082e-05 3.861742572231675885e-02 8.608321652890742193e-02 9.218095870288252336e-02
9.866470345264402586e-02 1.000000000000000082e-05 4.510540622600575644e-02 8.686453788440154367e-02 9.713072261623256765e-02
9.235484248728229040e-02 1.000000000000000082e-05 3.034949730105392443e-02 8.826621716004771911e-02 9.793720206176037557e-02
8.993486697282257469e-02 1.000000000000000082e-05 5.667131205602595444e-03 9.962940651926828484e-02 8.191331156324918594e-02
9.144184094410638675e-02 4.627635553716992131e-03 1.000000000000000082e-05 1.042446456650008707e-01 4.269245872577934198e-02
9.244823770877350078e-02 5.625844970805495004e-02 1.000000000000000082e-05 8.356209027148789326e-02 8.237600345818472253e-03
9.602566727258138313e-02 8.077627137943821367e-02 1.000000000000000082e-05 3.056835052951803119e-02 1.000000000000000082e-05
7.084874984745549720e-02 8.729002352318970814e-02 1.000000000000000082e-05 1.000000000000000082e-05 1.000000000000000082e-05
3.706101188197221535e-02 6.252886764707454859e-02 2.169745294882556141e-03 1.000000000000000082e-05 1.000000000000000082e-05
2.050776972246080507e-02 1.397533534367806710e-02 1.000000000000000082e-05 1.000000000000000082e-05 1.631240001839106288e-03
7.781318580338182633e-03 4.199846609514538802e-03 1.000000000000000082e-05 1.000000000000000082e-05 1.011318719272855018e-03
0.000000000000000000e+00 -0.000000000000000000e+00 0.000000000000000000e+00 0.000000000000000000e+00 -0.000000000000000000e+00
0.000000000000000000e+00 -0.000000000000000000e+00 0.000000000000000000e+00 0.000000000000000000e+00 -0.000000000000000000e+00
0.000000000000000000e+00 -0.000000000000000000e+00 0.000000000000000000e+00 0.000000000000000000e+00 -0.000000000000000000e+00
0.000000000000000000e+00 -0.000000000000000000e+00 0.000000000000000000e+00 0.000000000000000000e+00 -0.000000000000000000e+00
0.000000000000000000e+00 -0.000000000000000000e+00 0.000000000000000000e+00 0.000000000000000000e+00 -0.000000000000000000e+00
0.000000000000000000e+00 -0.000000000000000000e+00 0.000000000000000000e+00 0.000000000000000000e+00 -0.000000000000000000e+00
0.000000000000000000e+00 -0.000000000000000000e+00 0.000000000000000000e+00 0.000000000000000000e+00 -0.000000000000000000e+00
0.000000000000000000e+00 -0.000000000000000000e+00 0.000000000000000000e+00 0.000000000000000000e+00 -0.000000000000000000e+00
0.000000000000000000e+00 -0.000000000000000000e+00 0.000000000000000000e+00 0.000000000000000000e+00 -0.000000000000000000e+00
1.000000000000000082e-05 1.000000000000000082e-05 4.479943079652095803e-03 3.466565532345220867e-05 1.000000000000000082e-05
1.000000000000000082e-05 1.000000000000000082e-05 1.779002540494624071e-02 1.000000000000000082e-05 1.190220200732319822e-02
9.224810695385261480e-03 1.000000000000000082e-05 1.898659412714515105e-02 1.537616663682376096e-03 6.989679819392111138e-02
1.798249001552471721e-02 1.000000000000000082e-05 3.876483865575209437e-02 1.940839695309474339e-02 1.166516117579482203e-01
4.498046506368488101e-02 1.000000000000000082e-05 1.000000000000000082e-05 6.076654475811567313e-02 1.191152693799980983e-01
6.331314828110043424e-02 1.000000000000000082e-05 1.000000000000000082e-05 9.347209968135250513e-02 1.145488806175788271e-01
8.217903695268856390e-02 2.162171469510150434e-04 1.000000000000000082e-05 9.936434312250820577e-02 1.025322226299293510e-01
9.373553999345836385e-02 3.241611103735374949e-02 6.127784879652369877e-03 9.576936379028964941e-02 9.377752822678687983e-02
9.631155915077488361e-02 1.056350966479616994e-02 2.781134469759827949e-02 9.612158470452923653e-02 8.319562180642027516e-02
9.700718072806999159e-02 1.812742292348928702e-03 2.376925966182448155e-02 9.632947949145867494e-02 7.618827077860251817e-02
9.460130406605070374e-02 1.255326112884440695e-02 5.128189636805694125e-03 9.899125125488519861e-02 5.738921453778707271e-02
9.184597171075493949e-02 3.064285956687899659e-02 1.000000000000000082e-05 9.602307672628232482e-02 1.730211307668956186e-02
7.942944837251393608e-02 8.557088990018282826e-02 1.000000000000000082e-05 6.781329756632836769e-02 1.000000000000000082e-05
7.032995838799817323e-02 1.312220865284514371e-01 1.000000000000000082e-05 2.497190956084706370e-02 1.000000000000000082e-05
4.402626184433897083e-02 1.053326888998917105e-01 5.853528026602377622e-03 1.000000000000000082e-05 1.000000000000000082e-05
2.966482473081377344e-02 7.587572947134767209e-02 7.531426819914859884e-03 1.000000000000000082e-05 1.000000000000000082e-05
2.212900951521301271e-02 3.739175663692305418e-02 1.000000000000000082e-05 1.000000000000000082e-05 1.000000000000000082e-05
1.495976091282271922e-02 8.172294530055796216e-03 1.000000000000000082e-05 1.000000000000000082e-05 1.823684399602343081e-03
9.541055661534691285e-03 5.177375867474394086e-03 1.000000000000000082e-05 1.000000000000000082e-05 1.099115338048330549e-03
4.415100206056978699e-03 2.396726931296962355e-03 1.000000000000000082e-05 1.000000000000000082e-05 5.039957182481959739e-04
8.573010108848506212e-04 4.653838701547497814e-04 1.000000000000000082e-05 1.000000000000000082e-05 9.786324626178581967e-05
0.000000000000000000e+00 -0.000000000000000000e+00 0.000000000000000000e+00 0.000000000000000000e+00 -0.000000000000000000e+00
0.000000000000000000e+00 -0.000000000000000000e+00 0.000000000000000000e+00 0.000000000000000000e+00 -0.000000000000000000e+00
0.000000000000000000e+00 -0.000000000000000000e+00 0.000000000000000000e+00 0.000000000000000000e+00 -0.000000000000000000e+00
0.000000000000000000e+00 -0.000000000000000000e+00 0.000000000000000000e+00 0.000000000000000000e+00 -0.000000000000000000e+00
0.000000000000000000e+00 -0.000000000000000000e+00 0.000000000000000000e+00 0.000000000000000000e+00 -0.000000000000000000e+00
0.000000000000000000e+00 -0.000000000000000000e+00 0.000000000000000000e+00 0.000000000000000000e+00 -0.000000000000000000e+00
0.000000000000000000e+00 -0.000000000000000000e+00 0.000000000000000000e+00 0.000000000000000000e+00 -0.000000000000000000e+00
1.000000000000000082e-05 8.905730253339668844e-05 6.535445604573452034e-03 5.737836759372412835e-05 1.000000000000000082e-05
1.000000000000000082e-05 7.059230640354034010e-04 1.861181769329936508e-02 1.000000000000000082e-05 1.355791597799150096e-03
1.000000000000000082e-05 1.959644815576888979e-03 3.851101871393030479e-02 1.000000000000000082e-05 2.285808630666149449e-02
1.000000000000000082e-05 1.000000000000000082e-05 5.724471227579015775e-02 1.000000000000000082e-05 7.242474019254040163e-02
1.000000000000000082e-05 1.000000000000000082e-05 5.111259910527176514e-02 1.530931514692624069e-02 9.933509236089956007e-02
8.258468038811025286e-03 1.000000000000000082e-05 2.344430957385552558e-02 5.163691693734309002e-02 1.139377489834263180e-01
1.730209719011309780e-02 1.000000000000000082e-05 5.696629043039314229e-03 7.744737500990747647e-02 9.691274549080519662e-02
2.671293195103069743e-02 4.428098709420932866e-02 2.028698445519469193e-02 8.516708770823931685e-02 6.221887609041759637e-02
4.292228404993680274e-02 8.332965679572099105e-02 3.651699412794893324e-02 8.022495834024705175e-02 3.061759076540016000e-02
4.681383647626988220e-02 8.800736780855031305e-02 2.116699504970057794e-02 8.024286147124452817e-02 7.693601226092775143e-03
4.371665114513472589e-02 1.030964781953851439e-01 1.000000000000000082e-05 6.816393431164126382e-02 1.000000000000000082e-05
3.857044303871884350e-02 1.313950647292029539e-01 1.000000000000000082e-05 4.417231466083482855e-02 1.000000000000000082e-05
3.202588092338231468e-02 1.495335020120766856e-01 1.000000000000000082e-05 8.138495381893868022e-03 1.000000000000000082e-05
2.379415976869000277e-02 1.272065297754237656e-01 1.285267799765110134e-03 1.000000000000000082e-05 1.000000000000000082e-05
1.932938271140009073e-02 8.394117252988619882e-02 9.756617026107633830e-03 1.000000000000000082e-05 1.000000000000000082e-05
1.326286314037575589e-02 4.122264618643859541e-02 1.501640085323049023e-03 1.000000000000000082e-05 1.000000000000000082e-05
3.291858362703035945e-03 5.453541055025074025e-03 1.000000000000000082e-05 1.000000000000000082e-05 1.000000000000000082e-05
3.402487096164616464e-04 1.832301328755360872e-04 1.000000000000000082e-05 1.000000000000000082e-05 4.632369575505213992e-05
0.000000000000000000e+00 -0.000000000000000000e+00 0.000000000000000000e+00 0.000000000000000000e+00 -0.000000000000000000e+00
0.000000000000000000e+00 -0.000000000000000000e+00 0.000000000000000000e+00 0.000000000000000000e+00 -0.000000000000000000e+00
0.000000000000000000e+00 -0.000000000000000000e+00 0.000000000000000000e+00 0.000000000000000000e+00 -0.000000000000000000e+00
0.000000000000000000e+00 -0.000000000000000000e+00 0.000000000000000000e+00 0.000000000000000000e+00 -0.000000000000000000e+00
0.000000000000000000e+00 -0.000000000000000000e+00 0.000000000000000000e+00 0.000000000000000000e+00 -0.000000000000000000e+00
0.000000000000000000e+00 -0.000000000000000000e+00 0.000000000000000000e+00 0.000000000000000000e+00 -0.000000000000000000e+00
0.000000000000000000e+00 -0.000000000000000000e+00 0.000000000000000000e+00 0.000000000000000000e+00 -0.000000000000000000e+00
0.000000000000000000e+00 -0.000000000000000000e+00 0.000000000000000000e+00 0.000000000000000000e+00 -0.000000000000000000e+00
0.000000000000000000e+00 -0.000000000000000000e+00 0.000000000000000000e+00 0.000000000000000000e+00 -0.000000000000000000e+00
0.000000000000000000e+00 -0.000000000000000000e+00 0.000000000000000000e+00 0.000000000000000000e+00 -0.000000000000000000e+00
0.000000000000000000e+00 -0.000000000000000000e+00 0.000000000000000000e+00 0.000000000000000000e+00 -0.000000000000000000e+00
1.000000000000000082e-05 1.632192789612323526e-04 7.931811481175055729e-04 1.000000000000000082e-05 3.590171251896731846e-04
1.000000000000000082e-05 1.116753823210175391e-02 1.736156903312033317e-02 1.000000000000000082e-05 1.070905359004972919e-02
1.000000000000000082e-05 1.722052934612161926e-02 3.996197605701766464e-02 1.000000000000000082e-05 1.835747249142938992e-02
1.000000000000000082e-05 1.590599330321504010e-02 5.431276273931504722e-02 1.000000000000000082e-05 2.609250299600077150e-02
1.000000000000000082e-05 1.036988192746063700e-02 6.409191569288298640e-02 1.000000000000000082e-05 3.714594212943106433e-02
1.000000000000000082e-05 3.815910118345287871e-02 2.244632580981986009e-02 1.000000000000000082e-05 3.234485923376827915e-02
2.319779224745290632e-03 8.059565486059536155e-02 1.597570937349755086e-03 8.329093670584536771e-03 1.260206976910279233e-02
5.606208473543326624e-03 1.201619442799892468e-01 1.299071101722499254e-02 1.341151693390549987e-02 1.000000000000000082e-05
1.038796819289503764e-02 1.540828148362397843e-01 8.301188376376493483e-03 1.055855021641360393e-02 1.000000000000000082e-05
1.495877759735983470e-02 1.678323678644985106e-01 1.000000000000000082e-05 1.000000000000000082e-05 1.000000000000000082e-05
1.353687784299239909e-02 1.381943407566294246e-01 1.000000000000000082e-05 1.000000000000000082e-05 1.000000000000000082e-05
6.494375753846684009e-03 9.695532148369230552e-02 1.000000000000000082e-05 1.000000000000000082e-05 1.000000000000000082e-05
8.285006984104122119e-03 5.608951119424931964e-02 1.000000000000000082e-05 1.000000000000000082e-05 1.000000000000000082e-05
4.746062756350501004e-03 2.610138728733655059e-02 1.000000000000000082e-05 1.000000000000000082e-05 1.000000000000000082e-05
1.000000000000000082e-05 4.105690272813980989e-03 1.000000000000000082e-05 1.097869441335805807e-03 1.000000000000000082e-05
0.000000000000000000e+00 -0.000000000000000000e+00 0.000000000000000000e+00 0.000000000000000000e+00 -0.000000000000000000e+00
0.000000000000000000e+00 -0.000000000000000000e+00 0.000000000000000000e+00 0.000000000000000000e+00 -0.000000000000000000e+00
0.000000000000000000e+00 -0.000000000000000000e+00 0.000000000000000000e+00 0.000000000000000000e+00 -0.000000000000000000e+00
0.000000000000000000e+00 -0.000000000000000000e+00 0.000000000000000000e+00 0.000000000000000000e+00 -0.000000000000000000e+00
0.000000000000000000e+00 -0.000000000000000000e+00 0.000000000000000000e+00 0.000000000000000000e+00 -0.000000000000000000e+00
0.000000000000000000e+00 -0.000000000000000000e+00 0.000000000000000000e+00 0.000000000000000000e+00 -0.000000000000000000e+00
0.000000000000000000e+00 -0.000000000000000000e+00 0.000000000000000000e+00 0.000000000000000000e+00 -0.000000000000000000e+00
0.000000000000000000e+00 -0.000000000000000000e+00 0.000000000000000000e+00 0.000000000000000000e+00 -0.000000000000000000e+00
0.000000000000000000e+00 -0.000000000000000000e+00 0.000000000000000000e+00 0.000000000000000000e+00 -0.000000000000000000e+00
0.000000000000000000e+00 -0.000000000000000000e+00 0.000000000000000000e+00 0.000000000000000000e+00 -0.000000000000000000e+00
0.000000000000000000e+00 -0.000000000000000000e+00 0.000000000000000000e+00 0.000000000000000000e+00 -0.000000000000000000e+00
0.000000000000000000e+00 -0.000000000000000000e+00 0.000000000000000000e+00 0.000000000000000000e+00 -0.000000000000000000e+00
0.000000000000000000e+00 -0.000000000000000000e+00 0.000000000000000000e+00 0.000000000000000000e+00 -0.000000000000000000e+00
0.000000000000000000e+00 -0.000000000000000000e+00 0.000000000000000000e+00 0.000000000000000000e+00 -0.000000000000000000e+00
1.000000000000000082e-05 1.000000000000000082e-05 1.652985134673066146e-03 1.000000000000000082e-05 7.999052843374236752e-04
1.000000000000000082e-05 1.000000000000000082e-05 5.914013481830296230e-03 1.000000000000000082e-05 2.861883350629448614e-03
1.000000000000000082e-05 1.000000000000000082e-05 1.480963850337358237e-02 1.000000000000000082e-05 3.536286719792785735e-03
1.000000000000000082e-05 1.000000000000000082e-05 1.295749565622353848e-02 1.000000000000000082e-05 8.730319599962240319e-04
0.000000000000000000e+00 -0.000000000000000000e+00 0.000000000000000000e+00 0.000000000000000000e+00 -0.000000000000000000e+00
1.824709240172613393e-04 5.356733364883257097e-03 1.000000000000000082e-05 1.000000000000000082e-05 6.761779257519108131e-04
1.000000000000000082e-05 2.485385674118988086e-02 1.000000000000000082e-05 4.218532934325267317e-04 4.604738041291832378e-05
5.536018485521792881e-04 2.902108699137592729e-02 1.000000000000000082e-05 1.000000000000000082e-05 1.000000000000000082e-05
1.000000000000000082e-05 2.544334458839469723e-02 1.000000000000000082e-05 1.000000000000000082e-05 1.258460038531479747e-03
1.260074717558091421e-04 1.644614793425558733e-02 1.000000000000000082e-05 1.183251291477098064e-03 1.000000000000000082e-05
9.333044375727240745e-04 1.206962438230022548e-02 1.000000000000000082e-05 5.505122133195721476e-04 1.000000000000000082e-05
2.738687636664964412e-04 1.369389251099963414e-02 1.000000000000000082e-05 1.590266237043290931e-03 1.000000000000000082e-05
1.000000000000000082e-05 5.717143854096594716e-03 1.000000000000000082e-05 2.055774915310816953e-03 1.000000000000000082e-05
1.000000000000000082e-05 1.440388717903249563e-03 1.000000000000000082e-05 9.220460210380138208e-04 1.000000000000000082e-05
0.000000000000000000e+00 -0.000000000000000000e+00 0.000000000000000000e+00 0.000000000000000000e+00 -0.000000000000000000e+00
0.000000000000000000e+00 -0.000000000000000000e+00 0.000000000000000000e+00 0.000000000000000000e+00 -0.000000000000000000e+00
0.000000000000000000e+00 -0.000000000000000000e+00 0.000000000000000000e+00 0.000000000000000000e+00 -0.000000000000000000e+00
0.000000000000000000e+00 -0.000000000000000000e+00 0.000000000000000000e+00 0.000000000000000000e+00 -0.000000000000000000e+00
0.000000000000000000e+00 -0.000000000000000000e+00 0.000000000000000000e+00 0.000000000000000000e+00 -0.000000000000000000e+00
0.000000000000000000e+00 -0.000000000000000000e+00 0.000000000000000000e+00 0.000000000000000000e+00 -0.000000000000000000e+00
0.000000000000000000e+00 -0.000000000000000000e+00 0.000000000000000000e+00 0.000000000000000000e+00 -0.000000000000000000e+00
0.000000000000000000e+00 -0.000000000000000000e+00 0.000000000000000000e+00 0.000000000000000000e+00 -0.000000000000000000e+00
0.000000000000000000e+00 -0.000000000000000000e+00 0.000000000000000000e+00 0.000000000000000000e+00 -0.000000000000000000e+00
0.000000000000000000e+00 -0.000000000000000000e+00 0.000000000000000000e+00 0.000000000000000000e+00 -0.000000000000000000e+00
0.000000000000000000e+00 -0.000000000000000000e+00 0.000000000000000000e+00 0.000000000000000000e+00 -0.000000000000000000e+00
0.000000000000000000e+00 -0.000000000000000000e+00 0.000000000000000000e+00 0.000000000000000000e+00 -0.000000000000000000e+00
0.000000000000000000e+00 -0.000000000000000000e+00 0.000000000000000000e+00 0.000000000000000000e+00 -0.000000000000000000e+00
0.000000000000000000e+00 -0.000000000000000000e+00 0.000000000000000000e+00 0.000000000000000000e+00 -0.000000000000000000e+00
0.000000000000000000e+00 -0.000000000000000000e+00 0.000000000000000000e+00 0.000000000000000000e+00 -0.000000000000000000e+00
0.000000000000000000e+00 -0.000000000000000000e+00 0.000000000000000000e+00 0.000000000000000000e+00 -0.000000000000000000e+00
0.000000000000000000e+00 -0.000000000000000000e+00 0.000000000000000000e+00 0.000000000000000000e+00 -0.000000000000000000e+00
0.000000000000000000e+00 -0.000000000000000000e+00 0.000000000000000000e+00 0.000000000000000000e+00 -0.000000000000000000e+00
0.000000000000000000e+00 -0.000000000000000000e+00 0.000000000000000000e+00 0.000000000000000000e+00 -0.000000000000000000e+00
0.000000000000000000e+00 -0.000000000000000000e+00 0.000000000000000000e+00 0.000000000000000000e+00 -0.000000000000000000e+00
0.000000000000000000e+00 -0.000000000000000000e+00 0.000000000000000000e+00 0.000000000000000000e+00 -0.000000000000000000e+00
0.000000000000000000e+00 -0.000000000000000000e+00 0.000000000000000000e+00 0.000000000000000000e+00 -0.000000000000000000e+00
0.000000000000000000e+00 -0.000000000000000000e+00 0.000000000000000000e+00 0.000000000000000000e+00 -0.000000000000000000e+00
0.000000000000000000e+00 -0.000000000000000000e+00 0.000000000000000000e+00 0.000000000000000000e+00 -0.000000000000000000e+00
0.000000000000000000e+00 -0.000000000000000000e+00 0.000000000000000000e+00 0.000000000000000000e+00 -0.000000000000000000e+00
0.000000000000000000e+00 -0.000000000000000000e+00 0.000000000000000000e+00 0.000000000000000000e+00 -0.000000000000000000e+00
0.000000000000000000e+00 -0.000000000000000000e+00 0.000000000000000000e+00 0.000000000000000000e+00 -0.000000000000000000e+00
0.000000000000000000e+00 -0.000000000000000000e+00 0.000000000000000000e+00 0.000000000000000000e+00 -0.000000000000000000e+00
0.000000000000000000e+00 -0.000000000000000000e+00 0.000000000000000000e+00 0.000000000000000000e+00 -0.000000000000000000e+00
0.000000000000000000e+00 -0.000000000000000000e+00 0.000000000000000000e+00 0.000000000000000000e+00 -0.000000000000000000e+00
0.000000000000000000e+00 -0.000000000000000000e+00 0.000000000000000000e+00 0.000000000000000000e+00 -0.000000000000000000e+00
0.000000000000000000e+00 -0.000000000000000000e+00 0.000000000000000000e+00 0.000000000000000000e+00 -0.000000000000000000e+00
0.000000000000000000e+00 -0.000000000000000000e+00 0.000000000000000000e+00 0.000000000000000000e+00 -0.000000000000000000e+00
0.000000000000000000e+00 -0.000000000000000000e+00 0.000000000000000000e+00 0.000000000000000000e+00 -0.000000000000000000e+00
0.000000000000000000e+00 -0.000000000000000000e+00 0.000000000000000000e+00 0.000000000000000000e+00 -0.000000000000000000e+00
0.000000000000000000e+00 -0.000000000000000000e+00 0.000000000000000000e+00 0.000000000000000000e+00 -0.000000000000000000e+00
0.000000000000000000e+00 -0.000000000000000000e+00 0.000000000000000000e+00 0.000000000000000000e+00 -0.000000000000000000e+00
0.000000000000000000e+00 -0.000000000000000000e+00 0.000000000000000000e+00 0.000000000000000000e+00 -0.000000000000000000e+00
0.000000000000000000e+00 -0.000000000000000000e+00 0.000000000000000000e+00 0.000000000000000000e+00 -0.000000000000000000e+00
0.000000000000000000e+00 -0.000000000000000000e+00 0.000000000000000000e+00 0.000000000000000000e+00 -0.000000000000000000e+00
0.000000000000000000e+00 -0.000000000000000000e+00 0.000000000000000000e+00 0.000000000000000000e+00 -0.000000000000000000e+00
0.000000000000000000e+00 -0.000000000000000000e+00 0.000000000000000000e+00 0.000000000000000000e+00 -0.000000000000000000e+00
0.000000000000000000e+00 -0.000000000000000000e+00 0.000000000000000000e+00 0.000000000000000000e+00 -0.000000000000000000e+00
0.000000000000000000e+00 -0.000000000000000000e+00 0.000000000000000000e+00 0.000000000000000000e+00 -0.000000000000000000e+00
0.000000000000000000e+00 -0.000000000000000000e+00 0.000000000000000000e+00 0.000000000000000000e+00 -0.000000000000000000e+00
0.000000000000000000e+00 -0.000000000000000000e+00 0.000000000000000000e+00 0.000000000000000000e+00 -0.000000000000000000e+00
0.000000000000000000e+00 -0.000000000000000000e+00 0.000000000000000000e+00 0.000000000000000000e+00 -0.000000000000000000e+00
0.000000000000000000e+00 -0.000000000000000000e+00 0.000000000000000000e+00 0.000000000000000000e+00 -0.000000000000000000e+00
0.000000000000000000e+00 -0.000000000000000000e+00 0.000000000000000000e+00 0.000000000000000000e+00 -0.000000000000000000e+00
0.000000000000000000e+00 -0.000000000000000000e+00 0.000000000000000000e+00 0.000000000000000000e+00 -0.000000000000000000e+00
0.000000000000000000e+00 -0.000000000000000000e+00 0.000000000000000000e+00 0.000000000000000000e+00 -0.000000000000000000e+00
0.000000000000000000e+00 -0.000000000000000000e+00 0.000000000000000000e+00 0.000000000000000000e+00 -0.000000000000000000e+00
0.000000000000000000e+00 -0.000000000000000000e+00 0.000000000000000000e+00 0.000000000000000000e+00 -0.000000000000000000e+00
0.000000000000000000e+00 -0.000000000000000000e+00 0.000000000000000000e+00 0.000000000000000000e+00 -0.000000000000000000e+00
0.000000000000000000e+00 -0.000000000000000000e+00 0.000000000000000000e+00 0.000000000000000000e+00 -0.000000000000000000e+00
0.000000000000000000e+00 -0.000000000000000000e+00 0.000000000000000000e+00 0.000000000000000000e+00 -0.000000000000000000e+00
0.000000000000000000e+00 -0.000000000000000000e+00 0.000000000000000000e+00 0.000000000000000000e+00 -0.000000000000000000e+00
0.000000000000000000e+00 -0.000000000000000000e+00 0.000000000000000000e+00 0.000000000000000000e+00 -0.000000000000000000e+00
0.000000000000000000e+00 -0.000000000000000000e+00 0.000000000000000000e+00 0.000000000000000000e+00 -0.000000000000000000e+00
0.000000000000000000e+00 -0.000000000000000000e+00 0.000000000000000000e+00 0.000000000000000000e+00 -0.000000000000000000e+00
0.000000000000000000e+00 -0.000000000000000000e+00 0.000000000000000000e+00 0.000000000000000000e+00 -0.000000000000000000e+00
0.000000000000000000e+00 -0.000000000000000000e+00 0.000000000000000000e+00 0.000000000000000000e+00 -0.000000000000000000e+00
0.000000000000000000e+00 -0.000000000000000000e+00 0.000000000000000000e+00 0.000000000000000000e+00 -0.000000000000000000e+00
0.000000000000000000e+00 -0.000000000000000000e+00 0.000000000000000000e+00 0.000000000000000000e+00 -0.000000000000000000e+00
0.000000000000000000e+00 -0.000000000000000000e+00 0.000000000000000000e+00 0.000000000000000000e+00 -0.000000000000000000e+00
0.000000000000000000e+00 -0.000000000000000000e+00 0.000000000000000000e+00 0.000000000000000000e+00 -0.000000000000000000e+00
0.000000000000000000e+00 -0.000000000000000000e+00 0.000000000000000000e+00 0.000000000000000000e+00 -0.000000000000000000e+00
0.000000000000000000e+00 -0.000000000000000000e+00 0.000000000000000000e+00 0.000000000000000000e+00 -0.000000000000000000e+00
0.000000000000000000e+00 -0.000000000000000000e+00 0.000000000000000000e+00 0.000000000000000000e+00 -0.000000000000000000e+00
0.000000000000000000e+00 -0.000000000000000000e+00 0.000000000000000000e+00 0.000000000000000000e+00 -0.000000000000000000e+00
0.000000000000000000e+00 -0.000000000000000000e+00 0.000000000000000000e+00 0.000000000000000000e+00 -0.000000000000000000e+00
0.000000000000000000e+00 -0.000000000000000000e+00 0.000000000000000000e+00 0.000000000000000000e+00 -0.000000000000000000e+00
0.000000000000000000e+00 -0.000000000000000000e+00 0.000000000000000000e+00 0.000000000000000000e+00 -0.000000000000000000e+00
0.000000000000000000e+00 -0.000000000000000000e+00 0.000000000000000000e+00 0.000000000000000000e+00 -0.000000000000000000e+00
0.000000000000000000e+00 -0.000000000000000000e+00 0.000000000000000000e+00 0.000000000000000000e+00 -0.000000000000000000e+00
0.000000000000000000e+00 -0.000000000000000000e+00 0.000000000000000000e+00 0.000000000000000000e+00 -0.000000000000000000e+00
0.000000000000000000e+00 -0.000000000000000000e+00 0.000000000000000000e+00 0.000000000000000000e+00 -0.000000000000000000e+00
0.000000000000000000e+00 -0.000000000000000000e+00 0.000000000000000000e+00 0.000000000000000000e+00 -0.000000000000000000e+00
0.000000000000000000e+00 -0.000000000000000000e+00 0.000000000000000000e+00 0.000000000000000000e+00 -0.000000000000000000e+00
0.000000000000000000e+00 -0.000000000000000000e+00 0.000000000000000000e+00 0.000000000000000000e+00 -0.000000000000000000e+00
0.000000000000000000e+00 -0.000000000000000000e+00 0.000000000000000000e+00 0.000000000000000000e+00 -0.000000000000000000e+00
0.000000000000000000e+00 -0.000000000000000000e+00 0.000000000000000000e+00 0.000000000000000000e+00 -0.000000000000000000e+00
0.000000000000000000e+00 -0.000000000000000000e+00 0.000000000000000000e+00 0.000000000000000000e+00 -0.000000000000000000e+00
0.000000000000000000e+00 -0.000000000000000000e+00 0.000000000000000000e+00 0.000000000000000000e+00 -0.000000000000000000e+00
0.000000000000000000e+00 -0.000000000000000000e+00 0.000000000000000000e+00 0.000000000000000000e+00 -0.000000000000000000e+00
0.000000000000000000e+00 -0.000000000000000000e+00 0.000000000000000000e+00 0.000000000000000000e+00 -0.000000000000000000e+00
0.000000000000000000e+00 -0.000000000000000000e+00 0.000000000000000000e+00 0.000000000000000000e+00 -0.000000000000000000e+00
0.000000000000000000e+00 -0.000000000000000000e+00 0.000000000000000000e+00 0.000000000000000000e+00 -0.000000000000000000e+00
0.000000000000000000e+00 -0.000000000000000000e+00 0.000000000000000000e+00 0.000000000000000000e+00 -0.000000000000000000e+00
0.000000000000000000e+00 -0.000000000000000000e+00 0.000000000000000000e+00 0.000000000000000000e+00 -0.000000000000000000e+00
0.000000000000000000e+00 -0.000000000000000000e+00 0.000000000000000000e+00 0.000000000000000000e+00 -0.000000000000000000e+00
0.000000000000000000e+00 -0.000000000000000000e+00 0.000000000000000000e+00 0.000000000000000000e+00 -0.000000000000000000e+00
0.000000000000000000e+00 -0.000000000000000000e+00 0.000000000000000000e+00 0.000000000000000000e+00 -0.000000000000000000e+00
0.000000000000000000e+00 -0.000000000000000000e+00 0.000000000000000000e+00 0.000000000000000000e+00 -0.000000000000000000e+00
0.000000000000000000e+00 -0.000000000000000000e+00 0.000000000000000000e+00 0.000000000000000000e+00 -0.000000000000000000e+00
0.000000000000000000e+00 -0.000000000000000000e+00 0.000000000000000000e+00 0.000000000000000000e+00 -0.000000000000000000e+00
0.000000000000000000e+00 -0.000000000000000000e+00 0.000000000000000000e+00 0.000000000000000000e+00 -0.000000000000000000e+00
0.000000000000000000e+00 -0.000000000000000000e+00 0.000000000000000000e+00 0.000000000000000000e+00 -0.000000000000000000e+00
0.000000000000000000e+00 -0.000000000000000000e+00 0.000000000000000000e+00 0.000000000000000000e+00 -0.000000000000000000e+00
0.000000000000000000e+00 -0.000000000000000000e+00 0.000000000000000000e+00 0.000000000000000000e+00 -0.000000000000000000e+00
0.000000000000000000e+00 -0.000000000000000000e+00 0.000000000000000000e+00 0.000000000000000000e+00 -0.000000000000000000e+00
0.000000000000000000e+00 -0.000000000000000000e+00 0.000000000000000000e+00 0.000000000000000000e+00 -0.000000000000000000e+00
0.000000000000000000e+00 -0.000000000000000000e+00 0.000000000000000000e+00 0.000000000000000000e+00 -0.000000000000000000e+00
0.000000000000000000e+00 -0.000000000000000000e+00 0.000000000000000000e+00 0.000000000000000000e+00 -0.000000000000000000e+00
0.000000000000000000e+00 -0.000000000000000000e+00 0.000000000000000000e+00 0.000000000000000000e+00 -0.000000000000000000e+00
0.000000000000000000e+00 -0.000000000000000000e+00 0.000000000000000000e+00 0.000000000000000000e+00 -0.000000000000000000e+00
0.000000000000000000e+00 -0.000000000000000000e+00 0.000000000000000000e+00 0.000000000000000000e+00 -0.000000000000000000e+00
0.000000000000000000e+00 -0.000000000000000000e+00 0.000000000000000000e+00 0.000000000000000000e+00 -0.000000000000000000e+00
0.000000000000000000e+00 -0.000000000000000000e+00 0.000000000000000000e+00 0.000000000000000000e+00 -0.000000000000000000e+00
0.000000000000000000e+00 -0.000000000000000000e+00 0.000000000000000000e+00 0.000000000000000000e+00 -0.000000000000000000e+00
0.000000000000000000e+00 -0.000000000000000000e+00 0.000000000000000000e+00 0.000000000000000000e+00 -0.000000000000000000e+00
0.000000000000000000e+00 -0.000000000000000000e+00 0.000000000000000000e+00 0.000000000000000000e+00 -0.000000000000000000e+00
0.000000000000000000e+00 -0.000000000000000000e+00 0.000000000000000000e+00 0.000000000000000000e+00 -0.000000000000000000e+00
0.000000000000000000e+00 -0.000000000000000000e+00 0.000000000000000000e+00 0.000000000000000000e+00 -0.000000000000000000e+00
0.000000000000000000e+00 -0.000000000000000000e+00 0.000000000000000000e+00 0.000000000000000000e+00 -0.000000000000000000e+00
0.000000000000000000e+00 -0.000000000000000000e+00 0.000000000000000000e+00 0.000000000000000000e+00 -0.000000000000000000e+00
0.000000000000000000e+00 -0.000000000000000000e+00 0.000000000000000000e+00 0.000000000000000000e+00 -0.000000000000000000e+00
0.000000000000000000e+00 -0.000000000000000000e+00 0.000000000000000000e+00 0.000000000000000000e+00 -0.000000000000000000e+00
0.000000000000000000e+00 -0.000000000000000000e+00 0.000000000000000000e+00 0.000000000000000000e+00 -0.000000000000000000e+00
