0.000000000000000000e+00 0.000000000000000000e+00 -0.000000000000000000e+00 0.000000000000000000e+00 -0.000000000000000000e+00
0.000000000000000000e+00 0.000000000000000000e+00 -0.000000000000000000e+00 0.000000000000000000e+00 -0.000000000000000000e+00
0.000000000000000000e+00 0.000000000000000000e+00 0.000000000000000000e+00 0.000000000000000000e+00 -0.000000000000000000e+00
0.000000000000000000e+00 0.000000000000000000e+00 0.000000000000000000e+00 -0.000000000000000000e+00 -0.000000000000000000e+00
0.000000000000000000e+00 0.000000000000000000e+00 0.000000000000000000e+00 -0.000000000000000000e+00 -0.000000000000000000e+00
0.000000000000000000e+00 0.000000000000000000e+00 0.000000000000000000e+00 -0.000000000000000000e+00 -0.000000000000000000e+00
0.000000000000000000e+00 0.000000000000000000e+00 0.000000000000000000e+00 -0.000000000000000000e+00 -0.000000000000000000e+00
0.000000000000000000e+00 0.000000000000000000e+00 0.000000000000000000e+00 -0.000000000000000000e+00 -0.000000000000000000e+00
0.000000000000000000e+00 0.000000000000000000e+00 0.000000000000000000e+00 -0.000000000000000000e+00 -0.000000000000000000e+00
0.000000000000000000e+00 0.000000000000000000e+00 0.000000000000000000e+00 -0.000000000000000000e+00 -0.000000000000000000e+00
0.000000000000000000e+00 0.000000000000000000e+00 0.000000000000000000e+00 -0.000000000000000000e+00 -0.000000000000000000e+00
0.000000000000000000e+00 0.000000000000000000e+00 0.000000000000000000e+00 -0.000000000000000000e+00 -0.000000000000000000e+00
2.500712311882066316e-05 6.542050205855504238e-05 1.000000000000000082e-05 1.000000000000000082e-05 1.000000000000000082e-05
5.475697648431384100e-05 1.432483407144224225e-04 1.000000000000000082e-05 1.000000000000000082e-05 1.000000000000000082e-05
0.000000000000000000e+00 0.000000000000000000e+00 0.000000000000000000e+00 -0.000000000000000000e+00 -0.000000000000000000e+00
0.000000000000000000e+00 0.000000000000000000e+00 0.000000000000000000e+00 -0.000000000000000000e+00 -0.000000000000000000e+00
0.000000000000000000e+00 0.000000000000000000e+00 0.000000000000000000e+00 -0.000000000000000000e+00 -0.000000000000000000e+00
0.000000000000000000e+00 0.000000000000000000e+00 0.000000000000000000e+00 -0.000000000000000000e+00 -0.000000000000000000e+00
0.000000000000000000e+00 0.000000000000000000e+00 0.000000000000000000e+00 -0.000000000000000000e+00 -0.000000000000000000e+00
0.000000000000000000e+00 0.000000000000000000e+00 0.000000000000000000e+00 -0.000000000000000000e+00 -0.000000000000000000e+00
0.000000000000000000e+00 0.000000000000000000e+00 0.000000000000000000e+00 -0.000000000000000000e+00 -0.000000000000000000e+00
0.000000000000000000e+00 0.000000000000000000e+00 0.000000000000000000e+00 -0.000000000000000000e+00 -0.000000000000000000e+00
0.000000000000000000e+00 0.000000000000000000e+00 0.000000000000000000e+00 -0.000000000000000000e+00 -0.000000000000000000e+00
0.000000000000000000e+00 0.000000000000000000e+00 0.000000000000000000e+00 -0.000000000000000000e+00 -0.000000000000000000e+00
0.000000000000000000e+00 0.000000000000000000e+00 0.000000000000000000e+00 -0.000000000000000000e+00 -0.000000000000000000e+00
0.000000000000000000e+00 0.000000000000000000e+00 0.000000000000000000e+00 -0.000000000000000000e+00 -0.000000000000000000e+00
0.000000000000000000e+00 0.000000000000000000e+00 0.000000000000000000e+00 -0.000000000000000000e+00 -0.000000000000000000e+00
0.000000000000000000e+00 0.000000000000000000e+00 0.000000000000000000e+00 -0.000000000000000000e+00 -0.000000000000000000e+00
0.000000000000000000e+00 0.000000000000000000e+00 0.000000000000000000e+00 -0.000000000000000000e+00 -0.000000000000000000e+00
0.000000000000000000e+00 0.000000000000000000e+00 0.000000000000000000e+00 -0.000000000000000000e+00 -0.000000000000000000e+00
0.000000000000000000e+00 0.000000000000000000e+00 0.000000000000000000e+00 -0.000000000000000000e+00 -0.000000000000000000e+00
0.000000000000000000e+00 0.000000000000000000e+00 0.000000000000000000e+00 -0.000000000000000000e+00 -0.000000000000000000e+00
0.000000000000000000e+00 0.000000000000000000e+00 0.000000000000000000e+00 -0.000000000000000000e+00 -0.000000000000000000e+00
2.401559307289949430e-06 3.309150314892865460e-06 1.000000000000000082e-05 3.121737906410311416e-06 1.000000000000000082e-05
1.605062869495809969e-04 2.817079001812382169e-04 1.000000000000000082e-05 1.329347331312653023e-04 1.000000000000000082e-05
3.180538901924366362e-04 5.586453608033208973e-04 1.000000000000000082e-05 5.036145968403748585e-04 1.000000000000000082e-05
2.338478692686264259e-04 1.518245706223990789e-04 1.000000000000000082e-05 1.398933330228664933e-03 1.000000000000000082e-05
1.655990848908818925e-04 1.000000000000000082e-05 1.000000000000000082e-05 2.351420098188202260e-03 1.000000000000000082e-05
4.885627968200535179e-04 3.475302659004603700e-04 1.000000000000000082e-05 2.331266646813641950e-03 1.000000000000000082e-05
7.148405075849869608e-04 1.646640636989722900e-03 1.000000000000000082e-05 1.970020437359274509e-03 1.000000000000000082e-05
9.092319775354471565e-04 3.053714723918936422e-03 1.000000000000000082e-05 1.188750974426579059e-03 1.000000000000000082e-05
1.075670784472639767e-03 4.752803286272630490e-03 1.000000000000000082e-05 1.000000000000000082e-05 1.000000000000000082e-05
1.027037142143737494e-03 5.649104662966244680e-03 1.000000000000000082e-05 1.000000000000000082e-05 1.000000000000000082e-05
6.238996104622784086e-04 5.039824074818821317e-03 2.010909381367399914e-04 1.000000000000000082e-05 1.000000000000000082e-05
1.027312547130781063e-04 2.909086110799338418e-03 1.025081199152911779e-03 1.000000000000000082e-05 1.000000000000000082e-05
5.455670489967238225e-05 1.640953504648410850e-03 1.335338562216010008e-03 1.000000000000000082e-05 1.000000000000000082e-05
1.956463523602535544e-04 8.072508746101581933e-04 1.096174584393571185e-03 1.000000000000000082e-05 1.000000000000000082e-05
7.373457293391911822e-04 3.902455545203347624e-04 6.375618062422152730e-04 1.000000000000000082e-05 1.000000000000000082e-05
6.611421596757462377e-04 1.343125764554155310e-04 5.620052869927229591e-04 1.000000000000000082e-05 1.000000000000000082e-05
3.651994684396402385e-04 4.538862666855325145e-05 1.111971048976956045e-04 1.000000000000000082e-05 1.000000000000000082e-05
1.151087604809370628e-04 1.560936307030882236e-04 1.339163204287441901e-05 1.000000000000000082e-05 1.000000000000000082e-05
3.831745029246950274e-05 1.980134162966304444e-04 1.000000000000000082e-05 1.000000000000000082e-05 1.000000000000000082e-05
0.000000000000000000e+00 0.000000000000000000e+00 0.000000000000000000e+00 -0.000000000000000000e+00 -0.000000000000000000e+00
0.000000000000000000e+00 0.000000000000000000e+00 0.000000000000000000e+00 -0.000000000000000000e+00 -0.000000000000000000e+00
0.000000000000000000e+00 0.000000000000000000e+00 0.000000000000000000e+00 -0.000000000000000000e+00 -0.000000000000000000e+00
0.000000000000000000e+00 0.000000000000000000e+00 0.000000000000000000e+00 -0.000000000000000000e+00 -0.000000000000000000e+00
0.000000000000000000e+00 0.000000000000000000e+00 0.000000000000000000e+00 -0.000000000000000000e+00 -0.000000000000000000e+00
0.000000000000000000e+00 0.000000000000000000e+00 0.000000000000000000e+00 -0.000000000000000000e+00 -0.000000000000000000e+00
1.000000000000000082e-05 1.000000000000000082e-05 2.927600974586190582e-05 3.648714864084354769e-06 3.961051599345877797e-05
0.000000000000000000e+00 0.000000000000000000e+00 0.000000000000000000e+00 -0.000000000000000000e+00 -0.000000000000000000e+00
9.949725740864835452e-06 7.160283950830421241e-06 5.770413435574367516e-05 7.032875633770737018e-05 1.000000000000000082e-05
2.009420387575419433e-05 3.939374219896036028e-06 9.695468719906523772e-06 5.163276238694611828e-05 1.000000000000000082e-05
1.800546019990270652e-04 4.905066264194998452e-05 1.000000000000000082e-05 1.116050073209732055e-03 1.000000000000000082e-05
5.309241436697576238e-04 1.363256354061907370e-04 1.000000000000000082e-05 3.671651997974788046e-03 1.000000000000000082e-05
8.589194121261589177e-04 1.000000000000000082e-05 1.000000000000000082e-05 8.824762801613489013e-03 1.000000000000000082e-05
1.071103833405001593e-03 1.000000000000000082e-05 1.000000000000000082e-05 1.585999017340475672e-02 1.000000000000000082e-05
1.605314945119338090e-03 1.000000000000000082e-05 1.000000000000000082e-05 2.104027916670548476e-02 1.000000000000000082e-05
2.579731238659001020e-03 7.878684791857978875e-03 1.000000000000000082e-05 2.305107137790110561e-02 1.000000000000000082e-05
3.920834539645338609e-03 2.405028482790994362e-02 1.000000000000000082e-05 2.175128333627526778e-02 1.000000000000000082e-05
4.842322608997891645e-03 4.727167155197956744e-02 1.000000000000000082e-05 8.038397980691090045e-03 1.000000000000000082e-05
2.495116487114101573e-03 6.221868208125950345e-02 1.000000000000000082e-05 1.000000000000000082e-05 1.000000000000000082e-05
1.000000000000000082e-05 5.320622669903474905e-02 8.874081153458205154e-03 1.000000000000000082e-05 1.000000000000000082e-05
1.000000000000000082e-05 2.903760261989375008e-02 2.870842097440096108e-02 1.000000000000000082e-05 1.328835436379713353e-02
1.000000000000000082e-05 9.194220529957835772e-03 4.089674020548780126e-02 1.000000000000000082e-05 1.328204951816354742e-02
1.186911979817525768e-02 1.000000000000000082e-05 4.089927941326491900e-02 1.000000000000000082e-05 1.409261766359880914e-03
2.221523960616364826e-02 1.000000000000000082e-05 2.881265696857599271e-02 1.000000000000000082e-05 1.000000000000000082e-05
2.053917415478445987e-02 1.249749400326364375e-03 1.388340761937034880e-02 1.000000000000000082e-05 1.000000000000000082e-05
1.247882883249056864e-02 1.239339857271984846e-03 5.553374748850385158e-03 1.000000000000000082e-05 1.000000000000000082e-05
5.414694948948951814e-03 7.665836905113429176e-04 2.068650493954480619e-03 1.000000000000000082e-05 1.000000000000000082e-05
1.657407217612931211e-03 3.049586284196508738e-04 7.510473862274970542e-04 1.000000000000000082e-05 1.000000000000000082e-05
7.652014981012631107e-04 1.206768668589050053e-04 1.695455105802156704e-04 1.000000000000000082e-05 1.000000000000000082e-05
1.484272833431289553e-04 3.337099526414209072e-05 1.000000000000000082e-05 1.000000000000000082e-05 1.000000000000000082e-05
0.000000000000000000e+00 0.000000000000000000e+00 0.000000000000000000e+00 -0.000000000000000000e+00 -0.000000000000000000e+00
0.000000000000000000e+00 0.000000000000000000e+00 0.000000000000000000e+00 -0.000000000000000000e+00 -0.000000000000000000e+00
0.000000000000000000e+00 0.000000000000000000e+00 0.000000000000000000e+00 -0.000000000000000000e+00 -0.000000000000000000e+00
0.000000000000000000e+00 0.000000000000000000e+00 0.000000000000000000e+00 -0.000000000000000000e+00 -0.000000000000000000e+00
1.000000000000000082e-05 1.000000000000000082e-05 6.449870897135222519e-05 8.038574934935859936e-06 8.726691804808916954e-05
5.539581732437685310e-05 3.136092205687915016e-05 4.348640278460315947e-05 1.000000000000000082e-05 1.000000000000000082e-05
6.514180440581599689e-05 1.000000000000000082e-05 9.007281447446550634e-05 5.266630321751763642e-05 1.000000000000000082e-05
1.000000000000000082e-05 1.000000000000000082e-05 1.427855708888029829e-04 7.610568840558665704e-04 3.525038936238296882e-05
2.726947476792887363e-04 1.000000000000000082e-05 1.000000000000000082e-05 3.467352058983624776e-03 2.422151593744815187e-04
8.873989246136514478e-04 1.000000000000000082e-05 1.000000000000000082e-05 9.681017483235477769e-03 4.021570620725383447e-04
1.505457426621045975e-03 1.000000000000000082e-05 1.000000000000000082e-05 2.013443564048406423e-02 3.505812352897605313e-04
1.969163078776460952e-03 1.000000000000000082e-05 1.000000000000000082e-05 3.498888289590366268e-02 5.579511342200223559e-04
2.673815962284355457e-03 1.000000000000000082e-05 1.000000000000000082e-05 4.974109966118137743e-02 1.000000000000000082e-05
3.542107142669215919e-03 1.568158997171377467e-02 1.000000000000000082e-05 5.663444265801684946e-02 1.000000000000000082e-05
4.435091414077413363e-03 4.956419822934330505e-02 1.000000000000000082e-05 4.389385762442724742e-02 1.000000000000000082e-05
3.359800067320203691e-03 9.137103675431648697e-02 1.000000000000000082e-05 1.479068204179069361e-02 1.000000000000000082e-05
1.000000000000000082e-05 1.068450343328831431e-01 1.000000000000000082e-05 1.000000000000000082e-05 8.239095274396375512e-03
1.000000000000000082e-05 7.433224104751169625e-02 2.837792937737885698e-02 1.000000000000000082e-05 5.536040929397636340e-02
1.000000000000000082e-05 1.860754299595502453e-02 6.259799986834022056e-02 1.000000000000000082e-05 8.606818609702110434e-02
9.814195230803233680e-03 1.000000000000000082e-05 7.702680471643875981e-02 1.000000000000000082e-05 7.557044412587177185e-02
4.883916495698545357e-02 1.000000000000000082e-05 6.909608810320086447e-02 1.000000000000000082e-05 3.419938720065776594e-02
6.701747270681597535e-02 1.000000000000000082e-05 4.448599803341891229e-02 1.000000000000000082e-05 1.000000000000000082e-05
5.441263991497188868e-02 1.000000000000000082e-05 2.297215497730455483e-02 1.000000000000000082e-05 1.000000000000000082e-05
3.278229955156342079e-02 1.000000000000000082e-05 1.070006828430582549e-02 1.000000000000000082e-05 1.000000000000000082e-05
1.538590604642735803e-02 1.000000000000000082e-05 5.411401897115735576e-03 1.000000000000000082e-05 1.000000000000000082e-05
5.818553588619896494e-03 1.345359966151574236e-04 1.948294499067645220e-03 1.000000000000000082e-05 1.000000000000000082e-05
3.047273857366093134e-03 3.517510778254657718e-04 4.269132350964298557e-04 1.000000000000000082e-05 1.000000000000000082e-05
2.651619843721405808e-04 2.413773066056731047e-05 1.172126275642552639e-05 1.000000000000000082e-05 1.000000000000000082e-05
8.519297295188470187e-05 4.293283786940723569e-06 1.000000000000000082e-05 1.542658970835565830e-05 1.000000000000000082e-05
0.000000000000000000e+00 0.000000000000000000e+00 0.000000000000000000e+00 -0.000000000000000000e+00 -0.000000000000000000e+00
0.000000000000000000e+00 0.000000000000000000e+00 0.000000000000000000e+00 -0.000000000000000000e+00 -0.000000000000000000e+00
0.000000000000000000e+00 0.000000000000000000e+00 0.000000000000000000e+00 -0.000000000000000000e+00 -0.000000000000000000e+00
0.000000000000000000e+00 0.000000000000000000e+00 0.000000000000000000e+00 -0.000000000000000000e+00 -0.000000000000000000e+00
7.414315646857645617e-05 3.551537865429448492e-05 6.075591867251921134e-05 1.000000000000000082e-05 1.000000000000000082e-05
1.435258541288923853e-05 1.000000000000000082e-05 1.018048110747250991e-04 1.201956538719966785e-04 1.000000000000000082e-05
1.139951495069431436e-04 1.000000000000000082e-05 1.002053884575415720e-04 1.918665843953685970e-03 2.578686964725086989e-04
5.563223509019574924e-04 1.000000000000000082e-05 1.000000000000000082e-05 5.415948339522130318e-03 2.813908820186010744e-04
1.544768335935471680e-03 1.000000000000000082e-05 1.000000000000000082e-05 1.434608408249522793e-02 7.322974363553836014e-04
2.556523492509648297e-03 1.000000000000000082e-05 1.000000000000000082e-05 3.053518913127913764e-02 5.549461145324879408e-04
2.692622316915076197e-03 1.000000000000000082e-05 1.000000000000000082e-05 5.610000159766693334e-02 9.072020879110708575e-04
3.729991984421039252e-03 2.224693321989978326e-03 1.000000000000000082e-05 7.421378794458718953e-02 1.000000000000000082e-05
4.394510166461414007e-03 3.333566419852950630e-02 1.000000000000000082e-05 7.288284538825100245e-02 1.000000000000000082e-05
3.430376240429216204e-03 8.215325699463654763e-02 1.000000000000000082e-05 4.520881641120418765e-02 1.000000000000000082e-05
1.000000000000000082e-05 1.191543536380067492e-01 1.000000000000000082e-05 9.778978753359049425e-03 1.031710208916193942e-03
1.000000000000000082e-05 1.019034529366932840e-01 2.117160667697112406e-02 1.000000000000000082e-05 5.568891586825781143e-02
1.000000000000000082e-05 4.105162637929893332e-02 6.536741761488662483e-02 1.000000000000000082e-05 1.131954682736868584e-01
1.000000000000000082e-05 1.000000000000000082e-05 9.238264036618233643e-02 1.000000000000000082e-05 1.274684743335272874e-01
4.608161820837295558e-02 1.000000000000000082e-05 9.010448844812979363e-02 1.000000000000000082e-05 8.720741662080054579e-02
8.367055999689076984e-02 1.000000000000000082e-05 6.890081942925103953e-02 1.000000000000000082e-05 3.689196101756525570e-02
8.719231327605066195e-02 1.000000000000000082e-05 3.906465507757535954e-02 1.000000000000000082e-05 4.435907077984494948e-03
6.206106507315260062e-02 1.000000000000000082e-05 2.161740768854486516e-02 1.000000000000000082e-05 1.000000000000000082e-05
3.682974508011871428e-02 1.000000000000000082e-05 1.139151477758064586e-02 2.761722351695321070e-04 1.000000000000000082e-05
1.865868643363517362e-02 1.000000000000000082e-05 5.244642139475689559e-03 8.119849707117845236e-05 1.000000000000000082e-05
8.092639987849981065e-03 1.000000000000000082e-05 2.311015359009816264e-03 9.261762938788746762e-05 1.000000000000000082e-05
3.751785147486076839e-03 1.852882339648920620e-04 3.855987578297115988e-04 1.000000000000000082e-05 1.000000000000000082e-05
8.387311789341570997e-04 7.436936108126444920e-05 1.000000000000000082e-05 1.210600484222888291e-05 1.000000000000000082e-05
3.514161374371646741e-05 1.000000000000000082e-05 1.000000000000000082e-05 1.666409837965799169e-05 1.000000000000000082e-05
2.317235308105499171e-05 1.000000000000000082e-05 1.000000000000000082e-05 1.449672627187252499e-05 1.938351642240657376e-06
0.000000000000000000e+00 0.000000000000000000e+00 0.000000000000000000e+00 -0.000000000000000000e+00 -0.000000000000000000e+00
0.000000000000000000e+00 0.000000000000000000e+00 0.000000000000000000e+00 -0.000000000000000000e+00 -0.000000000000000000e+00
3.619601401994831236e-05 1.032852711800441197e-05 1.417361477387728413e-05 1.000000000000000082e-05 1.000000000000000082e-05
0.000000000000000000e+00 0.000000000000000000e+00 0.000000000000000000e+00 -0.000000000000000000e+00 -0.000000000000000000e+00
1.164604896204237909e-05 1.000000000000000082e-05 2.023059039573547793e-04 3.896463028754462970e-04 1.000000000000000082e-05
3.864907946281258538e-04 1.000000000000000082e-05 1.000000000000000082e-05 2.667132876721543897e-03 2.477719233656093794e-04
7.246996193361855080e-04 1.000000000000000082e-05 1.000000000000000082e-05 6.993669603251611959e-03 2.899206596130912954e-04
1.896018486199304957e-03 1.000000000000000082e-05 1.000000000000000082e-05 1.949926495058407899e-02 6.312756846460798902e-04
3.165078279808883517e-03 1.000000000000000082e-05 1.000000000000000082e-05 4.518428629793027479e-02 7.102293337592179012e-04
3.485468024911050899e-03 1.000000000000000082e-05 1.000000000000000082e-05 7.463997040357014945e-02 1.000000000000000082e-05
4.059821237459152084e-03 1.341473330357333994e-02 1.000000000000000082e-05 9.018710797628963494e-02 1.000000000000000082e-05
3.565725541416711435e-03 6.138655737101773868e-02 1.000000000000000082e-05 7.068517146139620400e-02 1.000000000000000082e-05
1.000000000000000082e-05 1.141816494215068811e-01 1.000000000000000082e-05 2.953238129580687196e-02 1.000000000000000082e-05
1.000000000000000082e-05 1.172854327185701706e-01 1.443089154275658918e-02 1.000000000000000082e-05 4.017432512801279165e-02
1.000000000000000082e-05 6.078944262762702583e-02 6.553355968644819507e-02 1.000000000000000082e-05 1.076825060047241905e-01
1.000000000000000082e-05 1.000000000000000082e-05 9.893812676011885798e-02 1.000000000000000082e-05 1.412445794127304144e-01
4.183924806527560686e-02 1.000000000000000082e-05 1.006463170420796721e-01 1.000000000000000082e-05 1.069296309208389167e-01
9.288997867303531997e-02 1.000000000000000082e-05 7.557179495508238587e-02 1.000000000000000082e-05 4.918886009301041279e-02
1.016176607534707427e-01 1.000000000000000082e-05 4.605012881180322454e-02 1.000000000000000082e-05 1.159866931367932279e-02
7.879404724799025928e-02 1.000000000000000082e-05 2.515162238220414181e-02 1.000000000000000082e-05 1.000000000000000082e-05
4.794110319192209507e-02 1.000000000000000082e-05 1.411313237143101314e-02 1.890118759469656311e-03 1.000000000000000082e-05
2.539995756179124625e-02 1.000000000000000082e-05 7.998235352584683044e-03 1.953460744756572998e-03 1.000000000000000082e-05
1.377722825239993155e-02 1.000000000000000082e-05 3.962311973863948296e-03 1.102801520530423060e-03 1.000000000000000082e-05
7.136508097083159828e-03 1.000000000000000082e-05 1.940713388834907141e-03 6.134094399963580142e-04 1.000000000000000082e-05
3.422087618561558183e-03 1.187223208511703590e-04 5.515994256693606016e-04 1.518178305240499779e-04 1.000000000000000082e-05
9.664502580601572190e-04 1.685837231604904560e-04 1.114455043035300856e-05 1.840157466830741686e-04 1.000000000000000082e-05
1.163593863431553182e-04 1.000000000000000082e-05 1.000000000000000082e-05 5.875750606205167286e-05 1.000000000000000082e-05
3.420680692917644973e-05 1.000000000000000082e-05 1.000000000000000082e-05 2.139992925847854219e-05 2.861376233783814548e-06
0.000000000000000000e+00 0.000000000000000000e+00 0.000000000000000000e+00 -0.000000000000000000e+00 -0.000000000000000000e+00
0.000000000000000000e+00 0.000000000000000000e+00 0.000000000000000000e+00 -0.000000000000000000e+00 -0.000000000000000000e+00
3.737628155799260809e-05 1.533838720884899695e-05 3.556018248026536656e-05 1.000000000000000082e-05 1.000000000000000082e-05
1.403319388163810623e-05 4.449144916912088658e-06 1.000000000000000082e-05 1.000000000000000082e-05 1.000000000000000082e-05
4.733587649723417412e-05 1.000000000000000082e-05 1.085351665620138458e-04 2.695615275106112859e-04 1.000000000000000082e-05
4.516376615192857599e-04 1.000000000000000082e-05 1.000000000000000082e-05 3.137874450771893468e-03 2.899490137798285271e-04
1.203496053890699708e-03 1.000000000000000082e-05 1.000000000000000082e-05 1.010684064340645200e-02 5.132202994011665067e-04
2.426068957747270355e-03 1.000000000000000082e-05 1.000000000000000082e-05 2.903342595028725326e-02 9.945758547567167245e-04
3.501364081362406261e-03 1.000000000000000082e-05 1.000000000000000082e-05 5.936126608547272893e-02 7.287663903086360464e-04
3.410555803389944858e-03 1.000000000000000082e-05 1.000000000000000082e-05 9.292362686487812273e-02 1.000000000000000082e-05
2.858349924220132329e-03 3.389425080444276317e-02 1.000000000000000082e-05 9.450686163584241795e-02 1.000000000000000082e-05
1.000000000000000082e-05 9.611583532423728649e-02 1.000000000000000082e-05 5.534232586824146261e-02 1.000000000000000082e-05
1.000000000000000082e-05 1.258447335766916531e-01 9.758203473581045923e-03 6.899756661386083866e-03 1.686053507356502154e-02
1.000000000000000082e-05 8.360682442656559854e-02 5.986652325141020303e-02 1.000000000000000082e-05 9.092432951715843925e-02
1.000000000000000082e-05 7.414226185876395328e-03 1.027732063883668862e-01 1.000000000000000082e-05 1.417030854461821254e-01
3.269066753809652531e-02 1.000000000000000082e-05 1.075547710646526101e-01 1.000000000000000082e-05 1.199250450812220647e-01
9.907808522505104354e-02 1.000000000000000082e-05 7.713617669009825706e-02 1.000000000000000082e-05 5.255191965459260484e-02
1.175326719382346341e-01 1.000000000000000082e-05 4.061110007892519691e-02 1.000000000000000082e-05 3.517679153534948762e-03
8.929314870778785884e-02 1.000000000000000082e-05 1.908285039603100502e-02 1.000000000000000082e-05 1.000000000000000082e-05
5.027231901741158887e-02 1.000000000000000082e-05 1.119718380148883828e-02 1.465419089839249461e-03 1.000000000000000082e-05
2.432812491058871165e-02 1.000000000000000082e-05 7.449034242495948879e-03 2.851843656106378168e-03 1.000000000000000082e-05
1.303157779714898823e-02 1.000000000000000082e-05 4.304748235397194527e-03 2.376694196101635306e-03 1.000000000000000082e-05
7.827604228115373972e-03 1.000000000000000082e-05 2.114092101768778442e-03 1.270822707310035422e-03 1.000000000000000082e-05
3.921065177834463789e-03 1.000000000000000082e-05 1.138244619334847791e-03 8.391214479089130485e-04 1.000000000000000082e-05
1.492344687223522495e-03 1.000000000000000082e-05 3.029742140159027270e-04 4.293106722764140838e-04 1.000000000000000082e-05
7.786082799457821283e-04 7.531389859707950649e-05 3.587163700196083227e-05 2.630469405512913259e-04 1.000000000000000082e-05
1.926451571220371111e-04 7.060891431176536282e-05 1.000000000000000082e-05 2.859611189609779044e-05 1.000000000000000082e-05
1.234350758952309092e-04 5.610067643521160229e-06 1.000000000000000082e-05 3.328129011649859608e-05 1.000000000000000082e-05
0.000000000000000000e+00 0.000000000000000000e+00 0.000000000000000000e+00 -0.000000000000000000e+00 -0.000000000000000000e+00
0.000000000000000000e+00 0.000000000000000000e+00 0.000000000000000000e+00 -0.000000000000000000e+00 -0.000000000000000000e+00
0.000000000000000000e+00 0.000000000000000000e+00 0.000000000000000000e+00 -0.000000000000000000e+00 -0.000000000000000000e+00
2.051005259624033282e-05 6.502596417025380740e-06 1.000000000000000082e-05 1.000000000000000082e-05 1.000000000000000082e-05
1.111648258356476369e-05 1.000000000000000082e-05 5.190154616488129580e-05 2.525584304635910995e-04 4.736011949905012788e-05
4.206889893433608243e-04 1.000000000000000082e-05 1.000000000000000082e-05 3.872126797373974180e-03 3.880087502601858081e-04
1.369965620879189105e-03 1.000000000000000082e-05 1.000000000000000082e-05 1.489666539577069564e-02 7.656083044524455462e-04
2.690947273573683195e-03 1.000000000000000082e-05 1.000000000000000082e-05 4.183974402641580520e-02 1.234225776429681218e-03
3.441640945443979333e-03 1.000000000000000082e-05 1.000000000000000082e-05 7.930611428297802690e-02 1.000000000000000082e-05
2.663415699810712557e-03 8.286264142604835709e-03 1.000000000000000082e-05 1.070519855848018342e-01 1.000000000000000082e-05
1.000000000000000082e-05 6.473465872779922414e-02 1.000000000000000082e-05 8.717260466538345742e-02 1.000000000000000082e-05
1.000000000000000082e-05 1.200257024352200663e-01 5.182528379478396237e-03 3.169108813820225440e-02 1.000000000000000082e-05
1.000000000000000082e-05 1.092485507288569885e-01 5.194734978781361673e-02 1.000000000000000082e-05 5.864243774189226849e-02
1.000000000000000082e-05 3.469873722167674673e-02 1.005850449986690071e-01 1.000000000000000082e-05 1.302916505489373489e-01
1.906753371399196734e-02 1.000000000000000082e-05 1.123698513970751572e-01 1.000000000000000082e-05 1.324983187801816176e-01
9.844584417811665100e-02 1.000000000000000082e-05 8.116377827507634257e-02 1.000000000000000082e-05 6.722580724340582181e-02
1.284661458112051347e-01 1.000000000000000082e-05 3.766884855095850582e-02 1.000000000000000082e-05 2.116168789383878878e-03
1.009173620023275514e-01 1.000000000000000082e-05 1.225548980521378242e-02 1.000000000000000082e-05 1.000000000000000082e-05
5.481527243367576019e-02 1.000000000000000082e-05 4.784744908705593908e-03 8.959925580685054389e-04 1.000000000000000082e-05
2.241295825578763432e-02 1.000000000000000082e-05 3.608304511799225508e-03 3.886683681558040192e-03 1.000000000000000082e-05
9.988779231825613975e-03 1.000000000000000082e-05 3.572161719947692521e-03 4.197208964879664030e-03 4.940117869287841091e-04
4.680604176779229811e-03 1.000000000000000082e-05 2.697302084362145254e-03 3.529726622901191088e-03 1.454455097788596562e-03
3.676761231320298164e-03 1.000000000000000082e-05 1.279453614216682997e-03 2.168496487971681951e-03 5.040667350131139120e-04
2.008953424534458757e-03 1.000000000000000082e-05 7.985137593082395919e-04 9.203772056866418730e-04 1.000000000000000082e-05
1.013960787819782232e-03 2.513280393485604986e-05 3.750248545412675607e-04 3.907266252211224187e-04 1.000000000000000082e-05
6.193674257256208881e-04 1.141052536629850322e-04 1.000000000000000082e-05 3.966998929399283020e-04 1.000000000000000082e-05
1.713074999526031797e-04 9.392323178659922037e-05 1.000000000000000082e-05 2.376477745228041381e-04 3.378146354989248204e-05
7.996108690068426915e-05 3.634194762784140462e-06 1.000000000000000082e-05 2.155957787420979249e-05 1.000000000000000082e-05
0.000000000000000000e+00 0.000000000000000000e+00 0.000000000000000000e+00 -0.000000000000000000e+00 -0.000000000000000000e+00
0.000000000000000000e+00 0.000000000000000000e+00 0.000000000000000000e+00 -0.000000000000000000e+00 -0.000000000000000000e+00
0.000000000000000000e+00 0.000000000000000000e+00 0.000000000000000000e+00 -0.000000000000000000e+00 -0.000000000000000000e+00
0.000000000000000000e+00 0.000000000000000000e+00 0.000000000000000000e+00 -0.000000000000000000e+00 -0.000000000000000000e+00
1.556102077746386494e-05 1.000000000000000082e-05 9.096092426733428174e-05 4.367810642671694581e-04 3.057237823816260468e-06
6.144811764520924672e-04 1.000000000000000082e-05 1.000000000000000082e-05 4.729559030762798058e-03 2.832274584478376256e-04
1.688301345780209061e-03 1.000000000000000082e-05 1.000000000000000082e-05 2.099112154907785063e-02 9.238457941524069912e-04
3.012156822756624757e-03 1.000000000000000082e-05 1.000000000000000082e-05 5.631853351118400186e-02 9.825326773609960058e-04
2.922128147033090095e-03 1.000000000000000082e-05 1.000000000000000082e-05 9.923650195269094476e-02 1.000000000000000082e-05
4.818427239322879349e-04 2.852105144114547644e-02 1.000000000000000082e-05 1.126134521059768134e-01 1.000000000000000082e-05
1.000000000000000082e-05 9.329044137679104454e-02 1.367478257701901798e-03 6.814654384048877966e-02 1.000000000000000082e-05
1.000000000000000082e-05 1.216483351537158003e-01 4.323642930771832982e-02 2.800399137295441366e-03 2.416909372864115349e-02
1.000000000000000082e-05 7.025246276368943277e-02 9.212718831314846424e-02 1.000000000000000082e-05 1.042979327029607550e-01
2.940375582325365617e-04 1.000000000000000082e-05 1.144309196638245568e-01 1.000000000000000082e-05 1.389910231653251060e-01
8.695522199240449113e-02 1.000000000000000082e-05 8.729129359974512059e-02 1.000000000000000082e-05 9.041981615988273213e-02
1.363220832855286668e-01 1.000000000000000082e-05 3.683093652004853363e-02 1.000000000000000082e-05 1.462156934885679681e-02
1.151954605422352840e-01 2.016324852674235366e-03 6.916203065376955693e-03 1.000000000000000082e-05 1.000000000000000082e-05
6.188302844830814026e-02 1.740172463068849224e-03 1.000000000000000082e-05 2.107678333968803983e-03 1.000000000000000082e-05
2.421049903536334064e-02 1.000000000000000082e-05 1.000000000000000082e-05 8.104278791031678877e-03 1.000000000000000082e-05
8.424917436132729406e-03 1.000000000000000082e-05 1.000000000000000082e-05 9.348306579431871211e-03 1.000000000000000082e-05
3.789479548399319556e-03 1.000000000000000082e-05 6.784441400866026350e-04 9.988930982784919449e-03 1.214427828298896396e-03
2.195973441496227967e-03 1.000000000000000082e-05 1.447956999635563588e-03 8.074945280145674059e-03 1.057117565165312982e-03
1.169836930926946477e-03 1.000000000000000082e-05 1.268276359691843623e-03 4.749246692597739079e-03 5.507727165183970690e-04
5.581952530458010467e-04 1.000000000000000082e-05 6.870690103736773989e-04 2.113208632354869523e-03 1.000000000000000082e-05
1.414163467582155143e-04 1.000000000000000082e-05 4.113508050243599415e-04 4.450881735943715213e-04 1.000000000000000082e-05
6.316489568402082835e-05 1.000000000000000082e-05 1.000000000000000082e-05 4.342505587908908490e-04 8.269289500314871489e-05
2.091885517212413963e-05 4.830245334059925818e-05 1.000000000000000082e-05 2.991116164437340199e-04 9.800872386977629543e-05
0.000000000000000000e+00 0.000000000000000000e+00 0.000000000000000000e+00 -0.000000000000000000e+00 -0.000000000000000000e+00
0.000000000000000000e+00 0.000000000000000000e+00 0.000000000000000000e+00 -0.000000000000000000e+00 -0.000000000000000000e+00
0.000000000000000000e+00 0.000000000000000000e+00 0.000000000000000000e+00 -0.000000000000000000e+00 -0.000000000000000000e+00
0.000000000000000000e+00 0.000000000000000000e+00 0.000000000000000000e+00 -0.000000000000000000e+00 -0.000000000000000000e+00
1.817793306518504794e-05 1.000000000000000082e-05 1.131072228344755487e-05 2.100633198041311270e-06 8.874385327681413371e-07
1.410665191330713771e-04 1.000000000000000082e-05 7.252802706035416851e-05 4.857396648504441273e-04 1.000000000000000082e-05
7.832545908873201311e-04 1.000000000000000082e-05 1.000000000000000082e-05 6.668253734372026585e-03 3.225043494775724651e-04
1.943522950608269880e-03 1.000000000000000082e-05 1.000000000000000082e-05 3.043676754618766106e-02 1.233915917978911994e-03
2.940839526682623509e-03 1.000000000000000082e-05 1.000000000000000082e-05 7.419332415007355574e-02 4.548969522154301625e-06
8.461842058322814912e-04 1.000000000000000082e-05 1.000000000000000082e-05 1.155138934658807709e-01 1.000000000000000082e-05
1.000000000000000082e-05 5.160282089011061085e-02 1.000000000000000082e-05 1.069048530900370553e-01 1.000000000000000082e-05
1.000000000000000082e-05 1.113351262541557168e-01 3.505965833815123667e-02 4.004857172271940324e-02 1.000000000000000082e-05
1.000000000000000082e-05 1.038023201610762253e-01 8.544495392105452836e-02 1.000000000000000082e-05 5.936542361555714048e-02
1.000000000000000082e-05 3.156872679451878244e-02 1.148102877790363879e-01 1.000000000000000082e-05 1.282847892194036721e-01
6.585692662374585671e-02 1.000000000000000082e-05 9.303813207860210654e-02 1.000000000000000082e-05 1.168121772932535080e-01
1.355969388540223253e-01 1.000000000000000082e-05 3.833770246639949669e-02 1.000000000000000082e-05 4.416951814760009670e-02
1.293649998466477047e-01 1.000000000000000082e-05 2.137008703938430253e-03 1.000000000000000082e-05 1.000000000000000082e-05
7.227239155997947084e-02 2.080460244417669385e-03 1.000000000000000082e-05 7.120303405776582176e-03 1.000000000000000082e-05
2.656089199503634812e-02 1.000000000000000082e-05 1.000000000000000082e-05 1.901111404697629695e-02 1.000000000000000082e-05
8.713726618850258995e-03 1.000000000000000082e-05 1.000000000000000082e-05 2.632601237016121351e-02 8.216085868808740153e-04
3.761886167979943199e-03 1.000000000000000082e-05 1.000000000000000082e-05 2.989611954082133441e-02 1.839722390759212112e-03
1.752448966487477706e-03 1.000000000000000082e-05 8.307978095048203617e-04 2.915108429377665997e-02 1.437589359856855219e-03
6.474161143394971223e-04 1.000000000000000082e-05 2.503873863182255483e-03 2.353566354787911541e-02 6.519484515241871390e-04
4.066753395788257031e-05 1.000000000000000082e-05 2.088727892210528406e-03 1.480453251717809594e-02 1.793640974612524194e-04
1.000000000000000082e-05 1.000000000000000082e-05 8.490511745924729384e-04 6.980714369804046603e-03 9.225567282790628101e-05
1.000000000000000082e-05 1.000000000000000082e-05 4.383046120174645226e-04 1.723443416654209899e-03 4.308425784032150459e-06
1.000000000000000082e-05 1.000000000000000082e-05 1.182531712365020635e-04 5.732404160944747735e-04 1.615435779032495548e-04
1.000000000000000082e-05 4.713809967873603784e-05 1.000000000000000082e-05 2.922041788723858799e-04 1.023106844529344893e-04
0.000000000000000000e+00 0.000000000000000000e+00 0.000000000000000000e+00 -0.000000000000000000e+00 -0.000000000000000000e+00
0.000000000000000000e+00 0.000000000000000000e+00 0.000000000000000000e+00 -0.000000000000000000e+00 -0.000000000000000000e+00
0.000000000000000000e+00 0.000000000000000000e+00 0.000000000000000000e+00 -0.000000000000000000e+00 -0.000000000000000000e+00
0.000000000000000000e+00 0.000000000000000000e+00 0.000000000000000000e+00 -0.000000000000000000e+00 -0.000000000000000000e+00
1.983581996216747883e-05 1.000000000000000082e-05 1.533859721795925417e-05 4.428270447076671378e-06 1.519923271938226712e-06
1.224136853036805381e-04 1.000000000000000082e-05 3.996297693799554890e-05 5.113962079305284887e-04 1.000000000000000082e-05
9.934313968205956118e-04 1.000000000000000082e-05 1.000000000000000082e-05 9.770875563407504724e-03 4.239152129815992312e-04
2.030549873502037177e-03 1.000000000000000082e-05 1.000000000000000082e-05 4.136020864778303802e-02 1.102072644791188705e-03
1.810365610878894756e-03 1.000000000000000082e-05 1.000000000000000082e-05 9.038651575593360799e-02 1.000000000000000082e-05
1.000000000000000082e-05 1.137821566604442503e-02 1.000000000000000082e-05 1.245655591427600184e-01 1.000000000000000082e-05
1.000000000000000082e-05 7.321531189054944488e-02 2.507151043040554972e-02 8.985145242912703778e-02 1.000000000000000082e-05
1.000000000000000082e-05 1.130975187347735694e-01 7.611839124856752126e-02 1.204660190546345301e-02 1.542048377161064215e-02
1.000000000000000082e-05 7.674296910548002171e-02 1.131942092919676207e-01 1.000000000000000082e-05 9.086022484652968301e-02
4.043741446257771710e-02 8.674060358205960483e-03 1.012611611575522791e-01 1.000000000000000082e-05 1.278147679166417583e-01
1.224875927057164915e-01 1.000000000000000082e-05 4.566404835530971790e-02 1.000000000000000082e-05 8.255252936531218277e-02
1.408081411681612882e-01 1.000000000000000082e-05 1.000000000000000082e-05 1.000000000000000082e-05 1.204659270740737927e-02
8.674355941140296511e-02 1.000000000000000082e-05 1.000000000000000082e-05 1.488352545343804220e-02 1.000000000000000082e-05
3.069135258285487014e-02 1.000000000000000082e-05 1.000000000000000082e-05 3.380125760999351525e-02 1.108584123459313217e-03
6.856571065265324068e-03 1.000000000000000082e-05 1.000000000000000082e-05 4.805403913896300755e-02 8.578754836769885220e-03
4.667155337670834633e-04 1.000000000000000082e-05 1.871466727945436800e-03 5.734738035247732152e-02 7.769907835080303027e-03
1.000000000000000082e-05 1.000000000000000082e-05 6.890536370651373366e-03 6.293743075459799774e-02 4.493819291145487518e-03
1.000000000000000082e-05 1.000000000000000082e-05 1.000097943841062563e-02 6.202252084444901531e-02 9.827172766321485339e-04
1.000000000000000082e-05 1.000000000000000082e-05 9.373368201996488958e-03 5.235299756554664952e-02 1.000000000000000082e-05
1.000000000000000082e-05 1.000000000000000082e-05 7.325907310148436873e-03 3.601194732580800806e-02 1.000000000000000082e-05
1.000000000000000082e-05 1.000000000000000082e-05 3.634155838415829409e-03 1.793312134038370365e-02 1.000000000000000082e-05
1.000000000000000082e-05 1.000000000000000082e-05 1.218150636323326805e-03 6.004581750712230381e-03 1.319598277767679360e-04
1.000000000000000082e-05 1.000000000000000082e-05 2.179791954372167924e-04 1.077263995349318553e-03 9.007405870600386283e-05
1.000000000000000082e-05 4.713809967873603784e-05 1.000000000000000082e-05 2.922041788723858799e-04 1.023106844529344893e-04
0.000000000000000000e+00 0.000000000000000000e+00 0.000000000000000000e+00 -0.000000000000000000e+00 -0.000000000000000000e+00
0.000000000000000000e+00 0.000000000000000000e+00 0.000000000000000000e+00 -0.000000000000000000e+00 -0.000000000000000000e+00
0.000000000000000000e+00 0.000000000000000000e+00 0.000000000000000000e+00 -0.000000000000000000e+00 -0.000000000000000000e+00
0.000000000000000000e+00 0.000000000000000000e+00 0.000000000000000000e+00 -0.000000000000000000e+00 -0.000000000000000000e+00
0.000000000000000000e+00 0.000000000000000000e+00 0.000000000000000000e+00 -0.000000000000000000e+00 -0.000000000000000000e+00
1.054234816486454161e-04 1.000000000000000082e-05 7.838203678242135992e-06 6.023993823562286999e-04 1.000000000000000082e-05
9.712113128523059465e-04 1.000000000000000082e-05 1.000000000000000082e-05 1.419625577447986356e-02 6.083196679281229272e-04
1.644394948519916667e-03 1.000000000000000082e-05 1.000000000000000082e-05 5.224362415982568980e-02 8.694343861288378718e-04
1.000000000000000082e-05 1.000000000000000082e-05 1.000000000000000082e-05 1.040001789693269507e-01 1.000000000000000082e-05
1.000000000000000082e-05 2.450871938698903629e-02 1.741919957779458628e-02 1.252469001586597741e-01 1.000000000000000082e-05
1.000000000000000082e-05 8.668713759964938315e-02 6.293456100020852761e-02 6.998261536191796583e-02 1.000000000000000082e-05
1.000000000000000082e-05 1.049831482056281379e-01 1.080234768240648652e-01 1.000000000000000082e-05 4.005398043113067574e-02
1.609423525970902352e-02 5.352114872080753621e-02 1.101825997812590219e-01 1.000000000000000082e-05 1.088508726766596879e-01
9.679279484012126566e-02 1.000000000000000082e-05 5.813115729807551146e-02 1.000000000000000082e-05 1.158371242332756346e-01
1.436631523920011977e-01 1.000000000000000082e-05 1.000000000000000082e-05 1.000000000000000082e-05 5.822034056378233569e-02
1.053260443584169981e-01 1.000000000000000082e-05 1.000000000000000082e-05 2.037338667778377729e-02 1.319403500732253993e-02
3.590331575199598446e-02 1.000000000000000082e-05 1.000000000000000082e-05 4.780525308600858114e-02 1.782106568449819128e-02
2.985841214049154198e-03 1.000000000000000082e-05 1.000000000000000082e-05 6.972870190506667842e-02 2.789930694731923913e-02
1.000000000000000082e-05 1.000000000000000082e-05 6.932905154640459783e-03 8.064473420310190599e-02 2.540189638361746091e-02
1.000000000000000082e-05 5.203493811389368028e-03 2.013271605101157880e-02 8.561106137069640631e-02 1.481789112106965574e-02
1.000000000000000082e-05 5.468691953907987673e-03 2.903153509794883722e-02 9.012247406108012115e-02 3.844823831195880171e-03
1.000000000000000082e-05 1.000000000000000082e-05 3.099039689180821747e-02 9.204820613769962301e-02 1.000000000000000082e-05
1.000000000000000082e-05 1.000000000000000082e-05 2.458077383101220717e-02 8.539877717653922284e-02 1.000000000000000082e-05
1.000000000000000082e-05 1.000000000000000082e-05 1.536651766912746145e-02 6.520144057290977457e-02 1.000000000000000082e-05
1.000000000000000082e-05 1.000000000000000082e-05 7.119679687878023057e-03 4.024456204726535591e-02 1.000000000000000082e-05
1.000000000000000082e-05 1.000000000000000082e-05 2.836418141611977192e-03 1.386157558053376787e-02 1.000000000000000082e-05
1.000000000000000082e-05 1.000000000000000082e-05 4.643197208144985138e-04 1.846647368498358652e-03 1.000000000000000082e-05
1.104106887359203887e-05 1.070965910810796904e-04 1.000000000000000082e-05 1.017864215035106201e-04 7.430603637482250602e-06
7.530835238155727106e-06 4.167947862129702641e-05 1.000000000000000082e-05 4.964660435881505991e-05 1.000000000000000082e-05
0.000000000000000000e+00 0.000000000000000000e+00 0.000000000000000000e+00 -0.000000000000000000e+00 -0.000000000000000000e+00
0.000000000000000000e+00 0.000000000000000000e+00 0.000000000000000000e+00 -0.000000000000000000e+00 -0.000000000000000000e+00
0.000000000000000000e+00 0.000000000000000000e+00 0.000000000000000000e+00 -0.000000000000000000e+00 -0.000000000000000000e+00
0.000000000000000000e+00 0.000000000000000000e+00 0.000000000000000000e+00 -0.000000000000000000e+00 -0.000000000000000000e+00
1.252561852529797263e-04 1.000000000000000082e-05 5.433334770565382482e-06 6.579792591555503689e-04 1.000000000000000082e-05
8.539826813075180895e-04 1.000000000000000082e-05 1.000000000000000082e-05 1.790600170923617104e-02 6.275762784845320078e-04
7.860023188414640280e-04 1.000000000000000082e-05 1.000000000000000082e-05 6.240430050211963342e-02 1.493080653091469125e-04
1.000000000000000082e-05 1.000000000000000082e-05 1.024013520297509423e-02 1.142883088101756123e-01 1.000000000000000082e-05
1.000000000000000082e-05 3.592011604087643611e-02 4.589295779902669015e-02 1.191319158124971023e-01 1.000000000000000082e-05
1.000000000000000082e-05 9.365003556091368309e-02 9.784549298144427920e-02 4.791692111110924107e-02 1.000000000000000082e-05
1.000000000000000082e-05 9.436338289555068481e-02 1.182217828153719758e-01 1.000000000000000082e-05 5.933954483397108765e-02
6.573656489223922428e-02 3.806367700562266615e-02 7.775841248085972601e-02 1.000000000000000082e-05 1.189765825572228347e-01
1.301906362350458979e-01 1.000000000000000082e-05 7.228501759979203724e-03 1.000000000000000082e-05 1.061893211052123837e-01
1.201279820030140694e-01 1.000000000000000082e-05 1.000000000000000082e-05 2.042137542482541646e-02 5.993949487017352640e-02
4.989181546247426630e-02 1.000000000000000082e-05 1.000000000000000082e-05 5.662921604770061734e-02 5.108946274038320134e-02
3.793253698129933973e-03 1.000000000000000082e-05 3.305927336109544773e-05 8.245437369166822017e-02 6.272199678349088536e-02
1.000000000000000082e-05 6.627522826592799690e-03 1.853359200726621692e-02 9.127962012041873630e-02 5.794183566223921195e-02
1.000000000000000082e-05 2.879559375667228513e-02 4.185637858380314436e-02 8.610420528410517305e-02 4.041885866620534284e-02
1.000000000000000082e-05 4.401255463402588275e-02 5.837271188756417567e-02 7.821213922774719607e-02 1.855745346630775089e-02
1.000000000000000082e-05 4.827327029439525824e-02 6.518686717472998993e-02 7.677142981305450087e-02 1.000000000000000082e-05
1.000000000000000082e-05 3.606219164596911886e-02 6.367326493697557377e-02 8.733841713326613576e-02 1.000000000000000082e-05
1.000000000000000082e-05 1.246756011738546152e-02 4.990089560160954757e-02 9.976393614773858276e-02 1.000000000000000082e-05
1.000000000000000082e-05 1.000000000000000082e-05 2.968851707649247662e-02 9.219387510141036080e-02 1.000000000000000082e-05
1.000000000000000082e-05 1.000000000000000082e-05 1.187400001167118226e-02 6.558190371589402157e-02 1.000000000000000082e-05
1.000000000000000082e-05 1.000000000000000082e-05 3.643808437384117756e-03 2.907164807532891526e-02 1.000000000000000082e-05
8.433253549906704046e-06 1.000000000000000082e-05 2.589552904754508791e-04 4.056146451986943589e-03 1.000000000000000082e-05
2.265328415629509033e-05 1.455873811309680134e-04 1.000000000000000082e-05 7.537431260859535505e-05 1.000000000000000082e-05
8.738068367936430874e-06 4.836092175906237932e-05 1.000000000000000082e-05 5.760522032473157806e-05 1.000000000000000082e-05
0.000000000000000000e+00 0.000000000000000000e+00 0.000000000000000000e+00 -0.000000000000000000e+00 -0.000000000000000000e+00
0.000000000000000000e+00 0.000000000000000000e+00 0.000000000000000000e+00 -0.000000000000000000e+00 -0.000000000000000000e+00
0.000000000000000000e+00 0.000000000000000000e+00 0.000000000000000000e+00 -0.000000000000000000e+00 -0.000000000000000000e+00
0.000000000000000000e+00 0.000000000000000000e+00 0.000000000000000000e+00 -0.000000000000000000e+00 -0.000000000000000000e+00
1.128621451971701826e-04 1.000000000000000082e-05 4.342202544620013831e-05 6.408231262996566058e-04 1.000000000000000082e-05
5.646601626325890681e-04 1.000000000000000082e-05 1.000000000000000082e-05 2.023216819368904573e-02 6.036195617090988393e-04
1.000000000000000082e-05 1.000000000000000082e-05 3.207221398650875882e-03 7.023923678173493723e-02 1.000000000000000082e-05
1.000000000000000082e-05 1.000000000000000082e-05 2.933597377247599766e-02 1.191573794324269353e-01 1.000000000000000082e-05
1.000000000000000082e-05 4.325284968452891565e-02 8.013108451131818744e-02 1.094124612718454514e-01 1.000000000000000082e-05
1.000000000000000082e-05 9.468231759568061789e-02 1.207139495489577274e-01 2.976671040624944212e-02 6.427764671399558219e-03
3.904904258105628551e-02 8.589839098580333288e-02 1.013060049895215947e-01 1.000000000000000082e-05 7.603758085082254481e-02
1.044932907847836712e-01 2.973735333844643863e-02 2.945779073287325620e-02 1.000000000000000082e-05 1.251622596983382740e-01
1.255386561243795329e-01 1.000000000000000082e-05 1.000000000000000082e-05 8.368087462339543134e-03 1.108001494333686054e-01
7.294077170336910054e-02 1.000000000000000082e-05 1.000000000000000082e-05 5.310491052834875186e-02 9.180711520927777036e-02
1.907613069424845056e-02 1.000000000000000082e-05 2.228869753013758195e-03 8.243084129783696812e-02 9.723662281562070464e-02
7.572714586755536874e-03 9.630046515278281594e-03 2.872732537620927701e-02 8.748818885013362467e-02 9.168871864842578767e-02
1.291607702059565516e-02 4.324036471724208852e-02 5.382347667961030757e-02 7.289349821656911088e-02 6.951705245765138486e-02
1.600718030951712653e-02 6.755942630809926019e-02 7.556252237886547374e-02 5.068900845763599228e-02 4.493280916184821255e-02
1.276143587717369285e-02 8.157427409399069240e-02 8.805999003335925057e-02 3.368117723186289658e-02 2.457761781832320039e-02
3.732236842265303396e-03 8.620455401022947273e-02 9.168101959595316430e-02 3.307232116787227338e-02 4.951934975173115719e-03
1.000000000000000082e-05 7.223844064964941858e-02 9.110141155313442041e-02 5.607167881376354246e-02 1.000000000000000082e-05
1.000000000000000082e-05 4.306761305561983277e-02 7.559556553573448801e-02 8.879690040973457765e-02 1.000000000000000082e-05
1.000000000000000082e-05 8.164960967363635996e-03 4.589465527217013313e-02 1.038767919149781727e-01 1.000000000000000082e-05
1.000000000000000082e-05 1.000000000000000082e-05 1.894309084997744530e-02 8.555374138037431797e-02 1.000000000000000082e-05
1.000000000000000082e-05 1.000000000000000082e-05 4.720333471963927309e-03 4.586583585876114616e-02 1.000000000000000082e-05
1.000000000000000082e-05 1.000000000000000082e-05 1.630764284907113189e-04 8.356811373382282138e-03 1.000000000000000082e-05
4.326747160387761079e-05 3.095835512901455805e-05 1.000000000000000082e-05 3.117124351072755265e-04 1.000000000000000082e-05
2.356978967667074112e-06 1.304472231658921546e-05 1.000000000000000082e-05 1.553825021917098112e-05 1.000000000000000082e-05
0.000000000000000000e+00 0.000000000000000000e+00 0.000000000000000000e+00 -0.000000000000000000e+00 -0.000000000000000000e+00
0.000000000000000000e+00 0.000000000000000000e+00 0.000000000000000000e+00 -0.000000000000000000e+00 -0.000000000000000000e+00
0.000000000000000000e+00 0.000000000000000000e+00 0.000000000000000000e+00 -0.000000000000000000e+00 -0.000000000000000000e+00
0.000000000000000000e+00 0.000000000000000000e+00 0.000000000000000000e+00 -0.000000000000000000e+00 -0.000000000000000000e+00
2.898109884140396669e-05 1.000000000000000082e-05 8.865350158165571925e-05 2.724994213347681758e-04 1.000000000000000082e-05
1.239874353900342545e-05 1.000000000000000082e-05 1.691042617819494154e-03 2.170185508415412717e-02 1.090700650991148442e-04
1.000000000000000082e-05 1.000000000000000082e-05 1.369781218054464192e-02 7.344379107773352233e-02 1.000000000000000082e-05
1.000000000000000082e-05 1.000000000000000082e-05 5.443609888328691804e-02 1.203672938512574814e-01 1.000000000000000082e-05
1.000000000000000082e-05 4.483865025986783631e-02 1.099940651301382355e-01 9.943522523061076868e-02 1.000000000000000082e-05
1.408652642815778032e-02 9.278936116127825540e-02 1.256561530956138428e-01 1.993510072733082825e-02 1.662771155038287457e-02
7.524094867044882340e-02 8.106131890188070233e-02 6.528044190368779975e-02 1.000000000000000082e-05 8.991365578049284601e-02
1.179904482532041915e-01 2.439490806863286662e-02 1.000000000000000082e-05 1.000000000000000082e-05 1.352723599334371696e-01
9.557979135481187161e-02 1.000000000000000082e-05 1.000000000000000082e-05 3.641083879226651027e-02 1.267540320211331673e-01
4.307940933090818880e-02 1.000000000000000082e-05 1.000000000000000082e-05 7.036560523669907474e-02 1.134437296416861002e-01
3.033907519579833595e-02 1.556017240586212054e-02 3.011570169453096218e-02 7.565751029437751962e-02 1.000382774863799729e-01
4.779004553845647013e-02 5.876458662304170216e-02 5.278929740111321101e-02 5.436349519904383476e-02 7.035768116232285485e-02
6.088243666159040557e-02 8.583305287526291072e-02 7.114356994440243498e-02 2.427204438269012915e-02 4.453656832788611963e-02
6.076536109628868920e-02 9.089894446722011911e-02 7.918557950093721431e-02 2.396725865450441504e-03 3.486608556739220072e-02
4.740800257107113252e-02 9.472814185781031071e-02 8.006129757886498721e-02 1.000000000000000082e-05 3.278855498863005730e-02
2.645201038725820616e-02 9.959804657026372077e-02 8.866215342767322372e-02 1.000000000000000082e-05 2.350516398804042631e-02
6.862087497469041009e-04 9.641263422985141274e-02 1.006300064475897232e-01 1.660881734724931058e-02 1.000000000000000082e-05
1.000000000000000082e-05 6.509741106060806803e-02 9.057122623626125135e-02 6.730213845019616947e-02 1.000000000000000082e-05
1.000000000000000082e-05 2.100062488888641485e-02 5.614810040082639231e-02 1.050289457285894790e-01 1.000000000000000082e-05
1.000000000000000082e-05 1.000000000000000082e-05 2.247747939112686166e-02 9.638801815568229236e-02 1.000000000000000082e-05
1.000000000000000082e-05 1.000000000000000082e-05 3.684957790790534173e-03 5.448122725284917922e-02 1.000000000000000082e-05
1.000000000000000082e-05 1.000000000000000082e-05 7.443234570875947252e-06 1.313825808713633969e-02 1.000000000000000082e-05
3.878664900629195012e-05 1.000000000000000082e-05 1.000000000000000082e-05 3.688192337761896436e-04 2.107109715198297674e-05
0.000000000000000000e+00 0.000000000000000000e+00 0.000000000000000000e+00 -0.000000000000000000e+00 -0.000000000000000000e+00
0.000000000000000000e+00 0.000000000000000000e+00 0.000000000000000000e+00 -0.000000000000000000e+00 -0.000000000000000000e+00
0.000000000000000000e+00 0.000000000000000000e+00 0.000000000000000000e+00 -0.000000000000000000e+00 -0.000000000000000000e+00
0.000000000000000000e+00 0.000000000000000000e+00 0.000000000000000000e+00 -0.000000000000000000e+00 -0.000000000000000000e+00
0.000000000000000000e+00 0.000000000000000000e+00 0.000000000000000000e+00 -0.000000000000000000e+00 -0.000000000000000000e+00
1.878541891171806906e-05 1.000000000000000082e-05 3.588466840079416087e-04 2.955066144474468746e-04 1.000000000000000082e-05
1.000000000000000082e-05 1.000000000000000082e-05 5.486978450143855345e-03 2.015730926346620544e-02 1.000000000000000082e-05
1.000000000000000082e-05 1.000000000000000082e-05 2.756356341056357892e-02 7.193503068831068326e-02 1.000000000000000082e-05
1.000000000000000082e-05 1.000000000000000082e-05 7.971103378424911068e-02 1.134937878794540916e-01 1.000000000000000082e-05
1.000000000000000082e-05 4.158782172928752324e-02 1.308290978885684464e-01 9.330829439729461383e-02 1.000000000000000082e-05
4.137885489146542195e-02 8.910864624859549110e-02 1.129100429314340154e-01 2.212692879858820308e-02 2.503680314647909258e-02
9.833879441615032968e-02 7.996461472784334445e-02 2.536671633631476866e-02 1.000000000000000082e-05 1.026435777175008501e-01
1.084836629105756789e-01 2.501890314450086472e-02 1.000000000000000082e-05 6.654983631219530370e-03 1.446146721891025388e-01
7.053546576930166956e-02 1.000000000000000082e-05 1.000000000000000082e-05 4.930853087462442469e-02 1.296291363829807086e-01
4.898662639781520278e-02 1.925932323752815520e-02 2.483768552043529379e-02 6.198365281669206139e-02 9.319350479403044896e-02
6.560317111599363316e-02 6.636290821092000192e-02 4.966395287859863561e-02 4.364749210785592165e-02 5.195766459009693722e-02
8.594096902711299835e-02 1.003733694359509876e-01 6.353611161453967537e-02 1.210071553407757877e-02 1.544020914931189085e-02
9.456767867799210914e-02 9.869451002203241674e-02 5.989019260566751102e-02 1.000000000000000082e-05 8.058547939733182869e-03
9.215130639778557065e-02 8.088687946219705327e-02 4.548846340942686028e-02 1.000000000000000082e-05 2.819244231988454405e-02
7.904807394684111588e-02 7.736992170058198948e-02 4.294296775535444421e-02 1.000000000000000082e-05 4.625188930178986135e-02
4.820056568324626589e-02 8.983270410658558691e-02 6.914969714768048892e-02 1.000000000000000082e-05 4.254579288933244691e-02
6.383862256517682660e-03 9.784517029560660384e-02 1.015072357972852668e-01 1.000000000000000082e-05 1.398128893296431141e-02
1.000000000000000082e-05 7.111035253914524401e-02 9.627445938374820655e-02 5.944958804239391242e-02 1.000000000000000082e-05
1.000000000000000082e-05 2.623755007877369774e-02 5.807855683363567778e-02 1.063975357104132574e-01 1.000000000000000082e-05
1.000000000000000082e-05 1.000000000000000082e-05 1.993770013825352239e-02 9.707754052267088263e-02 1.000000000000000082e-05
1.000000000000000082e-05 1.000000000000000082e-05 2.247785426979375008e-03 5.609586158830673353e-02 1.000000000000000082e-05
1.000000000000000082e-05 1.000000000000000082e-05 1.000000000000000082e-05 1.494377254593897385e-02 1.000000000000000082e-05
3.713883309045155966e-05 1.000000000000000082e-05 1.000000000000000082e-05 3.822902440532505641e-04 4.533569011640365825e-06
0.000000000000000000e+00 0.000000000000000000e+00 0.000000000000000000e+00 -0.000000000000000000e+00 -0.000000000000000000e+00
0.000000000000000000e+00 0.000000000000000000e+00 0.000000000000000000e+00 -0.000000000000000000e+00 -0.000000000000000000e+00
0.000000000000000000e+00 0.000000000000000000e+00 0.000000000000000000e+00 -0.000000000000000000e+00 -0.000000000000000000e+00
0.000000000000000000e+00 0.000000000000000000e+00 0.000000000000000000e+00 -0.000000000000000000e+00 -0.000000000000000000e+00
0.000000000000000000e+00 0.000000000000000000e+00 0.000000000000000000e+00 -0.000000000000000000e+00 -0.000000000000000000e+00
1.000000000000000082e-05 1.000000000000000082e-05 8.827017972944789775e-04 4.216137253702466055e-04 1.000000000000000082e-05
1.000000000000000082e-05 1.000000000000000082e-05 9.788105055081678871e-03 1.665101419147376263e-02 1.000000000000000082e-05
1.000000000000000082e-05 1.000000000000000082e-05 4.222157593787081997e-02 6.211712739199388988e-02 1.000000000000000082e-05
1.000000000000000082e-05 1.000000000000000082e-05 9.979033086999183899e-02 1.027091608996087979e-01 1.000000000000000082e-05
1.027124007744533232e-02 3.451476843091568630e-02 1.403908018213543274e-01 9.159488244884894659e-02 1.000000000000000082e-05
6.056407191560816278e-02 8.222537533662944986e-02 9.416482401928968904e-02 3.710034963573459466e-02 3.265540972262846037e-02
1.040355919133809370e-01 8.241250880055936423e-02 1.000000000000000082e-05 1.147337303777776164e-03 1.097708961754589180e-01
9.602543881022297667e-02 3.988183384234980644e-02 1.000000000000000082e-05 1.994347306655976440e-02 1.388386903188884858e-01
6.889423339886256714e-02 2.903081021290120425e-02 2.600039079828528939e-03 4.178110795638097230e-02 1.011146231418994651e-01
7.133469113430877806e-02 6.158572287722285238e-02 4.106066885461988336e-02 3.717142369482184100e-02 4.331841073092878441e-02
8.880749176420811575e-02 1.010342950724702066e-01 5.361558194005364847e-02 1.555022104306619767e-02 1.000000000000000082e-05
9.599688495832923996e-02 1.080511822684221829e-01 5.001644040485921094e-02 1.000000000000000082e-05 1.000000000000000082e-05
9.632421838558737071e-02 8.211615581382263052e-02 2.917430117519914656e-02 1.000000000000000082e-05 1.000000000000000082e-05
1.024680577703556555e-01 5.865973357933122051e-02 1.061889086145155134e-02 1.000000000000000082e-05 2.354783686901067846e-02
9.732347028712640125e-02 5.899060805712477706e-02 2.191986749105757568e-02 1.000000000000000082e-05 5.261826542448316824e-02
5.587636482762577128e-02 7.767006110302428212e-02 6.867635827022572359e-02 1.000000000000000082e-05 5.357212258425641388e-02
2.950799974928257959e-03 8.877072950301934107e-02 1.049963401577928696e-01 3.908686145658835445e-03 2.673504324928291376e-02
1.000000000000000082e-05 6.593049595498261251e-02 8.782673040017281718e-02 6.842116972248332707e-02 1.000000000000000082e-05
1.000000000000000082e-05 2.416768780813543724e-02 4.762595278708240537e-02 1.087467064220533630e-01 1.000000000000000082e-05
1.000000000000000082e-05 1.000000000000000082e-05 1.276804033304702705e-02 9.237606022305835940e-02 1.000000000000000082e-05
1.000000000000000082e-05 1.000000000000000082e-05 5.657748618082429409e-04 4.922814418087679417e-02 1.000000000000000082e-05
1.806685796934477163e-04 1.000000000000000082e-05 1.000000000000000082e-05 1.291774892414549424e-02 1.000000000000000082e-05
2.015323647508975572e-05 1.458484106738858655e-04 1.000000000000000082e-05 1.787647281860213673e-04 1.000000000000000082e-05
0.000000000000000000e+00 0.000000000000000000e+00 0.000000000000000000e+00 -0.000000000000000000e+00 -0.000000000000000000e+00
0.000000000000000000e+00 0.000000000000000000e+00 0.000000000000000000e+00 -0.000000000000000000e+00 -0.000000000000000000e+00
0.000000000000000000e+00 0.000000000000000000e+00 0.000000000000000000e+00 -0.000000000000000000e+00 -0.000000000000000000e+00
0.000000000000000000e+00 0.000000000000000000e+00 0.000000000000000000e+00 -0.000000000000000000e+00 -0.000000000000000000e+00
1.022100664133855219e-05 1.000000000000000082e-05 1.057423854192209305e-05 1.000000000000000082e-05 1.000000000000000082e-05
5.646898848439807608e-05 1.000000000000000082e-05 1.009137375637482719e-03 3.251980646653930616e-04 1.000000000000000082e-05
1.000000000000000082e-05 1.000000000000000082e-05 1.322339501220997152e-02 1.195166402180536554e-02 1.000000000000000082e-05
1.000000000000000082e-05 1.000000000000000082e-05 4.967258817456745440e-02 4.652277037230363038e-02 1.000000000000000082e-05
1.000000000000000082e-05 1.000000000000000082e-05 1.096928297669716307e-01 8.526232517037392322e-02 1.000000000000000082e-05
2.271751744190526195e-02 2.128061987883934914e-02 1.447567427325708589e-01 9.118663861898369805e-02 1.000000000000000082e-05
6.606891463950818888e-02 7.033559857024444806e-02 8.958835750495094952e-02 5.808602586068514068e-02 3.486607886055922978e-02
9.926474450092462321e-02 8.640973369266891080e-02 1.000000000000000082e-05 2.974807831927691465e-02 1.053803845352461049e-01
9.207796391742112396e-02 6.930700118417361388e-02 1.000000000000000082e-05 2.750562871619378208e-02 1.184798792934549927e-01
7.964305267481919248e-02 6.869646628695184887e-02 9.594598309565053468e-03 3.006115501059674136e-02 6.628938834244257894e-02
8.451533821494455756e-02 9.390230926766757191e-02 3.962754298660842861e-02 2.082929928114523460e-02 2.477944026821109289e-03
8.605796082947782255e-02 1.112829651956721011e-01 4.353449924554466527e-02 9.085969829383668678e-03 1.000000000000000082e-05
8.524153549552733466e-02 9.639315522523848878e-02 3.178276956068505632e-02 5.115893202803435333e-03 1.000000000000000082e-05
9.462635817131552496e-02 6.745764517659957882e-02 1.585976802329151086e-02 2.696884794171087920e-03 1.000000000000000082e-05
1.113847098015895848e-01 5.542487769714007223e-02 1.469708441433460223e-02 1.000000000000000082e-05 1.750222404307521379e-02
9.729615454156941012e-02 6.231624882201448196e-02 4.244577376913853672e-02 1.000000000000000082e-05 4.854839792656415187e-02
4.366777054338280561e-02 7.769448944878255825e-02 8.550995917694849402e-02 1.000000000000000082e-05 5.662377324106382392e-02
1.000000000000000082e-05 7.681867839696659983e-02 9.775613851789317910e-02 4.016097194384007918e-02 3.616542815079376583e-02
1.000000000000000082e-05 5.108828180404436509e-02 6.612714200356560601e-02 9.293818323720325070e-02 9.293738899058413827e-03
1.000000000000000082e-05 1.471969289963341761e-02 2.749428165155017381e-02 1.088446921585822513e-01 2.135203829681983721e-03
1.000000000000000082e-05 1.000000000000000082e-05 4.534910315256799468e-03 7.771063469097477805e-02 1.000000000000000082e-05
1.000000000000000082e-05 1.000000000000000082e-05 1.000000000000000082e-05 3.408988310731465160e-02 1.000000000000000082e-05
3.764309175647079426e-04 4.657598575780803776e-04 1.000000000000000082e-05 7.574229686982868193e-03 1.000000000000000082e-05
7.645009960041831434e-05 9.412748812964444052e-05 1.000000000000000082e-05 1.875754649892459860e-05 1.000000000000000082e-05
0.000000000000000000e+00 0.000000000000000000e+00 0.000000000000000000e+00 -0.000000000000000000e+00 -0.000000000000000000e+00
0.000000000000000000e+00 0.000000000000000000e+00 0.000000000000000000e+00 -0.000000000000000000e+00 -0.000000000000000000e+00
0.000000000000000000e+00 0.000000000000000000e+00 0.000000000000000000e+00 -0.000000000000000000e+00 -0.000000000000000000e+00
0.000000000000000000e+00 0.000000000000000000e+00 0.000000000000000000e+00 -0.000000000000000000e+00 -0.000000000000000000e+00
1.533150996200791045e-05 1.000000000000000082e-05 1.586135781288297694e-05 1.000000000000000082e-05 1.000000000000000082e-05
2.949815250180599924e-04 1.000000000000000082e-05 1.323070862965949760e-03 3.554077421849052430e-04 1.000000000000000082e-05
6.067287050870509828e-04 1.000000000000000082e-05 1.333146054624354329e-02 7.604363802048246662e-03 1.000000000000000082e-05
1.663054246909479589e-03 1.000000000000000082e-05 4.791649334058249027e-02 2.887440011177044158e-02 1.000000000000000082e-05
7.870042348817374994e-03 1.000000000000000082e-05 1.078566152071438605e-01 6.087296465912651888e-02 1.000000000000000082e-05
2.742761791718574885e-02 7.870340538430869309e-03 1.492067741120597368e-01 8.113295420057982377e-02 1.000000000000000082e-05
6.179726430876601034e-02 4.915778912084897700e-02 1.080716211738324828e-01 7.525098468774076010e-02 2.759010292930091923e-02
8.921182473265895641e-02 8.181774953072955270e-02 2.403672149809466321e-02 5.912549915592307109e-02 9.188064628544267975e-02
8.947002274904677921e-02 9.636409216031519009e-02 1.000000000000000082e-05 4.335960810563196238e-02 9.758761560113413114e-02
8.673501213676736155e-02 1.059129485721256592e-01 1.209754907240080668e-02 3.209023705145654798e-02 4.264688098288751256e-02
8.247307287177041424e-02 1.154706675777775193e-01 3.601923469312855175e-02 2.395884258310078396e-02 1.000000000000000082e-05
8.111846592286135749e-02 1.155922604380485025e-01 4.353201290910191368e-02 2.140093879733738491e-02 1.000000000000000082e-05
9.126064322868755740e-02 1.017909581208276959e-01 4.000568624857724770e-02 1.879537982409424865e-02 1.000000000000000082e-05
1.107258111361386216e-01 8.706745068878196658e-02 3.723527706760501599e-02 1.209465101324808632e-02 1.000000000000000082e-05
1.118622422289559520e-01 7.764364698354185579e-02 5.020543189847950089e-02 6.574925264201212684e-03 1.951268180824115850e-02
7.172440528000260940e-02 7.446192242892853141e-02 7.416185901539996961e-02 1.583541929562487516e-02 5.959259860770237810e-02
1.228106811650548670e-02 7.280963040562690725e-02 8.759872275865157598e-02 4.339941411269144372e-02 6.622741069587306795e-02
1.000000000000000082e-05 5.520737955689500320e-02 7.017403644189837419e-02 8.542982214280796238e-02 4.270993468159489659e-02
1.000000000000000082e-05 2.953083386404203523e-02 3.429016510516588040e-02 1.086790699655950376e-01 1.843597138051131581e-02
1.000000000000000082e-05 5.707773610010524051e-03 9.713847808474260909e-03 9.312347162062917239e-02 6.052062116186773290e-03
1.000000000000000082e-05 1.000000000000000082e-05 1.000000000000000082e-05 5.283818921722445439e-02 1.398812031526871537e-03
1.000000000000000082e-05 1.000000000000000082e-05 1.000000000000000082e-05 1.616441814468547178e-02 1.000000000000000082e-05
1.675873556622842577e-04 5.292525647870384474e-04 1.000000000000000082e-05 3.217134001120616586e-03 1.000000000000000082e-05
2.105187039600419510e-05 5.322380522803222211e-06 6.493900165549743287e-06 1.000000000000000082e-05 1.000000000000000082e-05
0.000000000000000000e+00 0.000000000000000000e+00 0.000000000000000000e+00 -0.000000000000000000e+00 -0.000000000000000000e+00
0.000000000000000000e+00 0.000000000000000000e+00 0.000000000000000000e+00 -0.000000000000000000e+00 -0.000000000000000000e+00
0.000000000000000000e+00 0.000000000000000000e+00 0.000000000000000000e+00 -0.000000000000000000e+00 -0.000000000000000000e+00
0.000000000000000000e+00 0.000000000000000000e+00 0.000000000000000000e+00 -0.000000000000000000e+00 -0.000000000000000000e+00
0.000000000000000000e+00 0.000000000000000000e+00 0.000000000000000000e+00 -0.000000000000000000e+00 -0.000000000000000000e+00
5.377379154269018623e-04 1.000000000000000082e-05 1.206357093826023472e-03 3.947338284103514149e-04 1.000000000000000082e-05
2.021847761960531790e-03 1.000000000000000082e-05 1.002767001556577504e-02 4.203477052733884702e-03 1.000000000000000082e-05
5.280907492593800434e-03 1.000000000000000082e-05 3.697928865875187154e-02 1.436703866537632733e-02 1.000000000000000082e-05
1.431224792545017326e-02 1.000000000000000082e-05 8.978279758825974399e-02 3.404612413403009658e-02 1.000000000000000082e-05
3.087245504141486810e-02 1.000000000000000082e-05 1.441063849753621562e-01 5.834027236686333689e-02 1.000000000000000082e-05
5.540683029950967814e-02 2.149055920180983209e-02 1.399110845724401142e-01 7.174195451617679242e-02 1.124004991780024748e-02
8.230051980594285665e-02 5.726453570036483393e-02 8.094395357359933374e-02 7.384626779388304973e-02 7.174742898261629587e-02
8.742264699317123244e-02 9.150414159200787045e-02 3.868182008833644797e-02 6.390083324656380126e-02 8.845028614814373635e-02
8.609116305679792580e-02 1.157430303923280696e-01 3.633553005101410743e-02 5.035179034143703186e-02 5.148580232631332076e-02
8.452643309185930987e-02 1.276328155824309196e-01 5.126613212939098302e-02 4.044477203487346906e-02 4.749874096616823332e-03
9.249907542251570303e-02 1.248132662933530840e-01 5.981825887635386363e-02 3.841392484410544039e-02 1.000000000000000082e-05
1.065547239161397791e-01 1.145504530218573319e-01 6.302958660023537385e-02 3.635588269368904279e-02 1.000000000000000082e-05
1.075783994112179537e-01 9.799245828219950438e-02 6.596669042941459560e-02 3.844453241915592873e-02 1.794356800380369002e-02
7.801047868019736486e-02 8.085688908018219545e-02 7.089712549541225817e-02 4.662661295902111036e-02 6.257345008898546057e-02
2.634219938253513568e-02 6.470013837886738617e-02 6.817420509736688006e-02 6.570698939951166717e-02 8.967542621010408943e-02
1.000000000000000082e-05 4.970372045104994724e-02 5.472489476839656475e-02 9.192792390808136871e-02 7.486115142789322163e-02
1.000000000000000082e-05 2.925157101008970389e-02 3.006491278878030762e-02 1.077939569174474199e-01 4.359479372719148038e-02
1.000000000000000082e-05 9.214726285372884518e-03 1.084087293262314330e-02 9.507157275504607430e-02 1.986321531314652958e-02
1.000000000000000082e-05 7.309374268417362711e-05 5.912071859242543515e-04 5.839839632231388217e-02 6.518231857719690610e-03
1.000000000000000082e-05 1.000000000000000082e-05 1.000000000000000082e-05 2.448327158027601563e-02 1.292486475658317880e-03
1.000000000000000082e-05 1.708000568417153940e-04 1.000000000000000082e-05 5.635669497878294416e-03 1.000000000000000082e-05
6.625028367250335865e-05 3.758045220042032994e-04 1.000000000000000082e-05 7.773230896510361721e-04 1.000000000000000082e-05
1.262359973837692568e-05 1.412163143931618927e-04 1.000000000000000082e-05 1.000000000000000082e-05 1.000000000000000082e-05
0.000000000000000000e+00 0.000000000000000000e+00 0.000000000000000000e+00 -0.000000000000000000e+00 -0.000000000000000000e+00
0.000000000000000000e+00 0.000000000000000000e+00 0.000000000000000000e+00 -0.000000000000000000e+00 -0.000000000000000000e+00
0.000000000000000000e+00 0.000000000000000000e+00 0.000000000000000000e+00 -0.000000000000000000e+00 -0.000000000000000000e+00
1.736431017120593962e-06 1.000000000000000082e-05 6.874680072437512989e-06 1.000000000000000082e-05 1.000000000000000082e-05
0.000000000000000000e+00 0.000000000000000000e+00 0.000000000000000000e+00 -0.000000000000000000e+00 -0.000000000000000000e+00
6.252832736325014467e-04 1.000000000000000082e-05 9.470737606146902542e-04 2.084195308797748985e-04 1.000000000000000082e-05
2.151016247001921473e-03 1.000000000000000082e-05 5.013986717146218068e-03 1.466518672838576292e-03 1.000000000000000082e-05
6.184781546706202317e-03 1.000000000000000082e-05 1.930904900545028779e-02 6.287679516947811825e-03 1.000000000000000082e-05
1.698852377579375753e-02 1.000000000000000082e-05 5.658365230094598852e-02 1.485540730643287836e-02 1.000000000000000082e-05
3.347351354590077932e-02 1.000000000000000082e-05 1.098427474353796812e-01 2.933072994401659736e-02 1.000000000000000082e-05
5.270693754544399784e-02 1.000000000000000082e-05 1.462683460637881627e-01 4.612941445901409809e-02 1.000000000000000082e-05
7.723445928645292224e-02 1.855666312804570006e-02 1.279683192770185440e-01 5.984265397913104967e-02 4.465214675624725599e-02
8.499919107886441672e-02 4.999136881408370453e-02 9.155757577502682265e-02 6.719011735421993869e-02 8.801182190794841487e-02
8.621050681318886966e-02 8.280309191923518330e-02 7.202628242914220491e-02 6.374864569947252813e-02 8.671984061346520167e-02
8.960028784845586181e-02 1.037705336662667066e-01 6.961477418802163031e-02 5.901595125882345277e-02 6.209108839225713911e-02
9.283858948951416445e-02 1.042481272684440685e-01 6.781794008459261780e-02 6.077623866363408150e-02 5.488162009248361700e-02
8.704893167861017800e-02 9.248907623464389105e-02 6.385121416791476878e-02 6.526407234582720651e-02 6.849068291419732613e-02
6.311977698406662229e-02 7.235256588178454185e-02 5.409902241687927771e-02 7.601468835861875661e-02 9.697120116661728240e-02
2.414342462468318726e-02 5.235736782371105957e-02 4.261378378046862953e-02 8.983056082118769103e-02 1.131290617379280966e-01
1.000000000000000082e-05 3.401319698972966182e-02 2.788844020295818890e-02 1.012689733798629449e-01 1.033491082276545431e-01
1.000000000000000082e-05 1.890909651423276772e-02 1.581390808913933632e-02 1.006487673761334856e-01 6.600364783576906369e-02
1.000000000000000082e-05 6.759148603004701272e-03 5.842160061478691817e-03 7.952334371643424160e-02 3.214324001091024841e-02
1.000000000000000082e-05 8.704019147677251409e-05 8.021702315436004269e-04 4.864151808295529011e-02 1.201722333224897708e-02
1.000000000000000082e-05 1.000000000000000082e-05 1.000000000000000082e-05 2.065132601845070387e-02 3.633737492201228290e-03
1.000000000000000082e-05 1.523462730887875400e-04 1.000000000000000082e-05 6.765298246149162135e-03 4.468315719441184951e-04
1.000000000000000082e-05 1.841000541396421806e-04 1.254206215230075955e-04 1.185842160802126274e-03 1.000000000000000082e-05
1.000000000000000082e-05 1.256279414573787528e-04 1.000000000000000082e-05 2.776368432199645517e-04 1.000000000000000082e-05
1.665522059723028060e-05 1.863168127072087777e-04 1.000000000000000082e-05 1.000000000000000082e-05 1.000000000000000082e-05
0.000000000000000000e+00 0.000000000000000000e+00 0.000000000000000000e+00 -0.000000000000000000e+00 -0.000000000000000000e+00
0.000000000000000000e+00 0.000000000000000000e+00 0.000000000000000000e+00 -0.000000000000000000e+00 -0.000000000000000000e+00
0.000000000000000000e+00 0.000000000000000000e+00 0.000000000000000000e+00 -0.000000000000000000e+00 -0.000000000000000000e+00
4.823419492001623165e-06 1.000000000000000082e-05 1.909633353454865830e-05 1.000000000000000082e-05 1.000000000000000082e-05
0.000000000000000000e+00 0.000000000000000000e+00 0.000000000000000000e+00 -0.000000000000000000e+00 -0.000000000000000000e+00
2.417424616921124965e-04 1.000000000000000082e-05 1.551404283259114503e-04 3.326437512613363907e-05 1.000000000000000082e-05
7.760957497088890201e-04 1.000000000000000082e-05 1.481591359231098628e-03 1.336449514003769476e-04 1.000000000000000082e-05
3.834953514948190312e-03 1.000000000000000082e-05 6.460159264292269533e-03 1.610794248633767248e-03 1.000000000000000082e-05
1.218595578324373728e-02 1.000000000000000082e-05 2.160574035246139862e-02 5.831000794298454512e-03 1.000000000000000082e-05
2.749489224690939218e-02 1.000000000000000082e-05 5.140452821452214105e-02 1.037656827707347101e-02 1.000000000000000082e-05
4.652835946024768549e-02 1.000000000000000082e-05 9.066379899876279846e-02 1.811116798763527658e-02 1.000000000000000082e-05
6.731728365508299339e-02 1.000000000000000082e-05 1.144789928437441873e-01 2.819952525514987651e-02 1.753374274484592946e-02
8.068258038778765295e-02 1.000000000000000082e-05 1.061933167455922089e-01 3.853523726697879320e-02 6.712236983189989736e-02
8.032811766353863125e-02 1.452093566998533675e-02 8.707301203673657730e-02 5.098729238450622203e-02 1.069716683697093246e-01
7.347767444437403039e-02 3.493203491182848841e-02 6.700959601574381364e-02 5.718140987858705282e-02 1.233329614623562970e-01
5.902290588207764060e-02 4.284773999417471751e-02 4.688399518110794584e-02 6.705189648951245807e-02 1.318673831610861213e-01
3.957235394517134158e-02 3.654806609172501358e-02 2.740707921436804501e-02 7.504681937973299577e-02 1.377534152011933299e-01
1.370921517555059345e-02 2.260398071970875708e-02 1.359273319324821178e-02 8.445011000970335802e-02 1.332389840744313825e-01
1.000000000000000082e-05 9.334876104449413292e-03 5.659764199969258454e-03 8.423942407432008506e-02 1.105416171233194605e-01
1.000000000000000082e-05 1.581003044625560938e-03 2.576139382589210606e-03 7.297059172175604513e-02 7.252272700766101976e-02
1.000000000000000082e-05 1.000000000000000082e-05 6.481063659922537204e-04 5.085519355118668650e-02 3.603677858106632548e-02
1.000000000000000082e-05 1.000000000000000082e-05 1.000000000000000082e-05 2.753070873966282153e-02 1.366488635296885315e-02
1.000000000000000082e-05 1.000000000000000082e-05 1.000000000000000082e-05 1.301118119345074861e-02 5.016249684915680129e-03
1.000000000000000082e-05 2.620712809859906652e-04 1.000000000000000082e-05 4.176587619542930681e-03 1.377488599958481830e-03
1.000000000000000082e-05 1.590150470934167666e-04 1.000000000000000082e-05 7.761273302074161431e-04 3.254178210897754812e-04
1.000000000000000082e-05 1.000000000000000082e-05 1.454677008659624419e-06 2.859596952016973340e-04 6.461613620142385688e-05
7.343169237124986866e-06 1.029070202219642085e-04 1.877619101501420604e-06 1.063789473528899728e-04 1.000000000000000082e-05
1.665522059723028060e-05 1.863168127072087777e-04 1.000000000000000082e-05 1.000000000000000082e-05 1.000000000000000082e-05
0.000000000000000000e+00 0.000000000000000000e+00 0.000000000000000000e+00 -0.000000000000000000e+00 -0.000000000000000000e+00
0.000000000000000000e+00 0.000000000000000000e+00 0.000000000000000000e+00 -0.000000000000000000e+00 -0.000000000000000000e+00
0.000000000000000000e+00 0.000000000000000000e+00 0.000000000000000000e+00 -0.000000000000000000e+00 -0.000000000000000000e+00
0.000000000000000000e+00 0.000000000000000000e+00 0.000000000000000000e+00 -0.000000000000000000e+00 -0.000000000000000000e+00
0.000000000000000000e+00 0.000000000000000000e+00 0.000000000000000000e+00 -0.000000000000000000e+00 -0.000000000000000000e+00
0.000000000000000000e+00 0.000000000000000000e+00 0.000000000000000000e+00 -0.000000000000000000e+00 -0.000000000000000000e+00
1.489840842604785675e-04 1.000000000000000082e-05 5.359935939337745741e-05 2.209670803852367162e-05 1.000000000000000082e-05
5.394027450073618155e-04 2.467867870178723185e-05 5.579522338852044034e-04 3.770128198970721658e-05 1.000000000000000082e-05
3.747837628064304948e-03 1.000000000000000082e-05 3.256168555599463395e-03 1.106290117222937528e-03 1.000000000000000082e-05
1.027500515959135080e-02 1.000000000000000082e-05 8.718488404459854429e-03 2.882329596176452704e-03 1.000000000000000082e-05
2.101017176735588479e-02 1.000000000000000082e-05 1.754337487797811776e-02 4.942268299277386388e-03 1.000000000000000082e-05
3.485810303757569395e-02 1.000000000000000082e-05 2.955213175961524802e-02 1.023552157284524783e-02 4.125757281648123088e-03
4.518594086904492713e-02 1.000000000000000082e-05 3.265311055096124793e-02 1.722657909174070065e-02 2.968586079766450184e-02
4.809029303994950127e-02 1.000000000000000082e-05 2.402822928451861170e-02 2.405720824787845047e-02 6.951690037180477399e-02
3.687592197758762791e-02 1.000000000000000082e-05 1.291028898118076577e-02 3.229837900736998862e-02 1.033059323342231384e-01
2.148898315691355823e-02 1.000000000000000082e-05 2.508975762036653491e-03 3.602643772288025015e-02 1.162387630199446797e-01
6.607815727512534112e-03 1.000000000000000082e-05 1.000000000000000082e-05 3.729373140219082589e-02 1.056115099930913653e-01
1.000000000000000082e-05 1.000000000000000082e-05 1.000000000000000082e-05 3.345727156770368638e-02 7.972236672629084975e-02
1.000000000000000082e-05 1.000000000000000082e-05 1.000000000000000082e-05 2.737681789972935820e-02 5.020169041301388718e-02
1.000000000000000082e-05 1.000000000000000082e-05 1.000000000000000082e-05 1.752897153385120713e-02 2.518768905962805865e-02
1.000000000000000082e-05 1.000000000000000082e-05 1.843847771343963061e-04 1.037639931214132116e-02 1.000283540712090108e-02
1.000000000000000082e-05 1.000000000000000082e-05 4.097590923456473962e-04 5.156874314529863619e-03 4.002441232323939412e-03
1.000000000000000082e-05 1.000000000000000082e-05 4.794660775053073004e-04 2.045067494870421790e-03 1.525640322443653791e-03
1.000000000000000082e-05 1.000000000000000082e-05 1.856056351836093054e-04 4.473235617867517343e-04 4.515666642956053735e-04
1.000000000000000082e-05 1.000000000000000082e-05 1.000000000000000082e-05 1.247465286309363489e-04 8.060348409755109511e-05
1.000000000000000082e-05 1.000000000000000082e-05 1.000000000000000082e-05 1.369595966561396033e-05 7.482086949767877608e-06
6.575360483386238219e-06 7.372749278546675039e-05 9.742543839052353197e-06 1.000000000000000082e-05 1.000000000000000082e-05
7.137951684527281143e-06 7.985006258880394774e-05 1.000000000000000082e-05 1.000000000000000082e-05 1.000000000000000082e-05
0.000000000000000000e+00 0.000000000000000000e+00 0.000000000000000000e+00 -0.000000000000000000e+00 -0.000000000000000000e+00
0.000000000000000000e+00 0.000000000000000000e+00 0.000000000000000000e+00 -0.000000000000000000e+00 -0.000000000000000000e+00
0.000000000000000000e+00 0.000000000000000000e+00 0.000000000000000000e+00 -0.000000000000000000e+00 -0.000000000000000000e+00
0.000000000000000000e+00 0.000000000000000000e+00 0.000000000000000000e+00 -0.000000000000000000e+00 -0.000000000000000000e+00
0.000000000000000000e+00 0.000000000000000000e+00 0.000000000000000000e+00 -0.000000000000000000e+00 -0.000000000000000000e+00
0.000000000000000000e+00 0.000000000000000000e+00 0.000000000000000000e+00 -0.000000000000000000e+00 -0.000000000000000000e+00
0.000000000000000000e+00 0.000000000000000000e+00 0.000000000000000000e+00 -0.000000000000000000e+00 -0.000000000000000000e+00
0.000000000000000000e+00 0.000000000000000000e+00 0.000000000000000000e+00 -0.000000000000000000e+00 -0.000000000000000000e+00
2.885063454671643753e-04 1.000000000000000082e-05 6.776304667031202065e-06 5.486889777997483035e-05 1.000000000000000082e-05
1.539523609522760496e-03 1.000000000000000082e-05 6.167760828490891935e-05 1.387950299810052155e-04 1.000000000000000082e-05
3.168848848799200781e-03 1.000000000000000082e-05 2.240825624107980682e-04 3.256768714340607662e-04 1.000000000000000082e-05
4.678504640984551891e-03 1.000000000000000082e-05 6.202449889931376491e-04 5.617917081660991820e-04 1.000000000000000082e-05
6.148206042637388222e-03 1.000000000000000082e-05 1.410781142859676837e-03 9.828366663363727503e-04 1.764748314869886252e-03
7.345355592497607861e-03 1.000000000000000082e-05 1.082058038521071857e-03 1.790561683978922521e-03 5.582997482771968369e-03
6.004001209713485422e-03 1.000000000000000082e-05 3.883301951803314685e-04 3.367290191304342806e-03 1.189682810407318748e-02
4.184977758499245498e-03 1.000000000000000082e-05 1.000000000000000082e-05 3.039562622125343856e-03 1.392622111460330159e-02
1.973977108861417300e-03 1.000000000000000082e-05 1.308410886044048763e-04 2.256249193418598080e-03 1.319059638344518420e-02
1.000000000000000082e-05 1.000000000000000082e-05 4.955475252364291558e-04 1.470319858354139165e-03 9.917978263422109683e-03
1.000000000000000082e-05 1.000000000000000082e-05 5.660895200609557601e-04 8.040551414304207859e-04 6.017175200873988057e-03
1.000000000000000082e-05 1.000000000000000082e-05 4.991222260688117380e-04 4.243742277512557747e-04 3.188839503660121158e-03
1.000000000000000082e-05 1.000000000000000082e-05 3.428799767320116578e-04 4.148195185514354883e-04 1.592060515724232159e-03
1.000000000000000082e-05 1.000000000000000082e-05 3.283773407229265205e-04 3.063120664914446649e-04 6.869412436617069627e-04
1.000000000000000082e-05 1.000000000000000082e-05 1.659216285220597011e-04 9.538268940778476851e-05 1.980677858210275926e-04
1.000000000000000082e-05 1.000000000000000082e-05 1.855413645300302300e-05 1.025964965212724225e-05 1.085062282564870021e-05
0.000000000000000000e+00 0.000000000000000000e+00 0.000000000000000000e+00 -0.000000000000000000e+00 -0.000000000000000000e+00
0.000000000000000000e+00 0.000000000000000000e+00 0.000000000000000000e+00 -0.000000000000000000e+00 -0.000000000000000000e+00
0.000000000000000000e+00 0.000000000000000000e+00 0.000000000000000000e+00 -0.000000000000000000e+00 -0.000000000000000000e+00
0.000000000000000000e+00 0.000000000000000000e+00 0.000000000000000000e+00 -0.000000000000000000e+00 -0.000000000000000000e+00
0.000000000000000000e+00 0.000000000000000000e+00 0.000000000000000000e+00 -0.000000000000000000e+00 -0.000000000000000000e+00
0.000000000000000000e+00 0.000000000000000000e+00 0.000000000000000000e+00 -0.000000000000000000e+00 -0.000000000000000000e+00
0.000000000000000000e+00 0.000000000000000000e+00 0.000000000000000000e+00 -0.000000000000000000e+00 -0.000000000000000000e+00
0.000000000000000000e+00 0.000000000000000000e+00 0.000000000000000000e+00 -0.000000000000000000e+00 -0.000000000000000000e+00
0.000000000000000000e+00 0.000000000000000000e+00 0.000000000000000000e+00 -0.000000000000000000e+00 -0.000000000000000000e+00
0.000000000000000000e+00 0.000000000000000000e+00 0.000000000000000000e+00 -0.000000000000000000e+00 -0.000000000000000000e+00
0.000000000000000000e+00 0.000000000000000000e+00 0.000000000000000000e+00 -0.000000000000000000e+00 -0.000000000000000000e+00
0.000000000000000000e+00 0.000000000000000000e+00 0.000000000000000000e+00 -0.000000000000000000e+00 -0.000000000000000000e+00
0.000000000000000000e+00 0.000000000000000000e+00 0.000000000000000000e+00 -0.000000000000000000e+00 -0.000000000000000000e+00
0.000000000000000000e+00 0.000000000000000000e+00 0.000000000000000000e+00 -0.000000000000000000e+00 -0.000000000000000000e+00
0.000000000000000000e+00 0.000000000000000000e+00 0.000000000000000000e+00 -0.000000000000000000e+00 -0.000000000000000000e+00
0.000000000000000000e+00 0.000000000000000000e+00 0.000000000000000000e+00 -0.000000000000000000e+00 -0.000000000000000000e+00
1.000000000000000082e-05 1.000000000000000082e-05 6.528874286094193849e-05 1.587051883631820459e-04 4.768537323665001640e-05
9.455899926459683416e-06 1.000000000000000082e-05 7.345232322624596730e-05 1.454535537158848616e-04 1.315688212852492384e-04
7.749984211175623393e-05 1.000000000000000082e-05 2.863533514184395015e-05 2.599108793544863526e-05 2.589067409571124429e-04
1.825885024300803359e-04 1.000000000000000082e-05 4.023320358038349364e-05 1.000000000000000082e-05 3.128716032852941098e-04
1.699015657985285786e-04 1.000000000000000082e-05 1.000000000000000082e-05 1.000000000000000082e-05 4.459676074677200279e-04
1.191520344218983832e-04 1.000000000000000082e-05 1.000000000000000082e-05 1.000000000000000082e-05 6.005648487317913819e-04
1.000000000000000082e-05 1.000000000000000082e-05 7.897199946893686652e-06 1.719164269325879613e-05 4.522251379209094491e-04
1.000000000000000082e-05 1.000000000000000082e-05 2.982210375857698674e-05 1.432958788057596045e-05 2.815994259918881389e-04
1.000000000000000082e-05 1.000000000000000082e-05 2.074472967040604646e-05 8.115399573133824730e-06 9.004357967946190753e-05
1.000000000000000082e-05 1.000000000000000082e-05 1.039032284197691912e-05 3.752863480216455220e-06 4.125504635428852140e-05
0.000000000000000000e+00 0.000000000000000000e+00 0.000000000000000000e+00 -0.000000000000000000e+00 -0.000000000000000000e+00
0.000000000000000000e+00 0.000000000000000000e+00 0.000000000000000000e+00 -0.000000000000000000e+00 -0.000000000000000000e+00
0.000000000000000000e+00 0.000000000000000000e+00 0.000000000000000000e+00 -0.000000000000000000e+00 -0.000000000000000000e+00
0.000000000000000000e+00 0.000000000000000000e+00 0.000000000000000000e+00 -0.000000000000000000e+00 -0.000000000000000000e+00
0.000000000000000000e+00 0.000000000000000000e+00 0.000000000000000000e+00 -0.000000000000000000e+00 -0.000000000000000000e+00
0.000000000000000000e+00 0.000000000000000000e+00 0.000000000000000000e+00 -0.000000000000000000e+00 -0.000000000000000000e+00
0.000000000000000000e+00 0.000000000000000000e+00 0.000000000000000000e+00 -0.000000000000000000e+00 -0.000000000000000000e+00
0.000000000000000000e+00 0.000000000000000000e+00 0.000000000000000000e+00 -0.000000000000000000e+00 -0.000000000000000000e+00
0.000000000000000000e+00 0.000000000000000000e+00 0.000000000000000000e+00 -0.000000000000000000e+00 -0.000000000000000000e+00
0.000000000000000000e+00 0.000000000000000000e+00 0.000000000000000000e+00 -0.000000000000000000e+00 -0.000000000000000000e+00
0.000000000000000000e+00 0.000000000000000000e+00 0.000000000000000000e+00 -0.000000000000000000e+00 -0.000000000000000000e+00
0.000000000000000000e+00 0.000000000000000000e+00 0.000000000000000000e+00 -0.000000000000000000e+00 -0.000000000000000000e+00
0.000000000000000000e+00 0.000000000000000000e+00 0.000000000000000000e+00 -0.000000000000000000e+00 -0.000000000000000000e+00
0.000000000000000000e+00 0.000000000000000000e+00 0.000000000000000000e+00 -0.000000000000000000e+00 -0.000000000000000000e+00
0.000000000000000000e+00 0.000000000000000000e+00 0.000000000000000000e+00 -0.000000000000000000e+00 -0.000000000000000000e+00
0.000000000000000000e+00 0.000000000000000000e+00 0.000000000000000000e+00 -0.000000000000000000e+00 -0.000000000000000000e+00
0.000000000000000000e+00 0.000000000000000000e+00 0.000000000000000000e+00 -0.000000000000000000e+00 -0.000000000000000000e+00
0.000000000000000000e+00 0.000000000000000000e+00 0.000000000000000000e+00 -0.000000000000000000e+00 -0.000000000000000000e+00
0.000000000000000000e+00 0.000000000000000000e+00 0.000000000000000000e+00 -0.000000000000000000e+00 -0.000000000000000000e+00
0.000000000000000000e+00 0.000000000000000000e+00 0.000000000000000000e+00 -0.000000000000000000e+00 -0.000000000000000000e+00
0.000000000000000000e+00 0.000000000000000000e+00 0.000000000000000000e+00 -0.000000000000000000e+00 -0.000000000000000000e+00
0.000000000000000000e+00 0.000000000000000000e+00 0.000000000000000000e+00 -0.000000000000000000e+00 -0.000000000000000000e+00
0.000000000000000000e+00 0.000000000000000000e+00 0.000000000000000000e+00 -0.000000000000000000e+00 -0.000000000000000000e+00
0.000000000000000000e+00 0.000000000000000000e+00 0.000000000000000000e+00 -0.000000000000000000e+00 -0.000000000000000000e+00
0.000000000000000000e+00 0.000000000000000000e+00 0.000000000000000000e+00 -0.000000000000000000e+00 -0.000000000000000000e+00
0.000000000000000000e+00 0.000000000000000000e+00 0.000000000000000000e+00 -0.000000000000000000e+00 -0.000000000000000000e+00
0.000000000000000000e+00 0.000000000000000000e+00 0.000000000000000000e+00 -0.000000000000000000e+00 -0.000000000000000000e+00
0.000000000000000000e+00 0.000000000000000000e+00 0.000000000000000000e+00 -0.000000000000000000e+00 -0.000000000000000000e+00
0.000000000000000000e+00 0.000000000000000000e+00 0.000000000000000000e+00 -0.000000000000000000e+00 -0.000000000000000000e+00
0.000000000000000000e+00 0.000000000000000000e+00 0.000000000000000000e+00 -0.000000000000000000e+00 -0.000000000000000000e+00
0.000000000000000000e+00 0.000000000000000000e+00 0.000000000000000000e+00 -0.000000000000000000e+00 -0.000000000000000000e+00
0.000000000000000000e+00 0.000000000000000000e+00 0.000000000000000000e+00 -0.000000000000000000e+00 -0.000000000000000000e+00
0.000000000000000000e+00 0.000000000000000000e+00 0.000000000000000000e+00 -0.000000000000000000e+00 -0.000000000000000000e+00
0.000000000000000000e+00 0.000000000000000000e+00 0.000000000000000000e+00 -0.000000000000000000e+00 -0.000000000000000000e+00
0.000000000000000000e+00 0.000000000000000000e+00 0.000000000000000000e+00 -0.000000000000000000e+00 -0.000000000000000000e+00
0.000000000000000000e+00 0.000000000000000000e+00 0.000000000000000000e+00 -0.000000000000000000e+00 -0.000000000000000000e+00
0.000000000000000000e+00 0.000000000000000000e+00 0.000000000000000000e+00 -0.000000000000000000e+00 -0.000000000000000000e+00
0.000000000000000000e+00 0.000000000000000000e+00 0.000000000000000000e+00 -0.000000000000000000e+00 -0.000000000000000000e+00
0.000000000000000000e+00 0.000000000000000000e+00 0.000000000000000000e+00 -0.000000000000000000e+00 -0.000000000000000000e+00
0.000000000000000000e+00 0.000000000000000000e+00 0.000000000000000000e+00 -0.000000000000000000e+00 -0.000000000000000000e+00
0.000000000000000000e+00 0.000000000000000000e+00 0.000000000000000000e+00 -0.000000000000000000e+00 -0.000000000000000000e+00
0.000000000000000000e+00 0.000000000000000000e+00 0.000000000000000000e+00 -0.000000000000000000e+00 -0.000000000000000000e+00
0.000000000000000000e+00 0.000000000000000000e+00 0.000000000000000000e+00 -0.000000000000000000e+00 -0.000000000000000000e+00
0.000000000000000000e+00 0.000000000000000000e+00 0.000000000000000000e+00 -0.000000000000000000e+00 -0.000000000000000000e+00
0.000000000000000000e+00 0.000000000000000000e+00 0.000000000000000000e+00 -0.000000000000000000e+00 -0.000000000000000000e+00
0.000000000000000000e+00 0.000000000000000000e+00 0.000000000000000000e+00 -0.000000000000000000e+00 -0.000000000000000000e+00
0.000000000000000000e+00 0.000000000000000000e+00 0.000000000000000000e+00 -0.000000000000000000e+00 -0.000000000000000000e+00
0.000000000000000000e+00 0.000000000000000000e+00 0.000000000000000000e+00 -0.000000000000000000e+00 -0.000000000000000000e+00
0.000000000000000000e+00 0.000000000000000000e+00 0.000000000000000000e+00 -0.000000000000000000e+00 -0.000000000000000000e+00
0.000000000000000000e+00 0.000000000000000000e+00 0.000000000000000000e+00 -0.000000000000000000e+00 -0.000000000000000000e+00
0.000000000000000000e+00 0.000000000000000000e+00 0.000000000000000000e+00 -0.000000000000000000e+00 -0.000000000000000000e+00
0.000000000000000000e+00 0.000000000000000000e+00 0.000000000000000000e+00 -0.000000000000000000e+00 -0.000000000000000000e+00
0.000000000000000000e+00 0.000000000000000000e+00 0.000000000000000000e+00 -0.000000000000000000e+00 -0.000000000000000000e+00
0.000000000000000000e+00 0.000000000000000000e+00 0.000000000000000000e+00 -0.000000000000000000e+00 -0.000000000000000000e+00
0.000000000000000000e+00 0.000000000000000000e+00 0.000000000000000000e+00 -0.000000000000000000e+00 -0.000000000000000000e+00
0.000000000000000000e+00 0.000000000000000000e+00 0.000000000000000000e+00 -0.000000000000000000e+00 -0.000000000000000000e+00
0.000000000000000000e+00 0.000000000000000000e+00 0.000000000000000000e+00 -0.000000000000000000e+00 -0.000000000000000000e+00
0.000000000000000000e+00 0.000000000000000000e+00 0.000000000000000000e+00 -0.000000000000000000e+00 -0.000000000000000000e+00
0.000000000000000000e+00 0.000000000000000000e+00 0.000000000000000000e+00 -0.000000000000000000e+00 -0.000000000000000000e+00
0.000000000000000000e+00 0.000000000000000000e+00 0.000000000000000000e+00 -0.000000000000000000e+00 -0.000000000000000000e+00
0.000000000000000000e+00 0.000000000000000000e+00 0.000000000000000000e+00 -0.000000000000000000e+00 -0.000000000000000000e+00
0.000000000000000000e+00 0.000000000000000000e+00 0.000000000000000000e+00 -0.000000000000000000e+00 -0.000000000000000000e+00
0.000000000000000000e+00 0.000000000000000000e+00 0.000000000000000000e+00 -0.000000000000000000e+00 -0.000000000000000000e+00
0.000000000000000000e+00 0.000000000000000000e+00 0.000000000000000000e+00 -0.000000000000000000e+00 -0.000000000000000000e+00
0.000000000000000000e+00 0.000000000000000000e+00 0.000000000000000000e+00 -0.000000000000000000e+00 -0.000000000000000000e+00
0.000000000000000000e+00 0.000000000000000000e+00 0.000000000000000000e+00 -0.000000000000000000e+00 -0.000000000000000000e+00
0.000000000000000000e+00 0.000000000000000000e+00 0.000000000000000000e+00 -0.000000000000000000e+00 -0.000000000000000000e+00
0.000000000000000000e+00 0.000000000000000000e+00 0.000000000000000000e+00 -0.000000000000000000e+00 -0.000000000000000000e+00
0.000000000000000000e+00 0.000000000000000000e+00 0.000000000000000000e+00 -0.000000000000000000e+00 -0.000000000000000000e+00
0.000000000000000000e+00 0.000000000000000000e+00 0.000000000000000000e+00 -0.000000000000000000e+00 -0.000000000000000000e+00
0.000000000000000000e+00 0.000000000000000000e+00 0.000000000000000000e+00 -0.000000000000000000e+00 -0.000000000000000000e+00
0.000000000000000000e+00 0.000000000000000000e+00 0.000000000000000000e+00 -0.000000000000000000e+00 -0.000000000000000000e+00
0.000000000000000000e+00 0.000000000000000000e+00 0.000000000000000000e+00 -0.000000000000000000e+00 -0.000000000000000000e+00
0.000000000000000000e+00 0.000000000000000000e+00 0.000000000000000000e+00 -0.000000000000000000e+00 -0.000000000000000000e+00
0.000000000000000000e+00 0.000000000000000000e+00 0.000000000000000000e+00 -0.000000000000000000e+00 -0.000000000000000000e+00
0.000000000000000000e+00 0.000000000000000000e+00 0.000000000000000000e+00 -0.000000000000000000e+00 -0.000000000000000000e+00
0.000000000000000000e+00 0.000000000000000000e+00 0.000000000000000000e+00 -0.000000000000000000e+00 -0.000000000000000000e+00
0.000000000000000000e+00 0.000000000000000000e+00 0.000000000000000000e+00 -0.000000000000000000e+00 -0.000000000000000000e+00
0.000000000000000000e+00 0.000000000000000000e+00 0.000000000000000000e+00 -0.000000000000000000e+00 -0.000000000000000000e+00
0.000000000000000000e+00 0.000000000000000000e+00 0.000000000000000000e+00 -0.000000000000000000e+00 -0.000000000000000000e+00
0.000000000000000000e+00 0.000000000000000000e+00 0.000000000000000000e+00 -0.000000000000000000e+00 -0.000000000000000000e+00
0.000000000000000000e+00 0.000000000000000000e+00 0.000000000000000000e+00 -0.000000000000000000e+00 -0.000000000000000000e+00
0.000000000000000000e+00 0.000000000000000000e+00 0.000000000000000000e+00 -0.000000000000000000e+00 -0.000000000000000000e+00
0.000000000000000000e+00 0.000000000000000000e+00 0.000000000000000000e+00 -0.000000000000000000e+00 -0.000000000000000000e+00
0.000000000000000000e+00 0.000000000000000000e+00 0.000000000000000000e+00 -0.000000000000000000e+00 -0.000000000000000000e+00
0.000000000000000000e+00 0.000000000000000000e+00 0.000000000000000000e+00 -0.000000000000000000e+00 -0.000000000000000000e+00
0.000000000000000000e+00 0.000000000000000000e+00 0.000000000000000000e+00 -0.000000000000000000e+00 -0.000000000000000000e+00
0.000000000000000000e+00 0.000000000000000000e+00 0.000000000000000000e+00 -0.000000000000000000e+00 -0.000000000000000000e+00
0.000000000000000000e+00 0.000000000000000000e+00 0.000000000000000000e+00 -0.000000000000000000e+00 -0.000000000000000000e+00
0.000000000000000000e+00 0.000000000000000000e+00 0.000000000000000000e+00 -0.000000000000000000e+00 -0.000000000000000000e+00
0.000000000000000000e+00 0.000000000000000000e+00 0.000000000000000000e+00 -0.000000000000000000e+00 -0.000000000000000000e+00
