0.000000000000000000e+00 -0.000000000000000000e+00 0.000000000000000000e+00 -0.000000000000000000e+00 0.000000000000000000e+00
0.000000000000000000e+00 -0.000000000000000000e+00 0.000000000000000000e+00 -0.000000000000000000e+00 0.000000000000000000e+00
0.000000000000000000e+00 -0.000000000000000000e+00 -0.000000000000000000e+00 -0.000000000000000000e+00 0.000000000000000000e+00
0.000000000000000000e+00 -0.000000000000000000e+00 -0.000000000000000000e+00 -0.000000000000000000e+00 0.000000000000000000e+00
0.000000000000000000e+00 -0.000000000000000000e+00 -0.000000000000000000e+00 -0.000000000000000000e+00 0.000000000000000000e+00
0.000000000000000000e+00 -0.000000000000000000e+00 -0.000000000000000000e+00 -0.000000000000000000e+00 0.000000000000000000e+00
0.000000000000000000e+00 -0.000000000000000000e+00 -0.000000000000000000e+00 -0.000000000000000000e+00 0.000000000000000000e+00
0.000000000000000000e+00 -0.000000000000000000e+00 -0.000000000000000000e+00 -0.000000000000000000e+00 0.000000000000000000e+00
0.000000000000000000e+00 -0.000000000000000000e+00 -0.000000000000000000e+00 -0.000000000000000000e+00 0.000000000000000000e+00
0.000000000000000000e+00 -0.000000000000000000e+00 -0.000000000000000000e+00 -0.000000000000000000e+00 0.000000000000000000e+00
0.000000000000000000e+00 -0.000000000000000000e+00 -0.000000000000000000e+00 -0.000000000000000000e+00 0.000000000000000000e+00
0.000000000000000000e+00 -0.000000000000000000e+00 -0.000000000000000000e+00 -0.000000000000000000e+00 0.000000000000000000e+00
0.000000000000000000e+00 -0.000000000000000000e+00 -0.000000000000000000e+00 -0.000000000000000000e+00 0.000000000000000000e+00
0.000000000000000000e+00 -0.000000000000000000e+00 -0.000000000000000000e+00 -0.000000000000000000e+00 0.000000000000000000e+00
0.000000000000000000e+00 -0.000000000000000000e+00 -0.000000000000000000e+00 -0.000000000000000000e+00 0.000000000000000000e+00
0.000000000000000000e+00 -0.000000000000000000e+00 -0.000000000000000000e+00 -0.000000000000000000e+00 0.000000000000000000e+00
0.000000000000000000e+00 -0.000000000000000000e+00 -0.000000000000000000e+00 -0.000000000000000000e+00 0.000000000000000000e+00
0.000000000000000000e+00 -0.000000000000000000e+00 -0.000000000000000000e+00 -0.000000000000000000e+00 0.000000000000000000e+00
0.000000000000000000e+00 -0.000000000000000000e+00 -0.000000000000000000e+00 -0.000000000000000000e+00 0.000000000000000000e+00
0.000000000000000000e+00 -0.000000000000000000e+00 -0.000000000000000000e+00 -0.000000000000000000e+00 0.000000000000000000e+00
0.000000000000000000e+00 -0.000000000000000000e+00 -0.000000000000000000e+00 -0.000000000000000000e+00 0.000000000000000000e+00
0.000000000000000000e+00 -0.000000000000000000e+00 -0.000000000000000000e+00 -0.000000000000000000e+00 0.000000000000000000e+00
0.000000000000000000e+00 -0.000000000000000000e+00 -0.000000000000000000e+00 -0.000000000000000000e+00 0.000000000000000000e+00
0.000000000000000000e+00 -0.000000000000000000e+00 -0.000000000000000000e+00 -0.000000000000000000e+00 0.000000000000000000e+00
0.000000000000000000e+00 -0.000000000000000000e+00 -0.000000000000000000e+00 -0.000000000000000000e+00 0.000000000000000000e+00
0.000000000000000000e+00 -0.000000000000000000e+00 -0.000000000000000000e+00 -0.000000000000000000e+00 0.000000000000000000e+00
0.000000000000000000e+00 -0.000000000000000000e+00 -0.000000000000000000e+00 -0.000000000000000000e+00 0.000000000000000000e+00
0.000000000000000000e+00 -0.000000000000000000e+00 -0.000000000000000000e+00 -0.000000000000000000e+00 0.000000000000000000e+00
0.000000000000000000e+00 -0.000000000000000000e+00 -0.000000000000000000e+00 -0.000000000000000000e+00 0.000000000000000000e+00
0.000000000000000000e+00 -0.000000000000000000e+00 -0.000000000000000000e+00 -0.000000000000000000e+00 0.000000000000000000e+00
0.000000000000000000e+00 -0.000000000000000000e+00 -0.000000000000000000e+00 -0.000000000000000000e+00 0.000000000000000000e+00
0.000000000000000000e+00 -0.000000000000000000e+00 -0.000000000000000000e+00 -0.000000000000000000e+00 0.000000000000000000e+00
0.000000000000000000e+00 -0.000000000000000000e+00 -0.000000000000000000e+00 -0.000000000000000000e+00 0.000000000000000000e+00
0.000000000000000000e+00 -0.000000000000000000e+00 -0.000000000000000000e+00 -0.000000000000000000e+00 0.000000000000000000e+00
0.000000000000000000e+00 -0.000000000000000000e+00 -0.000000000000000000e+00 -0.000000000000000000e+00 0.000000000000000000e+00
0.000000000000000000e+00 -0.000000000000000000e+00 -0.000000000000000000e+00 -0.000000000000000000e+00 0.000000000000000000e+00
0.000000000000000000e+00 -0.000000000000000000e+00 -0.000000000000000000e+00 -0.000000000000000000e+00 0.000000000000000000e+00
0.000000000000000000e+00 -0.000000000000000000e+00 -0.000000000000000000e+00 -0.000000000000000000e+00 0.000000000000000000e+00
0.000000000000000000e+00 -0.000000000000000000e+00 -0.000000000000000000e+00 -0.000000000000000000e+00 0.000000000000000000e+00
0.000000000000000000e+00 -0.000000000000000000e+00 -0.000000000000000000e+00 -0.000000000000000000e+00 0.000000000000000000e+00
0.000000000000000000e+00 -0.000000000000000000e+00 -0.000000000000000000e+00 -0.000000000000000000e+00 0.000000000000000000e+00
0.000000000000000000e+00 -0.000000000000000000e+00 -0.000000000000000000e+00 -0.000000000000000000e+00 0.000000000000000000e+00
0.000000000000000000e+00 -0.000000000000000000e+00 -0.000000000000000000e+00 -0.000000000000000000e+00 0.000000000000000000e+00
0.000000000000000000e+00 -0.000000000000000000e+00 -0.000000000000000000e+00 -0.000000000000000000e+00 0.000000000000000000e+00
0.000000000000000000e+00 -0.000000000000000000e+00 -0.000000000000000000e+00 -0.000000000000000000e+00 0.000000000000000000e+00
0.000000000000000000e+00 -0.000000000000000000e+00 -0.000000000000000000e+00 -0.000000000000000000e+00 0.000000000000000000e+00
0.000000000000000000e+00 -0.000000000000000000e+00 -0.000000000000000000e+00 -0.000000000000000000e+00 0.000000000000000000e+00
0.000000000000000000e+00 -0.000000000000000000e+00 -0.000000000000000000e+00 -0.000000000000000000e+00 0.000000000000000000e+00
0.000000000000000000e+00 -0.000000000000000000e+00 -0.000000000000000000e+00 -0.000000000000000000e+00 0.000000000000000000e+00
0.000000000000000000e+00 -0.000000000000000000e+00 -0.000000000000000000e+00 -0.000000000000000000e+00 0.000000000000000000e+00
0.000000000000000000e+00 -0.000000000000000000e+00 -0.000000000000000000e+00 -0.000000000000000000e+00 0.000000000000000000e+00
0.000000000000000000e+00 -0.000000000000000000e+00 -0.000000000000000000e+00 -0.000000000000000000e+00 0.000000000000000000e+00
0.000000000000000000e+00 -0.000000000000000000e+00 -0.000000000000000000e+00 -0.000000000000000000e+00 0.000000000000000000e+00
0.000000000000000000e+00 -0.000000000000000000e+00 -0.000000000000000000e+00 -0.000000000000000000e+00 0.000000000000000000e+00
0.000000000000000000e+00 -0.000000000000000000e+00 -0.000000000000000000e+00 -0.000000000000000000e+00 0.000000000000000000e+00
0.000000000000000000e+00 -0.000000000000000000e+00 -0.000000000000000000e+00 -0.000000000000000000e+00 0.000000000000000000e+00
0.000000000000000000e+00 -0.000000000000000000e+00 -0.000000000000000000e+00 -0.000000000000000000e+00 0.000000000000000000e+00
0.000000000000000000e+00 -0.000000000000000000e+00 -0.000000000000000000e+00 -0.000000000000000000e+00 0.000000000000000000e+00
0.000000000000000000e+00 -0.000000000000000000e+00 -0.000000000000000000e+00 -0.000000000000000000e+00 0.000000000000000000e+00
0.000000000000000000e+00 -0.000000000000000000e+00 -0.000000000000000000e+00 -0.000000000000000000e+00 0.000000000000000000e+00
0.000000000000000000e+00 -0.000000000000000000e+00 -0.000000000000000000e+00 -0.000000000000000000e+00 0.000000000000000000e+00
0.000000000000000000e+00 -0.000000000000000000e+00 -0.000000000000000000e+00 -0.000000000000000000e+00 0.000000000000000000e+00
0.000000000000000000e+00 -0.000000000000000000e+00 -0.000000000000000000e+00 -0.000000000000000000e+00 0.000000000000000000e+00
0.000000000000000000e+00 -0.000000000000000000e+00 -0.000000000000000000e+00 -0.000000000000000000e+00 0.000000000000000000e+00
0.000000000000000000e+00 -0.000000000000000000e+00 -0.000000000000000000e+00 -0.000000000000000000e+00 0.000000000000000000e+00
0.000000000000000000e+00 -0.000000000000000000e+00 -0.000000000000000000e+00 -0.000000000000000000e+00 0.000000000000000000e+00
0.000000000000000000e+00 -0.000000000000000000e+00 -0.000000000000000000e+00 -0.000000000000000000e+00 0.000000000000000000e+00
0.000000000000000000e+00 -0.000000000000000000e+00 -0.000000000000000000e+00 -0.000000000000000000e+00 0.000000000000000000e+00
0.000000000000000000e+00 -0.000000000000000000e+00 -0.000000000000000000e+00 -0.000000000000000000e+00 0.000000000000000000e+00
0.000000000000000000e+00 -0.000000000000000000e+00 -0.000000000000000000e+00 -0.000000000000000000e+00 0.000000000000000000e+00
0.000000000000000000e+00 -0.000000000000000000e+00 -0.000000000000000000e+00 -0.000000000000000000e+00 0.000000000000000000e+00
0.000000000000000000e+00 -0.000000000000000000e+00 -0.000000000000000000e+00 -0.000000000000000000e+00 0.000000000000000000e+00
0.000000000000000000e+00 -0.000000000000000000e+00 -0.000000000000000000e+00 -0.000000000000000000e+00 0.000000000000000000e+00
0.000000000000000000e+00 -0.000000000000000000e+00 -0.000000000000000000e+00 -0.000000000000000000e+00 0.000000000000000000e+00
0.000000000000000000e+00 -0.000000000000000000e+00 -0.000000000000000000e+00 -0.000000000000000000e+00 0.000000000000000000e+00
0.000000000000000000e+00 -0.000000000000000000e+00 -0.000000000000000000e+00 -0.000000000000000000e+00 0.000000000000000000e+00
0.000000000000000000e+00 -0.000000000000000000e+00 -0.000000000000000000e+00 -0.000000000000000000e+00 0.000000000000000000e+00
0.000000000000000000e+00 -0.000000000000000000e+00 -0.000000000000000000e+00 -0.000000000000000000e+00 0.000000000000000000e+00
0.000000000000000000e+00 -0.000000000000000000e+00 -0.000000000000000000e+00 -0.000000000000000000e+00 0.000000000000000000e+00
0.000000000000000000e+00 -0.000000000000000000e+00 -0.000000000000000000e+00 -0.000000000000000000e+00 0.000000000000000000e+00
0.000000000000000000e+00 -0.000000000000000000e+00 -0.000000000000000000e+00 -0.000000000000000000e+00 0.000000000000000000e+00
0.000000000000000000e+00 -0.000000000000000000e+00 -0.000000000000000000e+00 -0.000000000000000000e+00 0.000000000000000000e+00
0.000000000000000000e+00 -0.000000000000000000e+00 -0.000000000000000000e+00 -0.000000000000000000e+00 0.000000000000000000e+00
0.000000000000000000e+00 -0.000000000000000000e+00 -0.000000000000000000e+00 -0.000000000000000000e+00 0.000000000000000000e+00
0.000000000000000000e+00 -0.000000000000000000e+00 -0.000000000000000000e+00 -0.000000000000000000e+00 0.000000000000000000e+00
0.000000000000000000e+00 -0.000000000000000000e+00 -0.000000000000000000e+00 -0.000000000000000000e+00 0.000000000000000000e+00
0.000000000000000000e+00 -0.000000000000000000e+00 -0.000000000000000000e+00 -0.000000000000000000e+00 0.000000000000000000e+00
0.000000000000000000e+00 -0.000000000000000000e+00 -0.000000000000000000e+00 -0.000000000000000000e+00 0.000000000000000000e+00
0.000000000000000000e+00 -0.000000000000000000e+00 -0.000000000000000000e+00 -0.000000000000000000e+00 0.000000000000000000e+00
0.000000000000000000e+00 -0.000000000000000000e+00 -0.000000000000000000e+00 -0.000000000000000000e+00 0.000000000000000000e+00
0.000000000000000000e+00 -0.000000000000000000e+00 -0.000000000000000000e+00 -0.000000000000000000e+00 0.000000000000000000e+00
0.000000000000000000e+00 -0.000000000000000000e+00 -0.000000000000000000e+00 -0.000000000000000000e+00 0.000000000000000000e+00
0.000000000000000000e+00 -0.000000000000000000e+00 -0.000000000000000000e+00 -0.000000000000000000e+00 0.000000000000000000e+00
0.000000000000000000e+00 -0.000000000000000000e+00 -0.000000000000000000e+00 -0.000000000000000000e+00 0.000000000000000000e+00
0.000000000000000000e+00 -0.000000000000000000e+00 -0.000000000000000000e+00 -0.000000000000000000e+00 0.000000000000000000e+00
0.000000000000000000e+00 -0.000000000000000000e+00 -0.000000000000000000e+00 -0.000000000000000000e+00 0.000000000000000000e+00
0.000000000000000000e+00 -0.000000000000000000e+00 -0.000000000000000000e+00 -0.000000000000000000e+00 0.000000000000000000e+00
0.000000000000000000e+00 -0.000000000000000000e+00 -0.000000000000000000e+00 -0.000000000000000000e+00 0.000000000000000000e+00
0.000000000000000000e+00 -0.000000000000000000e+00 -0.000000000000000000e+00 -0.000000000000000000e+00 0.000000000000000000e+00
0.000000000000000000e+00 -0.000000000000000000e+00 -0.000000000000000000e+00 -0.000000000000000000e+00 0.000000000000000000e+00
0.000000000000000000e+00 -0.000000000000000000e+00 -0.000000000000000000e+00 -0.000000000000000000e+00 0.000000000000000000e+00
0.000000000000000000e+00 -0.000000000000000000e+00 -0.000000000000000000e+00 -0.000000000000000000e+00 0.000000000000000000e+00
0.000000000000000000e+00 -0.000000000000000000e+00 -0.000000000000000000e+00 -0.000000000000000000e+00 0.000000000000000000e+00
0.000000000000000000e+00 -0.000000000000000000e+00 -0.000000000000000000e+00 -0.000000000000000000e+00 0.000000000000000000e+00
0.000000000000000000e+00 -0.000000000000000000e+00 -0.000000000000000000e+00 -0.000000000000000000e+00 0.000000000000000000e+00
0.000000000000000000e+00 -0.000000000000000000e+00 -0.000000000000000000e+00 -0.000000000000000000e+00 0.000000000000000000e+00
0.000000000000000000e+00 -0.000000000000000000e+00 -0.000000000000000000e+00 -0.000000000000000000e+00 0.000000000000000000e+00
0.000000000000000000e+00 -0.000000000000000000e+00 -0.000000000000000000e+00 -0.000000000000000000e+00 0.000000000000000000e+00
0.000000000000000000e+00 -0.000000000000000000e+00 -0.000000000000000000e+00 -0.000000000000000000e+00 0.000000000000000000e+00
0.000000000000000000e+00 -0.000000000000000000e+00 -0.000000000000000000e+00 -0.000000000000000000e+00 0.000000000000000000e+00
0.000000000000000000e+00 -0.000000000000000000e+00 -0.000000000000000000e+00 -0.000000000000000000e+00 0.000000000000000000e+00
0.000000000000000000e+00 -0.000000000000000000e+00 -0.000000000000000000e+00 -0.000000000000000000e+00 0.000000000000000000e+00
0.000000000000000000e+00 -0.000000000000000000e+00 -0.000000000000000000e+00 -0.000000000000000000e+00 0.000000000000000000e+00
0.000000000000000000e+00 -0.000000000000000000e+00 -0.000000000000000000e+00 -0.000000000000000000e+00 0.000000000000000000e+00
0.000000000000000000e+00 -0.000000000000000000e+00 -0.000000000000000000e+00 -0.000000000000000000e+00 0.000000000000000000e+00
0.000000000000000000e+00 -0.000000000000000000e+00 -0.000000000000000000e+00 -0.000000000000000000e+00 0.000000000000000000e+00
0.000000000000000000e+00 -0.000000000000000000e+00 -0.000000000000000000e+00 -0.000000000000000000e+00 0.000000000000000000e+00
0.000000000000000000e+00 -0.000000000000000000e+00 -0.000000000000000000e+00 -0.000000000000000000e+00 0.000000000000000000e+00
0.000000000000000000e+00 -0.000000000000000000e+00 -0.000000000000000000e+00 -0.000000000000000000e+00 0.000000000000000000e+00
0.000000000000000000e+00 -0.000000000000000000e+00 -0.000000000000000000e+00 -0.000000000000000000e+00 0.000000000000000000e+00
0.000000000000000000e+00 -0.000000000000000000e+00 -0.000000000000000000e+00 -0.000000000000000000e+00 0.000000000000000000e+00
0.000000000000000000e+00 -0.000000000000000000e+00 -0.000000000000000000e+00 -0.000000000000000000e+00 0.000000000000000000e+00
0.000000000000000000e+00 -0.000000000000000000e+00 -0.000000000000000000e+00 -0.000000000000000000e+00 0.000000000000000000e+00
0.000000000000000000e+00 -0.000000000000000000e+00 -0.000000000000000000e+00 -0.000000000000000000e+00 0.000000000000000000e+00
0.000000000000000000e+00 -0.000000000000000000e+00 -0.000000000000000000e+00 -0.000000000000000000e+00 0.000000000000000000e+00
0.000000000000000000e+00 -0.000000000000000000e+00 -0.000000000000000000e+00 -0.000000000000000000e+00 0.000000000000000000e+00
0.000000000000000000e+00 -0.000000000000000000e+00 -0.000000000000000000e+00 -0.000000000000000000e+00 0.000000000000000000e+00
0.000000000000000000e+00 -0.000000000000000000e+00 -0.000000000000000000e+00 -0.000000000000000000e+00 0.000000000000000000e+00
0.000000000000000000e+00 -0.000000000000000000e+00 -0.000000000000000000e+00 -0.000000000000000000e+00 0.000000000000000000e+00
0.000000000000000000e+00 -0.000000000000000000e+00 -0.000000000000000000e+00 -0.000000000000000000e+00 0.000000000000000000e+00
0.000000000000000000e+00 -0.000000000000000000e+00 -0.000000000000000000e+00 -0.000000000000000000e+00 0.000000000000000000e+00
0.000000000000000000e+00 -0.000000000000000000e+00 -0.000000000000000000e+00 -0.000000000000000000e+00 0.000000000000000000e+00
0.000000000000000000e+00 -0.000000000000000000e+00 -0.000000000000000000e+00 -0.000000000000000000e+00 0.000000000000000000e+00
0.000000000000000000e+00 -0.000000000000000000e+00 -0.000000000000000000e+00 -0.000000000000000000e+00 0.000000000000000000e+00
0.000000000000000000e+00 -0.000000000000000000e+00 -0.000000000000000000e+00 -0.000000000000000000e+00 0.000000000000000000e+00
0.000000000000000000e+00 -0.000000000000000000e+00 -0.000000000000000000e+00 -0.000000000000000000e+00 0.000000000000000000e+00
0.000000000000000000e+00 -0.000000000000000000e+00 -0.000000000000000000e+00 -0.000000000000000000e+00 0.000000000000000000e+00
0.000000000000000000e+00 -0.000000000000000000e+00 -0.000000000000000000e+00 -0.000000000000000000e+00 0.000000000000000000e+00
0.000000000000000000e+00 -0.000000000000000000e+00 -0.000000000000000000e+00 -0.000000000000000000e+00 0.000000000000000000e+00
0.000000000000000000e+00 -0.000000000000000000e+00 -0.000000000000000000e+00 -0.000000000000000000e+00 0.000000000000000000e+00
0.000000000000000000e+00 -0.000000000000000000e+00 -0.000000000000000000e+00 -0.000000000000000000e+00 0.000000000000000000e+00
0.000000000000000000e+00 -0.000000000000000000e+00 -0.000000000000000000e+00 -0.000000000000000000e+00 0.000000000000000000e+00
0.000000000000000000e+00 -0.000000000000000000e+00 -0.000000000000000000e+00 -0.000000000000000000e+00 0.000000000000000000e+00
0.000000000000000000e+00 -0.000000000000000000e+00 -0.000000000000000000e+00 -0.000000000000000000e+00 0.000000000000000000e+00
0.000000000000000000e+00 -0.000000000000000000e+00 -0.000000000000000000e+00 -0.000000000000000000e+00 0.000000000000000000e+00
0.000000000000000000e+00 -0.000000000000000000e+00 -0.000000000000000000e+00 -0.000000000000000000e+00 0.000000000000000000e+00
0.000000000000000000e+00 -0.000000000000000000e+00 -0.000000000000000000e+00 -0.000000000000000000e+00 0.000000000000000000e+00
1.000000000000000082e-05 1.511041335776217671e-03 6.300747284716498901e-05 1.007835285905240783e-03 1.000000000000000082e-05
1.000000000000000082e-05 5.845553680898582169e-03 1.000000000000000082e-05 3.374692728591712019e-03 1.000000000000000082e-05
1.000000000000000082e-05 6.414837687177499422e-03 1.000000000000000082e-05 3.173429861139930811e-03 1.000000000000000082e-05
1.000000000000000082e-05 5.305669047086446558e-03 1.000000000000000082e-05 2.433635874677572090e-03 1.000000000000000082e-05
1.000000000000000082e-05 2.745615113033081887e-03 1.000000000000000082e-05 9.681628107515776946e-04 1.000000000000000082e-05
1.000000000000000082e-05 5.166216730356726003e-03 1.000000000000000082e-05 1.000000000000000082e-05 2.010103373423140997e-03
1.000000000000000082e-05 7.338750675899410880e-03 1.000000000000000082e-05 1.000000000000000082e-05 2.484206249144208390e-03
4.962753137067065412e-05 1.090943857983129976e-02 1.000000000000000082e-05 1.000000000000000082e-05 3.338666920405287258e-03
1.000000000000000082e-05 1.189837135322928396e-02 1.000000000000000082e-05 1.000000000000000082e-05 2.775312950850114188e-03
1.000000000000000082e-05 8.281484165643955564e-03 1.000000000000000082e-05 1.000000000000000082e-05 1.726147561366892782e-03
1.000000000000000082e-05 1.148282299107230555e-03 1.000000000000000082e-05 1.000000000000000082e-05 2.379083198551284941e-04
0.000000000000000000e+00 -0.000000000000000000e+00 -0.000000000000000000e+00 -0.000000000000000000e+00 0.000000000000000000e+00
0.000000000000000000e+00 -0.000000000000000000e+00 -0.000000000000000000e+00 -0.000000000000000000e+00 0.000000000000000000e+00
0.000000000000000000e+00 -0.000000000000000000e+00 -0.000000000000000000e+00 -0.000000000000000000e+00 0.000000000000000000e+00
0.000000000000000000e+00 -0.000000000000000000e+00 -0.000000000000000000e+00 -0.000000000000000000e+00 0.000000000000000000e+00
0.000000000000000000e+00 -0.000000000000000000e+00 -0.000000000000000000e+00 -0.000000000000000000e+00 0.000000000000000000e+00
0.000000000000000000e+00 -0.000000000000000000e+00 -0.000000000000000000e+00 -0.000000000000000000e+00 0.000000000000000000e+00
0.000000000000000000e+00 -0.000000000000000000e+00 -0.000000000000000000e+00 -0.000000000000000000e+00 0.000000000000000000e+00
0.000000000000000000e+00 -0.000000000000000000e+00 -0.000000000000000000e+00 -0.000000000000000000e+00 0.000000000000000000e+00
0.000000000000000000e+00 -0.000000000000000000e+00 -0.000000000000000000e+00 -0.000000000000000000e+00 0.000000000000000000e+00
0.000000000000000000e+00 -0.000000000000000000e+00 -0.000000000000000000e+00 -0.000000000000000000e+00 0.000000000000000000e+00
0.000000000000000000e+00 -0.000000000000000000e+00 -0.000000000000000000e+00 -0.000000000000000000e+00 0.000000000000000000e+00
0.000000000000000000e+00 -0.000000000000000000e+00 -0.000000000000000000e+00 -0.000000000000000000e+00 0.000000000000000000e+00
0.000000000000000000e+00 -0.000000000000000000e+00 -0.000000000000000000e+00 -0.000000000000000000e+00 0.000000000000000000e+00
0.000000000000000000e+00 -0.000000000000000000e+00 -0.000000000000000000e+00 -0.000000000000000000e+00 0.000000000000000000e+00
0.000000000000000000e+00 -0.000000000000000000e+00 -0.000000000000000000e+00 -0.000000000000000000e+00 0.000000000000000000e+00
1.000000000000000082e-05 3.123879635195808555e-05 4.242832699205566801e-04 1.832367812008528453e-04 1.000000000000000082e-05
1.000000000000000082e-05 4.288497141722772245e-04 9.822941157683021118e-03 2.066317672811363720e-03 1.000000000000000082e-05
1.000000000000000082e-05 9.345115990235876996e-03 9.888227263099472197e-03 3.100140386900039277e-03 1.000000000000000082e-05
1.000000000000000082e-05 2.202951492065563163e-02 1.000000000000000082e-05 7.035499912659084771e-04 1.054444674270244887e-02
1.000000000000000082e-05 1.888731672730567177e-02 1.000000000000000082e-05 7.870896925596417276e-04 1.468896048643547093e-02
1.000000000000000082e-05 1.977343365915986903e-02 1.000000000000000082e-05 3.542691661336482261e-03 1.301349453986536120e-02
1.000000000000000082e-05 2.085008231793168340e-02 1.000000000000000082e-05 5.454839181406505658e-03 2.172182915035572245e-02
1.000000000000000082e-05 3.216138315787036434e-02 1.000000000000000082e-05 3.953450645022384309e-03 2.797844374950968563e-02
1.000000000000000082e-05 4.484129103045696868e-02 1.000000000000000082e-05 1.729849391284539158e-03 2.554702257402729354e-02
5.983081729366612582e-03 5.243078713075194353e-02 1.000000000000000082e-05 1.000000000000000082e-05 3.090418560084677926e-02
1.273805354464939855e-03 4.734270291859429824e-02 1.000000000000000082e-05 1.000000000000000082e-05 3.129415720112752042e-02
2.541830067216936575e-03 4.554195572129315916e-02 1.000000000000000082e-05 1.000000000000000082e-05 2.951793025052427272e-02
1.000000000000000082e-05 3.838816641172729943e-02 1.000000000000000082e-05 1.000000000000000082e-05 2.552229065127101237e-02
1.135744087459513319e-03 2.898805752629438071e-02 1.000000000000000082e-05 1.000000000000000082e-05 2.001819677630455735e-02
1.401341941417273088e-03 1.099451835710593336e-02 1.000000000000000082e-05 1.000000000000000082e-05 8.697614731440699021e-03
1.000000000000000082e-05 3.297543026443202231e-04 1.000000000000000082e-05 1.000000000000000082e-05 2.075072916119986583e-03
0.000000000000000000e+00 -0.000000000000000000e+00 -0.000000000000000000e+00 -0.000000000000000000e+00 0.000000000000000000e+00
0.000000000000000000e+00 -0.000000000000000000e+00 -0.000000000000000000e+00 -0.000000000000000000e+00 0.000000000000000000e+00
0.000000000000000000e+00 -0.000000000000000000e+00 -0.000000000000000000e+00 -0.000000000000000000e+00 0.000000000000000000e+00
0.000000000000000000e+00 -0.000000000000000000e+00 -0.000000000000000000e+00 -0.000000000000000000e+00 0.000000000000000000e+00
0.000000000000000000e+00 -0.000000000000000000e+00 -0.000000000000000000e+00 -0.000000000000000000e+00 0.000000000000000000e+00
0.000000000000000000e+00 -0.000000000000000000e+00 -0.000000000000000000e+00 -0.000000000000000000e+00 0.000000000000000000e+00
0.000000000000000000e+00 -0.000000000000000000e+00 -0.000000000000000000e+00 -0.000000000000000000e+00 0.000000000000000000e+00
0.000000000000000000e+00 -0.000000000000000000e+00 -0.000000000000000000e+00 -0.000000000000000000e+00 0.000000000000000000e+00
0.000000000000000000e+00 -0.000000000000000000e+00 -0.000000000000000000e+00 -0.000000000000000000e+00 0.000000000000000000e+00
6.856133480829002414e-04 1.000000000000000082e-05 4.682435891428912006e-03 1.000000000000000082e-05 1.000000000000000082e-05
9.317635071173390642e-04 1.000000000000000082e-05 8.550335375385001782e-03 1.000000000000000082e-05 1.000000000000000082e-05
1.000000000000000082e-05 1.000000000000000082e-05 1.195216859071399768e-02 2.332364592000031643e-04 1.000000000000000082e-05
1.000000000000000082e-05 1.000000000000000082e-05 2.131932429908857743e-02 5.393646043329187447e-04 1.000000000000000082e-05
1.000000000000000082e-05 7.678709986164458830e-03 4.015934991721167857e-02 2.160496524293906932e-03 1.000000000000000082e-05
1.000000000000000082e-05 1.175722982145175483e-02 5.792240552691734629e-02 1.045611958520110962e-02 1.000000000000000082e-05
1.000000000000000082e-05 2.168873140202367059e-02 5.665779266405614190e-02 1.693665059966180733e-02 1.033379994006018406e-03
1.000000000000000082e-05 3.532068480899851898e-02 5.872939263309703839e-02 4.516848034043244309e-02 2.614720577064826110e-03
1.000000000000000082e-05 6.518067115208862894e-02 4.994779459284028056e-02 6.891277053239906747e-02 8.243622021679027426e-03
1.000000000000000082e-05 7.333440660984827386e-02 4.596659720296423363e-02 8.135182437601777561e-02 2.422918180728221571e-02
1.000000000000000082e-05 8.127627180746012370e-02 3.406215849172695292e-02 7.074596923921165625e-02 5.242233747308970571e-02
1.000000000000000082e-05 7.673317313036534526e-02 4.605391777276285348e-02 5.952144169827958825e-02 6.760157903296973303e-02
1.000000000000000082e-05 8.438588730991736231e-02 5.548211826989597056e-02 4.880875513840435970e-02 6.810072380210668852e-02
1.000000000000000082e-05 8.887249421566063845e-02 5.259142841227953946e-02 3.612083494068725475e-02 8.866754262340791060e-02
1.000000000000000082e-05 9.446785118538415793e-02 4.884007888548962117e-02 3.069204936064188691e-02 9.877980197077849966e-02
1.000000000000000082e-05 1.042711291328494438e-01 2.728432349097342779e-02 2.660630360439082687e-02 9.809047324910483145e-02
1.000000000000000082e-05 8.492187717372957911e-02 9.201529196226576612e-03 2.663150762671619848e-02 9.865649608807161575e-02
1.000000000000000082e-05 3.956625832615264654e-02 1.000000000000000082e-05 2.971966467060859624e-02 9.616249348929244156e-02
1.383173235557112052e-02 1.000000000000000082e-05 1.000000000000000082e-05 4.180408669637390023e-02 6.623236970658707978e-02
7.123590532703524478e-03 1.000000000000000082e-05 1.000000000000000082e-05 3.479359993663502099e-02 3.304794810435319335e-02
9.675202075069805341e-03 1.000000000000000082e-05 1.000000000000000082e-05 1.408962811834108160e-02 3.068990159670082884e-03
2.109631907603877737e-03 1.000000000000000082e-05 1.000000000000000082e-05 8.481174234040759173e-04 1.000000000000000082e-05
0.000000000000000000e+00 -0.000000000000000000e+00 -0.000000000000000000e+00 -0.000000000000000000e+00 0.000000000000000000e+00
0.000000000000000000e+00 -0.000000000000000000e+00 -0.000000000000000000e+00 -0.000000000000000000e+00 0.000000000000000000e+00
0.000000000000000000e+00 -0.000000000000000000e+00 -0.000000000000000000e+00 -0.000000000000000000e+00 0.000000000000000000e+00
0.000000000000000000e+00 -0.000000000000000000e+00 -0.000000000000000000e+00 -0.000000000000000000e+00 0.000000000000000000e+00
0.000000000000000000e+00 -0.000000000000000000e+00 -0.000000000000000000e+00 -0.000000000000000000e+00 0.000000000000000000e+00
0.000000000000000000e+00 -0.000000000000000000e+00 -0.000000000000000000e+00 -0.000000000000000000e+00 0.000000000000000000e+00
5.363641838743779663e-04 1.000000000000000082e-05 3.663130119145066761e-03 1.000000000000000082e-05 1.000000000000000082e-05
1.000000000000000082e-05 1.000000000000000082e-05 1.628795595948501207e-02 1.000000000000000082e-05 1.032726588081680011e-03
1.000000000000000082e-05 3.394125546080839842e-03 2.448540074848044173e-02 1.215427010165245561e-04 1.000000000000000082e-05
1.000000000000000082e-05 1.232980148436394092e-02 5.345097899685101461e-02 1.000000000000000082e-05 1.000000000000000082e-05
1.000000000000000082e-05 1.598775404965197336e-02 8.346482543593994330e-02 7.584659681215081412e-04 1.000000000000000082e-05
1.000000000000000082e-05 1.782071340852599620e-02 1.208914626454302005e-01 1.241982264187684037e-02 2.891567027910732154e-03
1.000000000000000082e-05 3.568696234555735619e-02 1.243240838247311325e-01 3.849342984207658469e-02 3.048842010636917087e-03
1.000000000000000082e-05 6.535049756107011443e-02 1.233991984696479888e-01 6.389134688239703208e-02 1.601274850914765485e-02
1.000000000000000082e-05 8.887339150719954228e-02 1.152302320177145817e-01 7.845953555519348532e-02 3.911510017914253401e-02
1.000000000000000082e-05 1.000903883812518241e-01 1.171075412503808783e-01 1.002468505680958466e-01 5.723589071797401118e-02
1.000000000000000082e-05 1.003018847824417720e-01 1.217944308399621645e-01 1.024317209699701359e-01 6.219743212317294795e-02
1.000000000000000082e-05 9.528249743143459016e-02 1.257591285241261292e-01 1.020632376392228563e-01 6.487700316536372525e-02
1.000000000000000082e-05 9.761160991146826393e-02 1.222777424462434120e-01 1.056622302498625154e-01 6.362286939246887540e-02
1.000000000000000082e-05 9.994502250592875170e-02 1.173849674721695879e-01 1.056262438260269776e-01 7.801758669927584544e-02
1.000000000000000082e-05 1.048020182975814285e-01 1.057234353441056929e-01 9.729038414789514810e-02 8.981050388776178062e-02
1.000000000000000082e-05 1.053096351698729338e-01 8.878625451174104732e-02 9.753931013639398351e-02 9.630424911166636515e-02
1.000000000000000082e-05 7.278521408934611470e-02 7.057891159654101909e-02 1.034136009125203176e-01 1.051589016647551250e-01
7.559180764315645909e-03 4.769635925564740669e-02 3.289732690738114002e-02 1.110005621512469842e-01 1.021566464262401580e-01
4.444904853731968669e-02 1.000000000000000082e-05 1.552541557230709872e-03 1.018284420693868070e-01 8.247983408156761564e-02
4.979119424105569319e-02 1.000000000000000082e-05 1.000000000000000082e-05 7.155740398787782675e-02 5.494139419493231091e-02
1.493010436724342103e-02 1.000000000000000082e-05 1.000000000000000082e-05 3.675428695631805659e-02 1.602977941333169620e-02
1.687375313049324643e-02 1.000000000000000082e-05 1.000000000000000082e-05 5.535805113089226764e-03 1.000000000000000082e-05
0.000000000000000000e+00 -0.000000000000000000e+00 -0.000000000000000000e+00 -0.000000000000000000e+00 0.000000000000000000e+00
0.000000000000000000e+00 -0.000000000000000000e+00 -0.000000000000000000e+00 -0.000000000000000000e+00 0.000000000000000000e+00
0.000000000000000000e+00 -0.000000000000000000e+00 -0.000000000000000000e+00 -0.000000000000000000e+00 0.000000000000000000e+00
0.000000000000000000e+00 -0.000000000000000000e+00 -0.000000000000000000e+00 -0.000000000000000000e+00 0.000000000000000000e+00
0.000000000000000000e+00 -0.000000000000000000e+00 -0.000000000000000000e+00 -0.000000000000000000e+00 0.000000000000000000e+00
2.295955674937437668e-03 8.508051025228987501e-05 1.000000000000000082e-05 1.000000000000000082e-05 2.941832939990382534e-03
1.000000000000000082e-05 1.000000000000000082e-05 3.392888791473150194e-03 1.000000000000000082e-05 1.000000000000000082e-05
9.381295201056880778e-03 1.000000000000000082e-05 1.420320287087684617e-02 1.000000000000000082e-05 1.000000000000000082e-05
2.481856962407430478e-02 4.054671125147910407e-03 3.598968920576156583e-02 1.000000000000000082e-05 1.000000000000000082e-05
1.610798766325548595e-02 1.344968196013989620e-02 7.533215202237897312e-02 1.000000000000000082e-05 1.000000000000000082e-05
7.000062935159249121e-03 2.462639765490996085e-02 1.008417613181780553e-01 1.000000000000000082e-05 1.000000000000000082e-05
1.000000000000000082e-05 3.156340402279057822e-02 1.351908346785341275e-01 1.889389203115369315e-02 1.000000000000000082e-05
1.000000000000000082e-05 3.750223468834264218e-02 1.490656439178303372e-01 4.732007749014963127e-02 2.394184190036742141e-03
1.000000000000000082e-05 5.667439893819625069e-02 1.361722835394493236e-01 8.079109501517300895e-02 1.137992321966699999e-02
1.000000000000000082e-05 8.490154725521391332e-02 1.178253057558420192e-01 9.666494029680944289e-02 3.281705586267159164e-02
1.000000000000000082e-05 8.563075449426882368e-02 1.050930761490019988e-01 9.121042237853686785e-02 4.744606328133563200e-02
3.931847138501741445e-02 7.358318717786473118e-02 1.086360025954107716e-01 7.224494350206599191e-02 6.122550140745749991e-02
7.185473490407232044e-02 6.004923362927343244e-02 1.029101142725602908e-01 6.606769104169368800e-02 5.043826699211124975e-02
9.351820910817019994e-02 5.957413836394560847e-02 9.556891156422403499e-02 7.075690998454685354e-02 4.376541724679468282e-02
9.720808720777222856e-02 7.152745923284430096e-02 8.727709902983961376e-02 7.513381514772785041e-02 3.965538552780898535e-02
9.475119044882220065e-02 8.361810323092225272e-02 8.385160509523043038e-02 8.033056398096602435e-02 5.136611451514917770e-02
8.191571548771811595e-02 1.043854637598181229e-01 8.227278457986915428e-02 8.397571529640154853e-02 7.110606457857497620e-02
6.120651072780944335e-02 6.842565238616610257e-02 9.000632106234643381e-02 9.995873227554796792e-02 8.164315073241799892e-02
4.910871157308294155e-02 2.472760842469606118e-02 7.482264282068894212e-02 1.082667373540063677e-01 9.652679270315860094e-02
5.839617181683845470e-02 1.000000000000000082e-05 3.944689689054624304e-02 1.122862748195328220e-01 8.649537395951546748e-02
6.816554775956817913e-02 1.000000000000000082e-05 3.579800796674049383e-03 8.834199813988970196e-02 4.977595593273862612e-02
3.291381909218416696e-02 1.000000000000000082e-05 1.000000000000000082e-05 3.830084478236071843e-02 1.580909700298472123e-02
1.337531798176037727e-02 1.000000000000000082e-05 1.000000000000000082e-05 5.998321262864183580e-03 1.000000000000000082e-05
0.000000000000000000e+00 -0.000000000000000000e+00 -0.000000000000000000e+00 -0.000000000000000000e+00 0.000000000000000000e+00
0.000000000000000000e+00 -0.000000000000000000e+00 -0.000000000000000000e+00 -0.000000000000000000e+00 0.000000000000000000e+00
0.000000000000000000e+00 -0.000000000000000000e+00 -0.000000000000000000e+00 -0.000000000000000000e+00 0.000000000000000000e+00
0.000000000000000000e+00 -0.000000000000000000e+00 -0.000000000000000000e+00 -0.000000000000000000e+00 0.000000000000000000e+00
0.000000000000000000e+00 -0.000000000000000000e+00 -0.000000000000000000e+00 -0.000000000000000000e+00 0.000000000000000000e+00
2.649179624927812610e-04 9.816981952187289100e-06 1.000000000000000082e-05 1.000000000000000082e-05 3.394422623065825625e-04
1.000000000000000082e-05 1.000000000000000082e-05 1.644214710790066849e-04 1.000000000000000082e-05 1.000000000000000082e-05
3.674608430426182931e-02 1.000000000000000082e-05 1.544132671556482095e-02 1.000000000000000082e-05 1.000000000000000082e-05
6.263398206597964313e-02 1.000000000000000082e-05 3.676405323231969613e-02 1.000000000000000082e-05 1.000000000000000082e-05
6.833445951035543864e-02 2.744027563474836680e-03 7.027488286136363005e-02 1.000000000000000082e-05 1.000000000000000082e-05
6.777851407285816199e-02 1.120817031169871018e-02 8.530693239152802032e-02 1.752491205236033798e-03 1.000000000000000082e-05
5.742879258568280021e-02 1.456699763304516483e-02 9.084278118054886497e-02 3.022098422403935933e-02 1.000000000000000082e-05
4.377979118230591188e-02 1.478693301550582095e-02 1.001404408813889868e-01 7.419391569471217585e-02 1.000000000000000082e-05
5.332883930620625074e-02 2.409909490712800612e-02 6.700399769514449322e-02 9.468614225800189854e-02 1.000000000000000082e-05
9.466815235487516245e-02 3.804777110974166127e-02 4.389454893204885327e-02 8.335564543358918443e-02 1.967068854859492164e-02
1.496368627771374471e-01 2.434631320993017878e-02 3.485776627648395215e-02 4.562156588666332890e-02 3.776680902329891676e-02
1.742303714413598603e-01 9.896621657511898637e-03 3.276859339478210148e-02 2.078209639246164989e-02 2.554531647444770528e-02
1.900875221426179540e-01 3.644357928787412410e-03 3.077212589039115750e-02 1.807777408543650511e-03 2.015442237660942937e-02
1.824241706662156903e-01 1.188083823326860529e-02 2.663668784088893057e-02 2.475432640146583052e-04 1.629356541346150752e-02
1.798780771655303923e-01 3.979130895316529415e-02 2.845481681430205370e-02 8.792753550084329156e-04 1.803326126165155641e-02
1.645759852993229078e-01 8.529965512691808915e-02 4.089727888903934433e-02 1.000000000000000082e-05 1.987344773425294212e-02
1.360102323033458571e-01 1.273266345550144452e-01 6.418166403060773795e-02 8.618239495461064298e-03 4.366294567581520403e-02
7.707322089422659339e-02 7.800003554764645131e-02 9.783297087396006231e-02 6.787534140774334479e-02 7.176197375969602110e-02
6.628914665111181048e-02 1.000000000000000082e-05 1.012632589327365079e-01 1.037382418094773134e-01 8.495139393645134707e-02
8.514391078458503903e-02 1.000000000000000082e-05 6.729949791261569114e-02 1.028054382781572462e-01 7.796463089588422102e-02
8.820786632362055679e-02 1.000000000000000082e-05 1.880524851844276105e-02 7.571364698190372056e-02 2.017325549580159527e-02
3.400228846968197938e-02 1.000000000000000082e-05 4.342533739519208007e-03 2.247252632989899662e-02 1.280915700975073478e-02
3.686197120150990717e-03 1.000000000000000082e-05 1.970456589754188397e-03 1.317108337063783779e-03 4.704143545686939251e-03
1.000000000000000082e-05 1.000000000000000082e-05 1.539116867038127588e-03 1.000000000000000082e-05 2.729555438558590313e-03
0.000000000000000000e+00 -0.000000000000000000e+00 -0.000000000000000000e+00 -0.000000000000000000e+00 0.000000000000000000e+00
0.000000000000000000e+00 -0.000000000000000000e+00 -0.000000000000000000e+00 -0.000000000000000000e+00 0.000000000000000000e+00
0.000000000000000000e+00 -0.000000000000000000e+00 -0.000000000000000000e+00 -0.000000000000000000e+00 0.000000000000000000e+00
0.000000000000000000e+00 -0.000000000000000000e+00 -0.000000000000000000e+00 -0.000000000000000000e+00 0.000000000000000000e+00
0.000000000000000000e+00 -0.000000000000000000e+00 -0.000000000000000000e+00 -0.000000000000000000e+00 0.000000000000000000e+00
0.000000000000000000e+00 -0.000000000000000000e+00 -0.000000000000000000e+00 -0.000000000000000000e+00 0.000000000000000000e+00
4.618630355139582977e-02 1.000000000000000082e-05 1.001868843729532797e-02 1.000000000000000082e-05 1.000000000000000082e-05
8.122653438984688001e-02 1.000000000000000082e-05 2.461022429512449775e-02 1.000000000000000082e-05 1.000000000000000082e-05
9.284984935433465703e-02 1.000000000000000082e-05 2.677273339985684550e-02 1.000000000000000082e-05 1.000000000000000082e-05
1.000883505213126939e-01 1.000000000000000082e-05 3.752146691776849646e-02 6.288290506831837115e-03 1.000000000000000082e-05
1.087589703004345487e-01 1.000000000000000082e-05 4.139340120180899640e-02 4.480601622651966820e-02 1.000000000000000082e-05
1.094665280711191735e-01 1.000000000000000082e-05 4.900794183733747644e-02 7.466503591406163653e-02 1.000000000000000082e-05
1.315244558724994739e-01 1.000000000000000082e-05 2.198852831253186868e-02 7.086416930297685657e-02 1.259658260832664106e-02
1.613355463562871628e-01 1.652541829322214453e-02 1.000000000000000082e-05 5.542862720783264113e-02 1.410759745662082051e-02
1.756012846412115525e-01 2.647586820561546612e-03 1.000000000000000082e-05 2.455799992835347445e-02 1.634380689107688481e-02
1.793013764751429096e-01 1.000000000000000082e-05 1.000000000000000082e-05 1.000000000000000082e-05 1.318711211970406520e-02
1.739605315207546077e-01 1.000000000000000082e-05 1.000000000000000082e-05 1.000000000000000082e-05 1.680232821644232072e-02
1.594856382249004167e-01 2.307928160689334818e-02 1.000000000000000082e-05 1.000000000000000082e-05 2.094443196879268790e-02
1.329408935350050169e-01 4.308391338256281622e-02 1.000000000000000082e-05 1.000000000000000082e-05 1.703953389865392465e-02
1.070274251450787917e-01 1.208097328713338414e-01 1.000000000000000082e-05 1.000000000000000082e-05 3.381478416909464851e-02
6.107749077350169142e-02 1.406590328479144225e-01 4.364451270941201166e-02 1.000000000000000082e-05 7.685264900779520403e-02
1.809933106162160341e-02 6.421411111110732206e-02 9.608807910552419340e-02 6.916193060935721393e-02 8.547397704760142934e-02
5.612997146291820449e-02 1.000000000000000082e-05 1.061060511059338102e-01 1.025939571209655565e-01 8.137453198904018303e-02
8.489441654122642511e-02 1.000000000000000082e-05 7.002311260538612858e-02 9.762831492312679105e-02 4.193168128885999685e-02
9.363336254780636747e-02 1.000000000000000082e-05 2.587952072201250148e-02 5.098862396711975609e-02 1.747598418773405222e-03
3.279184163261035512e-02 1.000000000000000082e-05 9.053645358941649762e-03 9.664990490623222644e-03 3.473556549676497501e-03
1.000000000000000082e-05 1.000000000000000082e-05 5.960496517273669234e-03 1.360169127156017317e-03 7.821665081420037594e-03
1.000000000000000082e-05 1.000000000000000082e-05 3.807289092146941712e-03 1.000000000000000082e-05 6.752058190118621385e-03
0.000000000000000000e+00 -0.000000000000000000e+00 -0.000000000000000000e+00 -0.000000000000000000e+00 0.000000000000000000e+00
0.000000000000000000e+00 -0.000000000000000000e+00 -0.000000000000000000e+00 -0.000000000000000000e+00 0.000000000000000000e+00
0.000000000000000000e+00 -0.000000000000000000e+00 -0.000000000000000000e+00 -0.000000000000000000e+00 0.000000000000000000e+00
0.000000000000000000e+00 -0.000000000000000000e+00 -0.000000000000000000e+00 -0.000000000000000000e+00 0.000000000000000000e+00
0.000000000000000000e+00 -0.000000000000000000e+00 -0.000000000000000000e+00 -0.000000000000000000e+00 0.000000000000000000e+00
0.000000000000000000e+00 -0.000000000000000000e+00 -0.000000000000000000e+00 -0.000000000000000000e+00 0.000000000000000000e+00
2.756776503501712564e-02 1.000000000000000082e-05 3.069971135922725230e-03 1.000000000000000082e-05 1.000000000000000082e-05
7.668582048385935712e-02 1.000000000000000082e-05 1.105048009564304698e-02 1.000000000000000082e-05 1.000000000000000082e-05
9.778324375996372275e-02 1.000000000000000082e-05 1.210879916443398374e-02 1.000000000000000082e-05 1.000000000000000082e-05
1.138278142447913394e-01 1.000000000000000082e-05 1.818766502791615072e-02 9.231774499504451573e-03 1.000000000000000082e-05
1.280349879308853578e-01 1.000000000000000082e-05 2.765324698344485618e-02 4.132884210892587284e-02 1.000000000000000082e-05
1.323483206584369909e-01 1.000000000000000082e-05 3.639638163879609783e-02 4.836705571962601757e-02 1.000000000000000082e-05
1.430583285786385106e-01 1.000000000000000082e-05 2.453330428847783767e-02 4.335635205986906882e-02 6.678218818706797323e-03
1.540208745417033509e-01 1.760422850075767575e-03 1.000000000000000082e-05 2.523583239604826681e-02 8.488850100299056428e-03
1.281564597731040811e-01 9.979645389478529818e-03 1.000000000000000082e-05 1.905083058041716956e-03 1.044229924544837207e-02
1.014490494802851028e-01 1.000000000000000082e-05 1.000000000000000082e-05 1.000000000000000082e-05 1.147586813388539947e-02
7.409745468332920582e-02 1.036733623759085454e-02 1.000000000000000082e-05 1.000000000000000082e-05 1.547471131913588649e-02
5.547714261970444066e-02 3.192436241578754802e-02 1.000000000000000082e-05 1.000000000000000082e-05 1.684458845389572718e-02
4.453728937860886028e-02 6.357564155705408560e-02 1.000000000000000082e-05 1.000000000000000082e-05 3.276794786314813496e-02
4.695262420435659251e-02 1.439738740666270389e-01 1.000000000000000082e-05 1.000000000000000082e-05 8.153157872472330259e-02
1.000000000000000082e-05 1.327882263539347518e-01 4.584690146426743940e-02 2.983009613630999840e-02 1.034971018036374701e-01
5.359987149062279965e-03 3.978658197417870440e-02 9.030902297642007248e-02 9.706868410484809084e-02 8.568115258054037620e-02
5.635397137570592047e-02 1.000000000000000082e-05 1.037602125601348041e-01 1.119250806518683750e-01 5.247695416531561463e-02
9.162004500267678653e-02 1.000000000000000082e-05 7.186183573221036069e-02 7.643980735290041573e-02 3.083650656655007125e-03
7.542914527720810669e-02 1.000000000000000082e-05 3.054069391357705845e-02 2.412106280957383719e-02 1.000000000000000082e-05
2.837326277419640816e-02 1.000000000000000082e-05 1.031461438012227887e-02 3.409671980996238205e-03 2.486322574668360652e-03
1.000000000000000082e-05 1.000000000000000082e-05 5.999538775987194213e-03 1.404293170551940443e-03 7.475193627679220000e-03
1.000000000000000082e-05 1.000000000000000082e-05 1.749732859369659355e-03 1.000000000000000082e-05 3.103073551203452702e-03
0.000000000000000000e+00 -0.000000000000000000e+00 -0.000000000000000000e+00 -0.000000000000000000e+00 0.000000000000000000e+00
0.000000000000000000e+00 -0.000000000000000000e+00 -0.000000000000000000e+00 -0.000000000000000000e+00 0.000000000000000000e+00
0.000000000000000000e+00 -0.000000000000000000e+00 -0.000000000000000000e+00 -0.000000000000000000e+00 0.000000000000000000e+00
0.000000000000000000e+00 -0.000000000000000000e+00 -0.000000000000000000e+00 -0.000000000000000000e+00 0.000000000000000000e+00
0.000000000000000000e+00 -0.000000000000000000e+00 -0.000000000000000000e+00 -0.000000000000000000e+00 0.000000000000000000e+00
0.000000000000000000e+00 -0.000000000000000000e+00 -0.000000000000000000e+00 -0.000000000000000000e+00 0.000000000000000000e+00
5.276242461351497368e-03 4.174498969015220939e-04 5.053444023774472443e-04 1.000000000000000082e-05 1.000000000000000082e-05
3.473660870657332977e-02 3.772617268924530133e-04 3.008616577102447842e-03 4.071585739577160109e-04 1.000000000000000082e-05
5.868522736155292602e-02 1.000000000000000082e-05 4.401167030676610549e-04 2.533928076428533602e-03 1.000000000000000082e-05
6.859200902316683890e-02 1.000000000000000082e-05 4.269882747697175893e-03 8.958986932899004954e-03 1.000000000000000082e-05
8.749749368727095800e-02 1.000000000000000082e-05 1.227384918499363486e-02 1.943014735302497561e-02 1.000000000000000082e-05
8.955433247399077756e-02 1.000000000000000082e-05 2.379623808184981593e-02 2.281262710299864979e-02 2.689858513166111000e-03
7.355688841811809653e-02 1.000000000000000082e-05 3.139893911281918526e-02 2.163722253442416574e-02 1.000000000000000082e-05
6.081200194672765208e-02 4.323093103966463985e-03 4.770808186099375139e-03 7.904771587150328030e-03 1.000000000000000082e-05
3.916365448725959986e-02 1.019422014489311523e-02 1.000000000000000082e-05 6.431343565935171511e-04 1.000000000000000082e-05
2.139089441797846838e-02 1.198565294549064787e-03 1.000000000000000082e-05 1.000000000000000082e-05 1.000000000000000082e-05
1.506835652448924347e-02 1.644490551127573627e-02 1.000000000000000082e-05 1.000000000000000082e-05 7.278136921594432866e-03
2.346353875035798314e-02 3.909381637671015264e-02 1.000000000000000082e-05 1.000000000000000082e-05 2.104060197593305565e-02
2.643284976643052453e-02 9.790246582854737756e-02 1.000000000000000082e-05 1.000000000000000082e-05 6.674180333482217231e-02
2.864107069379967334e-03 1.532149119676362581e-01 1.000000000000000082e-05 8.120547864820294032e-03 1.189121720286686196e-01
1.000000000000000082e-05 1.135958625814684764e-01 4.998390701806764563e-02 7.877884113322047854e-02 1.045147154766199599e-01
2.706019527943106726e-02 5.397495883895486735e-03 9.829895469679914011e-02 1.162699608031228793e-01 6.233637747382329147e-02
5.936472646665039848e-02 1.000000000000000082e-05 1.138468856014330510e-01 1.015775509892819367e-01 4.051089016320327807e-03
1.035389856183472207e-01 1.000000000000000082e-05 6.401328909334939865e-02 3.846584600179257796e-02 1.000000000000000082e-05
5.113460445021713457e-02 1.000000000000000082e-05 2.355045568845365658e-02 3.291519767679994789e-03 1.000000000000000082e-05
1.263651480624464370e-02 1.000000000000000082e-05 9.638730819958266083e-03 1.000000000000000082e-05 7.236177738917797496e-03
1.000000000000000082e-05 1.000000000000000082e-05 2.529420250242682151e-03 1.711374191102659945e-04 3.998934210170911052e-03
0.000000000000000000e+00 -0.000000000000000000e+00 -0.000000000000000000e+00 -0.000000000000000000e+00 0.000000000000000000e+00
0.000000000000000000e+00 -0.000000000000000000e+00 -0.000000000000000000e+00 -0.000000000000000000e+00 0.000000000000000000e+00
0.000000000000000000e+00 -0.000000000000000000e+00 -0.000000000000000000e+00 -0.000000000000000000e+00 0.000000000000000000e+00
0.000000000000000000e+00 -0.000000000000000000e+00 -0.000000000000000000e+00 -0.000000000000000000e+00 0.000000000000000000e+00
0.000000000000000000e+00 -0.000000000000000000e+00 -0.000000000000000000e+00 -0.000000000000000000e+00 0.000000000000000000e+00
0.000000000000000000e+00 -0.000000000000000000e+00 -0.000000000000000000e+00 -0.000000000000000000e+00 0.000000000000000000e+00
0.000000000000000000e+00 -0.000000000000000000e+00 -0.000000000000000000e+00 -0.000000000000000000e+00 0.000000000000000000e+00
8.612847106287452661e-03 7.114261844743681017e-04 1.000000000000000082e-05 1.000000000000000082e-05 1.000000000000000082e-05
1.622348213793783564e-02 8.199287261689530270e-04 1.000000000000000082e-05 8.982238590041891459e-05 1.000000000000000082e-05
2.539128725303972656e-02 1.000000000000000082e-05 1.000000000000000082e-05 5.493164782633446147e-04 1.000000000000000082e-05
2.630261114926282784e-02 1.705310152981449369e-04 1.000000000000000082e-05 3.441342590261280403e-03 1.000000000000000082e-05
2.625625676307755119e-02 1.000000000000000082e-05 1.186904698824783021e-02 5.391870106712785306e-03 1.990774421947142866e-03
2.743775778622347186e-02 1.000000000000000082e-05 3.238162358629498999e-02 4.912601903361245130e-03 1.000000000000000082e-05
1.429731293794166483e-02 1.000000000000000082e-05 3.115946190987426215e-02 3.268418973800267351e-03 1.000000000000000082e-05
7.665346304513448276e-03 2.568210741445444670e-04 9.524629427022184708e-03 1.495962646678011690e-03 1.000000000000000082e-05
2.482344773620202231e-03 8.097289553192421260e-03 1.000000000000000082e-05 1.000000000000000082e-05 1.000000000000000082e-05
6.259540199034469097e-04 6.116180339385173317e-03 1.000000000000000082e-05 1.000000000000000082e-05 3.380488781267108368e-03
3.621401833662804375e-03 2.992113396904273401e-02 1.000000000000000082e-05 1.000000000000000082e-05 1.959133481860584475e-02
1.375508459167910057e-02 5.606176400442249019e-02 1.000000000000000082e-05 1.000000000000000082e-05 5.864182125255445327e-02
8.088209481251114330e-03 1.212478987075230469e-01 1.000000000000000082e-05 1.000000000000000082e-05 1.199793804340365394e-01
1.000000000000000082e-05 1.496284262465529813e-01 1.000000000000000082e-05 5.836949881632894771e-02 1.218157546650751877e-01
5.030945815714268042e-03 8.600733206708628675e-02 6.837136922203111700e-02 1.031022481450237921e-01 7.808001942594863798e-02
3.620920001084590445e-02 1.000000000000000082e-05 1.193724157425024440e-01 1.182822663167485827e-01 1.717849383541873373e-02
8.556516130499423889e-02 1.000000000000000082e-05 1.158341791358224321e-01 6.442954464120469182e-02 1.000000000000000082e-05
7.410424995232424428e-02 1.000000000000000082e-05 5.398359809150637956e-02 6.311845901947743878e-03 1.000000000000000082e-05
2.138197499974496540e-02 5.357324119151791846e-03 1.659382040507134670e-02 1.000000000000000082e-05 5.022676484624527364e-03
9.235928656319444124e-03 6.994573697221082541e-03 6.437360297965102722e-03 1.000000000000000082e-05 4.289559309387356092e-03
1.000000000000000082e-05 1.221313403083506156e-03 2.024774808890896557e-03 1.000000000000000082e-05 1.392569609763686126e-03
1.000000000000000082e-05 3.982541294097856344e-03 1.942485071200277967e-03 1.000000000000000082e-05 5.570730965069673997e-05
1.000000000000000082e-05 2.165891350082609253e-03 5.007296454047859263e-04 1.000000000000000082e-05 1.000000000000000082e-05
0.000000000000000000e+00 -0.000000000000000000e+00 -0.000000000000000000e+00 -0.000000000000000000e+00 0.000000000000000000e+00
0.000000000000000000e+00 -0.000000000000000000e+00 -0.000000000000000000e+00 -0.000000000000000000e+00 0.000000000000000000e+00
0.000000000000000000e+00 -0.000000000000000000e+00 -0.000000000000000000e+00 -0.000000000000000000e+00 0.000000000000000000e+00
0.000000000000000000e+00 -0.000000000000000000e+00 -0.000000000000000000e+00 -0.000000000000000000e+00 0.000000000000000000e+00
0.000000000000000000e+00 -0.000000000000000000e+00 -0.000000000000000000e+00 -0.000000000000000000e+00 0.000000000000000000e+00
1.025338941224696694e-04 8.469359338980571349e-06 1.000000000000000082e-05 1.000000000000000082e-05 1.000000000000000082e-05
3.793754082531376574e-03 3.133662955422811128e-04 1.000000000000000082e-05 1.000000000000000082e-05 1.000000000000000082e-05
5.454639209947624232e-03 1.000000000000000082e-05 1.000000000000000082e-05 1.000000000000000082e-05 1.000000000000000082e-05
7.806684054602123536e-03 1.000000000000000082e-05 2.052373669837428874e-04 1.000000000000000082e-05 1.000000000000000082e-05
1.349724990234486312e-02 1.615985228059530800e-03 1.203780914315564880e-02 1.000000000000000082e-05 1.000000000000000082e-05
6.303925658916511784e-03 2.443379087765209894e-03 2.772473428248541094e-02 1.000000000000000082e-05 1.000000000000000082e-05
3.133621503571808447e-03 2.066195228330331909e-03 2.701839986956037706e-02 1.000000000000000082e-05 1.000000000000000082e-05
2.728290758750206730e-03 1.464869809751700135e-02 1.046929356968247064e-02 1.000000000000000082e-05 1.000000000000000082e-05
1.768702738521395982e-03 2.735804459428424137e-02 1.000000000000000082e-05 1.000000000000000082e-05 3.400849877233458243e-03
1.937126857463388222e-03 3.586406700549489568e-02 1.000000000000000082e-05 1.000000000000000082e-05 1.421160509277444479e-02
9.668921781556823192e-03 5.491390382298668577e-02 1.000000000000000082e-05 1.000000000000000082e-05 4.827263787147936108e-02
1.205985476907129803e-02 8.417338453974665402e-02 1.000000000000000082e-05 1.000000000000000082e-05 1.210449300007862133e-01
1.000000000000000082e-05 1.472803257910933472e-01 1.000000000000000082e-05 3.436441739099922732e-02 1.445235870974485026e-01
1.000000000000000082e-05 1.317078596689377212e-01 1.593914451176909816e-02 9.822414774247045788e-02 9.005013576060169611e-02
1.751815249177078246e-02 5.343757963900146180e-02 1.032060899104911833e-01 1.204857020758213909e-01 3.258662634570324429e-02
6.689533632190333701e-02 1.039427850456371531e-02 1.324816412541716670e-01 8.474817424821251555e-02 1.000000000000000082e-05
7.774243245087973653e-02 1.025243981794961854e-03 1.102263675650179686e-01 2.010298603348392374e-02 1.000000000000000082e-05
2.920355766962031210e-02 1.271753316062449943e-02 5.602342040796467332e-02 1.000000000000000082e-05 6.144149641664293363e-06
9.940491860551953565e-03 2.413507003630486689e-02 1.331250693917281069e-02 1.000000000000000082e-05 5.812870614073033237e-03
4.590603575193140037e-03 1.651712609753440419e-02 5.152794058422705513e-03 1.000000000000000082e-05 9.566746953095491088e-04
9.019713602115891817e-04 1.129165155544330570e-02 3.482527608946774968e-03 1.000000000000000082e-05 7.477857726478051624e-04
1.000000000000000082e-05 9.056967346849289710e-03 3.460327424473488931e-03 1.000000000000000082e-05 1.000000000000000082e-05
1.000000000000000082e-05 6.188261000236026932e-03 1.430656129727960130e-03 1.000000000000000082e-05 1.000000000000000082e-05
0.000000000000000000e+00 -0.000000000000000000e+00 -0.000000000000000000e+00 -0.000000000000000000e+00 0.000000000000000000e+00
0.000000000000000000e+00 -0.000000000000000000e+00 -0.000000000000000000e+00 -0.000000000000000000e+00 0.000000000000000000e+00
0.000000000000000000e+00 -0.000000000000000000e+00 -0.000000000000000000e+00 -0.000000000000000000e+00 0.000000000000000000e+00
0.000000000000000000e+00 -0.000000000000000000e+00 -0.000000000000000000e+00 -0.000000000000000000e+00 0.000000000000000000e+00
0.000000000000000000e+00 -0.000000000000000000e+00 -0.000000000000000000e+00 -0.000000000000000000e+00 0.000000000000000000e+00
0.000000000000000000e+00 -0.000000000000000000e+00 -0.000000000000000000e+00 -0.000000000000000000e+00 0.000000000000000000e+00
0.000000000000000000e+00 -0.000000000000000000e+00 -0.000000000000000000e+00 -0.000000000000000000e+00 0.000000000000000000e+00
7.949640754070863916e-04 1.000000000000000082e-05 4.983693523362656033e-05 1.000000000000000082e-05 1.000000000000000082e-05
7.219795948732867646e-03 7.475375992320423997e-04 1.805494822107745530e-03 1.000000000000000082e-05 1.000000000000000082e-05
6.084642599056031692e-03 5.984885839001683784e-03 1.405584774504954788e-02 1.000000000000000082e-05 1.000000000000000082e-05
2.163308573722357020e-03 1.061078358907245958e-02 2.980378502593206830e-02 1.000000000000000082e-05 1.000000000000000082e-05
2.459404445273866494e-03 2.130081020049583163e-02 2.697587245489060578e-02 1.000000000000000082e-05 1.000000000000000082e-05
1.851035297820749189e-03 4.208284323732089383e-02 1.159915847207073671e-02 1.000000000000000082e-05 1.000000000000000082e-05
1.797135999093076118e-03 5.194102496388106061e-02 6.295467355724674446e-04 1.000000000000000082e-05 6.462033492144452634e-03
5.186768824235766899e-03 6.609369445182280978e-02 1.000000000000000082e-05 1.000000000000000082e-05 4.073451609906957732e-02
1.214310296244989519e-02 7.606397612020990295e-02 1.000000000000000082e-05 1.000000000000000082e-05 1.056689480831874417e-01
1.000000000000000082e-05 1.181995674083861636e-01 1.000000000000000082e-05 4.191292281493300999e-03 1.547206998835248537e-01
1.000000000000000082e-05 1.557175486623429694e-01 1.000000000000000082e-05 8.566736634459672095e-02 1.116171214926794941e-01
1.000000000000000082e-05 1.093366263985604686e-01 4.793499189823750145e-02 1.223032673544672683e-01 4.900487634818283950e-02
4.485660994785819339e-02 4.192727099339491059e-02 1.169033301298514904e-01 1.036440193694573436e-01 1.000000000000000082e-05
7.953140097448158086e-02 1.047936624829066965e-02 1.303470102889916771e-01 3.727011003598922068e-02 1.000000000000000082e-05
6.033355344744503745e-02 5.191985128704984694e-03 1.038865520065190701e-01 1.000000000000000082e-05 1.000000000000000082e-05
1.277275869942458633e-02 1.936242306793556356e-02 2.128105718094135124e-02 1.000000000000000082e-05 4.185683045096600871e-03
1.107076161868103190e-02 1.947356225277967201e-02 3.277719173281699438e-03 1.000000000000000082e-05 2.256762040641915879e-03
7.471404470801837686e-03 1.201941918193830637e-02 1.482673621741977454e-03 1.000000000000000082e-05 8.936238431669149421e-04
2.931489088212061367e-04 2.803776988188157616e-03 2.789556693141247417e-04 1.000000000000000082e-05 2.033438081737530523e-04
1.000000000000000082e-05 4.108839132722084849e-05 1.000000000000000082e-05 1.000000000000000082e-05 3.586020441729761694e-04
0.000000000000000000e+00 -0.000000000000000000e+00 -0.000000000000000000e+00 -0.000000000000000000e+00 0.000000000000000000e+00
0.000000000000000000e+00 -0.000000000000000000e+00 -0.000000000000000000e+00 -0.000000000000000000e+00 0.000000000000000000e+00
0.000000000000000000e+00 -0.000000000000000000e+00 -0.000000000000000000e+00 -0.000000000000000000e+00 0.000000000000000000e+00
0.000000000000000000e+00 -0.000000000000000000e+00 -0.000000000000000000e+00 -0.000000000000000000e+00 0.000000000000000000e+00
0.000000000000000000e+00 -0.000000000000000000e+00 -0.000000000000000000e+00 -0.000000000000000000e+00 0.000000000000000000e+00
0.000000000000000000e+00 -0.000000000000000000e+00 -0.000000000000000000e+00 -0.000000000000000000e+00 0.000000000000000000e+00
0.000000000000000000e+00 -0.000000000000000000e+00 -0.000000000000000000e+00 -0.000000000000000000e+00 0.000000000000000000e+00
0.000000000000000000e+00 -0.000000000000000000e+00 -0.000000000000000000e+00 -0.000000000000000000e+00 0.000000000000000000e+00
0.000000000000000000e+00 -0.000000000000000000e+00 -0.000000000000000000e+00 -0.000000000000000000e+00 0.000000000000000000e+00
1.013902708488936041e-03 3.676516015451554431e-03 2.664468443543330437e-05 1.000000000000000082e-05 1.000000000000000082e-05
1.000000000000000082e-05 9.669354769897798088e-03 1.141127781900060610e-02 1.000000000000000082e-05 8.585031276113281511e-05
1.000000000000000082e-05 2.092401180336326064e-02 1.925216881531698412e-02 1.000000000000000082e-05 1.000000000000000082e-05
1.000000000000000082e-05 2.400737074909181992e-02 1.798042903091142189e-02 1.000000000000000082e-05 1.000000000000000082e-05
1.000000000000000082e-05 2.758016208671071334e-02 6.064420920066028627e-03 1.000000000000000082e-05 6.924036213761831102e-04
5.022546862282022823e-03 4.680529878011457923e-02 1.000000000000000082e-05 1.000000000000000082e-05 3.417231455222612818e-02
1.310535322448711133e-02 4.968858056747660346e-02 1.000000000000000082e-05 1.000000000000000082e-05 9.500397379038409695e-02
1.000000000000000082e-05 6.879997198282812587e-02 1.000000000000000082e-05 1.000000000000000082e-05 1.619542777525734834e-01
1.000000000000000082e-05 1.266845788580533150e-01 1.000000000000000082e-05 6.335795957503718989e-02 1.374121987634594200e-01
8.435063857584601879e-03 1.466398129119036442e-01 1.000000000000000082e-05 1.139379242464074460e-01 7.065187914268318548e-02
2.184368607366275750e-02 7.756130367356506294e-02 7.713673280734442694e-02 1.204470578479839848e-01 1.000000000000000082e-05
8.544820139674068338e-02 3.377688711865187241e-03 1.301731715861753347e-01 5.912660697231033463e-02 1.000000000000000082e-05
6.207664552747923364e-02 1.000000000000000082e-05 1.250568675114956674e-01 1.000000000000000082e-05 1.000000000000000082e-05
2.641798988195481757e-02 1.000000000000000082e-05 6.640542686022492258e-02 1.000000000000000082e-05 1.000000000000000082e-05
1.189909472383716624e-02 1.054674620666577571e-02 5.789530535250352918e-03 1.000000000000000082e-05 1.930067729192040671e-03
7.370760235310614382e-03 9.172377053516179990e-03 1.083062494239583158e-03 1.000000000000000082e-05 3.109059518368233275e-03
1.382221533156081450e-03 5.116784767540386372e-03 1.000000000000000082e-05 1.000000000000000082e-05 2.726918949718552549e-03
1.000000000000000082e-05 2.821540759537798961e-03 1.000000000000000082e-05 1.000000000000000082e-05 2.913315359824059526e-03
1.000000000000000082e-05 1.347316448754374684e-03 1.000000000000000082e-05 1.000000000000000082e-05 2.624836583503605859e-03
0.000000000000000000e+00 -0.000000000000000000e+00 -0.000000000000000000e+00 -0.000000000000000000e+00 0.000000000000000000e+00
0.000000000000000000e+00 -0.000000000000000000e+00 -0.000000000000000000e+00 -0.000000000000000000e+00 0.000000000000000000e+00
0.000000000000000000e+00 -0.000000000000000000e+00 -0.000000000000000000e+00 -0.000000000000000000e+00 0.000000000000000000e+00
0.000000000000000000e+00 -0.000000000000000000e+00 -0.000000000000000000e+00 -0.000000000000000000e+00 0.000000000000000000e+00
0.000000000000000000e+00 -0.000000000000000000e+00 -0.000000000000000000e+00 -0.000000000000000000e+00 0.000000000000000000e+00
1.000000000000000082e-05 1.000000000000000082e-05 1.300693589718344804e-04 1.000000000000000082e-05 1.856870439371879206e-03
0.000000000000000000e+00 -0.000000000000000000e+00 -0.000000000000000000e+00 -0.000000000000000000e+00 0.000000000000000000e+00
0.000000000000000000e+00 -0.000000000000000000e+00 -0.000000000000000000e+00 -0.000000000000000000e+00 0.000000000000000000e+00
0.000000000000000000e+00 -0.000000000000000000e+00 -0.000000000000000000e+00 -0.000000000000000000e+00 0.000000000000000000e+00
1.000000000000000082e-05 3.954016869654048945e-04 1.709423678487431556e-04 1.000000000000000082e-05 2.123851426421816699e-05
1.000000000000000082e-05 2.835745247469836482e-03 1.044357594780644972e-02 1.000000000000000082e-05 2.714273633800993687e-04
1.000000000000000082e-05 1.037682768316084032e-02 1.090923757732073160e-02 1.000000000000000082e-05 1.000000000000000082e-05
1.000000000000000082e-05 4.463894534775217533e-03 3.451810124731113493e-03 1.000000000000000082e-05 3.064491241059322160e-04
6.394802365688066412e-04 8.060943934878866263e-03 1.000000000000000082e-05 1.000000000000000082e-05 2.258938880896401574e-02
7.780253322676814950e-03 1.688233025122200248e-02 1.000000000000000082e-05 1.000000000000000082e-05 7.698028225868425167e-02
1.657542819663726345e-03 1.630559976462503044e-02 1.000000000000000082e-05 1.000000000000000082e-05 1.515954270569119522e-01
1.000000000000000082e-05 5.172402015800761643e-02 1.000000000000000082e-05 4.564325416252481421e-02 1.592713504841594685e-01
1.000000000000000082e-05 1.195493730682454375e-01 1.000000000000000082e-05 1.147385603722449604e-01 7.935817770547066996e-02
1.875542585615558311e-02 1.355987112510011472e-01 2.092454738803544920e-02 1.233590880117659411e-01 1.000000000000000082e-05
6.398307332007685533e-02 5.432729745124732779e-02 9.936754144462055238e-02 8.218922742912357360e-02 1.000000000000000082e-05
7.335185437209301718e-02 1.000000000000000082e-05 1.307728827311044062e-01 2.137084163010057047e-02 1.000000000000000082e-05
4.414961546637428957e-02 1.000000000000000082e-05 1.085275553565497458e-01 1.000000000000000082e-05 1.000000000000000082e-05
8.237052135633101888e-03 1.000000000000000082e-05 4.602574497867681358e-02 1.000000000000000082e-05 1.000000000000000082e-05
9.240586581930852750e-03 1.000000000000000082e-05 3.291573959198732489e-03 1.000000000000000082e-05 1.000000000000000082e-05
4.497411169025597108e-03 7.847882480851321035e-04 1.765905844077809723e-04 1.000000000000000082e-05 6.210739213899864244e-04
1.911354423234721192e-05 1.142032869859462528e-03 1.000000000000000082e-05 1.000000000000000082e-05 6.834714087386326237e-04
1.911354423234721192e-05 1.142032869859462528e-03 1.000000000000000082e-05 1.000000000000000082e-05 6.834714087386326237e-04
1.911354423234721192e-05 1.142032869859462528e-03 1.000000000000000082e-05 1.000000000000000082e-05 6.834714087386326237e-04
0.000000000000000000e+00 -0.000000000000000000e+00 -0.000000000000000000e+00 -0.000000000000000000e+00 0.000000000000000000e+00
0.000000000000000000e+00 -0.000000000000000000e+00 -0.000000000000000000e+00 -0.000000000000000000e+00 0.000000000000000000e+00
0.000000000000000000e+00 -0.000000000000000000e+00 -0.000000000000000000e+00 -0.000000000000000000e+00 0.000000000000000000e+00
0.000000000000000000e+00 -0.000000000000000000e+00 -0.000000000000000000e+00 -0.000000000000000000e+00 0.000000000000000000e+00
0.000000000000000000e+00 -0.000000000000000000e+00 -0.000000000000000000e+00 -0.000000000000000000e+00 0.000000000000000000e+00
1.000000000000000082e-05 1.000000000000000082e-05 1.566744551251645094e-04 1.000000000000000082e-05 2.236684847425222077e-03
0.000000000000000000e+00 -0.000000000000000000e+00 -0.000000000000000000e+00 -0.000000000000000000e+00 0.000000000000000000e+00
0.000000000000000000e+00 -0.000000000000000000e+00 -0.000000000000000000e+00 -0.000000000000000000e+00 0.000000000000000000e+00
0.000000000000000000e+00 -0.000000000000000000e+00 -0.000000000000000000e+00 -0.000000000000000000e+00 0.000000000000000000e+00
0.000000000000000000e+00 -0.000000000000000000e+00 -0.000000000000000000e+00 -0.000000000000000000e+00 0.000000000000000000e+00
9.874122303123466799e-04 1.000000000000000082e-05 5.945310632330227767e-03 3.754646416351477322e-04 1.000000000000000082e-05
1.000000000000000082e-05 1.223755738035682463e-03 2.293777218808908374e-03 1.000000000000000082e-05 1.834835238970424550e-03
1.000000000000000082e-05 2.470039399116307106e-04 1.886627380946372795e-04 1.000000000000000082e-05 1.345559601627699213e-02
6.513130002963008966e-03 8.679610776136105835e-03 1.000000000000000082e-05 1.000000000000000082e-05 6.145388139216464984e-02
4.077794515075732970e-03 7.036880958532813583e-03 1.000000000000000082e-05 1.000000000000000082e-05 1.387707435676526491e-01
1.000000000000000082e-05 1.327970636842629171e-02 1.000000000000000082e-05 2.901476406645744910e-02 1.770293216133951020e-01
1.000000000000000082e-05 7.378298872216637605e-02 1.000000000000000082e-05 1.079492632998022283e-01 9.555833831430954328e-02
1.105888097127611909e-03 1.270917725967741496e-01 1.000000000000000082e-05 1.318291347048629880e-01 1.623197012421992089e-02
4.580436500787961329e-02 1.234058888009206129e-01 4.823735804843486130e-02 1.009875281139300668e-01 1.000000000000000082e-05
7.411152899878158118e-02 3.158486565527655193e-02 1.139963884798406574e-01 2.383005461956009402e-02 1.000000000000000082e-05
5.817271067919119187e-02 1.000000000000000082e-05 1.214450303836460687e-01 1.000000000000000082e-05 1.000000000000000082e-05
3.083459357792020170e-02 1.000000000000000082e-05 8.809710299875585238e-02 1.000000000000000082e-05 1.000000000000000082e-05
7.271847347199047844e-03 1.000000000000000082e-05 3.089811377759323421e-02 1.000000000000000082e-05 1.000000000000000082e-05
1.099691417660335173e-02 1.000000000000000082e-05 3.211217884958976476e-03 1.000000000000000082e-05 1.000000000000000082e-05
7.154676678663773404e-04 1.000000000000000082e-05 4.485324171026389074e-05 1.000000000000000082e-05 1.000000000000000082e-05
0.000000000000000000e+00 -0.000000000000000000e+00 -0.000000000000000000e+00 -0.000000000000000000e+00 0.000000000000000000e+00
0.000000000000000000e+00 -0.000000000000000000e+00 -0.000000000000000000e+00 -0.000000000000000000e+00 0.000000000000000000e+00
0.000000000000000000e+00 -0.000000000000000000e+00 -0.000000000000000000e+00 -0.000000000000000000e+00 0.000000000000000000e+00
0.000000000000000000e+00 -0.000000000000000000e+00 -0.000000000000000000e+00 -0.000000000000000000e+00 0.000000000000000000e+00
0.000000000000000000e+00 -0.000000000000000000e+00 -0.000000000000000000e+00 -0.000000000000000000e+00 0.000000000000000000e+00
0.000000000000000000e+00 -0.000000000000000000e+00 -0.000000000000000000e+00 -0.000000000000000000e+00 0.000000000000000000e+00
0.000000000000000000e+00 -0.000000000000000000e+00 -0.000000000000000000e+00 -0.000000000000000000e+00 0.000000000000000000e+00
0.000000000000000000e+00 -0.000000000000000000e+00 -0.000000000000000000e+00 -0.000000000000000000e+00 0.000000000000000000e+00
0.000000000000000000e+00 -0.000000000000000000e+00 -0.000000000000000000e+00 -0.000000000000000000e+00 0.000000000000000000e+00
0.000000000000000000e+00 -0.000000000000000000e+00 -0.000000000000000000e+00 -0.000000000000000000e+00 0.000000000000000000e+00
0.000000000000000000e+00 -0.000000000000000000e+00 -0.000000000000000000e+00 -0.000000000000000000e+00 0.000000000000000000e+00
0.000000000000000000e+00 -0.000000000000000000e+00 -0.000000000000000000e+00 -0.000000000000000000e+00 0.000000000000000000e+00
0.000000000000000000e+00 -0.000000000000000000e+00 -0.000000000000000000e+00 -0.000000000000000000e+00 0.000000000000000000e+00
1.000000000000000082e-05 1.000000000000000082e-05 8.805971099142376494e-04 1.000000000000000082e-05 1.563491332971504721e-03
1.000000000000000082e-05 1.000000000000000082e-05 5.126188015846817186e-04 1.000000000000000082e-05 1.431744543391695601e-02
6.225654405992029662e-03 1.906367929256387508e-03 1.000000000000000082e-05 1.000000000000000082e-05 5.628803145686149534e-02
2.300332092959808401e-04 2.429061020270004145e-03 1.000000000000000082e-05 1.000000000000000082e-05 1.274879118262799427e-01
1.000000000000000082e-05 2.862460638071415413e-03 1.000000000000000082e-05 1.760952530731059104e-02 1.680423298506318053e-01
1.000000000000000082e-05 2.695854034772425870e-02 1.000000000000000082e-05 9.275420443556670058e-02 1.132186353877265017e-01
1.000000000000000082e-05 1.024316799139707718e-01 1.000000000000000082e-05 1.321896811008453354e-01 3.458502919560253047e-02
2.897542134293172589e-02 1.310208673805952351e-01 8.591663599882897948e-03 1.147492331579469532e-01 1.000000000000000082e-05
6.513863793979368655e-02 9.914607420223617296e-02 6.698188716635054829e-02 5.132487701244213552e-02 1.000000000000000082e-05
6.404300322837631898e-02 1.043053353340219445e-02 1.166205138356056631e-01 1.000000000000000082e-05 1.000000000000000082e-05
3.412396528850877159e-02 1.000000000000000082e-05 1.001717190003787311e-01 1.000000000000000082e-05 1.000000000000000082e-05
1.109819163238238982e-02 1.000000000000000082e-05 6.169425736457983395e-02 1.000000000000000082e-05 1.000000000000000082e-05
1.079280835458768309e-02 1.000000000000000082e-05 1.901826374714132503e-02 1.000000000000000082e-05 1.000000000000000082e-05
9.221494408194193942e-03 1.000000000000000082e-05 3.099915396270544118e-03 1.000000000000000082e-05 1.000000000000000082e-05
0.000000000000000000e+00 -0.000000000000000000e+00 -0.000000000000000000e+00 -0.000000000000000000e+00 0.000000000000000000e+00
0.000000000000000000e+00 -0.000000000000000000e+00 -0.000000000000000000e+00 -0.000000000000000000e+00 0.000000000000000000e+00
0.000000000000000000e+00 -0.000000000000000000e+00 -0.000000000000000000e+00 -0.000000000000000000e+00 0.000000000000000000e+00
0.000000000000000000e+00 -0.000000000000000000e+00 -0.000000000000000000e+00 -0.000000000000000000e+00 0.000000000000000000e+00
0.000000000000000000e+00 -0.000000000000000000e+00 -0.000000000000000000e+00 -0.000000000000000000e+00 0.000000000000000000e+00
0.000000000000000000e+00 -0.000000000000000000e+00 -0.000000000000000000e+00 -0.000000000000000000e+00 0.000000000000000000e+00
0.000000000000000000e+00 -0.000000000000000000e+00 -0.000000000000000000e+00 -0.000000000000000000e+00 0.000000000000000000e+00
0.000000000000000000e+00 -0.000000000000000000e+00 -0.000000000000000000e+00 -0.000000000000000000e+00 0.000000000000000000e+00
0.000000000000000000e+00 -0.000000000000000000e+00 -0.000000000000000000e+00 -0.000000000000000000e+00 0.000000000000000000e+00
0.000000000000000000e+00 -0.000000000000000000e+00 -0.000000000000000000e+00 -0.000000000000000000e+00 0.000000000000000000e+00
0.000000000000000000e+00 -0.000000000000000000e+00 -0.000000000000000000e+00 -0.000000000000000000e+00 0.000000000000000000e+00
0.000000000000000000e+00 -0.000000000000000000e+00 -0.000000000000000000e+00 -0.000000000000000000e+00 0.000000000000000000e+00
0.000000000000000000e+00 -0.000000000000000000e+00 -0.000000000000000000e+00 -0.000000000000000000e+00 0.000000000000000000e+00
1.000000000000000082e-05 1.000000000000000082e-05 1.795822868568684890e-04 1.000000000000000082e-05 2.917220468983061470e-03
1.000000000000000082e-05 1.000000000000000082e-05 1.490340608345322405e-03 1.000000000000000082e-05 1.364020073495343828e-02
3.687203174667707606e-04 1.000000000000000082e-05 2.576628686959320236e-03 1.000000000000000082e-05 4.358365443219172630e-02
5.956478607292265380e-03 1.000000000000000082e-05 1.000000000000000082e-05 1.000000000000000082e-05 1.180468744344254639e-01
1.000000000000000082e-05 1.000000000000000082e-05 1.000000000000000082e-05 7.182374817359919381e-03 1.582717358516479711e-01
1.000000000000000082e-05 6.513628729026051806e-03 1.000000000000000082e-05 7.411427855042883317e-02 1.239580628639886384e-01
1.000000000000000082e-05 5.340964271604051183e-02 1.000000000000000082e-05 1.319884937198649022e-01 4.857782335672032603e-02
8.282371925287827438e-03 1.229796828196129399e-01 1.000000000000000082e-05 1.264956564525734350e-01 1.000000000000000082e-05
3.623823507922463438e-02 1.268544209496177966e-01 3.141727801855503932e-02 7.290628789698669343e-02 1.000000000000000082e-05
5.439065312707867111e-02 6.927448581627401736e-02 9.059300952159900222e-02 1.396221737754039778e-04 1.000000000000000082e-05
5.392506448920807854e-02 1.000000000000000082e-05 1.159662146821148904e-01 1.000000000000000082e-05 1.000000000000000082e-05
2.370619055338531872e-02 1.000000000000000082e-05 8.912946910556739100e-02 1.000000000000000082e-05 1.000000000000000082e-05
1.000000000000000082e-05 1.000000000000000082e-05 4.660068763851734491e-02 1.000000000000000082e-05 1.000000000000000082e-05
1.101552322431393130e-02 1.000000000000000082e-05 9.350805321107767340e-03 1.000000000000000082e-05 1.000000000000000082e-05
5.806524966806640362e-03 1.000000000000000082e-05 1.543939775516982044e-03 1.000000000000000082e-05 1.000000000000000082e-05
0.000000000000000000e+00 -0.000000000000000000e+00 -0.000000000000000000e+00 -0.000000000000000000e+00 0.000000000000000000e+00
0.000000000000000000e+00 -0.000000000000000000e+00 -0.000000000000000000e+00 -0.000000000000000000e+00 0.000000000000000000e+00
0.000000000000000000e+00 -0.000000000000000000e+00 -0.000000000000000000e+00 -0.000000000000000000e+00 0.000000000000000000e+00
0.000000000000000000e+00 -0.000000000000000000e+00 -0.000000000000000000e+00 -0.000000000000000000e+00 0.000000000000000000e+00
0.000000000000000000e+00 -0.000000000000000000e+00 -0.000000000000000000e+00 -0.000000000000000000e+00 0.000000000000000000e+00
0.000000000000000000e+00 -0.000000000000000000e+00 -0.000000000000000000e+00 -0.000000000000000000e+00 0.000000000000000000e+00
0.000000000000000000e+00 -0.000000000000000000e+00 -0.000000000000000000e+00 -0.000000000000000000e+00 0.000000000000000000e+00
0.000000000000000000e+00 -0.000000000000000000e+00 -0.000000000000000000e+00 -0.000000000000000000e+00 0.000000000000000000e+00
0.000000000000000000e+00 -0.000000000000000000e+00 -0.000000000000000000e+00 -0.000000000000000000e+00 0.000000000000000000e+00
0.000000000000000000e+00 -0.000000000000000000e+00 -0.000000000000000000e+00 -0.000000000000000000e+00 0.000000000000000000e+00
0.000000000000000000e+00 -0.000000000000000000e+00 -0.000000000000000000e+00 -0.000000000000000000e+00 0.000000000000000000e+00
0.000000000000000000e+00 -0.000000000000000000e+00 -0.000000000000000000e+00 -0.000000000000000000e+00 0.000000000000000000e+00
1.000000000000000082e-05 1.000000000000000082e-05 1.262608956653406690e-04 1.000000000000000082e-05 1.347697230877455089e-03
1.000000000000000082e-05 1.000000000000000082e-05 2.388323179468282171e-03 1.000000000000000082e-05 1.409104216340493695e-02
1.000000000000000082e-05 1.000000000000000082e-05 4.639273355293837067e-03 1.000000000000000082e-05 2.933021387501290322e-02
1.000000000000000082e-05 1.000000000000000082e-05 6.916508132648305565e-03 1.000000000000000082e-05 9.725609447454713896e-02
1.000000000000000082e-05 1.000000000000000082e-05 3.695174677544517308e-03 3.005115415951419618e-03 1.551986910510839424e-01
6.998206023664950946e-03 1.000000000000000082e-05 1.000000000000000082e-05 6.094078708375717801e-02 1.264840345901093455e-01
1.000000000000000082e-05 1.880878343105960721e-02 1.000000000000000082e-05 1.180333015510070249e-01 6.991598974734572480e-02
1.000000000000000082e-05 7.945548711424281485e-02 1.000000000000000082e-05 1.344295517963263187e-01 1.000000000000000082e-05
9.229358163691827460e-03 1.275107107887933355e-01 7.908767029051976677e-03 9.028630118634051183e-02 1.000000000000000082e-05
3.731357463401104024e-02 1.142939474924917348e-01 5.276695649622178963e-02 2.255759740560363616e-02 1.000000000000000082e-05
6.732352366597607607e-02 4.454326044567114701e-02 9.209046618706472065e-02 1.000000000000000082e-05 1.000000000000000082e-05
3.958623835049632916e-02 1.000000000000000082e-05 1.084590077979402239e-01 1.000000000000000082e-05 1.000000000000000082e-05
1.651748986045234110e-02 1.000000000000000082e-05 7.710826764899479657e-02 1.000000000000000082e-05 1.000000000000000082e-05
1.663738123810890035e-03 1.000000000000000082e-05 3.579226865964497961e-02 1.000000000000000082e-05 1.000000000000000082e-05
9.021018828926752331e-03 1.000000000000000082e-05 2.826288085533398657e-03 1.000000000000000082e-05 1.000000000000000082e-05
4.424733449492583917e-03 1.000000000000000082e-05 1.233666082708125738e-03 1.000000000000000082e-05 1.000000000000000082e-05
0.000000000000000000e+00 -0.000000000000000000e+00 -0.000000000000000000e+00 -0.000000000000000000e+00 0.000000000000000000e+00
0.000000000000000000e+00 -0.000000000000000000e+00 -0.000000000000000000e+00 -0.000000000000000000e+00 0.000000000000000000e+00
0.000000000000000000e+00 -0.000000000000000000e+00 -0.000000000000000000e+00 -0.000000000000000000e+00 0.000000000000000000e+00
0.000000000000000000e+00 -0.000000000000000000e+00 -0.000000000000000000e+00 -0.000000000000000000e+00 0.000000000000000000e+00
0.000000000000000000e+00 -0.000000000000000000e+00 -0.000000000000000000e+00 -0.000000000000000000e+00 0.000000000000000000e+00
0.000000000000000000e+00 -0.000000000000000000e+00 -0.000000000000000000e+00 -0.000000000000000000e+00 0.000000000000000000e+00
0.000000000000000000e+00 -0.000000000000000000e+00 -0.000000000000000000e+00 -0.000000000000000000e+00 0.000000000000000000e+00
0.000000000000000000e+00 -0.000000000000000000e+00 -0.000000000000000000e+00 -0.000000000000000000e+00 0.000000000000000000e+00
0.000000000000000000e+00 -0.000000000000000000e+00 -0.000000000000000000e+00 -0.000000000000000000e+00 0.000000000000000000e+00
0.000000000000000000e+00 -0.000000000000000000e+00 -0.000000000000000000e+00 -0.000000000000000000e+00 0.000000000000000000e+00
0.000000000000000000e+00 -0.000000000000000000e+00 -0.000000000000000000e+00 -0.000000000000000000e+00 0.000000000000000000e+00
1.000000000000000082e-05 1.000000000000000082e-05 1.456072596136771376e-05 1.000000000000000082e-05 2.365313893770049525e-04
1.000000000000000082e-05 1.000000000000000082e-05 1.375499074342316453e-03 1.000000000000000082e-05 9.227616195995930540e-03
1.000000000000000082e-05 1.000000000000000082e-05 4.876799489299191680e-03 1.000000000000000082e-05 2.730630746326213193e-02
1.000000000000000082e-05 1.000000000000000082e-05 7.477802157605639016e-03 1.000000000000000082e-05 7.287331126866714026e-02
1.000000000000000082e-05 1.000000000000000082e-05 7.662712882781071676e-03 5.132450507527753104e-04 1.370580845259311842e-01
7.603282064587741675e-03 1.000000000000000082e-05 1.000000000000000082e-05 4.568415296602666015e-02 1.172700544990181448e-01
2.986425784972823630e-04 1.000000000000000082e-05 1.000000000000000082e-05 1.032495945840357920e-01 6.535402039218485282e-02
1.000000000000000082e-05 3.326640196306688418e-02 1.000000000000000082e-05 1.333530305313905540e-01 7.744834433928772825e-04
1.000000000000000082e-05 1.053765701353157058e-01 1.000000000000000082e-05 1.104502943321108988e-01 1.000000000000000082e-05
1.644358012217603943e-02 1.256717590458288070e-01 2.910649034556150871e-02 4.597330935384551232e-02 1.000000000000000082e-05
4.318495066663812637e-02 9.977494666522687683e-02 6.148043532700198793e-02 1.000000000000000082e-05 1.000000000000000082e-05
5.825350613279613177e-02 2.739200384747665640e-02 9.416977323252978538e-02 1.000000000000000082e-05 1.000000000000000082e-05
3.328600453097351614e-02 1.000000000000000082e-05 1.062784833196530748e-01 1.000000000000000082e-05 1.000000000000000082e-05
1.739360687280838702e-02 1.000000000000000082e-05 7.498617345901902043e-02 1.000000000000000082e-05 1.000000000000000082e-05
9.625248432959650430e-04 1.000000000000000082e-05 2.776082712094462765e-02 1.000000000000000082e-05 1.000000000000000082e-05
5.368262592476405991e-03 1.000000000000000082e-05 3.115490301595027871e-03 1.000000000000000082e-05 1.000000000000000082e-05
3.095133742994811855e-03 1.000000000000000082e-05 8.629585406135655652e-04 1.000000000000000082e-05 1.000000000000000082e-05
0.000000000000000000e+00 -0.000000000000000000e+00 -0.000000000000000000e+00 -0.000000000000000000e+00 0.000000000000000000e+00
0.000000000000000000e+00 -0.000000000000000000e+00 -0.000000000000000000e+00 -0.000000000000000000e+00 0.000000000000000000e+00
0.000000000000000000e+00 -0.000000000000000000e+00 -0.000000000000000000e+00 -0.000000000000000000e+00 0.000000000000000000e+00
0.000000000000000000e+00 -0.000000000000000000e+00 -0.000000000000000000e+00 -0.000000000000000000e+00 0.000000000000000000e+00
0.000000000000000000e+00 -0.000000000000000000e+00 -0.000000000000000000e+00 -0.000000000000000000e+00 0.000000000000000000e+00
0.000000000000000000e+00 -0.000000000000000000e+00 -0.000000000000000000e+00 -0.000000000000000000e+00 0.000000000000000000e+00
0.000000000000000000e+00 -0.000000000000000000e+00 -0.000000000000000000e+00 -0.000000000000000000e+00 0.000000000000000000e+00
0.000000000000000000e+00 -0.000000000000000000e+00 -0.000000000000000000e+00 -0.000000000000000000e+00 0.000000000000000000e+00
0.000000000000000000e+00 -0.000000000000000000e+00 -0.000000000000000000e+00 -0.000000000000000000e+00 0.000000000000000000e+00
0.000000000000000000e+00 -0.000000000000000000e+00 -0.000000000000000000e+00 -0.000000000000000000e+00 0.000000000000000000e+00
0.000000000000000000e+00 -0.000000000000000000e+00 -0.000000000000000000e+00 -0.000000000000000000e+00 0.000000000000000000e+00
1.000000000000000082e-05 1.000000000000000082e-05 8.518922116697306881e-05 1.000000000000000082e-05 1.649945117409609913e-03
1.000000000000000082e-05 1.000000000000000082e-05 4.690297483688981618e-03 1.000000000000000082e-05 2.224863644588518860e-02
1.000000000000000082e-05 1.000000000000000082e-05 7.207358210189319589e-03 1.000000000000000082e-05 3.880070494915492663e-02
1.000000000000000082e-05 1.000000000000000082e-05 9.377108963477116116e-03 1.000000000000000082e-05 1.160540091508556193e-01
1.149548510525085290e-02 1.000000000000000082e-05 1.000000000000000082e-05 2.640767889238058649e-02 1.222560463867987390e-01
6.994867506363956940e-03 1.000000000000000082e-05 1.000000000000000082e-05 8.498079579650213988e-02 7.564633538524059841e-02
1.000000000000000082e-05 9.259256483763462012e-03 1.000000000000000082e-05 1.242307540512460617e-01 1.338674185128076871e-02
1.000000000000000082e-05 4.405635430691973164e-02 1.000000000000000082e-05 1.241145280715928445e-01 1.000000000000000082e-05
1.000000000000000082e-05 1.143374115267806052e-01 1.000000000000000082e-05 7.486216806707934879e-02 1.000000000000000082e-05
3.319457430123733122e-02 1.191526320510795656e-01 3.453121965644693342e-02 1.168075467031944037e-02 1.000000000000000082e-05
4.878959529719381627e-02 9.139145354672249810e-02 6.217828778659458683e-02 1.000000000000000082e-05 1.000000000000000082e-05
4.618858727723230279e-02 1.663560484678296147e-02 9.391689112330017797e-02 1.000000000000000082e-05 1.000000000000000082e-05
3.423888357499829671e-02 1.000000000000000082e-05 1.059398451058882751e-01 1.000000000000000082e-05 1.000000000000000082e-05
1.774905957619068650e-02 1.000000000000000082e-05 6.742049632716297369e-02 1.000000000000000082e-05 1.000000000000000082e-05
1.000000000000000082e-05 1.000000000000000082e-05 2.641933563537127855e-02 1.000000000000000082e-05 1.000000000000000082e-05
5.492772557990794995e-03 1.000000000000000082e-05 1.531447550948018561e-03 1.000000000000000082e-05 1.000000000000000082e-05
2.223265082996274660e-03 1.000000000000000082e-05 6.198716277646737147e-04 1.000000000000000082e-05 1.000000000000000082e-05
0.000000000000000000e+00 -0.000000000000000000e+00 -0.000000000000000000e+00 -0.000000000000000000e+00 0.000000000000000000e+00
0.000000000000000000e+00 -0.000000000000000000e+00 -0.000000000000000000e+00 -0.000000000000000000e+00 0.000000000000000000e+00
0.000000000000000000e+00 -0.000000000000000000e+00 -0.000000000000000000e+00 -0.000000000000000000e+00 0.000000000000000000e+00
0.000000000000000000e+00 -0.000000000000000000e+00 -0.000000000000000000e+00 -0.000000000000000000e+00 0.000000000000000000e+00
0.000000000000000000e+00 -0.000000000000000000e+00 -0.000000000000000000e+00 -0.000000000000000000e+00 0.000000000000000000e+00
0.000000000000000000e+00 -0.000000000000000000e+00 -0.000000000000000000e+00 -0.000000000000000000e+00 0.000000000000000000e+00
0.000000000000000000e+00 -0.000000000000000000e+00 -0.000000000000000000e+00 -0.000000000000000000e+00 0.000000000000000000e+00
0.000000000000000000e+00 -0.000000000000000000e+00 -0.000000000000000000e+00 -0.000000000000000000e+00 0.000000000000000000e+00
0.000000000000000000e+00 -0.000000000000000000e+00 -0.000000000000000000e+00 -0.000000000000000000e+00 0.000000000000000000e+00
0.000000000000000000e+00 -0.000000000000000000e+00 -0.000000000000000000e+00 -0.000000000000000000e+00 0.000000000000000000e+00
0.000000000000000000e+00 -0.000000000000000000e+00 -0.000000000000000000e+00 -0.000000000000000000e+00 0.000000000000000000e+00
2.788600814779175355e-04 1.000000000000000082e-05 8.271432204037472197e-05 1.000000000000000082e-05 4.980223960317128537e-03
1.000000000000000082e-05 1.000000000000000082e-05 3.875839933049371987e-03 1.000000000000000082e-05 2.674263768736466138e-02
1.000000000000000082e-05 1.000000000000000082e-05 9.569489321390898737e-03 1.000000000000000082e-05 6.426475128120764935e-02
6.236237139011380042e-03 1.000000000000000082e-05 5.551656364279613717e-03 5.020615175572411618e-03 1.066070063562957054e-01
9.996873191327203950e-03 1.000000000000000082e-05 1.000000000000000082e-05 4.571611714087382011e-02 9.444285921698225561e-02
1.000000000000000082e-05 1.000000000000000082e-05 1.000000000000000082e-05 9.966590897368046709e-02 3.178035886774361468e-02
1.000000000000000082e-05 2.612694613423966611e-03 1.000000000000000082e-05 1.232398343382297839e-01 1.000000000000000082e-05
1.000000000000000082e-05 3.911738913567690962e-02 1.000000000000000082e-05 9.863622994293798352e-02 1.000000000000000082e-05
1.316437534495215091e-02 9.394850322408884735e-02 3.863865770047584473e-03 3.759089017942891797e-02 1.000000000000000082e-05
3.846604679222588585e-02 1.054965982170061739e-01 3.266068371119074804e-02 1.000000000000000082e-05 1.000000000000000082e-05
3.177362190207537462e-02 6.399068359704092324e-02 7.497399497522046208e-02 1.000000000000000082e-05 1.000000000000000082e-05
3.058564841814701354e-02 3.764931771799787715e-03 1.017620655236495947e-01 1.000000000000000082e-05 1.000000000000000082e-05
2.600699761866205606e-02 1.000000000000000082e-05 1.006486959042923734e-01 1.000000000000000082e-05 1.000000000000000082e-05
2.129501634139352364e-03 1.000000000000000082e-05 4.960154910721484289e-02 1.000000000000000082e-05 1.000000000000000082e-05
1.000000000000000082e-05 1.000000000000000082e-05 1.887618195658825881e-02 1.000000000000000082e-05 1.000000000000000082e-05
5.514569274490756928e-03 1.000000000000000082e-05 1.537524723769239602e-03 1.000000000000000082e-05 1.000000000000000082e-05
0.000000000000000000e+00 -0.000000000000000000e+00 -0.000000000000000000e+00 -0.000000000000000000e+00 0.000000000000000000e+00
0.000000000000000000e+00 -0.000000000000000000e+00 -0.000000000000000000e+00 -0.000000000000000000e+00 0.000000000000000000e+00
0.000000000000000000e+00 -0.000000000000000000e+00 -0.000000000000000000e+00 -0.000000000000000000e+00 0.000000000000000000e+00
0.000000000000000000e+00 -0.000000000000000000e+00 -0.000000000000000000e+00 -0.000000000000000000e+00 0.000000000000000000e+00
0.000000000000000000e+00 -0.000000000000000000e+00 -0.000000000000000000e+00 -0.000000000000000000e+00 0.000000000000000000e+00
0.000000000000000000e+00 -0.000000000000000000e+00 -0.000000000000000000e+00 -0.000000000000000000e+00 0.000000000000000000e+00
0.000000000000000000e+00 -0.000000000000000000e+00 -0.000000000000000000e+00 -0.000000000000000000e+00 0.000000000000000000e+00
0.000000000000000000e+00 -0.000000000000000000e+00 -0.000000000000000000e+00 -0.000000000000000000e+00 0.000000000000000000e+00
0.000000000000000000e+00 -0.000000000000000000e+00 -0.000000000000000000e+00 -0.000000000000000000e+00 0.000000000000000000e+00
0.000000000000000000e+00 -0.000000000000000000e+00 -0.000000000000000000e+00 -0.000000000000000000e+00 0.000000000000000000e+00
0.000000000000000000e+00 -0.000000000000000000e+00 -0.000000000000000000e+00 -0.000000000000000000e+00 0.000000000000000000e+00
0.000000000000000000e+00 -0.000000000000000000e+00 -0.000000000000000000e+00 -0.000000000000000000e+00 0.000000000000000000e+00
4.029396301620726960e-04 1.000000000000000082e-05 3.660535649604362894e-05 1.000000000000000082e-05 4.231207893956613446e-03
5.512697208959126474e-03 1.000000000000000082e-05 1.000000000000000082e-05 1.000000000000000082e-05 2.139510883809914860e-02
1.775295052889649602e-02 1.000000000000000082e-05 8.522272685153376749e-04 8.692939448303821587e-04 4.393948857312513639e-02
1.833309852399688314e-02 1.000000000000000082e-05 5.011696474394035069e-04 1.346614558133329975e-02 5.228010741048101651e-02
1.000000000000000082e-05 1.000000000000000082e-05 3.691119153356292701e-04 3.971798333613896226e-02 3.390748040566984867e-02
1.000000000000000082e-05 1.000000000000000082e-05 2.143525690737665274e-03 7.487121789386055881e-02 1.000000000000000082e-05
1.000000000000000082e-05 1.000000000000000082e-05 1.000000000000000082e-05 8.500063881730732240e-02 1.000000000000000082e-05
7.379655755924427810e-03 1.117648789240954267e-02 1.000000000000000082e-05 5.178583787048962606e-02 1.000000000000000082e-05
1.889946689456189349e-02 4.640198270171411177e-02 5.965379648730796333e-03 6.328839457316081871e-03 1.000000000000000082e-05
1.607695282187796698e-02 4.983853505744154089e-02 2.953416737997545741e-02 1.000000000000000082e-05 1.000000000000000082e-05
1.112447179921128432e-02 1.726567596246409222e-02 6.082773624437168986e-02 1.000000000000000082e-05 1.000000000000000082e-05
1.154139097783185922e-02 1.000000000000000082e-05 8.002292080874449931e-02 1.000000000000000082e-05 1.000000000000000082e-05
1.198162228700734230e-02 1.000000000000000082e-05 6.005588379461214432e-02 1.000000000000000082e-05 1.000000000000000082e-05
9.418708779747800644e-03 1.000000000000000082e-05 2.809896544724573356e-02 1.000000000000000082e-05 1.000000000000000082e-05
2.533334236269917192e-03 1.000000000000000082e-05 9.564661551982338653e-03 1.000000000000000082e-05 1.000000000000000082e-05
4.620903897992256065e-03 1.000000000000000082e-05 1.288360638099125951e-03 1.000000000000000082e-05 1.000000000000000082e-05
0.000000000000000000e+00 -0.000000000000000000e+00 -0.000000000000000000e+00 -0.000000000000000000e+00 0.000000000000000000e+00
0.000000000000000000e+00 -0.000000000000000000e+00 -0.000000000000000000e+00 -0.000000000000000000e+00 0.000000000000000000e+00
0.000000000000000000e+00 -0.000000000000000000e+00 -0.000000000000000000e+00 -0.000000000000000000e+00 0.000000000000000000e+00
0.000000000000000000e+00 -0.000000000000000000e+00 -0.000000000000000000e+00 -0.000000000000000000e+00 0.000000000000000000e+00
0.000000000000000000e+00 -0.000000000000000000e+00 -0.000000000000000000e+00 -0.000000000000000000e+00 0.000000000000000000e+00
0.000000000000000000e+00 -0.000000000000000000e+00 -0.000000000000000000e+00 -0.000000000000000000e+00 0.000000000000000000e+00
0.000000000000000000e+00 -0.000000000000000000e+00 -0.000000000000000000e+00 -0.000000000000000000e+00 0.000000000000000000e+00
0.000000000000000000e+00 -0.000000000000000000e+00 -0.000000000000000000e+00 -0.000000000000000000e+00 0.000000000000000000e+00
0.000000000000000000e+00 -0.000000000000000000e+00 -0.000000000000000000e+00 -0.000000000000000000e+00 0.000000000000000000e+00
0.000000000000000000e+00 -0.000000000000000000e+00 -0.000000000000000000e+00 -0.000000000000000000e+00 0.000000000000000000e+00
0.000000000000000000e+00 -0.000000000000000000e+00 -0.000000000000000000e+00 -0.000000000000000000e+00 0.000000000000000000e+00
0.000000000000000000e+00 -0.000000000000000000e+00 -0.000000000000000000e+00 -0.000000000000000000e+00 0.000000000000000000e+00
0.000000000000000000e+00 -0.000000000000000000e+00 -0.000000000000000000e+00 -0.000000000000000000e+00 0.000000000000000000e+00
7.720017182569547179e-03 1.000000000000000082e-05 1.000000000000000082e-05 1.081023736321830514e-03 1.000000000000000082e-05
1.395038843203420462e-02 1.000000000000000082e-05 1.000000000000000082e-05 1.517710164534935178e-03 2.103434119686769122e-03
1.051040441575691771e-02 1.000000000000000082e-05 1.000000000000000082e-05 1.840160745278402767e-03 6.971866493988625353e-03
4.163767494217373265e-03 1.000000000000000082e-05 1.000000000000000082e-05 1.922347995120240799e-03 3.869774768841552793e-03
0.000000000000000000e+00 -0.000000000000000000e+00 -0.000000000000000000e+00 -0.000000000000000000e+00 0.000000000000000000e+00
7.431344100114704171e-04 1.000000000000000082e-05 1.000000000000000082e-05 1.000000000000000082e-05 1.000000000000000082e-05
1.257135710269404079e-02 1.000000000000000082e-05 1.000000000000000082e-05 1.000000000000000082e-05 1.000000000000000082e-05
1.544716474212773534e-02 2.801198857206113352e-03 1.000000000000000082e-05 1.000000000000000082e-05 1.000000000000000082e-05
1.340051110576913514e-02 6.424557418490139254e-03 1.000000000000000082e-05 1.000000000000000082e-05 1.000000000000000082e-05
1.053021559530342190e-02 1.350770687924637663e-03 3.013724736338842074e-03 1.000000000000000082e-05 1.000000000000000082e-05
1.420899482611628559e-02 1.000000000000000082e-05 1.018770274594187931e-02 1.000000000000000082e-05 1.000000000000000082e-05
1.850063062974478464e-02 1.000000000000000082e-05 1.402787649861831319e-02 1.000000000000000082e-05 1.000000000000000082e-05
1.415347952174078605e-02 1.000000000000000082e-05 7.809613469985399528e-03 1.000000000000000082e-05 1.000000000000000082e-05
5.125096145952775899e-03 1.000000000000000082e-05 1.379564687932446909e-03 1.000000000000000082e-05 1.000000000000000082e-05
0.000000000000000000e+00 -0.000000000000000000e+00 -0.000000000000000000e+00 -0.000000000000000000e+00 0.000000000000000000e+00
0.000000000000000000e+00 -0.000000000000000000e+00 -0.000000000000000000e+00 -0.000000000000000000e+00 0.000000000000000000e+00
0.000000000000000000e+00 -0.000000000000000000e+00 -0.000000000000000000e+00 -0.000000000000000000e+00 0.000000000000000000e+00
0.000000000000000000e+00 -0.000000000000000000e+00 -0.000000000000000000e+00 -0.000000000000000000e+00 0.000000000000000000e+00
0.000000000000000000e+00 -0.000000000000000000e+00 -0.000000000000000000e+00 -0.000000000000000000e+00 0.000000000000000000e+00
0.000000000000000000e+00 -0.000000000000000000e+00 -0.000000000000000000e+00 -0.000000000000000000e+00 0.000000000000000000e+00
0.000000000000000000e+00 -0.000000000000000000e+00 -0.000000000000000000e+00 -0.000000000000000000e+00 0.000000000000000000e+00
0.000000000000000000e+00 -0.000000000000000000e+00 -0.000000000000000000e+00 -0.000000000000000000e+00 0.000000000000000000e+00
0.000000000000000000e+00 -0.000000000000000000e+00 -0.000000000000000000e+00 -0.000000000000000000e+00 0.000000000000000000e+00
