0.000000000000000000e+00 -0.000000000000000000e+00 -0.000000000000000000e+00 -0.000000000000000000e+00 0.000000000000000000e+00
0.000000000000000000e+00 -0.000000000000000000e+00 -0.000000000000000000e+00 -0.000000000000000000e+00 0.000000000000000000e+00
0.000000000000000000e+00 -0.000000000000000000e+00 0.000000000000000000e+00 -0.000000000000000000e+00 0.000000000000000000e+00
0.000000000000000000e+00 -0.000000000000000000e+00 0.000000000000000000e+00 0.000000000000000000e+00 0.000000000000000000e+00
0.000000000000000000e+00 -0.000000000000000000e+00 0.000000000000000000e+00 0.000000000000000000e+00 0.000000000000000000e+00
0.000000000000000000e+00 -0.000000000000000000e+00 0.000000000000000000e+00 0.000000000000000000e+00 0.000000000000000000e+00
0.000000000000000000e+00 -0.000000000000000000e+00 0.000000000000000000e+00 0.000000000000000000e+00 0.000000000000000000e+00
0.000000000000000000e+00 -0.000000000000000000e+00 0.000000000000000000e+00 0.000000000000000000e+00 0.000000000000000000e+00
0.000000000000000000e+00 -0.000000000000000000e+00 0.000000000000000000e+00 0.000000000000000000e+00 0.000000000000000000e+00
0.000000000000000000e+00 -0.000000000000000000e+00 0.000000000000000000e+00 0.000000000000000000e+00 0.000000000000000000e+00
0.000000000000000000e+00 -0.000000000000000000e+00 0.000000000000000000e+00 0.000000000000000000e+00 0.000000000000000000e+00
0.000000000000000000e+00 -0.000000000000000000e+00 0.000000000000000000e+00 0.000000000000000000e+00 0.000000000000000000e+00
0.000000000000000000e+00 -0.000000000000000000e+00 0.000000000000000000e+00 0.000000000000000000e+00 0.000000000000000000e+00
0.000000000000000000e+00 -0.000000000000000000e+00 0.000000000000000000e+00 0.000000000000000000e+00 0.000000000000000000e+00
0.000000000000000000e+00 -0.000000000000000000e+00 0.000000000000000000e+00 0.000000000000000000e+00 0.000000000000000000e+00
0.000000000000000000e+00 -0.000000000000000000e+00 0.000000000000000000e+00 0.000000000000000000e+00 0.000000000000000000e+00
0.000000000000000000e+00 -0.000000000000000000e+00 0.000000000000000000e+00 0.000000000000000000e+00 0.000000000000000000e+00
0.000000000000000000e+00 -0.000000000000000000e+00 0.000000000000000000e+00 0.000000000000000000e+00 0.000000000000000000e+00
0.000000000000000000e+00 -0.000000000000000000e+00 0.000000000000000000e+00 0.000000000000000000e+00 0.000000000000000000e+00
0.000000000000000000e+00 -0.000000000000000000e+00 0.000000000000000000e+00 0.000000000000000000e+00 0.000000000000000000e+00
0.000000000000000000e+00 -0.000000000000000000e+00 0.000000000000000000e+00 0.000000000000000000e+00 0.000000000000000000e+00
0.000000000000000000e+00 -0.000000000000000000e+00 0.000000000000000000e+00 0.000000000000000000e+00 0.000000000000000000e+00
0.000000000000000000e+00 -0.000000000000000000e+00 0.000000000000000000e+00 0.000000000000000000e+00 0.000000000000000000e+00
0.000000000000000000e+00 -0.000000000000000000e+00 0.000000000000000000e+00 0.000000000000000000e+00 0.000000000000000000e+00
0.000000000000000000e+00 -0.000000000000000000e+00 0.000000000000000000e+00 0.000000000000000000e+00 0.000000000000000000e+00
0.000000000000000000e+00 -0.000000000000000000e+00 0.000000000000000000e+00 0.000000000000000000e+00 0.000000000000000000e+00
0.000000000000000000e+00 -0.000000000000000000e+00 0.000000000000000000e+00 0.000000000000000000e+00 0.000000000000000000e+00
0.000000000000000000e+00 -0.000000000000000000e+00 0.000000000000000000e+00 0.000000000000000000e+00 0.000000000000000000e+00
0.000000000000000000e+00 -0.000000000000000000e+00 0.000000000000000000e+00 0.000000000000000000e+00 0.000000000000000000e+00
0.000000000000000000e+00 -0.000000000000000000e+00 0.000000000000000000e+00 0.000000000000000000e+00 0.000000000000000000e+00
0.000000000000000000e+00 -0.000000000000000000e+00 0.000000000000000000e+00 0.000000000000000000e+00 0.000000000000000000e+00
0.000000000000000000e+00 -0.000000000000000000e+00 0.000000000000000000e+00 0.000000000000000000e+00 0.000000000000000000e+00
0.000000000000000000e+00 -0.000000000000000000e+00 0.000000000000000000e+00 0.000000000000000000e+00 0.000000000000000000e+00
0.000000000000000000e+00 -0.000000000000000000e+00 0.000000000000000000e+00 0.000000000000000000e+00 0.000000000000000000e+00
0.000000000000000000e+00 -0.000000000000000000e+00 0.000000000000000000e+00 0.000000000000000000e+00 0.000000000000000000e+00
0.000000000000000000e+00 -0.000000000000000000e+00 0.000000000000000000e+00 0.000000000000000000e+00 0.000000000000000000e+00
0.000000000000000000e+00 -0.000000000000000000e+00 0.000000000000000000e+00 0.000000000000000000e+00 0.000000000000000000e+00
0.000000000000000000e+00 -0.000000000000000000e+00 0.000000000000000000e+00 0.000000000000000000e+00 0.000000000000000000e+00
0.000000000000000000e+00 -0.000000000000000000e+00 0.000000000000000000e+00 0.000000000000000000e+00 0.000000000000000000e+00
0.000000000000000000e+00 -0.000000000000000000e+00 0.000000000000000000e+00 0.000000000000000000e+00 0.000000000000000000e+00
0.000000000000000000e+00 -0.000000000000000000e+00 0.000000000000000000e+00 0.000000000000000000e+00 0.000000000000000000e+00
0.000000000000000000e+00 -0.000000000000000000e+00 0.000000000000000000e+00 0.000000000000000000e+00 0.000000000000000000e+00
0.000000000000000000e+00 -0.000000000000000000e+00 0.000000000000000000e+00 0.000000000000000000e+00 0.000000000000000000e+00
0.000000000000000000e+00 -0.000000000000000000e+00 0.000000000000000000e+00 0.000000000000000000e+00 0.000000000000000000e+00
0.000000000000000000e+00 -0.000000000000000000e+00 0.000000000000000000e+00 0.000000000000000000e+00 0.000000000000000000e+00
0.000000000000000000e+00 -0.000000000000000000e+00 0.000000000000000000e+00 0.000000000000000000e+00 0.000000000000000000e+00
0.000000000000000000e+00 -0.000000000000000000e+00 0.000000000000000000e+00 0.000000000000000000e+00 0.000000000000000000e+00
0.000000000000000000e+00 -0.000000000000000000e+00 0.000000000000000000e+00 0.000000000000000000e+00 0.000000000000000000e+00
0.000000000000000000e+00 -0.000000000000000000e+00 0.000000000000000000e+00 0.000000000000000000e+00 0.000000000000000000e+00
0.000000000000000000e+00 -0.000000000000000000e+00 0.000000000000000000e+00 0.000000000000000000e+00 0.000000000000000000e+00
0.000000000000000000e+00 -0.000000000000000000e+00 0.000000000000000000e+00 0.000000000000000000e+00 0.000000000000000000e+00
0.000000000000000000e+00 -0.000000000000000000e+00 0.000000000000000000e+00 0.000000000000000000e+00 0.000000000000000000e+00
0.000000000000000000e+00 -0.000000000000000000e+00 0.000000000000000000e+00 0.000000000000000000e+00 0.000000000000000000e+00
0.000000000000000000e+00 -0.000000000000000000e+00 0.000000000000000000e+00 0.000000000000000000e+00 0.000000000000000000e+00
0.000000000000000000e+00 -0.000000000000000000e+00 0.000000000000000000e+00 0.000000000000000000e+00 0.000000000000000000e+00
0.000000000000000000e+00 -0.000000000000000000e+00 0.000000000000000000e+00 0.000000000000000000e+00 0.000000000000000000e+00
0.000000000000000000e+00 -0.000000000000000000e+00 0.000000000000000000e+00 0.000000000000000000e+00 0.000000000000000000e+00
0.000000000000000000e+00 -0.000000000000000000e+00 0.000000000000000000e+00 0.000000000000000000e+00 0.000000000000000000e+00
0.000000000000000000e+00 -0.000000000000000000e+00 0.000000000000000000e+00 0.000000000000000000e+00 0.000000000000000000e+00
0.000000000000000000e+00 -0.000000000000000000e+00 0.000000000000000000e+00 0.000000000000000000e+00 0.000000000000000000e+00
0.000000000000000000e+00 -0.000000000000000000e+00 0.000000000000000000e+00 0.000000000000000000e+00 0.000000000000000000e+00
0.000000000000000000e+00 -0.000000000000000000e+00 0.000000000000000000e+00 0.000000000000000000e+00 0.000000000000000000e+00
0.000000000000000000e+00 -0.000000000000000000e+00 0.000000000000000000e+00 0.000000000000000000e+00 0.000000000000000000e+00
0.000000000000000000e+00 -0.000000000000000000e+00 0.000000000000000000e+00 0.000000000000000000e+00 0.000000000000000000e+00
0.000000000000000000e+00 -0.000000000000000000e+00 0.000000000000000000e+00 0.000000000000000000e+00 0.000000000000000000e+00
0.000000000000000000e+00 -0.000000000000000000e+00 0.000000000000000000e+00 0.000000000000000000e+00 0.000000000000000000e+00
0.000000000000000000e+00 -0.000000000000000000e+00 0.000000000000000000e+00 0.000000000000000000e+00 0.000000000000000000e+00
0.000000000000000000e+00 -0.000000000000000000e+00 0.000000000000000000e+00 0.000000000000000000e+00 0.000000000000000000e+00
0.000000000000000000e+00 -0.000000000000000000e+00 0.000000000000000000e+00 0.000000000000000000e+00 0.000000000000000000e+00
0.000000000000000000e+00 -0.000000000000000000e+00 0.000000000000000000e+00 0.000000000000000000e+00 0.000000000000000000e+00
0.000000000000000000e+00 -0.000000000000000000e+00 0.000000000000000000e+00 0.000000000000000000e+00 0.000000000000000000e+00
0.000000000000000000e+00 -0.000000000000000000e+00 0.000000000000000000e+00 0.000000000000000000e+00 0.000000000000000000e+00
0.000000000000000000e+00 -0.000000000000000000e+00 0.000000000000000000e+00 0.000000000000000000e+00 0.000000000000000000e+00
0.000000000000000000e+00 -0.000000000000000000e+00 0.000000000000000000e+00 0.000000000000000000e+00 0.000000000000000000e+00
0.000000000000000000e+00 -0.000000000000000000e+00 0.000000000000000000e+00 0.000000000000000000e+00 0.000000000000000000e+00
0.000000000000000000e+00 -0.000000000000000000e+00 0.000000000000000000e+00 0.000000000000000000e+00 0.000000000000000000e+00
0.000000000000000000e+00 -0.000000000000000000e+00 0.000000000000000000e+00 0.000000000000000000e+00 0.000000000000000000e+00
0.000000000000000000e+00 -0.000000000000000000e+00 0.000000000000000000e+00 0.000000000000000000e+00 0.000000000000000000e+00
0.000000000000000000e+00 -0.000000000000000000e+00 0.000000000000000000e+00 0.000000000000000000e+00 0.000000000000000000e+00
0.000000000000000000e+00 -0.000000000000000000e+00 0.000000000000000000e+00 0.000000000000000000e+00 0.000000000000000000e+00
0.000000000000000000e+00 -0.000000000000000000e+00 0.000000000000000000e+00 0.000000000000000000e+00 0.000000000000000000e+00
0.000000000000000000e+00 -0.000000000000000000e+00 0.000000000000000000e+00 0.000000000000000000e+00 0.000000000000000000e+00
0.000000000000000000e+00 -0.000000000000000000e+00 0.000000000000000000e+00 0.000000000000000000e+00 0.000000000000000000e+00
0.000000000000000000e+00 -0.000000000000000000e+00 0.000000000000000000e+00 0.000000000000000000e+00 0.000000000000000000e+00
0.000000000000000000e+00 -0.000000000000000000e+00 0.000000000000000000e+00 0.000000000000000000e+00 0.000000000000000000e+00
0.000000000000000000e+00 -0.000000000000000000e+00 0.000000000000000000e+00 0.000000000000000000e+00 0.000000000000000000e+00
0.000000000000000000e+00 -0.000000000000000000e+00 0.000000000000000000e+00 0.000000000000000000e+00 0.000000000000000000e+00
0.000000000000000000e+00 -0.000000000000000000e+00 0.000000000000000000e+00 0.000000000000000000e+00 0.000000000000000000e+00
0.000000000000000000e+00 -0.000000000000000000e+00 0.000000000000000000e+00 0.000000000000000000e+00 0.000000000000000000e+00
0.000000000000000000e+00 -0.000000000000000000e+00 0.000000000000000000e+00 0.000000000000000000e+00 0.000000000000000000e+00
0.000000000000000000e+00 -0.000000000000000000e+00 0.000000000000000000e+00 0.000000000000000000e+00 0.000000000000000000e+00
0.000000000000000000e+00 -0.000000000000000000e+00 0.000000000000000000e+00 0.000000000000000000e+00 0.000000000000000000e+00
0.000000000000000000e+00 -0.000000000000000000e+00 0.000000000000000000e+00 0.000000000000000000e+00 0.000000000000000000e+00
0.000000000000000000e+00 -0.000000000000000000e+00 0.000000000000000000e+00 0.000000000000000000e+00 0.000000000000000000e+00
0.000000000000000000e+00 -0.000000000000000000e+00 0.000000000000000000e+00 0.000000000000000000e+00 0.000000000000000000e+00
0.000000000000000000e+00 -0.000000000000000000e+00 0.000000000000000000e+00 0.000000000000000000e+00 0.000000000000000000e+00
0.000000000000000000e+00 -0.000000000000000000e+00 0.000000000000000000e+00 0.000000000000000000e+00 0.000000000000000000e+00
0.000000000000000000e+00 -0.000000000000000000e+00 0.000000000000000000e+00 0.000000000000000000e+00 0.000000000000000000e+00
0.000000000000000000e+00 -0.000000000000000000e+00 0.000000000000000000e+00 0.000000000000000000e+00 0.000000000000000000e+00
0.000000000000000000e+00 -0.000000000000000000e+00 0.000000000000000000e+00 0.000000000000000000e+00 0.000000000000000000e+00
0.000000000000000000e+00 -0.000000000000000000e+00 0.000000000000000000e+00 0.000000000000000000e+00 0.000000000000000000e+00
0.000000000000000000e+00 -0.000000000000000000e+00 0.000000000000000000e+00 0.000000000000000000e+00 0.000000000000000000e+00
0.000000000000000000e+00 -0.000000000000000000e+00 0.000000000000000000e+00 0.000000000000000000e+00 0.000000000000000000e+00
0.000000000000000000e+00 -0.000000000000000000e+00 0.000000000000000000e+00 0.000000000000000000e+00 0.000000000000000000e+00
0.000000000000000000e+00 -0.000000000000000000e+00 0.000000000000000000e+00 0.000000000000000000e+00 0.000000000000000000e+00
0.000000000000000000e+00 -0.000000000000000000e+00 0.000000000000000000e+00 0.000000000000000000e+00 0.000000000000000000e+00
0.000000000000000000e+00 -0.000000000000000000e+00 0.000000000000000000e+00 0.000000000000000000e+00 0.000000000000000000e+00
0.000000000000000000e+00 -0.000000000000000000e+00 0.000000000000000000e+00 0.000000000000000000e+00 0.000000000000000000e+00
0.000000000000000000e+00 -0.000000000000000000e+00 0.000000000000000000e+00 0.000000000000000000e+00 0.000000000000000000e+00
0.000000000000000000e+00 -0.000000000000000000e+00 0.000000000000000000e+00 0.000000000000000000e+00 0.000000000000000000e+00
0.000000000000000000e+00 -0.000000000000000000e+00 0.000000000000000000e+00 0.000000000000000000e+00 0.000000000000000000e+00
0.000000000000000000e+00 -0.000000000000000000e+00 0.000000000000000000e+00 0.000000000000000000e+00 0.000000000000000000e+00
0.000000000000000000e+00 -0.000000000000000000e+00 0.000000000000000000e+00 0.000000000000000000e+00 0.000000000000000000e+00
0.000000000000000000e+00 -0.000000000000000000e+00 0.000000000000000000e+00 0.000000000000000000e+00 0.000000000000000000e+00
0.000000000000000000e+00 -0.000000000000000000e+00 0.000000000000000000e+00 0.000000000000000000e+00 0.000000000000000000e+00
0.000000000000000000e+00 -0.000000000000000000e+00 0.000000000000000000e+00 0.000000000000000000e+00 0.000000000000000000e+00
0.000000000000000000e+00 -0.000000000000000000e+00 0.000000000000000000e+00 0.000000000000000000e+00 0.000000000000000000e+00
0.000000000000000000e+00 -0.000000000000000000e+00 0.000000000000000000e+00 0.000000000000000000e+00 0.000000000000000000e+00
0.000000000000000000e+00 -0.000000000000000000e+00 0.000000000000000000e+00 0.000000000000000000e+00 0.000000000000000000e+00
1.000000000000000082e-05 1.000000000000000082e-05 3.756203818674692035e-05 1.950456393045814891e-05 1.000000000000000082e-05
1.000000000000000082e-05 1.000000000000000082e-05 4.713667537160449121e-05 2.447631552057493224e-05 1.000000000000000082e-05
1.000000000000000082e-05 1.000000000000000082e-05 2.798740100189027106e-05 1.453281234034135543e-05 1.000000000000000082e-05
0.000000000000000000e+00 -0.000000000000000000e+00 0.000000000000000000e+00 0.000000000000000000e+00 0.000000000000000000e+00
1.000000000000000082e-05 1.000000000000000082e-05 3.006360469278850054e-05 1.000000000000000082e-05 1.076125911404603793e-04
1.000000000000000082e-05 1.000000000000000082e-05 6.556033048572173149e-05 1.000000000000000082e-05 2.159380254984644967e-04
1.000000000000000082e-05 1.000000000000000082e-05 6.721980512641754309e-05 1.000000000000000082e-05 2.588453213527494297e-04
1.000000000000000082e-05 1.000000000000000082e-05 6.938988734886575467e-05 1.000000000000000082e-05 3.149548620852751757e-04
1.000000000000000082e-05 1.000000000000000082e-05 5.721917099234811099e-05 1.000000000000000082e-05 2.099179188428073987e-04
1.000000000000000082e-05 1.000000000000000082e-05 2.237530010657038781e-05 3.995293357923963906e-06 4.858983304401718229e-05
1.000000000000000082e-05 1.000000000000000082e-05 4.917648375070422082e-07 8.780864522909902452e-08 1.067908418549820326e-06
0.000000000000000000e+00 -0.000000000000000000e+00 0.000000000000000000e+00 0.000000000000000000e+00 0.000000000000000000e+00
0.000000000000000000e+00 -0.000000000000000000e+00 0.000000000000000000e+00 0.000000000000000000e+00 0.000000000000000000e+00
0.000000000000000000e+00 -0.000000000000000000e+00 0.000000000000000000e+00 0.000000000000000000e+00 0.000000000000000000e+00
1.000000000000000082e-05 1.000000000000000082e-05 2.353756961218299542e-04 1.000000000000000082e-05 3.114762585996017313e-04
1.000000000000000082e-05 1.000000000000000082e-05 4.633379844917903217e-05 1.000000000000000082e-05 6.131422413377984383e-05
0.000000000000000000e+00 -0.000000000000000000e+00 0.000000000000000000e+00 0.000000000000000000e+00 0.000000000000000000e+00
0.000000000000000000e+00 -0.000000000000000000e+00 0.000000000000000000e+00 0.000000000000000000e+00 0.000000000000000000e+00
0.000000000000000000e+00 -0.000000000000000000e+00 0.000000000000000000e+00 0.000000000000000000e+00 0.000000000000000000e+00
0.000000000000000000e+00 -0.000000000000000000e+00 0.000000000000000000e+00 0.000000000000000000e+00 0.000000000000000000e+00
0.000000000000000000e+00 -0.000000000000000000e+00 0.000000000000000000e+00 0.000000000000000000e+00 0.000000000000000000e+00
0.000000000000000000e+00 -0.000000000000000000e+00 0.000000000000000000e+00 0.000000000000000000e+00 0.000000000000000000e+00
0.000000000000000000e+00 -0.000000000000000000e+00 0.000000000000000000e+00 0.000000000000000000e+00 0.000000000000000000e+00
0.000000000000000000e+00 -0.000000000000000000e+00 0.000000000000000000e+00 0.000000000000000000e+00 0.000000000000000000e+00
0.000000000000000000e+00 -0.000000000000000000e+00 0.000000000000000000e+00 0.000000000000000000e+00 0.000000000000000000e+00
2.615325085799600900e-05 1.232143142454849563e-04 1.000000000000000082e-05 6.021803039047633451e-05 5.973286713997708194e-05
1.000000000000000082e-05 2.858554803884766717e-04 1.000000000000000082e-05 6.881288296807349855e-05 5.594854433110523374e-04
3.180839676497328400e-04 3.655144640219631035e-04 1.000000000000000082e-05 1.000000000000000082e-05 9.363542155141022514e-04
4.808602403375163278e-04 4.857476640747324559e-04 6.593860894049811451e-05 1.000000000000000082e-05 2.468964903068746660e-03
8.043470920315400107e-04 2.389385432039052863e-04 1.000000000000000082e-05 1.000000000000000082e-05 3.243965816851193153e-03
6.650894580115927377e-04 8.986242502368746996e-05 1.000000000000000082e-05 1.000000000000000082e-05 5.226963347479020652e-03
4.199827901995233873e-04 1.105984662466046525e-04 1.000000000000000082e-05 1.000000000000000082e-05 6.616549223280645056e-03
1.000000000000000082e-05 1.000000000000000082e-05 1.000000000000000082e-05 1.000000000000000082e-05 8.347639034355796434e-03
1.000000000000000082e-05 1.000000000000000082e-05 2.848063324545398669e-05 1.000000000000000082e-05 9.378298666326371005e-03
1.000000000000000082e-05 1.000000000000000082e-05 9.397794771282852748e-05 1.000000000000000082e-05 8.730448277737643675e-03
1.000000000000000082e-05 1.000000000000000082e-05 3.554282446197525405e-04 1.000000000000000082e-05 7.964195357750543033e-03
1.000000000000000082e-05 1.000000000000000082e-05 1.410089188245099688e-04 1.000000000000000082e-05 7.405253205996778325e-03
1.000000000000000082e-05 1.000000000000000082e-05 1.000000000000000082e-05 1.000000000000000082e-05 6.820981038777223886e-03
1.000000000000000082e-05 1.000000000000000082e-05 6.065182565622291534e-05 1.000000000000000082e-05 4.705715260629540590e-03
1.000000000000000082e-05 1.055164465940354451e-05 1.525570693861291358e-04 1.000000000000000082e-05 3.343014106092308604e-03
1.000000000000000082e-05 8.791654970022953872e-05 1.000000000000000082e-05 1.000000000000000082e-05 1.628960714345026751e-03
1.000000000000000082e-05 1.000000000000000082e-05 1.156655042400030214e-04 1.877175572386754283e-04 8.325234571690029017e-04
1.000000000000000082e-05 1.000000000000000082e-05 4.600263903797162813e-04 1.929659121709359460e-04 8.130930647653099525e-04
1.000000000000000082e-05 1.000000000000000082e-05 2.632087573474940355e-04 9.736069328870002493e-05 4.855179200610190509e-04
1.000000000000000082e-05 1.000000000000000082e-05 1.000000000000000082e-05 7.629009433840521118e-07 2.445471564325311370e-06
0.000000000000000000e+00 -0.000000000000000000e+00 0.000000000000000000e+00 0.000000000000000000e+00 0.000000000000000000e+00
0.000000000000000000e+00 -0.000000000000000000e+00 0.000000000000000000e+00 0.000000000000000000e+00 0.000000000000000000e+00
0.000000000000000000e+00 -0.000000000000000000e+00 0.000000000000000000e+00 0.000000000000000000e+00 0.000000000000000000e+00
0.000000000000000000e+00 -0.000000000000000000e+00 0.000000000000000000e+00 0.000000000000000000e+00 0.000000000000000000e+00
0.000000000000000000e+00 -0.000000000000000000e+00 0.000000000000000000e+00 0.000000000000000000e+00 0.000000000000000000e+00
0.000000000000000000e+00 -0.000000000000000000e+00 0.000000000000000000e+00 0.000000000000000000e+00 0.000000000000000000e+00
1.293100252854953402e-05 6.866689226859900913e-04 1.000000000000000082e-05 1.000000000000000082e-05 6.497080240000892770e-05
1.000000000000000082e-05 1.030545431027318120e-03 1.000000000000000082e-05 1.000000000000000082e-05 9.876154013969659954e-05
7.760525089803532554e-04 2.629172849757341682e-03 1.000000000000000082e-05 1.000000000000000082e-05 6.672300418039913599e-04
1.679192367841126406e-03 5.390228260618965157e-03 1.000000000000000082e-05 1.000000000000000082e-05 3.173351981717988622e-03
4.171687579289228877e-03 7.601325034913211133e-03 1.000000000000000082e-05 1.000000000000000082e-05 9.086056073650396886e-03
7.556309299601464066e-03 8.360808288261111984e-03 1.000000000000000082e-05 1.000000000000000082e-05 1.635237605249679690e-02
1.015266383943696366e-02 6.373663302541045933e-03 1.000000000000000082e-05 1.000000000000000082e-05 2.792546717067866113e-02
1.256826960578776194e-02 2.048797502407803065e-03 1.000000000000000082e-05 1.000000000000000082e-05 4.023274912222059296e-02
1.257990426657363929e-02 1.000000000000000082e-05 1.000000000000000082e-05 1.000000000000000082e-05 5.677910668601562905e-02
1.126065003757392192e-02 1.000000000000000082e-05 1.000000000000000082e-05 1.000000000000000082e-05 6.938313121679780260e-02
1.148767138203212260e-02 1.000000000000000082e-05 1.000000000000000082e-05 1.000000000000000082e-05 7.506351141403852512e-02
1.040721955516205922e-02 1.000000000000000082e-05 1.000000000000000082e-05 1.000000000000000082e-05 7.892710287753741671e-02
9.830133588110334317e-03 1.000000000000000082e-05 1.000000000000000082e-05 1.000000000000000082e-05 8.227349183723238479e-02
9.429728866605223414e-03 1.000000000000000082e-05 1.000000000000000082e-05 1.000000000000000082e-05 8.295440662648646823e-02
8.422526658670321034e-03 1.000000000000000082e-05 1.000000000000000082e-05 1.000000000000000082e-05 8.313402890394588907e-02
6.032897886379812169e-03 1.000000000000000082e-05 1.000000000000000082e-05 1.000000000000000082e-05 7.339499888413424100e-02
2.459018874407664645e-03 1.000000000000000082e-05 1.000000000000000082e-05 3.894236536492452598e-03 5.443474763421407570e-02
1.000000000000000082e-05 1.000000000000000082e-05 2.599918390777342125e-04 8.887533335210896779e-03 3.688226847699632716e-02
1.000000000000000082e-05 1.000000000000000082e-05 7.130241754986042920e-04 9.668997677961980314e-03 2.285248942975768444e-02
1.000000000000000082e-05 1.000000000000000082e-05 1.386867400799034330e-03 7.823055554013238697e-03 1.383739811814161183e-02
1.000000000000000082e-05 1.000000000000000082e-05 1.002514624796231818e-03 5.226927335283002886e-03 5.308882068158839694e-03
1.000000000000000082e-05 1.000000000000000082e-05 2.331038284660589600e-04 1.688864975729050281e-03 1.613980421818850351e-03
1.000000000000000082e-05 1.000000000000000082e-05 9.015614819000590248e-05 2.433775557794607000e-04 2.514353586073871604e-04
1.000000000000000082e-05 1.000000000000000082e-05 6.145893764758222952e-06 1.379031967290543261e-05 7.536518398455210543e-06
0.000000000000000000e+00 -0.000000000000000000e+00 0.000000000000000000e+00 0.000000000000000000e+00 0.000000000000000000e+00
0.000000000000000000e+00 -0.000000000000000000e+00 0.000000000000000000e+00 0.000000000000000000e+00 0.000000000000000000e+00
6.065999825409498637e-06 3.956589715325612946e-05 1.000000000000000082e-05 1.000000000000000082e-05 1.000000000000000082e-05
2.778194993732737751e-05 3.293896299301630180e-04 1.000000000000000082e-05 1.000000000000000082e-05 2.748577029274477292e-05
1.301496862915795319e-04 3.458230171411434597e-03 1.000000000000000082e-05 1.000000000000000082e-05 6.029815340023654172e-05
6.443031116313510144e-04 8.990003667593332928e-03 1.000000000000000082e-05 1.000000000000000082e-05 6.525026161843970802e-05
3.928213127544076706e-03 2.110856822529052351e-02 1.000000000000000082e-05 1.000000000000000082e-05 8.591365564014687714e-04
1.019140236730568458e-02 3.507450368380748973e-02 1.000000000000000082e-05 1.000000000000000082e-05 5.911705768536740929e-03
2.247220911122596240e-02 4.865219283921353582e-02 1.000000000000000082e-05 1.000000000000000082e-05 1.410543406271627144e-02
3.789881082274568908e-02 5.537263904683926291e-02 1.000000000000000082e-05 1.000000000000000082e-05 2.791739821760004514e-02
5.364800417707187019e-02 5.132719676613107379e-02 1.000000000000000082e-05 1.000000000000000082e-05 4.903215387816452220e-02
6.523799112950269541e-02 4.588662420536280401e-02 1.000000000000000082e-05 1.000000000000000082e-05 7.228653863532559509e-02
7.120910106892497371e-02 3.800857258534616478e-02 1.000000000000000082e-05 1.000000000000000082e-05 9.835351827865582153e-02
7.609921619456247455e-02 2.997643359253516007e-02 1.000000000000000082e-05 1.000000000000000082e-05 1.168765247243093719e-01
7.805495391263392313e-02 2.499119901639537678e-02 1.000000000000000082e-05 1.000000000000000082e-05 1.295357554728838179e-01
8.057000890902359103e-02 2.426804013725382750e-02 1.000000000000000082e-05 1.000000000000000082e-05 1.343315537001570359e-01
8.212054173267982482e-02 2.050522720184061454e-02 1.000000000000000082e-05 1.000000000000000082e-05 1.364964205712317635e-01
8.146466239635606621e-02 1.705115239854515519e-02 1.000000000000000082e-05 1.673705685706770765e-04 1.405112099295333372e-01
7.992612878545536648e-02 1.135165563989437403e-02 1.000000000000000082e-05 8.670818011651558466e-03 1.354875580074149377e-01
7.479996250796520918e-02 4.668196683356736973e-03 1.000000000000000082e-05 2.402779779181663661e-02 1.156752207294489271e-01
5.865921768453741941e-02 1.000000000000000082e-05 1.000000000000000082e-05 5.019350338593958627e-02 7.963495798150449501e-02
3.334728846590629542e-02 1.000000000000000082e-05 1.000000000000000082e-05 7.612141928331679630e-02 4.204501000732638327e-02
4.352938404330088280e-03 1.000000000000000082e-05 4.841748088272320762e-03 8.368936872666189741e-02 1.980972296093879217e-02
1.000000000000000082e-05 1.000000000000000082e-05 8.541034772561947874e-03 6.665841573448787194e-02 8.672201109567723859e-03
1.000000000000000082e-05 1.000000000000000082e-05 8.219920737718664286e-03 3.782694278930302800e-02 2.437478499550506730e-03
1.000000000000000082e-05 1.000000000000000082e-05 5.852576208940175884e-03 1.663866455325111252e-02 9.199615609670468586e-04
1.000000000000000082e-05 1.000000000000000082e-05 1.089074848083312333e-03 3.638243764496648918e-03 3.449655850788776274e-04
1.000000000000000082e-05 1.000000000000000082e-05 2.297994383126420001e-04 6.586552655634718900e-04 1.000000000000000082e-05
0.000000000000000000e+00 -0.000000000000000000e+00 0.000000000000000000e+00 0.000000000000000000e+00 0.000000000000000000e+00
0.000000000000000000e+00 -0.000000000000000000e+00 0.000000000000000000e+00 0.000000000000000000e+00 0.000000000000000000e+00
2.465119077985561603e-05 1.607890714100408799e-04 1.000000000000000082e-05 1.000000000000000082e-05 1.000000000000000082e-05
1.000000000000000082e-05 2.564163058297243714e-03 1.000000000000000082e-05 1.000000000000000082e-05 1.000000000000000082e-05
1.000000000000000082e-05 1.225543899801494543e-02 1.000000000000000082e-05 1.000000000000000082e-05 1.000000000000000082e-05
1.764438183154842322e-03 3.145529318111153078e-02 1.000000000000000082e-05 1.000000000000000082e-05 1.000000000000000082e-05
7.265667852114931526e-03 5.843895293918144329e-02 1.000000000000000082e-05 1.000000000000000082e-05 1.000000000000000082e-05
2.174644504574797105e-02 8.912860337487461815e-02 1.000000000000000082e-05 1.000000000000000082e-05 1.109020624353362146e-05
4.277895208331896487e-02 1.123501217141839592e-01 1.000000000000000082e-05 1.000000000000000082e-05 7.196442475343726129e-03
7.070981798352300729e-02 1.271223622749180215e-01 1.000000000000000082e-05 1.000000000000000082e-05 1.898902052583154726e-02
9.676741126099097645e-02 1.270566566290427801e-01 1.000000000000000082e-05 1.000000000000000082e-05 3.524659861939476863e-02
1.145163247281459906e-01 1.197565174824351125e-01 1.000000000000000082e-05 1.000000000000000082e-05 5.209626857162572011e-02
1.245297097661647034e-01 1.053624227046610351e-01 1.000000000000000082e-05 9.782778735173127890e-04 7.108306655433990762e-02
1.276154706297406016e-01 9.323852607848916174e-02 1.000000000000000082e-05 1.591396198278005256e-02 8.208721731232199170e-02
1.260344733065531520e-01 8.310634759648177772e-02 1.000000000000000082e-05 3.186318954634700940e-02 8.536910891599162887e-02
1.258864563582573481e-01 7.807608794657089346e-02 1.000000000000000082e-05 4.205554402327894153e-02 8.221619942048501162e-02
1.243773691240996487e-01 7.470408890431719240e-02 1.000000000000000082e-05 4.753483031228568356e-02 8.214359148793136389e-02
1.237490831935009056e-01 6.790175587959203229e-02 3.396044248337654232e-03 4.916196373301198741e-02 8.683941213868222320e-02
1.217073091559372489e-01 5.787929283841799361e-02 1.055937681421320259e-02 5.203838656007397923e-02 9.481646690696055035e-02
1.157768416101071091e-01 4.504075000986106081e-02 1.539738280335139348e-02 6.434934307033557399e-02 8.650411167769313237e-02
9.687350590810882289e-02 3.259709489377681652e-02 1.120098922614509024e-02 9.527598096881852163e-02 5.195876319750807049e-02
6.162046559191509953e-02 1.864520920200246970e-02 5.127504376791802362e-03 1.303824647553848137e-01 1.612016708622511854e-02
1.750503613053196530e-02 6.364664402515417610e-03 1.033571321197338660e-02 1.413169184875577300e-01 1.000000000000000082e-05
1.000000000000000082e-05 2.165031076216236000e-03 1.550140009248774167e-02 1.152839675355409182e-01 1.000000000000000082e-05
1.000000000000000082e-05 1.000000000000000082e-05 1.251841221756743935e-02 6.700261958234068893e-02 1.000000000000000082e-05
1.000000000000000082e-05 1.000000000000000082e-05 9.197886430037136712e-03 2.910043173862847041e-02 1.000000000000000082e-05
1.000000000000000082e-05 1.000000000000000082e-05 2.075035114239268900e-03 7.344497920666432159e-03 1.000000000000000082e-05
1.000000000000000082e-05 1.000000000000000082e-05 2.613336885318128227e-04 9.434379999533223883e-04 1.000000000000000082e-05
0.000000000000000000e+00 -0.000000000000000000e+00 0.000000000000000000e+00 0.000000000000000000e+00 0.000000000000000000e+00
0.000000000000000000e+00 -0.000000000000000000e+00 0.000000000000000000e+00 0.000000000000000000e+00 0.000000000000000000e+00
4.000978608248824197e-06 2.609665556916894626e-05 1.000000000000000082e-05 1.000000000000000082e-05 1.000000000000000082e-05
1.000000000000000082e-05 4.246921363230846298e-03 1.000000000000000082e-05 1.156970830447111973e-05 1.000000000000000082e-05
1.000000000000000082e-05 2.100924118108180028e-02 1.000000000000000082e-05 1.000000000000000082e-05 1.000000000000000082e-05
4.014264525319479105e-05 4.856840271416698607e-02 1.000000000000000082e-05 3.154879358821604889e-04 1.000000000000000082e-05
5.459853253326377859e-03 8.494904526158229829e-02 1.000000000000000082e-05 1.398566852329289787e-03 1.000000000000000082e-05
2.105457771331659469e-02 1.238676088026584993e-01 1.000000000000000082e-05 1.000000000000000082e-05 1.000000000000000082e-05
4.290456750917984174e-02 1.505516990499135288e-01 1.000000000000000082e-05 1.641621384831059172e-03 1.000000000000000082e-05
7.008951688217344989e-02 1.627170929034996161e-01 1.000000000000000082e-05 7.864001756722764983e-03 1.000000000000000082e-05
8.857042577639126502e-02 1.543729861079010113e-01 1.000000000000000082e-05 1.980047299491841453e-02 1.000000000000000082e-05
9.858573241080180460e-02 1.336024724857484414e-01 1.098694829530417680e-02 4.023952509661569282e-02 1.000000000000000082e-05
9.890636687256065818e-02 1.101373028526867748e-01 3.651738951480732603e-02 6.217325972787760696e-02 4.782990139147506002e-03
9.232516793446836345e-02 9.215458350556304801e-02 5.952326240867530927e-02 8.239985262447714620e-02 5.778798747503471368e-03
8.414615342516092167e-02 8.578308939440282277e-02 7.061520468290233277e-02 9.404050749125789088e-02 3.661616665958719076e-03
7.882195528116128780e-02 8.522926120037696562e-02 7.468072109291044869e-02 9.582198207891791386e-02 1.449211696886441348e-04
7.483110018293903654e-02 8.559719746044423816e-02 7.898913888264444405e-02 9.209326558444765054e-02 3.798818443145594251e-03
7.569409623467535098e-02 8.406098415131998958e-02 8.527061081743168847e-02 7.920909614125563880e-02 2.392028453864618320e-02
8.510524187581069988e-02 7.741171275234937088e-02 8.866923843611168587e-02 6.225848875374899449e-02 5.613572064066221085e-02
9.957566424545151451e-02 6.830949127255075970e-02 7.863657840550894451e-02 6.086628353903597577e-02 6.708566557669259911e-02
9.947058766163011101e-02 6.289079573491229702e-02 5.174052464158662712e-02 9.449810580327368259e-02 3.065606100764195138e-02
6.934897331735920267e-02 5.609338364281503397e-02 2.051243139592396139e-02 1.418484941127547694e-01 1.000000000000000082e-05
2.027694517162594717e-02 4.072645736192922333e-02 1.236397421232477735e-02 1.613743989002764667e-01 1.000000000000000082e-05
1.000000000000000082e-05 2.060295938950195208e-02 1.945943477255949669e-02 1.320991088553031545e-01 1.000000000000000082e-05
1.000000000000000082e-05 8.935101586903559587e-03 1.552732631772360018e-02 7.613135077638139014e-02 1.000000000000000082e-05
1.000000000000000082e-05 1.876609070803340624e-03 8.185202959752982746e-03 2.984783722723303306e-02 1.000000000000000082e-05
1.000000000000000082e-05 1.085143690576280027e-04 1.995036789912584506e-03 6.603502883994743534e-03 1.000000000000000082e-05
1.000000000000000082e-05 3.969164161527972192e-05 8.102990910273556854e-05 9.677627233868121978e-04 1.000000000000000082e-05
1.000000000000000082e-05 1.544947091784439647e-05 1.000000000000000082e-05 1.334906479506130327e-05 1.272610182159088026e-04
1.000000000000000082e-05 2.020315427718128709e-05 1.000000000000000082e-05 1.745646934738748321e-05 1.664182545900350530e-04
1.000000000000000082e-05 7.583606889859358985e-07 1.000000000000000082e-05 8.424370691312352884e-08 1.000000000000000082e-05
1.000000000000000082e-05 4.997920265550744034e-03 1.000000000000000082e-05 1.103749370730671970e-04 1.000000000000000082e-05
1.000000000000000082e-05 1.973870222788711229e-02 1.000000000000000082e-05 3.544251094089246918e-04 1.000000000000000082e-05
1.000000000000000082e-05 4.276990907127285746e-02 1.000000000000000082e-05 2.941964047980299025e-03 1.000000000000000082e-05
1.000000000000000082e-05 7.909537425639166786e-02 1.000000000000000082e-05 8.672396330471551784e-03 1.000000000000000082e-05
4.860125729921100854e-03 1.126980161885210163e-01 1.000000000000000082e-05 1.450505502491726204e-02 1.000000000000000082e-05
1.861139782920877978e-02 1.344328084970855264e-01 2.460017713396924106e-03 2.302517230133870399e-02 1.000000000000000082e-05
3.157460311975909817e-02 1.317637907249299412e-01 2.897526094306254393e-02 3.923510397940579986e-02 1.000000000000000082e-05
3.767444786721620836e-02 1.072397042264244954e-01 7.323969036780210440e-02 6.060299666856255874e-02 1.000000000000000082e-05
3.574924592840297149e-02 7.219293382817640325e-02 1.185171188529855202e-01 8.328451117496443734e-02 1.000000000000000082e-05
2.714324243857212104e-02 4.378476382041902870e-02 1.503313915564493397e-01 1.043519513059904258e-01 1.000000000000000082e-05
1.583128363995961810e-02 3.316752143061060115e-02 1.592889103845291920e-01 1.132450204374554487e-01 1.000000000000000082e-05
5.806409873290124465e-03 3.538100393106707181e-02 1.573969427521313413e-01 1.087326589201721844e-01 1.000000000000000082e-05
1.000000000000000082e-05 4.096409709786157788e-02 1.547395235868532781e-01 9.600748144709651821e-02 1.000000000000000082e-05
1.000000000000000082e-05 4.537965700507252953e-02 1.514040363679001189e-01 7.964063601674835347e-02 1.000000000000000082e-05
3.625839298136619183e-03 5.380922841856746602e-02 1.480342353405963429e-01 5.394463923777525344e-02 2.564907755075347337e-02
2.867150991627158765e-02 5.472101257846168076e-02 1.469056073877519353e-01 2.020979667601818103e-02 8.691036540332650051e-02
7.392464185611559435e-02 5.630843205715989341e-02 1.243960875507617303e-01 1.626621152451770275e-02 9.419419262422766559e-02
9.463106831290524212e-02 6.523476646658663003e-02 7.764456083100305939e-02 7.238071208079790986e-02 3.133500336670380637e-02
6.491477100554667035e-02 7.716465694664441377e-02 3.087811772909363622e-02 1.394435850910969166e-01 1.000000000000000082e-05
1.464660869749342086e-02 6.846500058796482768e-02 1.291343252431946358e-02 1.580523564819211191e-01 1.000000000000000082e-05
1.000000000000000082e-05 4.047006316070735077e-02 1.622906703077880639e-02 1.205840311174185830e-01 1.000000000000000082e-05
1.000000000000000082e-05 1.995313548483647337e-02 1.287295480463738692e-02 6.275524964134199246e-02 1.000000000000000082e-05
1.000000000000000082e-05 5.697677201823031327e-03 5.714390420009782777e-03 2.275674383100130885e-02 1.000000000000000082e-05
1.000000000000000082e-05 5.028711973764035279e-04 7.944258428487292571e-04 4.605254438348393639e-03 1.000000000000000082e-05
1.000000000000000082e-05 2.772869080030654782e-05 7.269596237862821259e-05 7.705144948758326168e-04 1.671895861648922471e-04
1.000000000000000082e-05 1.366683965809312516e-05 1.000000000000000082e-05 1.180878808793854385e-05 1.125770545756118416e-04
1.000000000000000082e-05 5.446928849239984165e-06 1.000000000000000082e-05 4.706401049540720684e-06 4.486766667868585139e-05
1.000000000000000082e-05 9.707016819019979501e-05 1.000000000000000082e-05 1.078319448487981169e-05 1.000000000000000082e-05
1.000000000000000082e-05 2.840989234237955782e-03 1.000000000000000082e-05 1.609413790683522855e-04 1.000000000000000082e-05
1.000000000000000082e-05 1.340658975034139840e-02 2.115308100918351952e-04 1.279237126872911391e-03 1.000000000000000082e-05
1.000000000000000082e-05 2.854182239689213169e-02 4.398685438033132604e-03 4.649369039194607180e-03 1.000000000000000082e-05
1.000000000000000082e-05 5.242383416991874823e-02 9.767817743603444264e-03 1.318837224098359795e-02 1.000000000000000082e-05
1.000000000000000082e-05 7.223526142207072065e-02 2.056883295088405422e-02 2.284974862915296889e-02 1.000000000000000082e-05
1.000000000000000082e-05 8.134916145128194553e-02 4.470600154327227654e-02 3.433817894066658327e-02 1.000000000000000082e-05
1.000000000000000082e-05 6.875574032876358155e-02 8.727953640308634686e-02 5.498214864730577994e-02 1.000000000000000082e-05
1.000000000000000082e-05 3.226243190675602557e-02 1.410627684658768144e-01 7.674976318835860511e-02 1.000000000000000082e-05
1.000000000000000082e-05 1.000000000000000082e-05 1.811981939677491382e-01 9.333695098725783290e-02 1.000000000000000082e-05
1.000000000000000082e-05 1.000000000000000082e-05 1.948375943433048041e-01 9.757651245392960637e-02 1.000000000000000082e-05
1.000000000000000082e-05 1.000000000000000082e-05 1.806907888112469773e-01 9.010338326416154897e-02 1.000000000000000082e-05
1.000000000000000082e-05 1.000000000000000082e-05 1.587073157810602042e-01 7.159930164913368145e-02 1.000000000000000082e-05
1.000000000000000082e-05 1.978553864168590935e-03 1.375805889891062450e-01 5.235104229534724707e-02 1.000000000000000082e-05
1.000000000000000082e-05 1.034426280346979754e-02 1.244615637982715295e-01 3.286498975153179236e-02 9.320881084006473263e-03
1.000000000000000082e-05 1.689203883255687572e-02 1.223170500917219877e-01 2.558409066290352318e-03 7.605071333883800522e-02
1.992371610636265930e-02 1.262014615670994586e-02 1.334619625875414772e-01 1.000000000000000082e-05 1.490962045960476656e-01
7.602640280894190639e-02 1.844766756207452327e-02 1.235344254586104445e-01 1.000000000000000082e-05 1.249917041316909311e-01
9.408764171796069053e-02 5.503723132943584562e-02 7.832746976588947363e-02 7.552392426486941035e-02 2.382637681204628072e-02
5.472332799149592919e-02 8.927690777811653211e-02 3.057399543593605426e-02 1.420008914696683777e-01 1.000000000000000082e-05
5.483262479579624309e-03 8.808836452838282594e-02 8.493613036270190528e-03 1.428663571425747847e-01 1.000000000000000082e-05
1.000000000000000082e-05 5.438556321936382359e-02 1.102248609351786333e-02 9.239887574211104460e-02 1.000000000000000082e-05
1.000000000000000082e-05 2.403602243547867459e-02 9.622213218352897515e-03 4.167730047163888119e-02 1.000000000000000082e-05
1.000000000000000082e-05 6.715398653165638790e-03 2.275081404409860612e-03 1.250703985511888473e-02 1.000000000000000082e-05
1.000000000000000082e-05 7.487996983924162433e-04 1.000000000000000082e-05 1.933143118422360474e-03 1.701843295265199581e-04
1.000000000000000082e-05 1.000000000000000082e-05 5.204895521025582174e-06 1.509591268836856762e-04 2.309747845931530487e-05
0.000000000000000000e+00 -0.000000000000000000e+00 0.000000000000000000e+00 0.000000000000000000e+00 0.000000000000000000e+00
0.000000000000000000e+00 -0.000000000000000000e+00 0.000000000000000000e+00 0.000000000000000000e+00 0.000000000000000000e+00
0.000000000000000000e+00 -0.000000000000000000e+00 0.000000000000000000e+00 0.000000000000000000e+00 0.000000000000000000e+00
1.000000000000000082e-05 1.249681918183671555e-03 4.871204005592599264e-04 2.516424381262160259e-04 1.000000000000000082e-05
1.000000000000000082e-05 6.236491849845394835e-03 2.187302228005993335e-03 1.344488247277002063e-03 1.000000000000000082e-05
1.000000000000000082e-05 1.363351749556730719e-02 7.245737988124353532e-03 3.894855197294690152e-03 1.000000000000000082e-05
1.000000000000000082e-05 2.805022159927617748e-02 1.695327976261357811e-02 1.055332669112505652e-02 1.000000000000000082e-05
1.000000000000000082e-05 4.092507954026199796e-02 2.838943837004719375e-02 2.028603917775366472e-02 1.000000000000000082e-05
1.000000000000000082e-05 3.947854755208154987e-02 5.671722015572060183e-02 3.268150806639614353e-02 1.000000000000000082e-05
1.000000000000000082e-05 2.187287253260157549e-02 1.032978852751525040e-01 5.211102170095913838e-02 1.000000000000000082e-05
1.000000000000000082e-05 1.000000000000000082e-05 1.460421774426347019e-01 6.760270611443701394e-02 1.000000000000000082e-05
1.000000000000000082e-05 1.000000000000000082e-05 1.653026428782818913e-01 7.140867006239129400e-02 1.000000000000000082e-05
1.000000000000000082e-05 1.000000000000000082e-05 1.521277616367328611e-01 6.219472403559447166e-02 1.000000000000000082e-05
1.000000000000000082e-05 1.000000000000000082e-05 1.198596938463155070e-01 4.502839326690268734e-02 1.000000000000000082e-05
1.000000000000000082e-05 1.000000000000000082e-05 8.102234622952569909e-02 2.727198173094039918e-02 1.000000000000000082e-05
1.000000000000000082e-05 1.000000000000000082e-05 6.055375373089010027e-02 1.279274748852848170e-02 7.513633127204920673e-03
1.000000000000000082e-05 1.717943885206407728e-03 5.613018559801234708e-02 1.000000000000000082e-05 3.937410796976579391e-02
1.000000000000000082e-05 1.000000000000000082e-05 6.687245757627791054e-02 1.000000000000000082e-05 1.282588032568597325e-01
4.409681329762586005e-02 1.000000000000000082e-05 9.365758527303955083e-02 1.000000000000000082e-05 1.876332525678969243e-01
9.435093904543843946e-02 1.000000000000000082e-05 9.801662542786708510e-02 1.817145732641437667e-02 1.131207199332483482e-01
9.183280369466904902e-02 5.876830449878554796e-02 6.382445662665539587e-02 1.008658049000172446e-01 1.000000000000000082e-05
4.136316226756501374e-02 1.032136417717315763e-01 2.372150580588907806e-02 1.414176732917167834e-01 1.000000000000000082e-05
1.000000000000000082e-05 9.718102428209325627e-02 5.650163458243046520e-03 1.139000734411838300e-01 1.000000000000000082e-05
1.000000000000000082e-05 5.583201932097442421e-02 7.252297313910313105e-03 5.751685412354332755e-02 1.000000000000000082e-05
1.000000000000000082e-05 2.210434235086106841e-02 4.962197856265388243e-03 2.098920944787050630e-02 1.000000000000000082e-05
1.000000000000000082e-05 5.477701626893821327e-03 8.869948446139876890e-04 4.576648735615885914e-03 1.000000000000000082e-05
1.000000000000000082e-05 2.590436807361457092e-04 1.474680781961473840e-04 4.087207438522546437e-04 7.951913484039058470e-05
1.000000000000000082e-05 1.000000000000000082e-05 2.788124148964501137e-06 3.793479344726164191e-05 2.666324876616968868e-06
0.000000000000000000e+00 -0.000000000000000000e+00 0.000000000000000000e+00 0.000000000000000000e+00 0.000000000000000000e+00
0.000000000000000000e+00 -0.000000000000000000e+00 0.000000000000000000e+00 0.000000000000000000e+00 0.000000000000000000e+00
0.000000000000000000e+00 -0.000000000000000000e+00 0.000000000000000000e+00 0.000000000000000000e+00 0.000000000000000000e+00
1.000000000000000082e-05 2.365807047821840716e-04 4.802373102153896208e-04 9.991989238165296461e-05 1.000000000000000082e-05
1.000000000000000082e-05 2.664569269556283856e-03 1.343563537133078559e-03 7.233630800871398070e-04 1.000000000000000082e-05
1.000000000000000082e-05 6.577545449764581227e-03 5.533576034186512248e-03 2.506420115239423995e-03 1.000000000000000082e-05
1.000000000000000082e-05 1.594649903862451618e-02 1.306519318697937221e-02 7.633262393226423678e-03 1.000000000000000082e-05
1.000000000000000082e-05 2.223429930438777097e-02 2.568860464882022701e-02 1.435239549815986101e-02 1.000000000000000082e-05
1.000000000000000082e-05 1.947205736845899343e-02 4.911002696827712621e-02 2.484417514462421150e-02 1.000000000000000082e-05
1.000000000000000082e-05 5.562109816436447939e-03 8.157489117116116517e-02 3.842020688398741640e-02 1.000000000000000082e-05
1.000000000000000082e-05 1.000000000000000082e-05 1.089084385875456751e-01 4.696702712823837972e-02 1.000000000000000082e-05
1.000000000000000082e-05 1.000000000000000082e-05 1.151693841681875469e-01 4.186647858144505741e-02 1.000000000000000082e-05
1.000000000000000082e-05 1.000000000000000082e-05 9.170236757540299599e-02 2.845580584157383561e-02 1.000000000000000082e-05
1.000000000000000082e-05 1.000000000000000082e-05 5.075754316021217905e-02 1.289041203664630271e-02 4.705381280247237542e-03
1.000000000000000082e-05 1.000000000000000082e-05 2.527347945092040665e-02 3.499081612552703679e-03 8.152841870586007011e-03
1.000000000000000082e-05 1.000000000000000082e-05 1.692427212847693110e-02 1.000000000000000082e-05 1.976824862052180623e-02
1.000000000000000082e-05 1.000000000000000082e-05 2.235242438193836903e-02 1.000000000000000082e-05 7.420085541021925746e-02
1.157777175750114747e-02 1.000000000000000082e-05 4.171306325148310679e-02 1.000000000000000082e-05 1.775980564826119268e-01
7.097620014019447032e-02 1.000000000000000082e-05 7.501420704892210189e-02 1.000000000000000082e-05 1.850493933970341620e-01
1.075843696640764874e-01 2.791937217280239243e-04 8.550366267242257012e-02 6.188730804351316034e-02 6.805702493276484522e-02
8.048223810977576942e-02 7.748181925452690688e-02 5.434723869187350204e-02 1.188082923801277585e-01 1.000000000000000082e-05
2.546959839642407367e-02 1.199858374307007369e-01 1.791639315719360456e-02 1.195225692754807029e-01 1.000000000000000082e-05
1.000000000000000082e-05 9.767747312028263185e-02 5.928112273353406021e-03 7.332688095005378270e-02 1.000000000000000082e-05
1.000000000000000082e-05 4.965715935813145437e-02 3.230802202034121703e-03 2.832897282982767967e-02 1.000000000000000082e-05
1.000000000000000082e-05 1.727578044676774185e-02 2.071125836271314399e-03 7.215160779897569245e-03 6.331441771437747819e-04
1.000000000000000082e-05 3.431891657401960841e-03 2.076871873437926251e-03 7.453141474410134590e-04 2.318605469910985616e-03
1.000000000000000082e-05 1.000000000000000082e-05 1.226678011087620982e-03 1.000000000000000082e-05 1.153674005212676577e-03
1.000000000000000082e-05 1.000000000000000082e-05 1.105941565188432068e-04 1.000000000000000082e-05 2.361944654342496084e-04
0.000000000000000000e+00 -0.000000000000000000e+00 0.000000000000000000e+00 0.000000000000000000e+00 0.000000000000000000e+00
0.000000000000000000e+00 -0.000000000000000000e+00 0.000000000000000000e+00 0.000000000000000000e+00 0.000000000000000000e+00
0.000000000000000000e+00 -0.000000000000000000e+00 0.000000000000000000e+00 0.000000000000000000e+00 0.000000000000000000e+00
1.000000000000000082e-05 5.458237737030462194e-05 1.540572525687498287e-04 1.869301901970756735e-05 1.000000000000000082e-05
1.000000000000000082e-05 9.498713810269081856e-04 5.257571653951899088e-04 2.680826978357986399e-04 1.000000000000000082e-05
1.000000000000000082e-05 2.855753688014218018e-03 2.887251756670963267e-03 1.255643087699809951e-03 1.000000000000000082e-05
1.000000000000000082e-05 8.503455669127994374e-03 8.801007406219351140e-03 5.463049133133764633e-03 1.000000000000000082e-05
1.000000000000000082e-05 1.316486114590403184e-02 2.075379781621590480e-02 1.097104125054830688e-02 1.000000000000000082e-05
1.000000000000000082e-05 1.262697290930708469e-02 3.712577690214082654e-02 1.854648006447371517e-02 1.000000000000000082e-05
1.000000000000000082e-05 4.571107972990818592e-03 5.805865059829385527e-02 2.694306139782680354e-02 1.000000000000000082e-05
1.000000000000000082e-05 1.000000000000000082e-05 7.470218228300645746e-02 2.729587858704404443e-02 1.000000000000000082e-05
1.000000000000000082e-05 1.000000000000000082e-05 6.872516434382089368e-02 1.666030474504348255e-02 1.000000000000000082e-05
1.000000000000000082e-05 1.000000000000000082e-05 4.637783068467630360e-02 4.780698385983592202e-03 1.246045452166527102e-02
1.000000000000000082e-05 1.000000000000000082e-05 2.028086269378643822e-02 1.000000000000000082e-05 2.063704619168373403e-02
1.000000000000000082e-05 5.120067102610805984e-04 8.104490438613649525e-03 1.000000000000000082e-05 2.676306603681954596e-02
1.000000000000000082e-05 1.358550114839543509e-03 5.889924914002158188e-03 1.000000000000000082e-05 5.005610320438920458e-02
1.000000000000000082e-05 1.000000000000000082e-05 1.347754552557969658e-02 1.000000000000000082e-05 1.303004910476525113e-01
3.117043249717830339e-02 1.000000000000000082e-05 3.680861561248136710e-02 1.000000000000000082e-05 2.070746349131459552e-01
9.469538252206356754e-02 1.000000000000000082e-05 7.622570915232469713e-02 4.186609663754203153e-02 1.445893021657237987e-01
1.090280066080627774e-01 1.973956571169901975e-02 8.329006208669485767e-02 8.904322075655242419e-02 2.634905317423629628e-02
6.427762677276512016e-02 1.054195255123923092e-01 4.825603756552666879e-02 1.060986770288440267e-01 1.000000000000000082e-05
1.072928638787639007e-02 1.351813710924011369e-01 1.359156518397907146e-02 7.643542447479198532e-02 1.000000000000000082e-05
1.000000000000000082e-05 9.398541055542225520e-02 2.105271196956936142e-03 3.304987172109687815e-02 1.000000000000000082e-05
1.000000000000000082e-05 4.186584526363426595e-02 1.462327769806316159e-03 7.710157313999018228e-03 1.314655838134328771e-02
1.000000000000000082e-05 1.417207053989349291e-02 3.026758243826492469e-03 1.000000000000000082e-05 1.277525474862510613e-02
1.000000000000000082e-05 4.659556734400912073e-03 2.258099290683439949e-03 1.000000000000000082e-05 8.622388976826808604e-03
1.000000000000000082e-05 7.292230155967276660e-04 9.408531076397442985e-04 1.000000000000000082e-05 3.100986815442309617e-03
1.750877060942592736e-04 1.000000000000000082e-05 4.646025890603004373e-05 1.000000000000000082e-05 9.003100377081408407e-04
0.000000000000000000e+00 -0.000000000000000000e+00 0.000000000000000000e+00 0.000000000000000000e+00 0.000000000000000000e+00
0.000000000000000000e+00 -0.000000000000000000e+00 0.000000000000000000e+00 0.000000000000000000e+00 0.000000000000000000e+00
1.000000000000000082e-05 1.000000000000000082e-05 9.933478342832821695e-06 1.233842514586667516e-07 1.000000000000000082e-05
0.000000000000000000e+00 -0.000000000000000000e+00 0.000000000000000000e+00 0.000000000000000000e+00 0.000000000000000000e+00
1.000000000000000082e-05 1.766503133333592970e-04 2.060434471312492274e-04 7.997735221392847046e-05 1.000000000000000082e-05
1.000000000000000082e-05 1.368523261083353249e-03 1.754693523230099099e-03 6.414901655807516779e-04 1.000000000000000082e-05
1.000000000000000082e-05 4.169760046014680567e-03 6.369261550906675506e-03 3.197529750522913085e-03 1.000000000000000082e-05
1.000000000000000082e-05 8.319165030585056950e-03 1.409306142571488916e-02 7.231188703172925641e-03 1.000000000000000082e-05
1.000000000000000082e-05 1.078096010767306059e-02 2.608384091104861899e-02 1.252727527544387175e-02 1.000000000000000082e-05
1.000000000000000082e-05 6.390217308103391010e-03 3.796628392055863971e-02 1.523444143854167480e-02 1.000000000000000082e-05
1.000000000000000082e-05 2.276703095446606928e-03 4.224496943213230243e-02 9.917298118548327143e-03 2.310589251108894140e-03
1.000000000000000082e-05 7.544372997862499155e-04 3.661619691333179577e-02 5.210114180295901537e-04 1.864332904207377170e-02
1.000000000000000082e-05 1.868804098023692196e-03 2.072101326692385101e-02 1.000000000000000082e-05 3.540477807693308970e-02
1.000000000000000082e-05 4.476498257455326785e-03 8.248418147618837709e-03 1.000000000000000082e-05 4.688266534699084970e-02
1.000000000000000082e-05 6.885005091669850995e-03 3.961186340889478325e-03 1.000000000000000082e-05 6.132599711170393791e-02
1.000000000000000082e-05 4.933534988799600195e-03 4.276611709337176277e-03 1.000000000000000082e-05 1.065731238987285140e-01
4.965823375714034172e-04 1.000000000000000082e-05 1.148772660054856072e-02 1.111305328489594832e-03 1.891682969269600501e-01
5.983635726291645918e-02 1.000000000000000082e-05 4.250980883899276030e-02 3.997534358932381543e-02 1.897515950393382500e-01
1.130487966050571641e-01 1.000000000000000082e-05 8.236550967027646275e-02 7.273205867129642344e-02 9.151020248942697000e-02
1.017842950998010254e-01 5.379030109271815130e-02 8.112235523190296227e-02 8.613806654508592009e-02 5.523769134469104893e-04
4.523448117046028477e-02 1.362488631896270619e-01 4.249808662845752649e-02 6.753499692829396939e-02 1.000000000000000082e-05
1.000000000000000082e-05 1.411390760831273128e-01 8.694448404782577702e-03 3.254809452069996889e-02 2.406471340806415945e-03
1.000000000000000082e-05 8.743743978463655586e-02 1.000000000000000082e-05 8.145125025055679341e-03 2.431347029516926772e-02
1.000000000000000082e-05 3.659271278030268998e-02 1.000000000000000082e-05 1.000000000000000082e-05 2.697859400552423542e-02
1.000000000000000082e-05 1.295510005875849524e-02 2.776512830627588056e-03 1.000000000000000082e-05 1.903108160003968985e-02
1.000000000000000082e-05 4.901914907673664799e-03 1.555297501697529847e-03 1.000000000000000082e-05 1.080055481224641116e-02
1.000000000000000082e-05 1.101094001987310651e-03 5.322043331967544642e-04 1.000000000000000082e-05 4.183782882906764665e-03
1.654431019024376682e-04 9.167888498415039709e-06 4.028919976084791173e-05 1.000000000000000082e-05 3.848759543216845195e-04
0.000000000000000000e+00 -0.000000000000000000e+00 0.000000000000000000e+00 0.000000000000000000e+00 0.000000000000000000e+00
0.000000000000000000e+00 -0.000000000000000000e+00 0.000000000000000000e+00 0.000000000000000000e+00 0.000000000000000000e+00
1.000000000000000082e-05 1.000000000000000082e-05 5.676273338761612881e-05 7.050528654780947706e-07 1.000000000000000082e-05
0.000000000000000000e+00 -0.000000000000000000e+00 0.000000000000000000e+00 0.000000000000000000e+00 0.000000000000000000e+00
1.000000000000000082e-05 1.000000000000000082e-05 8.345172970780777337e-06 7.018326900328019396e-06 1.000000000000000082e-05
1.000000000000000082e-05 1.134090777553699303e-03 8.546841486847571922e-04 4.019332826140984533e-04 1.000000000000000082e-05
1.000000000000000082e-05 2.064817748183934987e-03 4.718654721942759124e-03 1.888669676224111584e-03 1.000000000000000082e-05
1.000000000000000082e-05 6.330291991979612211e-03 8.894278560634436698e-03 3.943955446833393060e-03 1.000000000000000082e-05
1.000000000000000082e-05 9.486985531848157391e-03 1.481902479934063196e-02 6.086993625570005263e-03 1.000000000000000082e-05
1.000000000000000082e-05 1.063492002274550423e-02 1.777812080149126020e-02 4.864291383811558678e-03 4.165791263137624822e-03
1.000000000000000082e-05 1.100606028744905047e-02 1.766002115847780524e-02 1.000000000000000082e-05 1.771552789125915850e-02
1.000000000000000082e-05 1.242417066304500953e-02 1.341711119410834638e-02 1.000000000000000082e-05 3.613426393208533233e-02
1.000000000000000082e-05 1.128606435896223857e-02 5.788987659807822740e-03 1.000000000000000082e-05 5.267915800993611813e-02
1.000000000000000082e-05 1.250879732454526598e-02 1.928315704995533196e-03 1.000000000000000082e-05 6.951652116392001424e-02
1.000000000000000082e-05 1.278985613712475475e-02 1.239413398233764948e-03 1.000000000000000082e-05 1.033140520890368091e-01
1.000000000000000082e-05 5.710540985479265960e-03 1.000000000000000082e-05 2.902548053055266364e-03 1.647460699506901327e-01
2.053665403842125023e-02 1.000000000000000082e-05 7.479120249328874079e-03 4.226612684035153944e-02 2.022688677250558953e-01
9.261624428116498053e-02 1.000000000000000082e-05 5.046352315014381029e-02 7.492025140222459412e-02 1.375691773019049879e-01
1.230028710421403465e-01 1.000000000000000082e-05 8.760927017412906137e-02 7.825038123309893678e-02 3.850174594241772413e-02
8.488443701171352607e-02 9.342595798064864954e-02 7.861898164651458243e-02 5.841566018859446763e-02 1.000000000000000082e-05
2.030820842503981358e-02 1.588975597456967759e-01 3.429656888062241477e-02 2.785947343694487183e-02 1.000000000000000082e-05
1.000000000000000082e-05 1.309539672439730684e-01 2.603495584279785953e-03 8.241640720430669712e-03 2.061947854473856340e-02
1.000000000000000082e-05 6.741110886770264321e-02 1.000000000000000082e-05 1.000000000000000082e-05 3.066130337450902882e-02
1.000000000000000082e-05 2.967562336982778812e-02 1.000000000000000082e-05 1.000000000000000082e-05 2.614591073676257940e-02
1.000000000000000082e-05 1.250975363460875810e-02 1.087304293166372780e-03 1.000000000000000082e-05 1.698169349066632264e-02
1.000000000000000082e-05 6.041145500120544305e-03 1.688865162598046632e-04 1.000000000000000082e-05 9.261381540112091290e-03
1.000000000000000082e-05 9.831079291303971776e-04 3.169514171360676529e-04 1.000000000000000082e-05 3.421650238037237095e-03
1.000000000000000082e-05 1.616472724504648776e-05 1.000000000000000082e-05 5.369288395437081464e-05 1.127218482254714631e-04
0.000000000000000000e+00 -0.000000000000000000e+00 0.000000000000000000e+00 0.000000000000000000e+00 0.000000000000000000e+00
0.000000000000000000e+00 -0.000000000000000000e+00 0.000000000000000000e+00 0.000000000000000000e+00 0.000000000000000000e+00
0.000000000000000000e+00 -0.000000000000000000e+00 0.000000000000000000e+00 0.000000000000000000e+00 0.000000000000000000e+00
0.000000000000000000e+00 -0.000000000000000000e+00 0.000000000000000000e+00 0.000000000000000000e+00 0.000000000000000000e+00
1.000000000000000082e-05 9.369959286812809407e-06 1.317027064215586163e-05 1.821411287567295247e-05 1.000000000000000082e-05
1.000000000000000082e-05 5.403078488031668207e-04 2.833564286684288943e-04 1.837604869350657440e-04 1.000000000000000082e-05
1.000000000000000082e-05 1.327096531405002949e-03 2.285514194480291455e-03 9.365885159093839240e-04 1.000000000000000082e-05
1.000000000000000082e-05 3.361345425454966788e-03 5.046876312305249856e-03 1.954281524446290202e-03 5.309335298659674345e-04
1.000000000000000082e-05 6.129575305772600770e-03 6.677675557791976774e-03 1.841964348301000209e-03 2.858270024297618599e-03
1.000000000000000082e-05 9.628889862891920962e-03 5.266342080626500513e-03 3.077800682443078395e-04 8.740331136758370742e-03
1.000000000000000082e-05 1.306630851728740259e-02 2.587045413058678897e-03 1.000000000000000082e-05 2.089979210072791249e-02
1.000000000000000082e-05 1.560270249777468560e-02 1.000000000000000082e-05 1.000000000000000082e-05 3.694678450311313089e-02
1.000000000000000082e-05 1.542774437546210256e-02 1.000000000000000082e-05 1.000000000000000082e-05 5.271234129814077185e-02
1.000000000000000082e-05 1.529334435099542408e-02 1.000000000000000082e-05 1.000000000000000082e-05 8.303757587122165273e-02
1.000000000000000082e-05 1.208167864858430279e-02 1.000000000000000082e-05 1.931673403872170153e-03 1.346560184406909166e-01
1.000000000000000082e-05 1.000000000000000082e-05 1.000000000000000082e-05 4.314430961826812294e-02 1.866314406774590151e-01
5.506238325224574459e-02 1.000000000000000082e-05 7.126049797226698471e-03 8.518688262882093132e-02 1.594868338653033235e-01
1.214794348172270472e-01 1.000000000000000082e-05 6.342188525748557182e-02 8.425850541935238358e-02 7.098312635334774745e-02
1.220727715640038819e-01 2.988470455315647353e-02 9.801919820019394658e-02 5.703994586359822927e-02 1.000000000000000082e-05
5.929901114498304510e-02 1.234692379874455237e-01 7.810648104892869981e-02 2.189051179292180252e-02 1.000000000000000082e-05
1.000000000000000082e-05 1.568730660102496122e-01 2.734998157054354187e-02 5.715840882659375087e-03 1.931025579397946347e-03
1.000000000000000082e-05 1.046924632080544343e-01 1.000000000000000082e-05 1.000000000000000082e-05 2.034955197668735991e-02
1.000000000000000082e-05 4.841634940778114654e-02 1.000000000000000082e-05 1.000000000000000082e-05 2.145124579354252756e-02
1.000000000000000082e-05 2.126473864011080989e-02 1.000000000000000082e-05 1.000000000000000082e-05 1.576056987598370082e-02
1.000000000000000082e-05 8.942844987089606373e-03 1.000000000000000082e-05 1.000000000000000082e-05 1.054707612756891101e-02
1.000000000000000082e-05 4.676407633436170316e-03 1.000000000000000082e-05 1.000000000000000082e-05 6.759292951967197857e-03
1.000000000000000082e-05 1.010093950743177430e-03 1.000000000000000082e-05 1.000000000000000082e-05 3.592603692270439093e-03
1.000000000000000082e-05 9.877072788650210762e-05 1.000000000000000082e-05 1.000000000000000082e-05 7.164509205588396462e-04
1.000000000000000082e-05 1.901049689517418957e-05 1.000000000000000082e-05 1.000000000000000082e-05 2.370191867299367315e-04
0.000000000000000000e+00 -0.000000000000000000e+00 0.000000000000000000e+00 0.000000000000000000e+00 0.000000000000000000e+00
0.000000000000000000e+00 -0.000000000000000000e+00 0.000000000000000000e+00 0.000000000000000000e+00 0.000000000000000000e+00
0.000000000000000000e+00 -0.000000000000000000e+00 0.000000000000000000e+00 0.000000000000000000e+00 0.000000000000000000e+00
1.000000000000000082e-05 1.000000000000000082e-05 1.652175627989570965e-04 1.386757709468025145e-04 1.000000000000000082e-05
1.000000000000000082e-05 2.614597182553281707e-04 1.491747939423824782e-04 1.007321679339897094e-04 1.000000000000000082e-05
1.000000000000000082e-05 9.174724986869223914e-04 1.306463977663704229e-03 4.652777588619707097e-04 1.000000000000000082e-05
1.000000000000000082e-05 1.620089984995713587e-03 1.720030172357502399e-03 6.827249864753374021e-04 9.287278596378226907e-04
1.000000000000000082e-05 3.154111264769821760e-03 1.772514084212358215e-03 6.200033250347768100e-04 1.938607772638873414e-03
1.000000000000000082e-05 5.676975846830704421e-03 2.324331859571659683e-04 1.000000000000000082e-05 6.059711675754700204e-03
1.000000000000000082e-05 8.646986903778904748e-03 1.000000000000000082e-05 1.000000000000000082e-05 1.363405438145809390e-02
1.000000000000000082e-05 1.101926691319749484e-02 1.000000000000000082e-05 1.000000000000000082e-05 2.624825876652438911e-02
1.000000000000000082e-05 1.193159975785441744e-02 1.000000000000000082e-05 1.000000000000000082e-05 4.791713766200894620e-02
1.000000000000000082e-05 1.100468292026393971e-02 1.000000000000000082e-05 6.879999606046439085e-03 9.162690192101363706e-02
1.000000000000000082e-05 3.815903408317353716e-03 1.000000000000000082e-05 4.510947518379920806e-02 1.455017077916420376e-01
1.620637289759490479e-02 1.000000000000000082e-05 1.000000000000000082e-05 9.568156605325464636e-02 1.525498074606771448e-01
9.598918647596901832e-02 1.000000000000000082e-05 1.523027088975024805e-02 1.005043892859086713e-01 9.238382509429692024e-02
1.411561958161976493e-01 1.000000000000000082e-05 8.082169044341319664e-02 6.451816754790980213e-02 7.309466467712166446e-03
1.043970518892061022e-01 5.955759874080794603e-02 1.094472833952356144e-01 1.720284618698513651e-02 1.000000000000000082e-05
2.846603893312582914e-02 1.405249249517398491e-01 7.261551221090377373e-02 1.000000000000000082e-05 1.000000000000000082e-05
1.000000000000000082e-05 1.382644630715173240e-01 2.033177379106264338e-02 1.000000000000000082e-05 4.672331193019881382e-03
1.000000000000000082e-05 7.683928516393581654e-02 1.000000000000000082e-05 1.000000000000000082e-05 1.212177403243858316e-02
1.000000000000000082e-05 3.383140271482017875e-02 1.000000000000000082e-05 1.000000000000000082e-05 1.107839659753218423e-02
1.000000000000000082e-05 1.244535606129805808e-02 1.000000000000000082e-05 1.000000000000000082e-05 8.039375523717830901e-03
1.000000000000000082e-05 4.112668816027262135e-03 2.106225442884645496e-04 1.000000000000000082e-05 5.243729883077940558e-03
1.000000000000000082e-05 1.759443456939630088e-03 1.000000000000000082e-05 1.000000000000000082e-05 3.081627523836670633e-03
1.000000000000000082e-05 4.893979845343448144e-04 1.000000000000000082e-05 1.000000000000000082e-05 1.828473069191936633e-03
1.000000000000000082e-05 1.935867762491128800e-05 1.000000000000000082e-05 1.000000000000000082e-05 2.956234237982777874e-04
1.000000000000000082e-05 3.619762995041277789e-06 6.076412463556398964e-06 1.000000000000000082e-05 1.656991740628030983e-04
0.000000000000000000e+00 -0.000000000000000000e+00 0.000000000000000000e+00 0.000000000000000000e+00 0.000000000000000000e+00
0.000000000000000000e+00 -0.000000000000000000e+00 0.000000000000000000e+00 0.000000000000000000e+00 0.000000000000000000e+00
4.409284785918693591e-05 1.000000000000000082e-05 1.000000000000000082e-05 1.000000000000000082e-05 2.068755519939041161e-06
1.000000000000000082e-05 1.000000000000000082e-05 1.346377708071570128e-04 1.260759269037012688e-04 3.912802082371985969e-05
1.000000000000000082e-05 1.000000000000000082e-05 3.515571532309367912e-04 6.273148181412675610e-05 1.000000000000000082e-05
1.000000000000000082e-05 3.948795645512428293e-04 5.459507547363286802e-04 2.539022982950127371e-04 2.810764761584055144e-04
1.000000000000000082e-05 7.790252026449026243e-04 5.491358970213792339e-04 4.136404618548471766e-04 5.650090636964390711e-04
1.000000000000000082e-05 1.642377878973533918e-03 4.418649367636984953e-04 2.576622043971228443e-04 1.577939553985006514e-03
1.000000000000000082e-05 2.501228056093794845e-03 1.000000000000000082e-05 1.325246081556416436e-04 4.028893342574907215e-03
1.000000000000000082e-05 3.794366018536639643e-03 1.000000000000000082e-05 6.233996794177088462e-05 9.710780152064002468e-03
1.000000000000000082e-05 5.710087242212834834e-03 1.000000000000000082e-05 2.191606612557218513e-03 2.423967320467127970e-02
1.000000000000000082e-05 6.445122570955917271e-03 1.000000000000000082e-05 1.170835551170177312e-02 5.836507212477710926e-02
1.000000000000000082e-05 4.954977913398502833e-03 1.000000000000000082e-05 4.447033942756734720e-02 1.028267223330631419e-01
1.000000000000000082e-05 1.000000000000000082e-05 1.000000000000000082e-05 9.923366252605403393e-02 1.280655950843465618e-01
5.680713439508441875e-02 1.000000000000000082e-05 1.000000000000000082e-05 1.219580649470546896e-01 9.231896272020401195e-02
1.332450138666223527e-01 1.000000000000000082e-05 3.249466548089596785e-02 8.483970564237400258e-02 2.499961899381457700e-02
1.411234090263349394e-01 7.727595325815274146e-04 1.009076285057881189e-01 2.076740929000515587e-02 1.000000000000000082e-05
7.018129632627911896e-02 8.561119232489944331e-02 1.137095657523226888e-01 1.000000000000000082e-05 1.000000000000000082e-05
2.345662076081158395e-03 1.405946585414195593e-01 6.036233376812770446e-02 1.000000000000000082e-05 1.000000000000000082e-05
1.000000000000000082e-05 1.161203712526925058e-01 9.392188728949948245e-03 1.000000000000000082e-05 4.098686433759738020e-03
1.000000000000000082e-05 5.719845914851111324e-02 1.000000000000000082e-05 1.000000000000000082e-05 6.158551410145886827e-03
1.000000000000000082e-05 2.207280301714160259e-02 1.000000000000000082e-05 1.000000000000000082e-05 4.936947452979072344e-03
1.000000000000000082e-05 6.544191989056655570e-03 1.000000000000000082e-05 1.000000000000000082e-05 3.313127762132015396e-03
1.000000000000000082e-05 1.407110881080262397e-03 1.000000000000000082e-05 1.000000000000000082e-05 1.882549889367609794e-03
2.171673104433461223e-05 6.191480693022642602e-04 1.000000000000000082e-05 1.000000000000000082e-05 9.525307763884477159e-04
1.000000000000000082e-05 3.455676183265388082e-04 1.000000000000000082e-05 1.000000000000000082e-05 1.122952762505844033e-03
1.000000000000000082e-05 1.000000000000000082e-05 1.000000000000000082e-05 1.006414519349068976e-04 9.454700387945934998e-05
0.000000000000000000e+00 -0.000000000000000000e+00 0.000000000000000000e+00 0.000000000000000000e+00 0.000000000000000000e+00
0.000000000000000000e+00 -0.000000000000000000e+00 0.000000000000000000e+00 0.000000000000000000e+00 0.000000000000000000e+00
0.000000000000000000e+00 -0.000000000000000000e+00 0.000000000000000000e+00 0.000000000000000000e+00 0.000000000000000000e+00
1.943550997671072869e-05 2.446937092114518119e-06 1.000000000000000082e-05 3.730333842039732555e-07 1.000000000000000082e-05
1.000000000000000082e-05 1.000000000000000082e-05 7.872035849445145562e-06 4.661992337406497092e-06 2.196086953077591637e-06
1.000000000000000082e-05 1.000000000000000082e-05 1.827989024222400640e-04 2.519976284593404559e-05 1.000000000000000082e-05
1.000000000000000082e-05 1.353937831470085698e-04 3.778296210225123223e-04 1.211474352463623319e-04 1.000000000000000082e-05
1.000000000000000082e-05 3.666151081378941868e-04 3.327202141869058951e-04 2.395667331455717615e-04 4.190655830379865290e-04
1.000000000000000082e-05 4.889182535845359350e-04 1.084207591700707971e-04 3.360708730907869504e-04 1.478514041711958974e-03
1.000000000000000082e-05 1.119878751615709924e-03 1.000000000000000082e-05 9.684262723940030657e-04 5.614593593270603838e-03
1.000000000000000082e-05 2.261706624531069701e-03 1.000000000000000082e-05 3.603017707484268244e-03 1.479473306674421347e-02
1.000000000000000082e-05 3.885724410840766911e-03 1.000000000000000082e-05 1.314502516058601959e-02 3.826841788090469543e-02
1.000000000000000082e-05 4.456171494252675336e-03 1.000000000000000082e-05 4.172015032085269609e-02 7.607522571493394170e-02
1.000000000000000082e-05 1.248222483137244733e-04 1.000000000000000082e-05 9.258362516920580487e-02 1.032940668916260962e-01
1.793623127103365078e-02 1.000000000000000082e-05 1.000000000000000082e-05 1.339564601401176946e-01 8.838254902568981608e-02
1.014073486019018283e-01 1.000000000000000082e-05 1.000000000000000082e-05 1.134871405721073617e-01 3.378483077401524259e-02
1.528927884016601790e-01 1.000000000000000082e-05 5.956286851403539556e-02 3.987578431413057317e-02 1.000000000000000082e-05
1.159619602284151646e-01 2.142200863713980899e-02 1.248286063550426150e-01 1.000000000000000082e-05 1.000000000000000082e-05
3.419857164917108200e-02 9.944736262780530522e-02 1.115901216552692976e-01 1.000000000000000082e-05 1.000000000000000082e-05
1.000000000000000082e-05 1.335389783614483461e-01 4.498612549318634080e-02 1.000000000000000082e-05 6.101470012268923188e-03
1.000000000000000082e-05 9.571534448739435486e-02 1.420092184415973780e-03 1.000000000000000082e-05 5.377494157946742515e-03
1.000000000000000082e-05 4.439681698460842818e-02 1.000000000000000082e-05 5.829936648935309324e-04 3.572788591674321435e-03
1.000000000000000082e-05 1.687014605308077494e-02 1.000000000000000082e-05 4.697681973162577533e-04 2.033906614233351069e-03
1.000000000000000082e-05 4.161854673745505120e-03 1.000000000000000082e-05 4.299396139366618079e-05 2.079227913210683620e-03
1.000000000000000082e-05 6.811071944819507493e-04 1.000000000000000082e-05 1.000000000000000082e-05 1.208201480635809040e-03
1.000000000000000082e-05 2.733872989707088566e-04 1.000000000000000082e-05 1.000000000000000082e-05 6.982623170435775387e-04
1.000000000000000082e-05 2.270595982968992425e-04 1.000000000000000082e-05 1.000000000000000082e-05 7.707091893589257392e-04
1.000000000000000082e-05 1.000000000000000082e-05 1.000000000000000082e-05 1.577914728911041040e-04 4.794540340157381911e-05
0.000000000000000000e+00 -0.000000000000000000e+00 0.000000000000000000e+00 0.000000000000000000e+00 0.000000000000000000e+00
0.000000000000000000e+00 -0.000000000000000000e+00 0.000000000000000000e+00 0.000000000000000000e+00 0.000000000000000000e+00
0.000000000000000000e+00 -0.000000000000000000e+00 0.000000000000000000e+00 0.000000000000000000e+00 0.000000000000000000e+00
0.000000000000000000e+00 -0.000000000000000000e+00 0.000000000000000000e+00 0.000000000000000000e+00 0.000000000000000000e+00
0.000000000000000000e+00 -0.000000000000000000e+00 0.000000000000000000e+00 0.000000000000000000e+00 0.000000000000000000e+00
0.000000000000000000e+00 -0.000000000000000000e+00 0.000000000000000000e+00 0.000000000000000000e+00 0.000000000000000000e+00
1.000000000000000082e-05 8.538467767771768793e-05 2.580980408383170568e-04 1.270022903655569039e-04 4.204482154291081701e-04
1.000000000000000082e-05 4.559816875126273920e-04 7.926755091262099504e-05 4.948680077469956237e-04 1.166189798125029159e-03
1.000000000000000082e-05 8.361107951004395243e-04 1.000000000000000082e-05 1.544692930076111467e-03 4.288974143036272148e-03
1.000000000000000082e-05 1.734574796381736176e-03 1.000000000000000082e-05 4.114486860596029000e-03 1.150446659198650808e-02
1.000000000000000082e-05 3.286262210876962023e-03 1.000000000000000082e-05 1.245299246171178466e-02 2.989488967070044051e-02
1.000000000000000082e-05 5.012924196023986305e-03 1.000000000000000082e-05 3.721775870105893669e-02 6.051572375521077629e-02
1.000000000000000082e-05 4.365069341542447169e-03 1.000000000000000082e-05 8.158313764294049253e-02 8.365158633116748232e-02
1.000000000000000082e-05 1.000000000000000082e-05 1.000000000000000082e-05 1.304300532402422608e-01 8.381377464810720046e-02
6.035964307807740320e-02 1.000000000000000082e-05 1.000000000000000082e-05 1.337145006128810099e-01 4.118767415908487078e-02
1.367261421401029520e-01 1.000000000000000082e-05 1.312225633073201480e-03 7.128069403587064534e-02 1.000000000000000082e-05
1.473219046087549111e-01 1.000000000000000082e-05 8.920357187993457893e-02 1.000000000000000082e-05 1.000000000000000082e-05
8.080969600254225838e-02 3.948058493745464081e-02 1.368522805059469438e-01 1.000000000000000082e-05 1.000000000000000082e-05
8.458604377572107036e-03 1.053899458082160345e-01 1.007019597709941094e-01 1.000000000000000082e-05 1.670188348550916829e-02
1.000000000000000082e-05 1.203594102607828675e-01 3.154030453158573888e-02 1.000000000000000082e-05 1.538189835332767416e-02
1.000000000000000082e-05 7.983852201696564621e-02 1.000000000000000082e-05 1.000000000000000082e-05 6.629543832407930673e-03
1.000000000000000082e-05 3.668455307713448799e-02 1.000000000000000082e-05 6.576980321824602189e-04 2.747050822374952003e-03
1.000000000000000082e-05 1.372061292284526210e-02 1.000000000000000082e-05 6.586955775348780429e-04 1.339903763072418548e-03
1.000000000000000082e-05 3.226360334983900159e-03 2.583336555810012368e-04 2.083514756540674685e-04 1.359836465259952210e-03
1.000000000000000082e-05 3.467894848449845982e-04 1.691025015604045859e-04 3.924922551853782086e-05 7.708949902325574598e-04
1.000000000000000082e-05 8.083614069655619522e-05 1.000000000000000082e-05 4.535709080913627895e-05 3.699910128872567071e-04
1.000000000000000082e-05 1.574257734997412997e-05 1.000000000000000082e-05 6.506425703754017715e-05 3.011309916270781244e-04
1.000000000000000082e-05 1.000000000000000082e-05 1.000000000000000082e-05 1.591069777037898132e-04 1.743682130471536576e-05
0.000000000000000000e+00 -0.000000000000000000e+00 0.000000000000000000e+00 0.000000000000000000e+00 0.000000000000000000e+00
0.000000000000000000e+00 -0.000000000000000000e+00 0.000000000000000000e+00 0.000000000000000000e+00 0.000000000000000000e+00
0.000000000000000000e+00 -0.000000000000000000e+00 0.000000000000000000e+00 0.000000000000000000e+00 0.000000000000000000e+00
0.000000000000000000e+00 -0.000000000000000000e+00 0.000000000000000000e+00 0.000000000000000000e+00 0.000000000000000000e+00
0.000000000000000000e+00 -0.000000000000000000e+00 0.000000000000000000e+00 0.000000000000000000e+00 0.000000000000000000e+00
0.000000000000000000e+00 -0.000000000000000000e+00 0.000000000000000000e+00 0.000000000000000000e+00 0.000000000000000000e+00
1.000000000000000082e-05 4.445798079460555586e-04 1.000000000000000082e-05 4.964639208954468603e-04 1.113693871874940535e-03
1.000000000000000082e-05 9.099012239074327031e-04 1.000000000000000082e-05 1.771922820963544752e-03 4.016657620163072671e-03
1.000000000000000082e-05 1.637537259836620643e-03 1.000000000000000082e-05 4.230663838324642302e-03 9.119820979532214725e-03
1.000000000000000082e-05 2.781347338309415624e-03 1.000000000000000082e-05 1.085807165652750636e-02 2.245013442152307692e-02
1.000000000000000082e-05 4.803227891153652798e-03 1.000000000000000082e-05 3.163459504686887136e-02 4.810257372514024216e-02
1.000000000000000082e-05 6.168523503343311884e-03 1.000000000000000082e-05 7.047741797696729926e-02 7.038366290592956709e-02
1.000000000000000082e-05 1.132241192534050528e-03 1.000000000000000082e-05 1.199031055614116076e-01 7.327371048735684123e-02
2.563508938888603775e-02 1.000000000000000082e-05 1.000000000000000082e-05 1.413586740469023328e-01 4.751451176412628541e-02
9.885363426730084391e-02 1.000000000000000082e-05 1.000000000000000082e-05 1.034610266246976384e-01 1.898052980068622945e-03
1.500719566501262092e-01 1.000000000000000082e-05 2.905178188749915277e-02 2.056131161412299430e-02 1.000000000000000082e-05
1.212351994347136419e-01 1.000000000000000082e-05 1.159216701387764392e-01 1.000000000000000082e-05 1.000000000000000082e-05
4.828015576371029460e-02 5.086929552371809854e-02 1.377348901664620373e-01 1.000000000000000082e-05 1.682766008415271727e-02
1.000000000000000082e-05 1.045291197945818068e-01 8.396036696838210522e-02 1.000000000000000082e-05 3.008535544328274844e-02
1.000000000000000082e-05 1.077043522017660376e-01 1.767918804353629456e-02 1.000000000000000082e-05 1.931723705092445315e-02
1.000000000000000082e-05 6.891052309889231231e-02 1.000000000000000082e-05 1.000000000000000082e-05 7.638535484983222969e-03
1.000000000000000082e-05 3.291434004873766694e-02 1.000000000000000082e-05 3.518403990233565852e-04 2.921963068784262218e-03
1.000000000000000082e-05 1.247196972010975770e-02 1.000000000000000082e-05 5.339603529475476975e-04 1.076225552992288994e-03
1.000000000000000082e-05 2.959427312546064268e-03 6.022690308666345688e-05 3.143552155161423076e-04 1.141610075677166290e-03
1.000000000000000082e-05 2.508854563156710750e-04 1.000000000000000082e-05 1.468340658885117797e-04 6.831799125779872573e-04
1.000000000000000082e-05 3.601567291059805858e-05 1.000000000000000082e-05 8.133625896713185923e-05 2.206743431827031703e-04
1.000000000000000082e-05 1.000000000000000082e-05 5.300084974623466098e-05 9.353446087515573633e-05 7.318080176764005967e-05
1.000000000000000082e-05 1.000000000000000082e-05 1.141811597883472147e-06 7.993280214140584890e-05 1.137596444060142873e-06
0.000000000000000000e+00 -0.000000000000000000e+00 0.000000000000000000e+00 0.000000000000000000e+00 0.000000000000000000e+00
0.000000000000000000e+00 -0.000000000000000000e+00 0.000000000000000000e+00 0.000000000000000000e+00 0.000000000000000000e+00
0.000000000000000000e+00 -0.000000000000000000e+00 0.000000000000000000e+00 0.000000000000000000e+00 0.000000000000000000e+00
0.000000000000000000e+00 -0.000000000000000000e+00 0.000000000000000000e+00 0.000000000000000000e+00 0.000000000000000000e+00
0.000000000000000000e+00 -0.000000000000000000e+00 0.000000000000000000e+00 0.000000000000000000e+00 0.000000000000000000e+00
1.000000000000000082e-05 1.000000000000000082e-05 4.216361975100792821e-05 6.714872974905686546e-05 9.665841753292156240e-05
1.000000000000000082e-05 5.785757532592997795e-04 1.000000000000000082e-05 1.222393000277681527e-03 2.249177578206371011e-03
1.000000000000000082e-05 1.492128446189769928e-03 1.000000000000000082e-05 3.648343582029507561e-03 7.205454427757117947e-03
1.000000000000000082e-05 2.616791546858137588e-03 1.000000000000000082e-05 9.384420244953705845e-03 1.650068347138185232e-02
1.000000000000000082e-05 4.249559016877452536e-03 1.000000000000000082e-05 2.534264415372016604e-02 3.665253139004774618e-02
1.000000000000000082e-05 7.056085803829091965e-03 1.000000000000000082e-05 5.628117923683717549e-02 5.660509722255537002e-02
1.000000000000000082e-05 5.244042149120504114e-03 1.000000000000000082e-05 1.009067755739165573e-01 6.388460607556877002e-02
4.791254502847287246e-04 1.000000000000000082e-05 1.000000000000000082e-05 1.363755871641225137e-01 4.989495472064855996e-02
6.092296640750571868e-02 1.000000000000000082e-05 1.000000000000000082e-05 1.238182473031967518e-01 1.229076089864679713e-02
1.246872308600146528e-01 1.000000000000000082e-05 1.000000000000000082e-05 5.830439519536590592e-02 1.000000000000000082e-05
1.409637395908886759e-01 1.000000000000000082e-05 5.471363156920200366e-02 1.000000000000000082e-05 1.000000000000000082e-05
9.255179566250165690e-02 2.435828309523317692e-03 1.262361369274343226e-01 1.000000000000000082e-05 5.613905551866121141e-03
2.762979888892025393e-02 5.665993983401816647e-02 1.279963104389528761e-01 1.000000000000000082e-05 3.047591536707974433e-02
1.000000000000000082e-05 9.865124449390713646e-02 6.689594997619849326e-02 1.000000000000000082e-05 3.448354680623220980e-02
1.000000000000000082e-05 9.766390752964469735e-02 1.051176577123710300e-02 1.000000000000000082e-05 2.017144182583377118e-02
1.000000000000000082e-05 6.213880951873802794e-02 1.000000000000000082e-05 1.000000000000000082e-05 7.445915081139286261e-03
1.000000000000000082e-05 3.102534549321783741e-02 1.000000000000000082e-05 1.000000000000000082e-05 3.032870328878938416e-03
1.000000000000000082e-05 1.298087154641684032e-02 1.000000000000000082e-05 4.200735206148869497e-04 7.961015993714098309e-04
1.000000000000000082e-05 3.026355424807887756e-03 1.000000000000000082e-05 3.703578984573793276e-04 3.559594902547787067e-04
1.000000000000000082e-05 3.711602598151312596e-04 1.000000000000000082e-05 3.240613299743136605e-04 1.224301025834476011e-04
9.660376914178620043e-05 1.200512098825935162e-04 1.000000000000000082e-05 1.142103811762395176e-04 1.000000000000000082e-05
3.690148533971178984e-06 1.000000000000000082e-05 6.152550764095464050e-05 6.675787537003590930e-05 1.000000000000000082e-05
1.000000000000000082e-05 1.000000000000000082e-05 2.413585491461021879e-07 1.689636468029715897e-05 2.404675410208321489e-07
0.000000000000000000e+00 -0.000000000000000000e+00 0.000000000000000000e+00 0.000000000000000000e+00 0.000000000000000000e+00
0.000000000000000000e+00 -0.000000000000000000e+00 0.000000000000000000e+00 0.000000000000000000e+00 0.000000000000000000e+00
0.000000000000000000e+00 -0.000000000000000000e+00 0.000000000000000000e+00 0.000000000000000000e+00 0.000000000000000000e+00
0.000000000000000000e+00 -0.000000000000000000e+00 0.000000000000000000e+00 0.000000000000000000e+00 0.000000000000000000e+00
1.000000000000000082e-05 5.030158719051501379e-05 1.000000000000000082e-05 3.073375997784181222e-05 1.006939751007533359e-05
1.000000000000000082e-05 9.318851028629804214e-05 1.000000000000000082e-05 1.754499488598945938e-04 4.540461079914769223e-04
1.000000000000000082e-05 7.031018587554614110e-04 1.000000000000000082e-05 1.897004449103645643e-03 3.160487442875164511e-03
1.000000000000000082e-05 1.841105849512479241e-03 1.000000000000000082e-05 5.709381717194889766e-03 9.563895092072635315e-03
1.000000000000000082e-05 3.274499219806748049e-03 1.000000000000000082e-05 1.655525164887207412e-02 2.144430229931806528e-02
1.000000000000000082e-05 5.142792639203024041e-03 1.000000000000000082e-05 3.969894101469684244e-02 4.151840534000696137e-02
1.000000000000000082e-05 6.442182929874440758e-03 1.000000000000000082e-05 7.657870789778074838e-02 5.185840710860418340e-02
1.000000000000000082e-05 1.973889362625838150e-03 1.000000000000000082e-05 1.181501896760891734e-01 4.670993850868645353e-02
2.546967184201114759e-02 1.000000000000000082e-05 1.000000000000000082e-05 1.304450787167571180e-01 2.016576541626116312e-02
8.666886462184687778e-02 1.000000000000000082e-05 1.000000000000000082e-05 9.175377494020833802e-02 1.000000000000000082e-05
1.306416409827703684e-01 1.000000000000000082e-05 3.802480353931144059e-04 2.218310257442142677e-02 1.000000000000000082e-05
1.220907230927174847e-01 1.000000000000000082e-05 7.081317740670346750e-02 1.000000000000000082e-05 1.000000000000000082e-05
7.006520774727093004e-02 9.871782823357450748e-03 1.245909244001878607e-01 1.000000000000000082e-05 1.299838536208077974e-02
1.711105701722175423e-02 5.880890322704762641e-02 1.097228880305210347e-01 1.000000000000000082e-05 3.391058067622012423e-02
1.000000000000000082e-05 9.239339429079330979e-02 5.280776245269452884e-02 1.000000000000000082e-05 3.220317185780732783e-02
1.000000000000000082e-05 8.823747197956427479e-02 6.775213621208197277e-03 1.000000000000000082e-05 1.975135031919089679e-02
1.000000000000000082e-05 5.534783492446463532e-02 1.000000000000000082e-05 1.000000000000000082e-05 7.136695263819343299e-03
1.000000000000000082e-05 3.121179327361088898e-02 1.000000000000000082e-05 1.000000000000000082e-05 3.758501341506244754e-03
1.000000000000000082e-05 1.320514083987550484e-02 1.000000000000000082e-05 1.000000000000000082e-05 1.403767088977152027e-03
1.000000000000000082e-05 4.245157917245722355e-03 1.000000000000000082e-05 2.854430837282899511e-04 1.018558846776015139e-04
1.000000000000000082e-05 7.627867090973533158e-04 1.000000000000000082e-05 1.247792823281831498e-04 1.000000000000000082e-05
1.000000000000000082e-05 5.457974909310508113e-07 1.000000000000000082e-05 1.914429796669322813e-05 8.184318946084673274e-05
2.185833400252892538e-05 1.000000000000000082e-05 6.663223320585040467e-05 4.567312997612785045e-05 1.000000000000000082e-05
0.000000000000000000e+00 -0.000000000000000000e+00 0.000000000000000000e+00 0.000000000000000000e+00 0.000000000000000000e+00
0.000000000000000000e+00 -0.000000000000000000e+00 0.000000000000000000e+00 0.000000000000000000e+00 0.000000000000000000e+00
0.000000000000000000e+00 -0.000000000000000000e+00 0.000000000000000000e+00 0.000000000000000000e+00 0.000000000000000000e+00
0.000000000000000000e+00 -0.000000000000000000e+00 0.000000000000000000e+00 0.000000000000000000e+00 0.000000000000000000e+00
0.000000000000000000e+00 -0.000000000000000000e+00 0.000000000000000000e+00 0.000000000000000000e+00 0.000000000000000000e+00
0.000000000000000000e+00 -0.000000000000000000e+00 0.000000000000000000e+00 0.000000000000000000e+00 0.000000000000000000e+00
1.000000000000000082e-05 2.843572146083544452e-05 1.000000000000000082e-05 1.438702461919351275e-04 6.075796690141694939e-04
1.000000000000000082e-05 1.654778937121436798e-04 1.000000000000000082e-05 1.126584488870601471e-03 2.846743573185942823e-03
1.000000000000000082e-05 1.514203999252402384e-03 1.000000000000000082e-05 5.890832608662534796e-03 7.465386172468846566e-03
1.000000000000000082e-05 3.156571894281085758e-03 1.000000000000000082e-05 1.995856529588955000e-02 1.706148944932757774e-02
1.000000000000000082e-05 3.950072907547909004e-03 1.000000000000000082e-05 4.434127569284422588e-02 2.985310520119468028e-02
1.000000000000000082e-05 2.921214288699395221e-03 1.000000000000000082e-05 8.263426310606500347e-02 3.141675400933995055e-02
1.000000000000000082e-05 1.000000000000000082e-05 1.000000000000000082e-05 1.121023842603186410e-01 1.623692154865958442e-02
3.956161387843513955e-02 1.000000000000000082e-05 1.000000000000000082e-05 1.063388046622573274e-01 1.000000000000000082e-05
9.069677715769972060e-02 1.000000000000000082e-05 1.000000000000000082e-05 5.898873578156788727e-02 1.000000000000000082e-05
1.158550650204012294e-01 1.000000000000000082e-05 1.020007299557357944e-02 2.431882035398867659e-03 1.000000000000000082e-05
9.713266053866757843e-02 1.000000000000000082e-05 7.123869131921355125e-02 1.000000000000000082e-05 1.000000000000000082e-05
5.242410789390412190e-02 1.567921638195944947e-02 1.056043185051793454e-01 1.000000000000000082e-05 1.769497420671469314e-03
1.167952740773227881e-02 5.388678925732987707e-02 8.605022170368063772e-02 1.000000000000000082e-05 2.119142989607173191e-02
1.000000000000000082e-05 8.053713193764111544e-02 3.696279788795409083e-02 1.000000000000000082e-05 2.117696743047177074e-02
1.000000000000000082e-05 7.280108891710129759e-02 4.456764944355483780e-03 1.000000000000000082e-05 1.338872846063630939e-02
1.000000000000000082e-05 4.875535361456042466e-02 1.000000000000000082e-05 1.000000000000000082e-05 5.542685011677009506e-03
1.000000000000000082e-05 2.961501958521255834e-02 1.000000000000000082e-05 1.000000000000000082e-05 2.812162772431728384e-03
1.000000000000000082e-05 1.334966729933656504e-02 1.000000000000000082e-05 2.151957932985198264e-05 8.438366397957846460e-04
1.000000000000000082e-05 5.020108117265606636e-03 1.000000000000000082e-05 2.650956757886298309e-04 5.723352601316214450e-05
1.000000000000000082e-05 1.420542320789468455e-03 1.000000000000000082e-05 1.229466369671022982e-04 1.000000000000000082e-05
1.000000000000000082e-05 1.433682963757700632e-04 1.000000000000000082e-05 1.704308056777625218e-05 1.000000000000000082e-05
1.811681737146523066e-05 1.000000000000000082e-05 5.522671581025463303e-05 3.785520682706091267e-05 1.000000000000000082e-05
0.000000000000000000e+00 -0.000000000000000000e+00 0.000000000000000000e+00 0.000000000000000000e+00 0.000000000000000000e+00
0.000000000000000000e+00 -0.000000000000000000e+00 0.000000000000000000e+00 0.000000000000000000e+00 0.000000000000000000e+00
0.000000000000000000e+00 -0.000000000000000000e+00 0.000000000000000000e+00 0.000000000000000000e+00 0.000000000000000000e+00
0.000000000000000000e+00 -0.000000000000000000e+00 0.000000000000000000e+00 0.000000000000000000e+00 0.000000000000000000e+00
0.000000000000000000e+00 -0.000000000000000000e+00 0.000000000000000000e+00 0.000000000000000000e+00 0.000000000000000000e+00
0.000000000000000000e+00 -0.000000000000000000e+00 0.000000000000000000e+00 0.000000000000000000e+00 0.000000000000000000e+00
0.000000000000000000e+00 -0.000000000000000000e+00 0.000000000000000000e+00 0.000000000000000000e+00 0.000000000000000000e+00
1.000000000000000082e-05 1.477039443106046245e-04 1.000000000000000082e-05 2.685526945762677304e-04 5.704455533559828250e-04
1.000000000000000082e-05 4.065888982385216935e-04 1.000000000000000082e-05 2.982679091668922686e-03 2.185363639160458130e-03
1.000000000000000082e-05 1.231201452852988525e-03 1.000000000000000082e-05 1.267737076367821472e-02 3.752032399376980902e-03
1.000000000000000082e-05 1.906480412676623670e-03 1.000000000000000082e-05 2.834641098638672127e-02 3.994528366837034501e-03
1.000000000000000082e-05 1.035073662206168876e-03 1.000000000000000082e-05 5.349408913419154143e-02 1.000000000000000082e-05
4.283928492859375055e-03 1.000000000000000082e-05 1.000000000000000082e-05 6.782981970768733881e-02 1.000000000000000082e-05
3.007350547986953337e-02 1.000000000000000082e-05 1.000000000000000082e-05 6.001298390175965891e-02 1.000000000000000082e-05
5.661898501651661114e-02 1.000000000000000082e-05 1.000000000000000082e-05 3.242423831731994222e-02 1.000000000000000082e-05
6.655069951650423310e-02 1.000000000000000082e-05 1.233389755667300622e-02 1.364279870474435080e-03 1.000000000000000082e-05
5.173434680282882475e-02 1.000000000000000082e-05 4.918929456653493154e-02 1.000000000000000082e-05 1.000000000000000082e-05
2.578972294799892345e-02 1.784722360968242147e-02 6.393791505733528724e-02 1.000000000000000082e-05 1.000000000000000082e-05
3.728334905734937386e-03 4.340909820024826254e-02 4.424913125386900625e-02 1.000000000000000082e-05 1.000000000000000082e-05
1.000000000000000082e-05 5.366594493834281332e-02 1.860987131739428799e-02 1.000000000000000082e-05 4.251674192516903886e-03
1.000000000000000082e-05 4.598851947827768682e-02 7.749398787597339133e-04 1.000000000000000082e-05 2.928232977787010444e-03
1.000000000000000082e-05 3.307061012477525291e-02 1.000000000000000082e-05 1.000000000000000082e-05 1.310111800930519694e-03
1.000000000000000082e-05 2.144671290424125104e-02 1.000000000000000082e-05 7.558237218140441134e-05 4.933685479818991117e-04
1.000000000000000082e-05 8.163269516357244196e-03 1.000000000000000082e-05 2.843642185848470577e-04 9.018383919252948651e-05
1.000000000000000082e-05 3.241371833920775585e-03 1.000000000000000082e-05 2.750710116122749940e-04 1.000000000000000082e-05
1.000000000000000082e-05 1.074022143630957386e-03 7.079406744031932041e-05 1.862530441765951014e-04 1.000000000000000082e-05
1.000000000000000082e-05 1.488195579786836425e-04 2.224806823373423942e-05 3.124309716078623779e-05 1.000000000000000082e-05
0.000000000000000000e+00 -0.000000000000000000e+00 0.000000000000000000e+00 0.000000000000000000e+00 0.000000000000000000e+00
0.000000000000000000e+00 -0.000000000000000000e+00 0.000000000000000000e+00 0.000000000000000000e+00 0.000000000000000000e+00
0.000000000000000000e+00 -0.000000000000000000e+00 0.000000000000000000e+00 0.000000000000000000e+00 0.000000000000000000e+00
0.000000000000000000e+00 -0.000000000000000000e+00 0.000000000000000000e+00 0.000000000000000000e+00 0.000000000000000000e+00
0.000000000000000000e+00 -0.000000000000000000e+00 0.000000000000000000e+00 0.000000000000000000e+00 0.000000000000000000e+00
0.000000000000000000e+00 -0.000000000000000000e+00 0.000000000000000000e+00 0.000000000000000000e+00 0.000000000000000000e+00
0.000000000000000000e+00 -0.000000000000000000e+00 0.000000000000000000e+00 0.000000000000000000e+00 0.000000000000000000e+00
0.000000000000000000e+00 -0.000000000000000000e+00 0.000000000000000000e+00 0.000000000000000000e+00 0.000000000000000000e+00
1.000000000000000082e-05 1.000000000000000082e-05 3.179537494835363190e-05 6.221788235283889608e-05 6.548246928678116854e-05
1.000000000000000082e-05 1.000000000000000082e-05 2.710501328635483986e-04 4.040038941481377478e-04 3.843444805697551243e-05
1.000000000000000082e-05 1.000000000000000082e-05 3.189472922822537732e-04 8.209514337413403645e-04 1.000000000000000082e-05
1.000000000000000082e-05 9.461975593211884527e-05 3.254140861581678924e-04 2.071873203578481447e-03 1.000000000000000082e-05
1.000000000000000082e-05 4.096117026502406095e-04 4.672902181187561636e-04 3.171240852260190889e-03 1.000000000000000082e-05
1.874178104645399603e-04 1.006282009999306341e-03 1.000000000000000082e-05 3.822162803247456872e-03 1.000000000000000082e-05
1.596347151994098861e-03 1.193488395187683286e-03 1.000000000000000082e-05 4.040288518811384864e-03 1.000000000000000082e-05
3.151238667356020921e-03 1.689202441954475945e-03 4.778835534496311409e-04 3.176085647266711949e-03 1.000000000000000082e-05
3.105847528511246607e-03 1.725528272287137326e-03 5.932328693860601521e-03 1.813981826786987932e-03 1.000000000000000082e-05
1.254988888688423482e-03 2.683443460948728172e-03 1.105093130741923758e-02 5.809776605331822864e-04 1.000000000000000082e-05
1.000000000000000082e-05 7.553901663859961813e-03 1.426383924721462762e-02 1.727890791824494854e-04 1.000000000000000082e-05
1.000000000000000082e-05 1.284346595857962549e-02 9.045870526173298634e-03 1.237099838961051097e-04 1.000000000000000082e-05
1.000000000000000082e-05 1.395202779291202129e-02 3.006258618679161655e-03 3.443679329799938173e-04 1.000000000000000082e-05
1.000000000000000082e-05 1.212325364705447474e-02 1.000000000000000082e-05 5.265766099086500139e-04 1.000000000000000082e-05
1.000000000000000082e-05 8.189851831447823513e-03 1.000000000000000082e-05 5.202912744150020976e-04 1.000000000000000082e-05
1.000000000000000082e-05 4.110005067114248963e-03 1.000000000000000082e-05 3.214383343568281482e-04 1.000000000000000082e-05
1.000000000000000082e-05 1.647257783943029911e-03 1.000000000000000082e-05 2.004765882083732811e-04 1.000000000000000082e-05
1.000000000000000082e-05 2.724652450368441692e-04 2.474109794028170849e-04 6.600293944241201474e-05 1.000000000000000082e-05
1.000000000000000082e-05 2.571868811429422075e-04 1.879768802974263609e-04 1.149066102896831022e-04 1.000000000000000082e-05
1.000000000000000082e-05 5.644861946020679559e-05 1.124247638200022321e-05 2.442961538556131187e-05 1.000000000000000082e-05
0.000000000000000000e+00 -0.000000000000000000e+00 0.000000000000000000e+00 0.000000000000000000e+00 0.000000000000000000e+00
0.000000000000000000e+00 -0.000000000000000000e+00 0.000000000000000000e+00 0.000000000000000000e+00 0.000000000000000000e+00
0.000000000000000000e+00 -0.000000000000000000e+00 0.000000000000000000e+00 0.000000000000000000e+00 0.000000000000000000e+00
0.000000000000000000e+00 -0.000000000000000000e+00 0.000000000000000000e+00 0.000000000000000000e+00 0.000000000000000000e+00
