0.000000000000000000e+00 -0.000000000000000000e+00 0.000000000000000000e+00 -0.000000000000000000e+00 -0.000000000000000000e+00
0.000000000000000000e+00 -0.000000000000000000e+00 0.000000000000000000e+00 -0.000000000000000000e+00 -0.000000000000000000e+00
0.000000000000000000e+00 -0.000000000000000000e+00 -0.000000000000000000e+00 -0.000000000000000000e+00 -0.000000000000000000e+00
0.000000000000000000e+00 -0.000000000000000000e+00 -0.000000000000000000e+00 0.000000000000000000e+00 -0.000000000000000000e+00
0.000000000000000000e+00 -0.000000000000000000e+00 -0.000000000000000000e+00 0.000000000000000000e+00 0.000000000000000000e+00
0.000000000000000000e+00 -0.000000000000000000e+00 -0.000000000000000000e+00 0.000000000000000000e+00 0.000000000000000000e+00
0.000000000000000000e+00 -0.000000000000000000e+00 -0.000000000000000000e+00 0.000000000000000000e+00 0.000000000000000000e+00
0.000000000000000000e+00 -0.000000000000000000e+00 -0.000000000000000000e+00 0.000000000000000000e+00 0.000000000000000000e+00
0.000000000000000000e+00 -0.000000000000000000e+00 -0.000000000000000000e+00 0.000000000000000000e+00 0.000000000000000000e+00
0.000000000000000000e+00 -0.000000000000000000e+00 -0.000000000000000000e+00 0.000000000000000000e+00 0.000000000000000000e+00
0.000000000000000000e+00 -0.000000000000000000e+00 -0.000000000000000000e+00 0.000000000000000000e+00 0.000000000000000000e+00
0.000000000000000000e+00 -0.000000000000000000e+00 -0.000000000000000000e+00 0.000000000000000000e+00 0.000000000000000000e+00
0.000000000000000000e+00 -0.000000000000000000e+00 -0.000000000000000000e+00 0.000000000000000000e+00 0.000000000000000000e+00
0.000000000000000000e+00 -0.000000000000000000e+00 -0.000000000000000000e+00 0.000000000000000000e+00 0.000000000000000000e+00
0.000000000000000000e+00 -0.000000000000000000e+00 -0.000000000000000000e+00 0.000000000000000000e+00 0.000000000000000000e+00
0.000000000000000000e+00 -0.000000000000000000e+00 -0.000000000000000000e+00 0.000000000000000000e+00 0.000000000000000000e+00
0.000000000000000000e+00 -0.000000000000000000e+00 -0.000000000000000000e+00 0.000000000000000000e+00 0.000000000000000000e+00
0.000000000000000000e+00 -0.000000000000000000e+00 -0.000000000000000000e+00 0.000000000000000000e+00 0.000000000000000000e+00
0.000000000000000000e+00 -0.000000000000000000e+00 -0.000000000000000000e+00 0.000000000000000000e+00 0.000000000000000000e+00
0.000000000000000000e+00 -0.000000000000000000e+00 -0.000000000000000000e+00 0.000000000000000000e+00 0.000000000000000000e+00
0.000000000000000000e+00 -0.000000000000000000e+00 -0.000000000000000000e+00 0.000000000000000000e+00 0.000000000000000000e+00
0.000000000000000000e+00 -0.000000000000000000e+00 -0.000000000000000000e+00 0.000000000000000000e+00 0.000000000000000000e+00
0.000000000000000000e+00 -0.000000000000000000e+00 -0.000000000000000000e+00 0.000000000000000000e+00 0.000000000000000000e+00
0.000000000000000000e+00 -0.000000000000000000e+00 -0.000000000000000000e+00 0.000000000000000000e+00 0.000000000000000000e+00
0.000000000000000000e+00 -0.000000000000000000e+00 -0.000000000000000000e+00 0.000000000000000000e+00 0.000000000000000000e+00
0.000000000000000000e+00 -0.000000000000000000e+00 -0.000000000000000000e+00 0.000000000000000000e+00 0.000000000000000000e+00
0.000000000000000000e+00 -0.000000000000000000e+00 -0.000000000000000000e+00 0.000000000000000000e+00 0.000000000000000000e+00
0.000000000000000000e+00 -0.000000000000000000e+00 -0.000000000000000000e+00 0.000000000000000000e+00 0.000000000000000000e+00
0.000000000000000000e+00 -0.000000000000000000e+00 -0.000000000000000000e+00 0.000000000000000000e+00 0.000000000000000000e+00
0.000000000000000000e+00 -0.000000000000000000e+00 -0.000000000000000000e+00 0.000000000000000000e+00 0.000000000000000000e+00
0.000000000000000000e+00 -0.000000000000000000e+00 -0.000000000000000000e+00 0.000000000000000000e+00 0.000000000000000000e+00
0.000000000000000000e+00 -0.000000000000000000e+00 -0.000000000000000000e+00 0.000000000000000000e+00 0.000000000000000000e+00
0.000000000000000000e+00 -0.000000000000000000e+00 -0.000000000000000000e+00 0.000000000000000000e+00 0.000000000000000000e+00
0.000000000000000000e+00 -0.000000000000000000e+00 -0.000000000000000000e+00 0.000000000000000000e+00 0.000000000000000000e+00
0.000000000000000000e+00 -0.000000000000000000e+00 -0.000000000000000000e+00 0.000000000000000000e+00 0.000000000000000000e+00
0.000000000000000000e+00 -0.000000000000000000e+00 -0.000000000000000000e+00 0.000000000000000000e+00 0.000000000000000000e+00
0.000000000000000000e+00 -0.000000000000000000e+00 -0.000000000000000000e+00 0.000000000000000000e+00 0.000000000000000000e+00
0.000000000000000000e+00 -0.000000000000000000e+00 -0.000000000000000000e+00 0.000000000000000000e+00 0.000000000000000000e+00
0.000000000000000000e+00 -0.000000000000000000e+00 -0.000000000000000000e+00 0.000000000000000000e+00 0.000000000000000000e+00
0.000000000000000000e+00 -0.000000000000000000e+00 -0.000000000000000000e+00 0.000000000000000000e+00 0.000000000000000000e+00
0.000000000000000000e+00 -0.000000000000000000e+00 -0.000000000000000000e+00 0.000000000000000000e+00 0.000000000000000000e+00
0.000000000000000000e+00 -0.000000000000000000e+00 -0.000000000000000000e+00 0.000000000000000000e+00 0.000000000000000000e+00
0.000000000000000000e+00 -0.000000000000000000e+00 -0.000000000000000000e+00 0.000000000000000000e+00 0.000000000000000000e+00
0.000000000000000000e+00 -0.000000000000000000e+00 -0.000000000000000000e+00 0.000000000000000000e+00 0.000000000000000000e+00
0.000000000000000000e+00 -0.000000000000000000e+00 -0.000000000000000000e+00 0.000000000000000000e+00 0.000000000000000000e+00
0.000000000000000000e+00 -0.000000000000000000e+00 -0.000000000000000000e+00 0.000000000000000000e+00 0.000000000000000000e+00
0.000000000000000000e+00 -0.000000000000000000e+00 -0.000000000000000000e+00 0.000000000000000000e+00 0.000000000000000000e+00
0.000000000000000000e+00 -0.000000000000000000e+00 -0.000000000000000000e+00 0.000000000000000000e+00 0.000000000000000000e+00
0.000000000000000000e+00 -0.000000000000000000e+00 -0.000000000000000000e+00 0.000000000000000000e+00 0.000000000000000000e+00
0.000000000000000000e+00 -0.000000000000000000e+00 -0.000000000000000000e+00 0.000000000000000000e+00 0.000000000000000000e+00
0.000000000000000000e+00 -0.000000000000000000e+00 -0.000000000000000000e+00 0.000000000000000000e+00 0.000000000000000000e+00
0.000000000000000000e+00 -0.000000000000000000e+00 -0.000000000000000000e+00 0.000000000000000000e+00 0.000000000000000000e+00
0.000000000000000000e+00 -0.000000000000000000e+00 -0.000000000000000000e+00 0.000000000000000000e+00 0.000000000000000000e+00
0.000000000000000000e+00 -0.000000000000000000e+00 -0.000000000000000000e+00 0.000000000000000000e+00 0.000000000000000000e+00
0.000000000000000000e+00 -0.000000000000000000e+00 -0.000000000000000000e+00 0.000000000000000000e+00 0.000000000000000000e+00
0.000000000000000000e+00 -0.000000000000000000e+00 -0.000000000000000000e+00 0.000000000000000000e+00 0.000000000000000000e+00
0.000000000000000000e+00 -0.000000000000000000e+00 -0.000000000000000000e+00 0.000000000000000000e+00 0.000000000000000000e+00
0.000000000000000000e+00 -0.000000000000000000e+00 -0.000000000000000000e+00 0.000000000000000000e+00 0.000000000000000000e+00
0.000000000000000000e+00 -0.000000000000000000e+00 -0.000000000000000000e+00 0.000000000000000000e+00 0.000000000000000000e+00
0.000000000000000000e+00 -0.000000000000000000e+00 -0.000000000000000000e+00 0.000000000000000000e+00 0.000000000000000000e+00
0.000000000000000000e+00 -0.000000000000000000e+00 -0.000000000000000000e+00 0.000000000000000000e+00 0.000000000000000000e+00
0.000000000000000000e+00 -0.000000000000000000e+00 -0.000000000000000000e+00 0.000000000000000000e+00 0.000000000000000000e+00
0.000000000000000000e+00 -0.000000000000000000e+00 -0.000000000000000000e+00 0.000000000000000000e+00 0.000000000000000000e+00
0.000000000000000000e+00 -0.000000000000000000e+00 -0.000000000000000000e+00 0.000000000000000000e+00 0.000000000000000000e+00
0.000000000000000000e+00 -0.000000000000000000e+00 -0.000000000000000000e+00 0.000000000000000000e+00 0.000000000000000000e+00
0.000000000000000000e+00 -0.000000000000000000e+00 -0.000000000000000000e+00 0.000000000000000000e+00 0.000000000000000000e+00
0.000000000000000000e+00 -0.000000000000000000e+00 -0.000000000000000000e+00 0.000000000000000000e+00 0.000000000000000000e+00
0.000000000000000000e+00 -0.000000000000000000e+00 -0.000000000000000000e+00 0.000000000000000000e+00 0.000000000000000000e+00
0.000000000000000000e+00 -0.000000000000000000e+00 -0.000000000000000000e+00 0.000000000000000000e+00 0.000000000000000000e+00
0.000000000000000000e+00 -0.000000000000000000e+00 -0.000000000000000000e+00 0.000000000000000000e+00 0.000000000000000000e+00
0.000000000000000000e+00 -0.000000000000000000e+00 -0.000000000000000000e+00 0.000000000000000000e+00 0.000000000000000000e+00
0.000000000000000000e+00 -0.000000000000000000e+00 -0.000000000000000000e+00 0.000000000000000000e+00 0.000000000000000000e+00
0.000000000000000000e+00 -0.000000000000000000e+00 -0.000000000000000000e+00 0.000000000000000000e+00 0.000000000000000000e+00
2.876469791311968535e-05 6.593426456409264816e-05 1.000000000000000082e-05 1.000000000000000082e-05 4.625061410714667164e-05
1.011403894364524842e-04 2.318333818543905295e-04 1.000000000000000082e-05 1.000000000000000082e-05 1.626231270219025225e-04
5.103414145876048998e-06 1.169801468072611767e-05 1.000000000000000082e-05 1.000000000000000082e-05 8.205754115784099200e-06
0.000000000000000000e+00 -0.000000000000000000e+00 -0.000000000000000000e+00 0.000000000000000000e+00 0.000000000000000000e+00
0.000000000000000000e+00 -0.000000000000000000e+00 -0.000000000000000000e+00 0.000000000000000000e+00 0.000000000000000000e+00
0.000000000000000000e+00 -0.000000000000000000e+00 -0.000000000000000000e+00 0.000000000000000000e+00 0.000000000000000000e+00
0.000000000000000000e+00 -0.000000000000000000e+00 -0.000000000000000000e+00 0.000000000000000000e+00 0.000000000000000000e+00
0.000000000000000000e+00 -0.000000000000000000e+00 -0.000000000000000000e+00 0.000000000000000000e+00 0.000000000000000000e+00
0.000000000000000000e+00 -0.000000000000000000e+00 -0.000000000000000000e+00 0.000000000000000000e+00 0.000000000000000000e+00
0.000000000000000000e+00 -0.000000000000000000e+00 -0.000000000000000000e+00 0.000000000000000000e+00 0.000000000000000000e+00
0.000000000000000000e+00 -0.000000000000000000e+00 -0.000000000000000000e+00 0.000000000000000000e+00 0.000000000000000000e+00
0.000000000000000000e+00 -0.000000000000000000e+00 -0.000000000000000000e+00 0.000000000000000000e+00 0.000000000000000000e+00
0.000000000000000000e+00 -0.000000000000000000e+00 -0.000000000000000000e+00 0.000000000000000000e+00 0.000000000000000000e+00
0.000000000000000000e+00 -0.000000000000000000e+00 -0.000000000000000000e+00 0.000000000000000000e+00 0.000000000000000000e+00
0.000000000000000000e+00 -0.000000000000000000e+00 -0.000000000000000000e+00 0.000000000000000000e+00 0.000000000000000000e+00
0.000000000000000000e+00 -0.000000000000000000e+00 -0.000000000000000000e+00 0.000000000000000000e+00 0.000000000000000000e+00
0.000000000000000000e+00 -0.000000000000000000e+00 -0.000000000000000000e+00 0.000000000000000000e+00 0.000000000000000000e+00
0.000000000000000000e+00 -0.000000000000000000e+00 -0.000000000000000000e+00 0.000000000000000000e+00 0.000000000000000000e+00
0.000000000000000000e+00 -0.000000000000000000e+00 -0.000000000000000000e+00 0.000000000000000000e+00 0.000000000000000000e+00
0.000000000000000000e+00 -0.000000000000000000e+00 -0.000000000000000000e+00 0.000000000000000000e+00 0.000000000000000000e+00
0.000000000000000000e+00 -0.000000000000000000e+00 -0.000000000000000000e+00 0.000000000000000000e+00 0.000000000000000000e+00
6.944895970011595652e-05 1.000000000000000082e-05 1.276919207065093590e-04 6.729300309326340038e-06 1.000000000000000082e-05
1.512053299799994202e-04 1.000000000000000082e-05 2.780127893863242722e-04 1.465113485068520497e-05 1.000000000000000082e-05
2.505940119670274462e-04 1.000000000000000082e-05 3.101991473651099043e-04 1.302237883431004925e-04 1.000000000000000082e-05
3.742180187501814212e-04 1.000000000000000082e-05 4.044701324674553891e-04 4.325177390706338955e-04 1.000000000000000082e-05
2.946226878824401087e-04 1.000000000000000082e-05 5.476229285917481957e-04 6.256405132402693015e-04 1.896617606478859990e-04
2.121079737537740623e-03 1.000000000000000082e-05 1.000000000000000082e-05 5.472935251064777427e-04 7.016841572949476281e-04
2.221220514608036618e-03 1.000000000000000082e-05 1.000000000000000082e-05 1.373462773734440440e-03 2.015433291797309636e-04
2.522275128946822008e-03 1.000000000000000082e-05 1.000000000000000082e-05 2.158286941425452930e-03 1.000000000000000082e-05
2.564411574491785688e-03 2.353807476636846931e-04 1.000000000000000082e-05 1.358071530967320216e-03 1.000000000000000082e-05
2.253694227154680145e-03 3.348100029299609626e-04 1.000000000000000082e-05 8.727412772854595789e-04 1.000000000000000082e-05
8.710422667680418332e-04 6.397727397881505925e-05 1.000000000000000082e-05 6.420548796388041548e-04 4.868920063921663031e-06
1.633243120758702831e-04 1.000000000000000082e-05 1.000000000000000082e-05 4.957382220956742247e-04 2.972950990500434956e-04
1.021516709371123375e-04 1.000000000000000082e-05 1.000000000000000082e-05 4.611245986894291259e-04 6.025911546775674168e-05
1.000000000000000082e-05 1.000000000000000082e-05 1.000000000000000082e-05 1.339565761130480988e-04 1.945683452074616876e-05
0.000000000000000000e+00 -0.000000000000000000e+00 -0.000000000000000000e+00 0.000000000000000000e+00 0.000000000000000000e+00
0.000000000000000000e+00 -0.000000000000000000e+00 -0.000000000000000000e+00 0.000000000000000000e+00 0.000000000000000000e+00
0.000000000000000000e+00 -0.000000000000000000e+00 -0.000000000000000000e+00 0.000000000000000000e+00 0.000000000000000000e+00
0.000000000000000000e+00 -0.000000000000000000e+00 -0.000000000000000000e+00 0.000000000000000000e+00 0.000000000000000000e+00
0.000000000000000000e+00 -0.000000000000000000e+00 -0.000000000000000000e+00 0.000000000000000000e+00 0.000000000000000000e+00
0.000000000000000000e+00 -0.000000000000000000e+00 -0.000000000000000000e+00 0.000000000000000000e+00 0.000000000000000000e+00
0.000000000000000000e+00 -0.000000000000000000e+00 -0.000000000000000000e+00 0.000000000000000000e+00 0.000000000000000000e+00
0.000000000000000000e+00 -0.000000000000000000e+00 -0.000000000000000000e+00 0.000000000000000000e+00 0.000000000000000000e+00
0.000000000000000000e+00 -0.000000000000000000e+00 -0.000000000000000000e+00 0.000000000000000000e+00 0.000000000000000000e+00
4.378034078904137288e-05 1.000000000000000082e-05 1.000000000000000082e-05 1.740699818357123181e-04 1.000000000000000082e-05
3.169332653000517665e-04 1.000000000000000082e-05 6.758855395154855479e-04 9.967866607210062210e-05 1.664949952193088483e-05
1.358243222169546295e-03 1.000000000000000082e-05 2.976674618468052712e-03 9.438005148452333775e-05 1.875001826874581827e-04
2.179045908872451805e-03 1.000000000000000082e-05 4.291048783037373221e-03 1.000000000000000082e-05 2.332853872395254527e-04
2.617279579199022644e-03 1.000000000000000082e-05 5.514242425885599284e-03 1.000000000000000082e-05 2.037742831663126814e-04
3.419278671535218479e-03 1.000000000000000082e-05 9.167171319268894308e-03 7.098822884669567061e-04 1.000000000000000082e-05
3.996247497849765400e-03 1.000000000000000082e-05 1.506739882592323873e-02 4.124394418467974659e-03 1.000000000000000082e-05
6.915333999197563301e-03 1.000000000000000082e-05 2.064888533327413275e-02 1.029266411197234457e-02 1.000000000000000082e-05
8.314750384943272662e-03 1.000000000000000082e-05 2.696856387766315144e-02 2.179822791534538964e-02 1.000000000000000082e-05
1.086087833973834425e-02 1.000000000000000082e-05 2.423229621938834816e-02 3.392650021291925694e-02 1.000000000000000082e-05
1.282368228454100131e-02 1.000000000000000082e-05 1.652585661447242282e-02 4.670604667214015709e-02 1.000000000000000082e-05
1.951300793720670695e-02 1.000000000000000082e-05 2.708508156718754389e-03 5.762025933018237456e-02 1.000000000000000082e-05
1.860000534426402286e-02 1.000000000000000082e-05 1.000000000000000082e-05 5.510313548131293843e-02 1.000000000000000082e-05
1.492536685245941450e-02 1.000000000000000082e-05 1.000000000000000082e-05 4.815930906719594756e-02 1.000000000000000082e-05
1.261067456011868114e-02 1.000000000000000082e-05 1.000000000000000082e-05 3.520119141034332155e-02 5.596893708292026079e-03
8.972604404226520655e-03 1.000000000000000082e-05 1.000000000000000082e-05 1.940564323049501563e-02 9.194814220661012838e-03
6.797969540430662955e-03 1.000000000000000082e-05 1.000000000000000082e-05 1.009511870859449399e-02 8.899946692818818533e-03
2.952977999658042401e-03 1.000000000000000082e-05 1.000000000000000082e-05 5.422370682552982157e-03 5.687392778311000166e-03
1.360474947024424347e-03 1.000000000000000082e-05 1.000000000000000082e-05 2.545624601470472623e-03 2.433511384788055332e-03
6.260858638177656558e-04 1.000000000000000082e-05 1.000000000000000082e-05 1.064245963884731050e-03 6.016160877351137918e-04
4.464339111026485398e-05 1.000000000000000082e-05 1.078998660178493699e-04 2.428356489417454959e-05 3.898849073448277233e-06
0.000000000000000000e+00 -0.000000000000000000e+00 -0.000000000000000000e+00 0.000000000000000000e+00 0.000000000000000000e+00
0.000000000000000000e+00 -0.000000000000000000e+00 -0.000000000000000000e+00 0.000000000000000000e+00 0.000000000000000000e+00
0.000000000000000000e+00 -0.000000000000000000e+00 -0.000000000000000000e+00 0.000000000000000000e+00 0.000000000000000000e+00
0.000000000000000000e+00 -0.000000000000000000e+00 -0.000000000000000000e+00 0.000000000000000000e+00 0.000000000000000000e+00
0.000000000000000000e+00 -0.000000000000000000e+00 -0.000000000000000000e+00 0.000000000000000000e+00 0.000000000000000000e+00
0.000000000000000000e+00 -0.000000000000000000e+00 -0.000000000000000000e+00 0.000000000000000000e+00 0.000000000000000000e+00
0.000000000000000000e+00 -0.000000000000000000e+00 -0.000000000000000000e+00 0.000000000000000000e+00 0.000000000000000000e+00
1.139011413282264580e-04 1.000000000000000082e-05 3.670145013498824871e-04 1.000000000000000082e-05 1.000000000000000082e-05
1.179058098209662163e-03 1.000000000000000082e-05 2.412228255630634484e-03 7.074183165472389373e-05 5.328319045766686781e-05
2.594605706419538579e-03 1.000000000000000082e-05 7.085865482929355579e-03 1.000000000000000082e-05 1.077756644998748746e-04
3.010936877677501938e-03 1.000000000000000082e-05 1.449499360925089221e-02 1.000000000000000082e-05 1.000000000000000082e-05
5.065377878479043229e-03 1.000000000000000082e-05 3.084943242451573114e-02 1.235436772145383352e-03 1.000000000000000082e-05
5.294974436091070408e-03 1.000000000000000082e-05 5.356846204178725146e-02 5.951685727601015857e-03 1.000000000000000082e-05
8.538628152977307401e-03 1.000000000000000082e-05 9.119477095276916356e-02 1.917074284951611821e-02 1.000000000000000082e-05
1.168099588611837616e-02 5.354871981555425244e-03 1.107727445662411159e-01 3.300176313773686698e-02 1.000000000000000082e-05
2.323737547396827197e-02 2.262201888028514407e-02 1.075170441073333705e-01 5.693826598624855684e-02 1.000000000000000082e-05
3.268412803578710224e-02 4.427439188341281140e-02 7.729250970610634930e-02 8.755612573330261161e-02 1.000000000000000082e-05
3.216932318460012652e-02 6.108301572889092423e-02 4.397267790383131009e-02 1.097623389585070941e-01 1.000000000000000082e-05
2.614050167480466355e-02 7.157243315001186879e-02 8.099726345604647132e-03 1.203947815842575653e-01 1.000000000000000082e-05
2.107894777983451012e-02 6.529162515929388955e-02 1.000000000000000082e-05 1.219972068676682952e-01 1.886530394050328283e-02
6.107139071278781632e-03 4.612346075741941692e-02 1.000000000000000082e-05 1.103373825357675392e-01 3.826863160479073572e-02
1.000000000000000082e-05 2.502483719708547757e-02 1.000000000000000082e-05 8.961678109212420362e-02 4.642635003343218575e-02
1.000000000000000082e-05 7.850593373772189743e-03 1.000000000000000082e-05 5.949338629814752977e-02 4.635254476695738896e-02
1.933076965986272352e-04 8.115170190821910032e-04 1.000000000000000082e-05 3.074575480283384815e-02 4.256991259059907801e-02
1.000000000000000082e-05 1.024477012108419854e-04 1.000000000000000082e-05 1.141137662473025449e-02 2.888379190553907322e-02
7.631966651138881756e-04 1.000000000000000082e-05 1.000000000000000082e-05 4.495085794698569330e-03 1.272115564534354037e-02
8.636243667121467705e-04 1.000000000000000082e-05 2.933325893255964029e-05 6.392799833457499638e-04 3.829027695732043195e-03
1.000000000000000082e-05 6.380460584413226053e-04 1.000000000000000082e-05 2.302140921095745675e-04 8.293164155133452746e-04
1.000000000000000082e-05 6.139398030643284472e-04 1.000000000000000082e-05 1.165879887141436791e-04 2.847276141646930335e-04
0.000000000000000000e+00 -0.000000000000000000e+00 -0.000000000000000000e+00 0.000000000000000000e+00 0.000000000000000000e+00
0.000000000000000000e+00 -0.000000000000000000e+00 -0.000000000000000000e+00 0.000000000000000000e+00 0.000000000000000000e+00
0.000000000000000000e+00 -0.000000000000000000e+00 -0.000000000000000000e+00 0.000000000000000000e+00 0.000000000000000000e+00
0.000000000000000000e+00 -0.000000000000000000e+00 -0.000000000000000000e+00 0.000000000000000000e+00 0.000000000000000000e+00
0.000000000000000000e+00 -0.000000000000000000e+00 -0.000000000000000000e+00 0.000000000000000000e+00 0.000000000000000000e+00
4.896278139539888245e-06 1.000000000000000082e-05 1.000000000000000082e-05 6.071814627205308771e-05 1.666815815310685920e-04
2.855473183140406893e-04 1.000000000000000082e-05 8.226806311764418454e-04 1.000000000000000082e-05 1.000000000000000082e-05
2.263570016420695004e-03 1.000000000000000082e-05 8.039076973553769753e-03 1.000000000000000082e-05 1.980653544326021998e-04
2.306933962940565987e-03 1.000000000000000082e-05 2.523758725696410507e-02 1.000000000000000082e-05 1.000000000000000082e-05
3.517327436854453433e-03 1.000000000000000082e-05 5.734301813978918971e-02 1.000000000000000082e-05 1.000000000000000082e-05
1.406936978228792148e-03 1.000000000000000082e-05 9.858617757108797952e-02 1.871424552758375968e-04 1.000000000000000082e-05
1.000000000000000082e-05 1.101846473883153280e-02 1.385940581655656090e-01 9.900909096925003886e-03 1.000000000000000082e-05
7.326911967924289518e-03 4.048286320272297817e-02 1.515035900441427663e-01 2.242122000600768605e-02 1.000000000000000082e-05
3.718763444222817488e-02 6.570528038795588055e-02 1.210504620657607833e-01 4.491564274315733990e-02 1.000000000000000082e-05
5.518345046001284226e-02 8.545993801146398172e-02 8.223138157853300545e-02 6.953313464102650610e-02 1.000000000000000082e-05
6.317171144256852888e-02 9.596664397242744837e-02 4.903236859493720345e-02 8.436987015172804638e-02 1.531121105155231268e-02
6.448205471484927398e-02 9.682776610933564732e-02 3.553654680903511887e-02 8.327150526762328031e-02 3.963965060048844219e-02
5.908715672014167725e-02 9.414901261053607029e-02 2.672831578330271685e-02 7.721024728514006008e-02 5.698109552602233230e-02
3.733513806842966160e-02 9.353404495954231734e-02 1.696234608051693654e-02 7.978472890948809515e-02 6.540301645258785046e-02
1.105557378100305126e-02 8.797745606064598378e-02 1.000000000000000082e-05 8.583993116502440512e-02 6.728953161359720048e-02
1.000000000000000082e-05 6.559843506318681350e-02 1.000000000000000082e-05 8.297574726730501393e-02 7.513651724436400114e-02
1.000000000000000082e-05 3.426242113651004756e-02 1.000000000000000082e-05 7.048655866495921740e-02 7.968603978344820926e-02
1.000000000000000082e-05 1.325608761164301895e-02 1.000000000000000082e-05 4.751656883304465617e-02 7.449102857284188584e-02
1.000000000000000082e-05 5.202667636747897693e-03 1.000000000000000082e-05 2.103386175937799196e-02 6.107258632497825773e-02
1.000000000000000082e-05 2.621326344599387431e-03 1.032692822293075846e-03 5.119265623900296457e-03 3.572869949792385758e-02
1.000000000000000082e-05 2.141107244553308760e-03 1.000000000000000082e-05 8.988843015945012396e-05 1.484879822659189615e-02
1.000000000000000082e-05 1.287408278352547043e-03 1.000000000000000082e-05 1.000000000000000082e-05 5.264810859282559145e-03
1.000000000000000082e-05 1.211044811817184536e-03 1.000000000000000082e-05 1.000000000000000082e-05 4.869798633024048922e-04
1.000000000000000082e-05 2.961226012247212213e-04 1.000000000000000082e-05 1.000000000000000082e-05 5.666796019362490546e-04
0.000000000000000000e+00 -0.000000000000000000e+00 -0.000000000000000000e+00 0.000000000000000000e+00 0.000000000000000000e+00
0.000000000000000000e+00 -0.000000000000000000e+00 -0.000000000000000000e+00 0.000000000000000000e+00 0.000000000000000000e+00
0.000000000000000000e+00 -0.000000000000000000e+00 -0.000000000000000000e+00 0.000000000000000000e+00 0.000000000000000000e+00
0.000000000000000000e+00 -0.000000000000000000e+00 -0.000000000000000000e+00 0.000000000000000000e+00 0.000000000000000000e+00
1.477573044907765817e-05 1.000000000000000082e-05 5.213247745641361218e-04 1.000000000000000082e-05 3.958072981811560634e-05
1.052495746796925161e-03 1.000000000000000082e-05 8.451173137429509805e-03 1.000000000000000082e-05 1.335472453383395968e-04
1.493308507201057027e-03 1.000000000000000082e-05 2.513740987841894814e-02 1.000000000000000082e-05 8.997441997526127357e-04
1.000000000000000082e-05 1.000000000000000082e-05 6.126438127203562289e-02 1.000000000000000082e-05 1.057253626324840701e-03
1.000000000000000082e-05 1.015187666141276765e-03 1.158618877426369626e-01 1.000000000000000082e-05 1.000000000000000082e-05
1.000000000000000082e-05 2.027827054087562655e-02 1.534467215052168487e-01 1.000000000000000082e-05 1.000000000000000082e-05
1.000000000000000082e-05 5.674235776632913925e-02 1.530684983529805865e-01 6.299670222464775170e-03 1.000000000000000082e-05
3.177963272123157656e-02 8.930396237769902545e-02 1.027112988666484539e-01 2.728851161282168716e-02 1.000000000000000082e-05
6.078556138395098396e-02 1.000338710281130500e-01 4.270092946675048406e-02 4.924031136613568616e-02 1.075401375643912291e-02
7.667985512197381115e-02 9.381661215368786166e-02 2.652530813808078817e-03 5.247527570218431248e-02 5.251781984248995311e-02
7.979137507203928892e-02 7.770269719011663190e-02 1.000000000000000082e-05 4.119503031471178495e-02 8.628355546658374176e-02
9.217626252722663227e-02 6.116918383327323017e-02 1.819988861965187929e-02 1.583321117019663091e-02 1.053199753059882171e-01
9.903471398558530425e-02 5.218697501729772231e-02 3.674566358673125172e-02 6.816626973380280133e-03 1.025154246277638903e-01
8.155463646350354090e-02 6.058309073263753314e-02 4.449853622473449316e-02 1.325759541571639930e-02 8.559666137056419488e-02
4.319502704095115608e-02 7.979786443702814591e-02 3.321948549616892538e-02 3.279706849466132446e-02 6.946620615810869537e-02
4.756779080697769689e-03 8.470116264794590177e-02 1.599232245231259689e-03 5.890565261364596322e-02 6.040728945344040618e-02
1.000000000000000082e-05 6.249422683145461344e-02 1.000000000000000082e-05 6.861497452828159427e-02 6.897889839042849192e-02
1.000000000000000082e-05 3.015960687861092213e-02 1.000000000000000082e-05 5.347570281747385246e-02 8.487763420842273088e-02
1.000000000000000082e-05 1.425695717066451096e-02 5.553418994788998452e-05 2.269351940275236151e-02 8.546215923241357038e-02
1.000000000000000082e-05 7.369743007023469260e-03 1.000000000000000082e-05 6.262499546409105392e-04 6.288659689212863779e-02
1.000000000000000082e-05 1.209858879038535825e-03 1.000000000000000082e-05 1.000000000000000082e-05 2.815373005923943114e-02
5.809446586305829201e-04 4.072566389321448545e-05 1.000000000000000082e-05 1.000000000000000082e-05 9.057690375389160914e-03
1.378836374564062550e-05 9.028777406737798590e-04 1.000000000000000082e-05 1.000000000000000082e-05 1.418357990052525721e-03
1.000000000000000082e-05 3.446635605816590988e-04 1.000000000000000082e-05 1.000000000000000082e-05 4.831084170160658271e-04
0.000000000000000000e+00 -0.000000000000000000e+00 -0.000000000000000000e+00 0.000000000000000000e+00 0.000000000000000000e+00
0.000000000000000000e+00 -0.000000000000000000e+00 -0.000000000000000000e+00 0.000000000000000000e+00 0.000000000000000000e+00
0.000000000000000000e+00 -0.000000000000000000e+00 -0.000000000000000000e+00 0.000000000000000000e+00 0.000000000000000000e+00
0.000000000000000000e+00 -0.000000000000000000e+00 -0.000000000000000000e+00 0.000000000000000000e+00 0.000000000000000000e+00
3.048700255121244225e-04 1.000000000000000082e-05 3.880806759323316996e-03 1.000000000000000082e-05 1.000000000000000082e-05
1.413154315052206182e-04 1.000000000000000082e-05 1.661428421338513942e-02 1.000000000000000082e-05 1.105094284666640128e-03
1.000000000000000082e-05 1.000000000000000082e-05 4.476317999345729576e-02 1.000000000000000082e-05 2.543070342820088429e-03
1.000000000000000082e-05 6.530568125898874167e-05 9.721192713947697517e-02 1.000000000000000082e-05 2.294659853396658570e-03
1.000000000000000082e-05 1.570890759356158642e-02 1.451921444081056278e-01 1.000000000000000082e-05 1.000000000000000082e-05
1.000000000000000082e-05 5.387300355694358417e-02 1.585511794584655298e-01 1.000000000000000082e-05 1.000000000000000082e-05
1.793448520384107597e-02 9.467738131935739265e-02 1.004954240594532616e-01 7.840291922179238454e-03 1.000000000000000082e-05
6.306297479642440640e-02 1.044066805974284695e-01 1.045157495762959014e-02 3.384414800433095671e-02 1.882496055525976694e-02
8.710045714291075880e-02 8.049499772591536817e-02 1.000000000000000082e-05 4.869386264714850587e-02 6.254526473090270267e-02
9.315886420030822235e-02 4.238171904587304667e-02 1.000000000000000082e-05 4.045195352391215554e-02 1.043236330704548770e-01
9.186796384347312161e-02 1.938932332382628868e-02 1.000000000000000082e-05 1.101149985491843737e-02 1.193697937539654197e-01
1.020651581201719865e-01 5.111329616118882001e-03 1.729508591144693005e-02 1.000000000000000082e-05 1.120532511296079003e-01
1.279385201376349868e-01 4.498361947671229884e-03 3.510322152888365604e-02 1.000000000000000082e-05 8.304627695018523825e-02
1.229318807214179327e-01 1.978106062679012289e-02 4.870977284677375369e-02 1.000000000000000082e-05 5.435065744060713078e-02
8.377167095962623211e-02 5.097338570868602953e-02 3.932608490972869936e-02 2.772630500648170723e-02 2.898427258633621065e-02
2.082016029841865512e-02 8.238819054247700779e-02 1.430769327516646233e-02 6.082350759696925763e-02 2.817731553026715449e-02
1.000000000000000082e-05 7.617279040768333565e-02 1.413029998708570162e-03 6.601952017327651634e-02 5.720798651978042937e-02
1.000000000000000082e-05 4.124394482656746491e-02 2.574762175233577186e-03 4.893139052456470933e-02 9.752638613336131468e-02
1.000000000000000082e-05 1.826326174373321676e-02 6.644760556096245864e-03 1.750766920693824780e-02 1.097359887123802030e-01
1.000000000000000082e-05 7.001782949840543689e-03 5.612647834749811930e-03 1.000000000000000082e-05 8.749591278457284627e-02
5.699808697244753688e-04 1.000000000000000082e-05 3.580362868691970048e-03 1.000000000000000082e-05 4.354367922282681436e-02
3.550373393819957146e-05 1.679425912655310553e-04 2.463838856754099402e-04 1.000000000000000082e-05 1.097669297054155481e-02
1.000000000000000082e-05 6.506409732573048988e-04 1.417123465593543216e-04 1.000000000000000082e-05 1.006706464020297453e-03
1.000000000000000082e-05 2.581496954473295503e-04 2.930405462333126503e-05 1.000000000000000082e-05 1.407345554891191919e-04
0.000000000000000000e+00 -0.000000000000000000e+00 -0.000000000000000000e+00 0.000000000000000000e+00 0.000000000000000000e+00
0.000000000000000000e+00 -0.000000000000000000e+00 -0.000000000000000000e+00 0.000000000000000000e+00 0.000000000000000000e+00
0.000000000000000000e+00 -0.000000000000000000e+00 -0.000000000000000000e+00 0.000000000000000000e+00 0.000000000000000000e+00
0.000000000000000000e+00 -0.000000000000000000e+00 -0.000000000000000000e+00 0.000000000000000000e+00 0.000000000000000000e+00
2.347967713090592446e-04 1.000000000000000082e-05 9.102385140443482528e-03 1.000000000000000082e-05 2.394285821770693822e-04
1.000000000000000082e-05 1.000000000000000082e-05 2.667978157658500160e-02 1.000000000000000082e-05 2.474829594052214109e-03
1.000000000000000082e-05 1.000000000000000082e-05 6.396595834174807760e-02 1.000000000000000082e-05 5.140218799106924946e-03
1.000000000000000082e-05 5.393544469505597710e-03 1.140530154506773503e-01 1.000000000000000082e-05 5.160361748793629993e-03
1.000000000000000082e-05 3.297094725606957571e-02 1.526437221382967169e-01 1.000000000000000082e-05 3.261066046377753599e-03
1.000000000000000082e-05 7.700279359396312862e-02 1.322476635048548121e-01 1.000000000000000082e-05 1.000000000000000082e-05
4.406872843837800202e-02 1.022531547146978970e-01 4.169780541025937259e-02 1.318443018389763542e-02 1.077508171752389506e-02
9.516629848891502985e-02 7.631437668082421966e-02 1.000000000000000082e-05 4.515539166632524803e-02 4.843194647772001288e-02
1.067608065814063395e-01 2.621060814755094351e-02 1.000000000000000082e-05 6.580645630920631262e-02 8.619622256665414317e-02
9.415482409782888196e-02 1.000000000000000082e-05 1.000000000000000082e-05 5.062525055168239085e-02 1.060015177676708886e-01
8.474386889382726218e-02 1.000000000000000082e-05 1.000000000000000082e-05 1.770011481412057247e-02 9.264795384102283982e-02
9.532394131063716414e-02 1.000000000000000082e-05 2.068685637849191836e-02 1.000000000000000082e-05 6.316827353010363855e-02
1.339122427528881276e-01 1.000000000000000082e-05 2.929210437261002553e-02 1.000000000000000082e-05 3.436513748994416556e-02
1.382460258967621591e-01 1.880824387572224872e-03 2.958058438519805752e-02 2.056167206771827502e-02 1.262490448488201231e-02
7.922624138109943259e-02 4.936303307358915621e-02 1.852354335236893607e-02 6.210893489739856277e-02 1.000000000000000082e-05
6.748825682137574687e-03 8.646405691865713394e-02 9.097749668504715587e-03 8.495180811083373473e-02 8.830452990277430289e-03
1.000000000000000082e-05 8.237139691934540486e-02 3.204776791810307751e-03 6.720008362333676488e-02 6.503658312156510024e-02
1.000000000000000082e-05 4.401831912890558779e-02 1.747634715196527688e-02 3.423656487126237880e-02 1.166661848730593531e-01
1.000000000000000082e-05 1.505684940553999804e-02 1.803194595739051123e-02 1.343460717232310532e-03 1.226515242698182490e-01
1.000000000000000082e-05 2.867484083967088929e-03 1.778879353319137019e-02 1.000000000000000082e-05 9.042902109057529558e-02
1.318196080405187277e-03 1.000000000000000082e-05 8.659591378340859846e-03 1.000000000000000082e-05 4.332050899632908236e-02
7.144980142956872896e-04 1.000000000000000082e-05 1.436581007437559392e-03 1.000000000000000082e-05 1.112530635779069438e-02
1.000000000000000082e-05 2.188178217360356914e-04 4.762589024883285551e-04 1.000000000000000082e-05 7.450363354524152217e-04
1.000000000000000082e-05 2.900558375812684182e-06 3.292590407115850568e-07 1.000000000000000082e-05 1.581287140327179759e-06
0.000000000000000000e+00 -0.000000000000000000e+00 -0.000000000000000000e+00 0.000000000000000000e+00 0.000000000000000000e+00
0.000000000000000000e+00 -0.000000000000000000e+00 -0.000000000000000000e+00 0.000000000000000000e+00 0.000000000000000000e+00
0.000000000000000000e+00 -0.000000000000000000e+00 -0.000000000000000000e+00 0.000000000000000000e+00 0.000000000000000000e+00
0.000000000000000000e+00 -0.000000000000000000e+00 -0.000000000000000000e+00 0.000000000000000000e+00 0.000000000000000000e+00
2.636537587692853362e-04 1.000000000000000082e-05 1.136273392632867682e-02 1.000000000000000082e-05 1.175688724086120960e-03
1.000000000000000082e-05 1.000000000000000082e-05 3.251834197182361386e-02 1.000000000000000082e-05 3.676820376970124302e-03
1.000000000000000082e-05 1.000000000000000082e-05 7.064122211156681486e-02 1.000000000000000082e-05 8.342616712434644879e-03
1.000000000000000082e-05 1.272125222071401190e-02 1.119371245102470103e-01 1.000000000000000082e-05 8.506169481444416508e-03
1.000000000000000082e-05 4.353141532888336190e-02 1.432765055803123799e-01 1.000000000000000082e-05 7.019110403256529143e-03
1.936510495933831556e-03 8.458972289935140498e-02 1.085957634395144644e-01 1.000000000000000082e-05 8.677982196073080398e-03
5.695042875763161455e-02 9.362478281775225841e-02 2.638074205845554118e-02 1.310920045319067563e-02 2.456117717334758976e-02
1.056711972506675506e-01 5.460536338291566150e-02 1.000000000000000082e-05 5.566345700552382397e-02 5.625844433237808806e-02
1.139576493356279779e-01 1.000000000000000082e-05 1.000000000000000082e-05 8.373089687769499911e-02 7.674977092106972931e-02
9.171585484577904346e-02 1.000000000000000082e-05 1.000000000000000082e-05 7.675497306780232343e-02 7.354630518633813174e-02
7.899930287449796751e-02 1.000000000000000082e-05 4.649584246791692126e-03 4.246275928526690308e-02 4.832544548652428773e-02
1.058894967278344312e-01 1.000000000000000082e-05 2.563877213151280129e-02 2.228732136158725202e-02 1.991079788700355138e-02
1.432444017148781501e-01 1.000000000000000082e-05 2.104518566458079762e-02 3.671346415040486338e-02 1.000000000000000082e-05
1.255764146757783473e-01 1.717972724679050003e-02 3.070063030521300810e-03 7.576695497268452761e-02 1.000000000000000082e-05
4.373901623778549130e-02 7.268969130247110444e-02 1.000000000000000082e-05 1.054453922302889812e-01 1.000000000000000082e-05
1.000000000000000082e-05 1.014100605452952081e-01 3.133478054966196396e-03 8.722259159301258558e-02 3.532696237770398956e-02
1.000000000000000082e-05 7.723157083833961933e-02 1.182171443594741064e-02 4.569243919882795546e-02 9.677174843269706339e-02
1.000000000000000082e-05 3.425886741194788393e-02 2.691556782587676069e-02 5.395817356654460974e-03 1.272457178390875576e-01
1.000000000000000082e-05 7.943963968086154709e-03 2.721574098305176020e-02 1.000000000000000082e-05 1.068045600964283998e-01
1.000000000000000082e-05 1.000000000000000082e-05 2.261289454922731437e-02 1.000000000000000082e-05 6.572855113726674969e-02
2.112273016892881640e-03 1.000000000000000082e-05 1.120152277243030917e-02 1.000000000000000082e-05 3.044239046883428362e-02
2.310015834578606209e-03 1.000000000000000082e-05 2.601461755277517836e-03 1.000000000000000082e-05 1.091383837815149312e-02
1.000000000000000082e-05 1.000000000000000082e-05 4.809598780914658457e-04 1.000000000000000082e-05 9.699951883232300291e-04
0.000000000000000000e+00 -0.000000000000000000e+00 -0.000000000000000000e+00 0.000000000000000000e+00 0.000000000000000000e+00
0.000000000000000000e+00 -0.000000000000000000e+00 -0.000000000000000000e+00 0.000000000000000000e+00 0.000000000000000000e+00
0.000000000000000000e+00 -0.000000000000000000e+00 -0.000000000000000000e+00 0.000000000000000000e+00 0.000000000000000000e+00
0.000000000000000000e+00 -0.000000000000000000e+00 -0.000000000000000000e+00 0.000000000000000000e+00 0.000000000000000000e+00
0.000000000000000000e+00 -0.000000000000000000e+00 -0.000000000000000000e+00 0.000000000000000000e+00 0.000000000000000000e+00
5.239528200815713772e-05 1.000000000000000082e-05 1.230543531175880625e-02 1.000000000000000082e-05 1.321174176335361290e-03
1.000000000000000082e-05 1.000000000000000082e-05 3.218592522418647905e-02 1.000000000000000082e-05 4.910595072172722030e-03
1.000000000000000082e-05 1.000000000000000082e-05 6.310754858918152244e-02 1.000000000000000082e-05 9.119159147563039858e-03
1.000000000000000082e-05 1.262578714038274652e-02 9.847543283670311121e-02 1.000000000000000082e-05 1.054747264245512253e-02
1.000000000000000082e-05 4.583882611746434299e-02 1.253246816354106341e-01 1.000000000000000082e-05 1.259245886470473919e-02
1.000000000000000082e-05 8.417109064732607171e-02 9.644971950429585827e-02 1.000000000000000082e-05 1.904881104574629100e-02
4.876829756320102266e-02 9.335898590449420720e-02 3.698641785259120657e-02 1.000000000000000082e-05 3.036427647507104755e-02
1.005515997676923595e-01 5.875225323769756730e-02 1.000000000000000082e-05 4.848413179041044518e-02 5.171024856950846849e-02
1.153772703830157342e-01 3.237489008941610985e-03 1.000000000000000082e-05 1.009822695058358172e-01 5.124295231977920445e-02
1.003572668032377824e-01 1.000000000000000082e-05 1.000000000000000082e-05 1.101918349274291775e-01 4.027718792703424006e-02
9.393005179312634290e-02 1.000000000000000082e-05 1.951374301891563648e-02 8.423974632404049312e-02 1.262805962112117236e-02
1.262616576969517734e-01 1.000000000000000082e-05 2.428289888549538603e-02 7.360209044558843616e-02 1.000000000000000082e-05
1.329020811968737448e-01 4.213659092109796160e-03 7.571265604405919393e-04 9.500954662153264507e-02 1.000000000000000082e-05
7.399644135651028964e-02 6.018397653013685122e-02 1.000000000000000082e-05 1.202135636317884226e-01 1.000000000000000082e-05
1.000000000000000082e-05 1.031063998603944237e-01 1.000000000000000082e-05 9.663286737304327412e-02 3.359146750132714632e-02
1.000000000000000082e-05 9.855101648146485926e-02 1.409893003967534718e-02 4.570767426420004054e-02 8.758036427330245788e-02
1.000000000000000082e-05 5.426287241308369591e-02 2.905566058249729050e-02 1.124374937683702853e-03 1.181716713994836465e-01
1.000000000000000082e-05 1.668722258048553966e-02 3.384060457214340539e-02 1.000000000000000082e-05 1.045535126387897029e-01
1.000000000000000082e-05 5.912573801116857057e-04 3.314240695167543910e-02 1.000000000000000082e-05 7.344397921245358896e-02
2.946901403988897491e-03 1.000000000000000082e-05 2.008590694445239536e-02 1.000000000000000082e-05 3.890578291409391848e-02
2.517207909345046350e-03 1.000000000000000082e-05 1.194604854228354003e-02 1.000000000000000082e-05 2.161253824155918643e-02
1.995676450866541631e-03 1.000000000000000082e-05 4.477739571376086747e-03 1.000000000000000082e-05 8.869059690764952500e-03
6.968510060319085472e-04 1.000000000000000082e-05 7.622000391096160317e-04 1.000000000000000082e-05 1.960115323611073823e-03
1.000000000000000082e-05 5.529855394645864108e-05 4.661954496173682097e-06 1.000000000000000082e-05 4.127215674184982631e-06
0.000000000000000000e+00 -0.000000000000000000e+00 -0.000000000000000000e+00 0.000000000000000000e+00 0.000000000000000000e+00
0.000000000000000000e+00 -0.000000000000000000e+00 -0.000000000000000000e+00 0.000000000000000000e+00 0.000000000000000000e+00
0.000000000000000000e+00 -0.000000000000000000e+00 -0.000000000000000000e+00 0.000000000000000000e+00 0.000000000000000000e+00
0.000000000000000000e+00 -0.000000000000000000e+00 -0.000000000000000000e+00 0.000000000000000000e+00 0.000000000000000000e+00
9.026096613727981792e-04 1.000000000000000082e-05 9.910851466619571143e-03 1.000000000000000082e-05 1.818017066203582877e-03
1.000000000000000082e-05 1.000000000000000082e-05 2.661288293619971240e-02 1.000000000000000082e-05 4.698865082078744829e-03
1.000000000000000082e-05 1.000000000000000082e-05 5.364800956708970503e-02 1.000000000000000082e-05 8.544021267874719536e-03
1.000000000000000082e-05 7.509656646023128192e-03 8.122358618979930167e-02 1.000000000000000082e-05 1.178502145781003436e-02
1.000000000000000082e-05 3.557829682151983364e-02 1.069779817869787319e-01 1.000000000000000082e-05 1.714018959359849339e-02
1.000000000000000082e-05 7.381867104347818176e-02 1.011236607321357450e-01 1.000000000000000082e-05 2.635099024519526809e-02
2.192854305448359645e-02 9.652302074632124196e-02 6.361260803482689241e-02 1.000000000000000082e-05 3.661640802304933634e-02
6.976384718140826724e-02 8.033016084589295058e-02 1.510577650860654535e-02 2.470083436130478607e-02 4.870950374583880860e-02
1.051478853221597676e-01 3.061013061261945792e-02 1.000000000000000082e-05 9.651707467614720204e-02 3.983767288464720030e-02
1.133904239536935449e-01 1.000000000000000082e-05 3.532762385818405057e-03 1.331483209030366044e-01 1.920020425161588287e-02
1.183472937223826876e-01 1.000000000000000082e-05 2.653161963844383187e-02 1.338450079417476124e-01 1.000000000000000082e-05
1.283794217095041990e-01 1.000000000000000082e-05 1.257655988153505086e-02 1.329716726895917855e-01 1.000000000000000082e-05
8.874565794213741532e-02 5.100187401350911309e-02 1.000000000000000082e-05 1.344873862488593919e-01 6.125313170004201974e-03
1.300053997347179642e-02 9.645719589694026763e-02 1.000000000000000082e-05 9.682090915007722509e-02 4.712158250032572049e-02
1.000000000000000082e-05 1.032034358429843590e-01 2.564177258587407859e-02 3.648174374940137132e-02 9.208191451008006234e-02
1.000000000000000082e-05 6.281629824178364130e-02 4.481484309895819584e-02 1.000000000000000082e-05 1.133878868176518562e-01
1.000000000000000082e-05 2.285404743193074351e-02 4.559687969720237211e-02 1.000000000000000082e-05 9.902359599557054859e-02
1.000000000000000082e-05 4.567876347472097330e-03 4.353766750256225782e-02 1.000000000000000082e-05 6.906569342886616225e-02
4.031949824502032787e-04 1.000000000000000082e-05 2.861157734657956628e-02 1.000000000000000082e-05 4.066057297283130062e-02
4.369650158394141649e-03 1.000000000000000082e-05 1.828661493605115290e-02 1.000000000000000082e-05 2.299101611161350964e-02
2.711428069132228690e-03 1.000000000000000082e-05 1.022500900639346406e-02 1.000000000000000082e-05 1.224177452836257979e-02
1.590784361149311012e-03 1.000000000000000082e-05 3.658913610601768548e-03 1.000000000000000082e-05 6.421506553630006858e-03
9.669366577972562807e-04 1.000000000000000082e-05 7.988794438708083333e-04 1.000000000000000082e-05 2.191250232924970599e-03
1.000000000000000082e-05 1.895950421021443382e-04 1.598384398688115849e-05 1.000000000000000082e-05 1.415045374006276323e-05
0.000000000000000000e+00 -0.000000000000000000e+00 -0.000000000000000000e+00 0.000000000000000000e+00 0.000000000000000000e+00
0.000000000000000000e+00 -0.000000000000000000e+00 -0.000000000000000000e+00 0.000000000000000000e+00 0.000000000000000000e+00
0.000000000000000000e+00 -0.000000000000000000e+00 -0.000000000000000000e+00 0.000000000000000000e+00 0.000000000000000000e+00
0.000000000000000000e+00 -0.000000000000000000e+00 -0.000000000000000000e+00 0.000000000000000000e+00 0.000000000000000000e+00
2.809503196130791382e-04 1.000000000000000082e-05 4.763718701740721206e-03 1.000000000000000082e-05 1.038132296023344279e-03
1.000000000000000082e-05 1.000000000000000082e-05 1.580880567828523917e-02 1.000000000000000082e-05 3.721194406375983362e-03
1.000000000000000082e-05 1.000000000000000082e-05 4.143476031523232739e-02 1.000000000000000082e-05 8.237808761828070356e-03
1.000000000000000082e-05 6.485145342081837568e-04 6.805247928645349886e-02 1.000000000000000082e-05 1.383483631879840400e-02
1.000000000000000082e-05 1.499841845010133241e-02 9.497102954576734646e-02 1.000000000000000082e-05 2.217303341809304801e-02
1.000000000000000082e-05 4.685495867110703316e-02 1.061148328345537240e-01 1.000000000000000082e-05 3.414981818485333942e-02
1.000000000000000082e-05 8.167003387408533488e-02 9.439469111913116606e-02 1.000000000000000082e-05 4.389623896635346662e-02
3.361289266725343838e-02 9.416355937651393893e-02 6.003066367741651671e-02 1.564666449136171760e-03 4.871102825629020083e-02
8.469125819035468183e-02 6.561971303485346352e-02 2.544322373791268674e-02 7.454738982875511177e-02 4.574716481748501706e-02
1.187616910093103884e-01 2.595821705656804410e-02 1.230429257942671287e-02 1.342096024207011240e-01 2.675706316263636378e-02
1.252433089108105080e-01 1.546937372650952248e-02 1.152391477891500336e-02 1.521007375760081159e-01 1.551611046776161899e-02
1.093881224193309354e-01 4.370267823847725358e-02 7.780374812019726256e-03 1.407044288931769416e-01 2.822784960346302885e-02
4.687582948210124861e-02 8.282314743193310014e-02 2.077148454074505615e-02 1.011555169129460252e-01 5.854088664823033084e-02
1.000000000000000082e-05 9.140213697119931036e-02 4.805318247659430553e-02 3.249429440714066836e-02 9.326697198671915490e-02
1.000000000000000082e-05 6.249834538139300427e-02 6.851154255163408036e-02 1.000000000000000082e-05 1.046151312652394139e-01
1.000000000000000082e-05 2.179434642080243720e-02 6.599162812742774553e-02 1.000000000000000082e-05 8.586391850457900099e-02
1.000000000000000082e-05 3.898641231667366279e-03 5.590793814770085579e-02 1.000000000000000082e-05 5.832580815183661255e-02
1.000000000000000082e-05 1.000000000000000082e-05 3.702067002736256912e-02 1.000000000000000082e-05 3.824954444943032272e-02
8.372085811561408818e-04 1.000000000000000082e-05 2.273581307230788245e-02 1.000000000000000082e-05 2.224977247008300130e-02
2.859488050687676586e-03 1.000000000000000082e-05 1.391321562987526093e-02 1.000000000000000082e-05 1.328884749063188528e-02
2.159489129576550124e-03 1.000000000000000082e-05 7.163444171302602026e-03 1.000000000000000082e-05 6.394870019939843594e-03
1.578038985780678364e-03 1.000000000000000082e-05 2.080633395350072259e-03 1.000000000000000082e-05 2.842376866134138560e-03
4.498596394119612485e-04 1.000000000000000082e-05 1.428819681932201797e-04 1.000000000000000082e-05 5.491788258199751128e-04
0.000000000000000000e+00 -0.000000000000000000e+00 -0.000000000000000000e+00 0.000000000000000000e+00 0.000000000000000000e+00
0.000000000000000000e+00 -0.000000000000000000e+00 -0.000000000000000000e+00 0.000000000000000000e+00 0.000000000000000000e+00
0.000000000000000000e+00 -0.000000000000000000e+00 -0.000000000000000000e+00 0.000000000000000000e+00 0.000000000000000000e+00
0.000000000000000000e+00 -0.000000000000000000e+00 -0.000000000000000000e+00 0.000000000000000000e+00 0.000000000000000000e+00
0.000000000000000000e+00 -0.000000000000000000e+00 -0.000000000000000000e+00 0.000000000000000000e+00 0.000000000000000000e+00
4.915109101495660805e-04 1.000000000000000082e-05 1.102538219673308752e-03 1.000000000000000082e-05 1.840459566346507037e-04
1.000000000000000082e-05 1.000000000000000082e-05 7.488194172724519683e-03 1.000000000000000082e-05 2.434274887841729549e-03
1.000000000000000082e-05 1.000000000000000082e-05 2.206937451755578913e-02 1.000000000000000082e-05 5.713291087741077107e-03
1.000000000000000082e-05 1.000000000000000082e-05 4.821894185814811634e-02 1.000000000000000082e-05 1.282125649967903736e-02
1.000000000000000082e-05 1.267513653709759344e-03 7.606051890428294771e-02 1.000000000000000082e-05 2.393690960236901158e-02
1.000000000000000082e-05 1.414290374304536836e-02 1.012347323472363725e-01 1.000000000000000082e-05 3.766427535076578847e-02
1.000000000000000082e-05 4.314453421757626084e-02 1.095430603069089126e-01 1.000000000000000082e-05 4.944007313939961096e-02
1.902943892924774741e-02 6.898239302834523190e-02 9.027113435552125420e-02 1.620843852499152804e-02 5.753043579187621520e-02
6.425246542252439907e-02 7.424659290019104685e-02 5.311506149120338166e-02 7.717121523246199544e-02 5.620845717448109263e-02
1.011576946443325797e-01 6.769805904294887156e-02 2.021550783073807964e-02 1.145611903446497187e-01 5.326109464454788223e-02
1.082775345863627170e-01 6.658356178174536233e-02 1.625974081154387893e-02 1.150860911842562367e-01 6.108149280919100699e-02
8.446981557461299972e-02 8.086548627527515021e-02 2.870137363026559196e-02 9.360932967742974231e-02 7.338860319741043192e-02
3.313335960267594499e-02 7.990642507159974317e-02 6.898021025728112710e-02 5.000567290100467466e-02 8.065827991788224183e-02
1.000000000000000082e-05 4.770387455990657277e-02 1.082753799410713091e-01 2.474824626441099549e-03 8.108568554728841360e-02
1.000000000000000082e-05 1.590545164492107241e-02 1.057431459287590664e-01 1.000000000000000082e-05 6.587148710026002885e-02
1.000000000000000082e-05 1.000000000000000082e-05 7.908233558486482684e-02 1.000000000000000082e-05 4.715721712440484881e-02
1.000000000000000082e-05 1.000000000000000082e-05 4.949877469518324663e-02 1.000000000000000082e-05 3.048076230731854366e-02
1.000000000000000082e-05 1.000000000000000082e-05 2.831465897416501551e-02 1.000000000000000082e-05 1.896738839730827478e-02
1.000000000000000082e-05 1.000000000000000082e-05 1.559322597889928677e-02 1.000000000000000082e-05 1.036991865559439875e-02
4.244510978257342811e-04 1.000000000000000082e-05 9.656360843235393954e-03 1.000000000000000082e-05 6.264645942621764607e-03
5.716137723652115052e-04 1.000000000000000082e-05 5.632094366544545400e-03 1.000000000000000082e-05 2.316808101481961785e-03
1.000000000000000082e-05 1.000000000000000082e-05 1.658389884449877833e-03 3.422703929951440645e-04 2.125738197502906237e-04
0.000000000000000000e+00 -0.000000000000000000e+00 -0.000000000000000000e+00 0.000000000000000000e+00 0.000000000000000000e+00
0.000000000000000000e+00 -0.000000000000000000e+00 -0.000000000000000000e+00 0.000000000000000000e+00 0.000000000000000000e+00
0.000000000000000000e+00 -0.000000000000000000e+00 -0.000000000000000000e+00 0.000000000000000000e+00 0.000000000000000000e+00
0.000000000000000000e+00 -0.000000000000000000e+00 -0.000000000000000000e+00 0.000000000000000000e+00 0.000000000000000000e+00
0.000000000000000000e+00 -0.000000000000000000e+00 -0.000000000000000000e+00 0.000000000000000000e+00 0.000000000000000000e+00
0.000000000000000000e+00 -0.000000000000000000e+00 -0.000000000000000000e+00 0.000000000000000000e+00 0.000000000000000000e+00
3.667653300586600526e-04 1.000000000000000082e-05 7.359223304846731215e-04 1.000000000000000082e-05 1.110777159139342892e-04
2.683897933599397635e-04 1.000000000000000082e-05 3.050791592395058101e-03 1.000000000000000082e-05 1.647421338499027027e-03
1.000000000000000082e-05 1.000000000000000082e-05 1.030838300608643079e-02 1.000000000000000082e-05 3.774339721055819472e-03
1.000000000000000082e-05 1.000000000000000082e-05 2.743472807106423980e-02 1.000000000000000082e-05 9.086420554367159383e-03
1.000000000000000082e-05 1.000000000000000082e-05 4.909124074095647106e-02 1.000000000000000082e-05 2.051404574303416009e-02
1.000000000000000082e-05 1.000000000000000082e-05 7.852181926953123725e-02 9.711126617261181884e-03 3.910942359726694156e-02
7.061182165340950181e-03 1.000000000000000082e-05 8.948044312722266969e-02 3.454388062468410903e-02 6.078524143740846042e-02
2.491181324678598888e-02 2.943182202916899345e-02 7.385086198315082839e-02 7.413639989930091712e-02 7.651630392357906818e-02
6.193060321711930244e-02 7.233098735019001524e-02 3.684625861226338561e-02 9.143108899332147432e-02 7.683399810171244460e-02
8.678894400723002889e-02 9.673744994093662342e-02 1.426503695383450447e-02 7.593821716705463631e-02 8.592971978686389511e-02
9.108354832030166048e-02 1.027532947349982795e-01 7.327004689056305746e-03 5.772121120082212425e-02 9.420705864674816521e-02
8.204742156166199007e-02 9.574539902613145304e-02 2.487308282124361253e-02 4.418398775238946419e-02 8.088231525999492466e-02
5.454979931768864226e-02 5.783799061036133671e-02 7.899592716318085128e-02 3.496322485838037480e-02 5.472173731091006799e-02
2.627986277837384213e-02 9.264887103137763383e-03 1.265406060891003104e-01 2.190893588159140842e-02 3.611304540978117067e-02
5.609997421025349380e-03 1.000000000000000082e-05 1.193069864713599132e-01 8.021464662472643434e-03 2.403634044905173309e-02
1.000000000000000082e-05 1.000000000000000082e-05 9.115752021172429664e-02 1.462561541570453006e-03 1.961016476249661730e-02
1.000000000000000082e-05 1.000000000000000082e-05 5.352314584411788784e-02 1.000000000000000082e-05 1.233249679932637774e-02
1.000000000000000082e-05 1.000000000000000082e-05 2.858372797710429306e-02 1.000000000000000082e-05 6.994832623368807401e-03
1.000000000000000082e-05 1.000000000000000082e-05 1.383674833366805614e-02 1.000000000000000082e-05 3.246334954969338875e-03
1.000000000000000082e-05 1.000000000000000082e-05 9.918769373440340306e-03 1.000000000000000082e-05 2.406908780944355328e-03
1.000000000000000082e-05 1.000000000000000082e-05 6.533719952134124480e-03 2.337861342445630172e-04 1.184896883072871941e-03
1.000000000000000082e-05 1.000000000000000082e-05 1.987698652320458916e-03 6.818636531580254956e-04 1.000000000000000082e-05
0.000000000000000000e+00 -0.000000000000000000e+00 -0.000000000000000000e+00 0.000000000000000000e+00 0.000000000000000000e+00
0.000000000000000000e+00 -0.000000000000000000e+00 -0.000000000000000000e+00 0.000000000000000000e+00 0.000000000000000000e+00
0.000000000000000000e+00 -0.000000000000000000e+00 -0.000000000000000000e+00 0.000000000000000000e+00 0.000000000000000000e+00
0.000000000000000000e+00 -0.000000000000000000e+00 -0.000000000000000000e+00 0.000000000000000000e+00 0.000000000000000000e+00
0.000000000000000000e+00 -0.000000000000000000e+00 -0.000000000000000000e+00 0.000000000000000000e+00 0.000000000000000000e+00
0.000000000000000000e+00 -0.000000000000000000e+00 -0.000000000000000000e+00 0.000000000000000000e+00 0.000000000000000000e+00
1.000000000000000082e-05 1.000000000000000082e-05 8.306982693719580559e-04 1.000000000000000082e-05 1.260415138674877273e-04
1.000000000000000082e-05 1.000000000000000082e-05 2.861979616304749594e-03 1.000000000000000082e-05 2.036343336457446026e-03
1.000000000000000082e-05 1.000000000000000082e-05 1.013945138352686029e-02 8.861609952876477484e-04 4.437895203227024479e-03
1.000000000000000082e-05 1.000000000000000082e-05 2.021763280066666071e-02 7.165658081965424128e-03 1.052508942416626250e-02
1.000000000000000082e-05 1.000000000000000082e-05 3.744752571950472203e-02 2.501883521510878117e-02 2.461764033872937754e-02
7.580205821767240209e-04 1.000000000000000082e-05 5.372689874891325990e-02 5.592264106282821001e-02 4.942294568878586453e-02
8.835576278715043599e-03 1.000000000000000082e-05 5.694548158812470784e-02 9.789020881077657721e-02 7.509950348393375219e-02
4.004667534437993115e-02 3.095571814238620711e-02 3.268117448220222987e-02 1.063943192725684966e-01 8.743808157944336912e-02
7.256857760245920275e-02 8.498265733864598936e-02 5.210732358644828283e-03 6.496893324309239992e-02 9.380957681690386962e-02
8.455692058513304687e-02 1.107291914281940404e-01 1.000000000000000082e-05 1.965205474182966927e-02 1.030167572394607295e-01
8.382401983355880493e-02 1.091728763105887234e-01 1.000000000000000082e-05 6.313923119018034942e-03 1.068802780916519313e-01
8.358804096488844926e-02 9.946531748970140197e-02 1.000000000000000082e-05 1.886221558394108114e-02 6.614857813865886171e-02
8.177420664972062658e-02 5.949211663754280094e-02 3.464671358600066725e-02 3.883420408235969262e-02 1.844594075666113053e-02
5.656932783247511226e-02 1.335800625361357498e-02 9.246941812884215683e-02 3.961231193903749781e-02 1.000000000000000082e-05
2.016294649596666114e-02 1.000000000000000082e-05 1.216995980152423690e-01 3.068042658179129939e-02 1.000000000000000082e-05
1.000000000000000082e-05 1.000000000000000082e-05 1.054990705796827605e-01 1.414613181909466638e-02 1.378044265955059118e-03
1.000000000000000082e-05 1.000000000000000082e-05 7.273670275899926652e-02 5.989421249977187368e-03 1.760458296947297382e-03
1.000000000000000082e-05 1.000000000000000082e-05 4.463048328152532940e-02 1.589958058077948306e-03 3.200982146120456666e-03
1.000000000000000082e-05 1.000000000000000082e-05 2.049748854579449067e-02 1.000000000000000082e-05 2.882756833234732721e-03
1.000000000000000082e-05 1.000000000000000082e-05 1.230246339551440381e-02 1.335715676844211714e-04 2.198990068924491607e-03
1.000000000000000082e-05 1.000000000000000082e-05 6.803228517222709680e-03 8.974761848744151720e-04 8.050620245447858521e-04
1.000000000000000082e-05 1.000000000000000082e-05 1.267717711214482075e-03 4.833067789685935919e-04 1.000000000000000082e-05
0.000000000000000000e+00 -0.000000000000000000e+00 -0.000000000000000000e+00 0.000000000000000000e+00 0.000000000000000000e+00
0.000000000000000000e+00 -0.000000000000000000e+00 -0.000000000000000000e+00 0.000000000000000000e+00 0.000000000000000000e+00
0.000000000000000000e+00 -0.000000000000000000e+00 -0.000000000000000000e+00 0.000000000000000000e+00 0.000000000000000000e+00
0.000000000000000000e+00 -0.000000000000000000e+00 -0.000000000000000000e+00 0.000000000000000000e+00 0.000000000000000000e+00
0.000000000000000000e+00 -0.000000000000000000e+00 -0.000000000000000000e+00 0.000000000000000000e+00 0.000000000000000000e+00
0.000000000000000000e+00 -0.000000000000000000e+00 -0.000000000000000000e+00 0.000000000000000000e+00 0.000000000000000000e+00
1.000000000000000082e-05 1.000000000000000082e-05 8.333761759199822877e-04 9.957364298399757827e-05 2.468285051808995971e-04
1.000000000000000082e-05 1.000000000000000082e-05 2.627878541486885437e-03 5.600103275190057312e-04 2.706314558519844985e-03
3.685869863742126254e-04 1.000000000000000082e-05 7.970027109819952799e-03 5.658015877076130219e-03 9.049448582970779156e-03
1.000000000000000082e-05 1.000000000000000082e-05 1.939921072423694479e-02 2.094634613998194381e-02 2.450825790060502316e-02
1.000000000000000082e-05 1.000000000000000082e-05 3.344754068198216301e-02 5.300915500000414476e-02 5.272866793369612726e-02
1.000000000000000082e-05 1.000000000000000082e-05 4.110348205449177589e-02 9.942412348843404635e-02 7.861454994066965907e-02
4.765351924398147573e-03 1.673398385476561681e-02 2.816781579927622736e-02 1.213014561232516469e-01 8.675549152953529464e-02
5.102166939912793769e-02 7.302782581070919876e-02 7.977762411874842613e-03 7.332421137331564254e-02 8.183110327211096102e-02
8.584021967061353231e-02 1.061112384310883422e-01 1.000000000000000082e-05 1.000000000000000082e-05 8.521278415312288912e-02
8.662625381862298912e-02 9.412923268623429873e-02 1.000000000000000082e-05 1.000000000000000082e-05 1.057124718350165166e-01
7.820001753814725953e-02 8.192627484375747393e-02 1.000000000000000082e-05 1.000000000000000082e-05 1.077936307348512368e-01
7.820078133647759278e-02 9.266626638599673171e-02 1.000000000000000082e-05 1.800023734825600963e-02 5.527051934243717990e-02
8.396795464567394229e-02 8.064411265063865797e-02 1.000000000000000082e-05 3.896650227852636178e-02 5.589318354869909303e-04
6.930775481416337480e-02 4.043758885426185917e-02 4.078834995407944891e-02 4.319442766686919233e-02 1.000000000000000082e-05
3.403159147165503440e-02 3.728586124910121188e-03 1.022877940166997818e-01 3.736470050751958955e-02 1.000000000000000082e-05
5.251722162440243882e-03 1.000000000000000082e-05 1.154691873645769251e-01 2.193511809283214820e-02 1.000000000000000082e-05
1.000000000000000082e-05 1.000000000000000082e-05 9.366022838942654472e-02 1.086841536659045870e-02 1.000000000000000082e-05
1.000000000000000082e-05 1.000000000000000082e-05 5.998572628376216270e-02 3.939763963769963781e-03 7.125080242121901303e-04
1.000000000000000082e-05 1.000000000000000082e-05 3.598456395911488886e-02 1.597025431595681370e-06 2.863822970587084470e-03
1.000000000000000082e-05 1.000000000000000082e-05 1.610506727864220375e-02 2.760867834409287073e-04 1.780324832766843994e-03
1.000000000000000082e-05 1.000000000000000082e-05 7.005987640713283622e-03 5.045352087639151922e-04 8.798281543672527381e-04
1.000000000000000082e-05 1.000000000000000082e-05 2.159740990939244885e-04 6.554520536276600099e-05 1.000000000000000082e-05
0.000000000000000000e+00 -0.000000000000000000e+00 -0.000000000000000000e+00 0.000000000000000000e+00 0.000000000000000000e+00
0.000000000000000000e+00 -0.000000000000000000e+00 -0.000000000000000000e+00 0.000000000000000000e+00 0.000000000000000000e+00
0.000000000000000000e+00 -0.000000000000000000e+00 -0.000000000000000000e+00 0.000000000000000000e+00 0.000000000000000000e+00
0.000000000000000000e+00 -0.000000000000000000e+00 -0.000000000000000000e+00 0.000000000000000000e+00 0.000000000000000000e+00
0.000000000000000000e+00 -0.000000000000000000e+00 -0.000000000000000000e+00 0.000000000000000000e+00 0.000000000000000000e+00
6.388511148357917059e-07 1.047619211271583171e-06 1.000000000000000082e-05 4.427440318365343192e-06 2.822356555709899503e-06
1.000000000000000082e-05 1.000000000000000082e-05 1.155295184122852385e-04 6.858227510427668174e-04 6.145585445387446825e-04
1.000000000000000082e-05 1.000000000000000082e-05 2.950115723415480413e-03 2.880382957572008139e-03 6.473200863116745744e-03
1.000000000000000082e-05 1.000000000000000082e-05 8.944402851614191227e-03 9.377006985665627473e-03 2.332799850562690749e-02
1.000000000000000082e-05 1.000000000000000082e-05 1.985929860908136266e-02 3.444372994848790559e-02 5.397279900947589415e-02
1.000000000000000082e-05 1.000000000000000082e-05 2.958584621321065297e-02 7.663635182692099534e-02 8.814668724291840896e-02
1.000000000000000082e-05 5.016860795071671417e-03 2.049950185822623297e-02 1.158092208774993692e-01 9.308708813727195608e-02
7.730485705167790961e-03 6.439810044849758608e-02 9.495960174907213183e-03 9.666573545988989269e-02 7.097641634667679889e-02
6.766464265842815629e-02 1.036526637637884135e-01 5.107964945190423753e-03 1.425427190223708951e-02 5.309880540696015894e-02
1.034738082691969985e-01 8.702664850992206103e-02 1.257829222163385496e-02 1.000000000000000082e-05 6.379733686139354987e-02
9.269094368149727314e-02 4.863406642023713339e-02 4.009297084629626431e-03 1.000000000000000082e-05 1.012193136050790199e-01
7.104179642969374320e-02 4.036776263303397394e-02 1.000000000000000082e-05 9.235529875368421330e-04 1.060881807825880818e-01
7.264314207656426270e-02 7.302086989913750270e-02 1.000000000000000082e-05 3.004281947110730433e-02 5.706126110692430475e-02
8.502021028350566223e-02 9.145718473320239850e-02 1.000000000000000082e-05 3.894105746667300694e-02 1.000000000000000082e-05
7.009904166346317411e-02 6.623086249973653139e-02 2.951084873830260406e-03 3.829819562114124970e-02 1.000000000000000082e-05
3.807923761966044290e-02 2.545950551693487024e-02 8.358603052556751178e-02 3.107265041155634136e-02 1.000000000000000082e-05
1.143177208125600343e-02 1.000000000000000082e-05 1.188744177322385437e-01 2.296711634536129781e-02 1.000000000000000082e-05
1.000000000000000082e-05 1.000000000000000082e-05 1.028177626076186291e-01 1.384983973462442126e-02 1.000000000000000082e-05
1.000000000000000082e-05 1.000000000000000082e-05 7.393513865735067137e-02 5.062173447001794627e-03 1.000000000000000082e-05
1.000000000000000082e-05 1.000000000000000082e-05 4.539778645288744530e-02 2.722034262598483777e-04 2.530099750223844916e-03
1.000000000000000082e-05 1.000000000000000082e-05 2.033456193761918815e-02 1.000000000000000082e-05 2.336651014554596163e-03
1.000000000000000082e-05 1.000000000000000082e-05 3.833587961960548390e-03 1.000000000000000082e-05 5.891603879302558747e-04
5.744789518612761849e-05 1.621897233122651330e-05 3.404821051392401372e-06 1.000000000000000082e-05 1.000000000000000082e-05
0.000000000000000000e+00 -0.000000000000000000e+00 -0.000000000000000000e+00 0.000000000000000000e+00 0.000000000000000000e+00
0.000000000000000000e+00 -0.000000000000000000e+00 -0.000000000000000000e+00 0.000000000000000000e+00 0.000000000000000000e+00
0.000000000000000000e+00 -0.000000000000000000e+00 -0.000000000000000000e+00 0.000000000000000000e+00 0.000000000000000000e+00
0.000000000000000000e+00 -0.000000000000000000e+00 -0.000000000000000000e+00 0.000000000000000000e+00 0.000000000000000000e+00
0.000000000000000000e+00 -0.000000000000000000e+00 -0.000000000000000000e+00 0.000000000000000000e+00 0.000000000000000000e+00
2.108208678958118357e-05 3.457143397196213073e-05 1.000000000000000082e-05 1.461055305060567522e-04 9.313776633842659467e-05
3.825149155919096121e-04 1.000000000000000082e-05 1.000000000000000082e-05 2.243691981113178462e-03 1.818904957352878706e-03
1.517575927062067911e-04 1.000000000000000082e-05 3.017919951790161859e-03 3.175433565303428275e-03 1.256523561421944539e-02
1.000000000000000082e-05 1.000000000000000082e-05 9.145338208476046574e-03 1.227659961753889591e-02 4.218358328888970055e-02
1.000000000000000082e-05 1.000000000000000082e-05 2.025225745562430485e-02 4.403878112294848379e-02 9.037095848834741929e-02
1.000000000000000082e-05 1.000000000000000082e-05 1.217704533096727187e-02 9.445436854695359041e-02 1.081487163702202631e-01
1.000000000000000082e-05 4.126774760464180236e-02 4.954754755400188164e-03 1.084961548510440243e-01 7.874493252371590757e-02
2.444362709836989112e-02 9.462381896398938674e-02 6.331885039042530264e-03 5.658428990099916012e-02 3.878079357561244750e-02
9.326972550519865846e-02 8.925155297652936914e-02 1.694822186564831981e-02 1.000000000000000082e-05 2.882405947318027531e-02
1.202540477744337699e-01 4.160747555835762196e-02 2.282039684712847821e-02 1.000000000000000082e-05 5.979441359333226985e-02
9.362290825689482954e-02 7.170593628436795937e-03 1.106629625393114498e-02 1.000000000000000082e-05 1.025079552771947788e-01
6.109344889868518341e-02 1.479604475103083079e-02 1.000000000000000082e-05 1.773759221294496716e-02 1.074072604370345380e-01
6.790306203434781640e-02 5.406912273282606790e-02 1.000000000000000082e-05 4.580333251284128548e-02 5.516396419676954099e-02
8.218525851104573066e-02 8.771019583693043242e-02 1.000000000000000082e-05 4.571525416836605404e-02 1.000000000000000082e-05
7.309804156115683182e-02 7.805652702671443677e-02 1.000000000000000082e-05 3.592550531604515873e-02 1.000000000000000082e-05
3.876219622669744430e-02 4.053812731336125380e-02 7.909073208550990164e-02 2.646926629939995446e-02 1.000000000000000082e-05
8.665287206691924676e-03 1.232295651002285070e-03 1.276353574694511217e-01 1.870730092495943506e-02 1.000000000000000082e-05
1.000000000000000082e-05 1.000000000000000082e-05 1.120601486948428205e-01 1.099099463497711648e-02 1.000000000000000082e-05
1.000000000000000082e-05 1.000000000000000082e-05 7.947106322852992566e-02 5.756751440902051903e-03 1.000000000000000082e-05
1.000000000000000082e-05 1.000000000000000082e-05 4.494642367841624603e-02 1.000000000000000082e-05 2.046531308357130933e-03
1.000000000000000082e-05 1.000000000000000082e-05 2.012131470301153566e-02 1.000000000000000082e-05 2.544342103470177956e-03
1.000000000000000082e-05 1.000000000000000082e-05 2.374659019470434264e-03 1.000000000000000082e-05 7.710822851428094033e-04
0.000000000000000000e+00 -0.000000000000000000e+00 -0.000000000000000000e+00 0.000000000000000000e+00 0.000000000000000000e+00
0.000000000000000000e+00 -0.000000000000000000e+00 -0.000000000000000000e+00 0.000000000000000000e+00 0.000000000000000000e+00
0.000000000000000000e+00 -0.000000000000000000e+00 -0.000000000000000000e+00 0.000000000000000000e+00 0.000000000000000000e+00
0.000000000000000000e+00 -0.000000000000000000e+00 -0.000000000000000000e+00 0.000000000000000000e+00 0.000000000000000000e+00
0.000000000000000000e+00 -0.000000000000000000e+00 -0.000000000000000000e+00 0.000000000000000000e+00 0.000000000000000000e+00
0.000000000000000000e+00 -0.000000000000000000e+00 -0.000000000000000000e+00 0.000000000000000000e+00 0.000000000000000000e+00
4.791383361268429313e-05 7.857144084536919228e-05 1.000000000000000082e-05 3.320580238774006919e-04 2.116767416782425280e-04
7.714953170616441094e-05 1.000000000000000082e-05 1.000000000000000082e-05 2.266597861976596406e-03 2.665123774200816881e-03
1.015581051103483200e-03 1.000000000000000082e-05 2.997129353759477727e-03 3.766244018948860031e-03 2.029791069359616548e-02
1.000000000000000082e-05 1.000000000000000082e-05 9.131274895825873539e-03 1.288946626561950602e-02 6.775325872322977838e-02
1.000000000000000082e-05 1.000000000000000082e-05 1.254247210119590998e-02 5.023572858748875936e-02 1.170058293655292792e-01
1.000000000000000082e-05 3.772095015494779987e-03 1.000000000000000082e-05 1.013909702144634717e-01 1.079927331686699743e-01
1.000000000000000082e-05 6.008222976964208706e-02 1.000000000000000082e-05 1.054306761407602239e-01 5.314433279286759348e-02
4.230199289823133313e-02 9.448957033098502600e-02 1.462597811070373045e-02 4.100164989625272594e-02 1.231694476270014417e-02
1.095375364944579516e-01 5.803353355733662650e-02 3.160600444698486583e-02 1.000000000000000082e-05 2.843921425207781087e-02
1.341971538120434460e-01 6.211095760088468538e-03 2.887700363925312097e-02 1.000000000000000082e-05 7.245882769808605073e-02
1.005895521295731981e-01 1.000000000000000082e-05 6.513431781590152056e-03 1.000000000000000082e-05 1.057449194291602973e-01
6.738562343053017267e-02 7.750059900667109584e-03 1.000000000000000082e-05 4.419576518961961659e-02 1.004251816162868571e-01
7.158347065608235138e-02 4.885604242388937035e-02 1.000000000000000082e-05 6.806981088497847387e-02 4.508731080815484710e-02
8.090524091838066645e-02 8.074910497674786525e-02 1.000000000000000082e-05 5.743058171290599950e-02 1.000000000000000082e-05
6.914539407451468500e-02 7.753993448888389650e-02 1.310921322993445666e-02 3.680281855932011209e-02 1.000000000000000082e-05
3.660870308889978969e-02 4.092052465286290935e-02 9.750581302468615263e-02 2.357049529695640078e-02 1.000000000000000082e-05
1.779808696293139376e-03 5.270850913367841097e-03 1.440966730340017266e-01 1.175421105313227341e-02 1.000000000000000082e-05
1.000000000000000082e-05 1.000000000000000082e-05 1.157512066168640691e-01 4.367626788757466780e-03 1.000000000000000082e-05
1.000000000000000082e-05 1.000000000000000082e-05 7.312931883917332676e-02 1.959907497929826593e-03 3.479156072923095038e-05
9.309221526312426486e-04 1.000000000000000082e-05 3.858820509547429556e-02 1.000000000000000082e-05 2.530697353720866988e-03
1.262259345224868608e-03 1.000000000000000082e-05 1.696468879604489874e-02 1.000000000000000082e-05 2.803242795029262970e-03
1.000000000000000082e-05 1.000000000000000082e-05 2.671520128328703711e-03 1.000000000000000082e-05 8.083460651330194634e-04
0.000000000000000000e+00 -0.000000000000000000e+00 -0.000000000000000000e+00 0.000000000000000000e+00 0.000000000000000000e+00
0.000000000000000000e+00 -0.000000000000000000e+00 -0.000000000000000000e+00 0.000000000000000000e+00 0.000000000000000000e+00
0.000000000000000000e+00 -0.000000000000000000e+00 -0.000000000000000000e+00 0.000000000000000000e+00 0.000000000000000000e+00
0.000000000000000000e+00 -0.000000000000000000e+00 -0.000000000000000000e+00 0.000000000000000000e+00 0.000000000000000000e+00
0.000000000000000000e+00 -0.000000000000000000e+00 -0.000000000000000000e+00 0.000000000000000000e+00 0.000000000000000000e+00
0.000000000000000000e+00 -0.000000000000000000e+00 -0.000000000000000000e+00 0.000000000000000000e+00 0.000000000000000000e+00
1.022161783737266729e-05 1.676190738034533074e-05 1.000000000000000082e-05 7.083904509384549106e-05 4.515770489135839205e-05
1.098997553971045680e-04 1.000000000000000082e-05 1.000000000000000082e-05 1.607070202301184424e-03 2.660360455044411942e-03
5.965888838485331001e-04 1.000000000000000082e-05 2.690598631481257684e-03 2.818660975352777886e-03 2.441401420145167950e-02
1.000000000000000082e-05 1.000000000000000082e-05 4.139664845788634806e-03 1.117216147884505378e-02 8.372797847419631567e-02
1.000000000000000082e-05 1.000000000000000082e-05 1.573785030646263376e-03 4.809595152186321720e-02 1.266205076428977006e-01
1.000000000000000082e-05 1.047329587209940883e-02 1.000000000000000082e-05 9.934952605324300079e-02 1.084281196585603069e-01
1.000000000000000082e-05 6.010270515682822334e-02 1.000000000000000082e-05 1.151438496237924408e-01 4.496700276302947191e-02
3.657815790000434886e-02 8.180168242797025702e-02 1.792392264471838470e-02 6.950753109826574017e-02 1.329308099776204538e-02
1.039614374312580469e-01 4.374978872573672545e-02 3.651040518389336159e-02 2.648491865889672503e-02 3.399848860347203655e-02
1.368444344250576428e-01 1.000000000000000082e-05 2.656374751804825921e-02 2.201760417592702954e-02 7.542450154651249294e-02
1.147814051078408920e-01 1.000000000000000082e-05 3.050573270392349136e-03 5.518819994734483481e-02 9.436611997383557993e-02
7.842480991620731645e-02 1.900993684164130337e-02 1.000000000000000082e-05 8.856434404540047822e-02 7.134208603536164317e-02
7.477653201096214064e-02 5.489843221498350023e-02 1.000000000000000082e-05 8.996373521252229444e-02 1.969518522032035271e-02
8.010175631246191363e-02 7.725405723295905580e-02 1.000000000000000082e-05 6.241454828717499931e-02 1.000000000000000082e-05
6.007170591527027231e-02 6.372739911382264977e-02 6.937689248201069081e-02 3.620802936272822514e-02 1.000000000000000082e-05
2.822179380993999204e-02 3.283621901256943837e-02 1.341202246095115069e-01 1.100417592820465522e-02 1.000000000000000082e-05
1.000000000000000082e-05 4.326482628771578624e-03 1.442596166642818312e-01 1.000000000000000082e-05 1.000000000000000082e-05
1.000000000000000082e-05 1.000000000000000082e-05 1.027153766349982733e-01 1.000000000000000082e-05 1.000000000000000082e-05
1.000000000000000082e-05 1.000000000000000082e-05 6.173122616967932630e-02 1.000000000000000082e-05 2.276322832691588319e-03
1.641970294390947575e-03 1.000000000000000082e-05 3.293644644942366612e-02 1.000000000000000082e-05 3.085087650969344647e-03
1.356588683660502710e-03 1.000000000000000082e-05 1.338932702002065128e-02 1.000000000000000082e-05 2.402419691766836344e-03
2.174314348379638938e-04 1.000000000000000082e-05 2.257084282622291369e-03 1.000000000000000082e-05 5.951222290952088529e-04
4.178028740809283193e-05 1.179561624089201275e-05 2.476233491921737174e-06 1.000000000000000082e-05 1.000000000000000082e-05
0.000000000000000000e+00 -0.000000000000000000e+00 -0.000000000000000000e+00 0.000000000000000000e+00 0.000000000000000000e+00
0.000000000000000000e+00 -0.000000000000000000e+00 -0.000000000000000000e+00 0.000000000000000000e+00 0.000000000000000000e+00
0.000000000000000000e+00 -0.000000000000000000e+00 -0.000000000000000000e+00 0.000000000000000000e+00 0.000000000000000000e+00
0.000000000000000000e+00 -0.000000000000000000e+00 -0.000000000000000000e+00 0.000000000000000000e+00 0.000000000000000000e+00
0.000000000000000000e+00 -0.000000000000000000e+00 -0.000000000000000000e+00 0.000000000000000000e+00 0.000000000000000000e+00
0.000000000000000000e+00 -0.000000000000000000e+00 -0.000000000000000000e+00 0.000000000000000000e+00 0.000000000000000000e+00
1.000000000000000082e-05 1.000000000000000082e-05 3.116096759419273942e-04 5.222834023718215309e-04 1.725082102637428031e-03
1.000000000000000082e-05 1.000000000000000082e-05 1.899503073391423449e-03 8.426329898590396300e-04 2.305863135755687257e-02
1.000000000000000082e-05 1.000000000000000082e-05 1.293521581369757841e-03 5.368042034900531202e-03 7.962196645611691048e-02
1.000000000000000082e-05 1.000000000000000082e-05 1.000000000000000082e-05 3.167485502159981398e-02 1.211717622336909300e-01
1.000000000000000082e-05 1.099030078719364506e-02 1.000000000000000082e-05 7.938183162955660122e-02 1.176756846298209896e-01
1.000000000000000082e-05 4.865803525883822395e-02 1.000000000000000082e-05 1.173152004043208213e-01 7.440904794441985382e-02
4.979114815561751575e-03 7.724261213885826038e-02 3.491442649408079378e-03 1.142489894135323703e-01 4.585473864332435812e-02
6.206423656676211126e-02 6.498545799044375126e-02 1.898379933141740653e-02 9.702792693459716400e-02 4.857059341747124726e-02
1.036929358880916974e-01 4.171302291745658530e-02 2.528262664465206686e-02 9.329922312229768644e-02 6.363207916228949546e-02
1.010439964033576499e-01 3.884022621215637433e-02 1.750056421450551028e-02 1.027850097888807074e-01 5.940208142968075172e-02
8.147498991750941333e-02 6.010010184573780223e-02 1.625837813946963070e-02 1.009921335899149897e-01 2.354423424976636453e-02
7.658836738979971082e-02 7.732615988386072614e-02 3.006512427343418017e-02 7.541465494007176806e-02 1.000000000000000082e-05
6.749738118005199627e-02 7.597366369900923622e-02 7.445871065298005631e-02 3.859613989104749426e-02 1.000000000000000082e-05
4.242506151766174682e-02 5.243181175797885507e-02 1.253934000397714799e-01 1.111231898088678276e-02 1.000000000000000082e-05
1.611359257234819958e-02 2.156908327991504531e-02 1.473211565886107799e-01 1.000000000000000082e-05 1.000000000000000082e-05
1.000000000000000082e-05 2.524196693825103092e-03 1.201910322363738404e-01 1.000000000000000082e-05 1.000000000000000082e-05
1.000000000000000082e-05 1.000000000000000082e-05 7.652061121431046053e-02 1.000000000000000082e-05 1.537323762187178767e-03
1.000000000000000082e-05 1.000000000000000082e-05 4.425357048861393999e-02 1.000000000000000082e-05 3.529142887411838327e-03
1.911625516472575557e-03 1.000000000000000082e-05 2.421723910901693935e-02 1.000000000000000082e-05 2.474471497604577991e-03
9.512781366026165425e-04 1.000000000000000082e-05 7.047062899872585072e-03 1.000000000000000082e-05 1.088624585133832721e-03
4.601789890027915527e-04 1.000000000000000082e-05 1.287167661212053294e-03 1.000000000000000082e-05 3.565737996659605678e-04
7.311550296416236439e-05 2.064232842156104434e-05 4.333408610863067688e-06 1.000000000000000082e-05 1.000000000000000082e-05
0.000000000000000000e+00 -0.000000000000000000e+00 -0.000000000000000000e+00 0.000000000000000000e+00 0.000000000000000000e+00
0.000000000000000000e+00 -0.000000000000000000e+00 -0.000000000000000000e+00 0.000000000000000000e+00 0.000000000000000000e+00
0.000000000000000000e+00 -0.000000000000000000e+00 -0.000000000000000000e+00 0.000000000000000000e+00 0.000000000000000000e+00
0.000000000000000000e+00 -0.000000000000000000e+00 -0.000000000000000000e+00 0.000000000000000000e+00 0.000000000000000000e+00
0.000000000000000000e+00 -0.000000000000000000e+00 -0.000000000000000000e+00 0.000000000000000000e+00 0.000000000000000000e+00
2.619393588895173956e-05 1.000000000000000082e-05 2.654412966309304427e-06 1.000000000000000082e-05 4.024617008019036986e-05
2.595266802545957035e-04 1.000000000000000082e-05 5.017356430792530090e-05 1.000000000000000082e-05 7.777161460569430350e-04
1.517615550250313186e-04 1.000000000000000082e-05 1.000000000000000082e-05 1.000000000000000082e-05 1.472146105054699880e-02
1.000000000000000082e-05 1.000000000000000082e-05 5.316831784410217497e-04 1.000000000000000082e-05 4.858796262297433721e-02
1.000000000000000082e-05 1.000000000000000082e-05 1.000000000000000082e-05 1.279882808026072682e-02 9.176136208635066183e-02
1.000000000000000082e-05 7.105517494010451900e-03 1.000000000000000082e-05 4.622892975963133200e-02 1.129689670379108446e-01
1.000000000000000082e-05 3.682378337464468909e-02 1.000000000000000082e-05 8.218673677406813927e-02 1.050402501229539542e-01
1.000000000000000082e-05 7.224584697213533302e-02 1.000000000000000082e-05 1.053312544582450522e-01 7.974299621030139784e-02
3.460425181791093509e-03 9.759988299266203482e-02 1.000000000000000082e-05 1.065220271478624359e-01 5.691470735836701850e-02
3.826123458355768642e-02 1.048900720886594834e-01 1.200033348494363057e-02 9.793997315947247650e-02 3.798645177940745965e-02
5.593838863787468918e-02 1.049977036820428089e-01 3.750574657791480582e-02 8.140853519851944109e-02 1.150266915114613563e-02
5.854207767798003809e-02 1.061275909621981067e-01 6.111553338692865545e-02 5.052084341043337756e-02 1.000000000000000082e-05
5.907120793668317604e-02 9.106214801948735171e-02 9.419645909671345296e-02 1.618307904868244301e-02 1.000000000000000082e-05
4.679749285138674192e-02 6.727377047899771312e-02 1.210938838539820789e-01 1.000000000000000082e-05 1.000000000000000082e-05
2.403792951455853422e-02 3.438312572950843332e-02 1.334286107746696093e-01 1.000000000000000082e-05 1.000000000000000082e-05
3.627918200050993074e-03 1.078385989410109852e-02 1.134429023931422809e-01 1.000000000000000082e-05 1.000000000000000082e-05
1.000000000000000082e-05 1.000000000000000082e-05 7.817767145756690517e-02 1.000000000000000082e-05 3.629824366578710232e-04
1.000000000000000082e-05 1.000000000000000082e-05 4.565972884605874749e-02 1.000000000000000082e-05 2.661368068897491338e-03
1.791165961563357203e-04 1.000000000000000082e-05 2.710066021146089604e-02 1.000000000000000082e-05 2.670113300907144688e-03
5.612317123658484190e-04 1.000000000000000082e-05 1.118222812071477910e-02 1.000000000000000082e-05 1.673868943352203008e-03
3.697163173954823691e-04 1.000000000000000082e-05 2.913134856856768214e-03 1.000000000000000082e-05 4.124294152610013847e-04
3.383978776133563285e-04 7.195557320596599393e-05 1.354595805153781371e-04 1.000000000000000082e-05 6.569672145740242458e-06
4.961409129711028958e-05 1.400729428605926472e-05 2.940527271657070543e-06 1.000000000000000082e-05 1.000000000000000082e-05
0.000000000000000000e+00 -0.000000000000000000e+00 -0.000000000000000000e+00 0.000000000000000000e+00 0.000000000000000000e+00
0.000000000000000000e+00 -0.000000000000000000e+00 -0.000000000000000000e+00 0.000000000000000000e+00 0.000000000000000000e+00
0.000000000000000000e+00 -0.000000000000000000e+00 -0.000000000000000000e+00 0.000000000000000000e+00 0.000000000000000000e+00
0.000000000000000000e+00 -0.000000000000000000e+00 -0.000000000000000000e+00 0.000000000000000000e+00 0.000000000000000000e+00
0.000000000000000000e+00 -0.000000000000000000e+00 -0.000000000000000000e+00 0.000000000000000000e+00 0.000000000000000000e+00
0.000000000000000000e+00 -0.000000000000000000e+00 -0.000000000000000000e+00 0.000000000000000000e+00 0.000000000000000000e+00
0.000000000000000000e+00 -0.000000000000000000e+00 -0.000000000000000000e+00 0.000000000000000000e+00 0.000000000000000000e+00
4.357073469208630435e-04 1.000000000000000082e-05 1.000000000000000082e-05 1.000000000000000082e-05 5.175424517303964939e-03
1.000000000000000082e-05 1.000000000000000082e-05 1.000000000000000082e-05 1.000000000000000082e-05 1.800170005977382373e-02
1.000000000000000082e-05 1.000000000000000082e-05 1.000000000000000082e-05 1.000000000000000082e-05 4.005245781706495700e-02
1.000000000000000082e-05 4.266857353048783552e-03 1.000000000000000082e-05 6.171902679285422126e-03 6.659664980732736550e-02
1.000000000000000082e-05 2.035773254131014592e-02 1.000000000000000082e-05 2.231938240160084852e-02 7.605867453637953080e-02
1.000000000000000082e-05 4.952642424999865317e-02 1.000000000000000082e-05 3.452869267292062866e-02 6.717707453765611736e-02
1.000000000000000082e-05 8.040233917239116013e-02 1.000000000000000082e-05 3.388379627300515395e-02 4.631939906096903259e-02
1.000000000000000082e-05 1.054878807609857805e-01 1.000000000000000082e-05 1.944692614054165797e-02 1.783556963128528697e-02
1.470429589512733427e-02 1.075429304599565677e-01 2.499604160196940497e-02 1.000000000000000082e-05 9.898698029471781398e-04
3.130896026052629177e-02 9.007956793143884200e-02 5.036131951497768711e-02 1.000000000000000082e-05 1.000000000000000082e-05
3.066723849160066587e-02 5.978430540060663406e-02 7.375565092163174907e-02 1.000000000000000082e-05 1.000000000000000082e-05
1.943811648002400846e-02 3.236360774940553325e-02 7.996720246975991264e-02 1.000000000000000082e-05 1.000000000000000082e-05
3.221531638152134135e-03 1.230625851955577735e-02 6.951826477582088992e-02 1.000000000000000082e-05 1.000000000000000082e-05
1.000000000000000082e-05 2.634356867909696392e-03 4.652331909298432905e-02 1.000000000000000082e-05 4.603132493626951069e-04
1.000000000000000082e-05 1.740143347110441503e-04 2.814497270689312464e-02 1.000000000000000082e-05 1.001199654126044922e-03
1.000000000000000082e-05 1.000000000000000082e-05 1.625211923481340026e-02 1.000000000000000082e-05 1.319560129450894886e-03
1.000000000000000082e-05 1.000000000000000082e-05 7.701923331164003614e-03 1.000000000000000082e-05 1.257045369840840933e-03
1.000000000000000082e-05 1.000000000000000082e-05 2.883349356670832954e-03 1.000000000000000082e-05 8.791936597894951843e-04
1.000000000000000082e-05 1.000000000000000082e-05 2.629886570920798275e-04 6.675945973281396744e-06 1.000000000000000082e-05
0.000000000000000000e+00 -0.000000000000000000e+00 -0.000000000000000000e+00 0.000000000000000000e+00 0.000000000000000000e+00
0.000000000000000000e+00 -0.000000000000000000e+00 -0.000000000000000000e+00 0.000000000000000000e+00 0.000000000000000000e+00
0.000000000000000000e+00 -0.000000000000000000e+00 -0.000000000000000000e+00 0.000000000000000000e+00 0.000000000000000000e+00
0.000000000000000000e+00 -0.000000000000000000e+00 -0.000000000000000000e+00 0.000000000000000000e+00 0.000000000000000000e+00
0.000000000000000000e+00 -0.000000000000000000e+00 -0.000000000000000000e+00 0.000000000000000000e+00 0.000000000000000000e+00
0.000000000000000000e+00 -0.000000000000000000e+00 -0.000000000000000000e+00 0.000000000000000000e+00 0.000000000000000000e+00
0.000000000000000000e+00 -0.000000000000000000e+00 -0.000000000000000000e+00 0.000000000000000000e+00 0.000000000000000000e+00
0.000000000000000000e+00 -0.000000000000000000e+00 -0.000000000000000000e+00 0.000000000000000000e+00 0.000000000000000000e+00
0.000000000000000000e+00 -0.000000000000000000e+00 -0.000000000000000000e+00 0.000000000000000000e+00 0.000000000000000000e+00
8.319991952248906298e-05 1.000000000000000082e-05 1.000000000000000082e-05 1.000000000000000082e-05 3.734071205598042979e-04
4.401895803989968312e-04 1.000000000000000082e-05 1.000000000000000082e-05 1.000000000000000082e-05 1.623658530444407194e-03
1.458000485121791845e-04 1.000000000000000082e-05 3.090523080954186248e-04 1.000000000000000082e-05 2.513531584241990562e-03
1.000000000000000082e-05 8.813846831956665198e-04 3.472197930454629143e-04 1.000000000000000082e-05 5.588677768094667958e-03
1.000000000000000082e-05 1.639039778896453966e-03 1.000000000000000082e-05 1.000000000000000082e-05 8.536388197869646671e-03
1.000000000000000082e-05 4.131574322006948720e-03 1.040207567211786861e-05 1.000000000000000082e-05 1.127949807693961505e-02
1.000000000000000082e-05 7.452371071119045717e-03 2.711606651187849172e-04 1.000000000000000082e-05 1.082665917727443708e-02
2.888788311455931673e-04 9.226381793713758425e-03 1.060419512560972777e-03 1.000000000000000082e-05 9.571400875270504385e-03
4.540486245927502149e-03 9.020374798369094199e-03 2.861072785483091425e-03 1.000000000000000082e-05 5.930238090163897184e-03
5.967588219908968872e-03 9.832024708262963875e-03 4.164302658278315472e-03 1.000000000000000082e-05 1.695322110945551549e-03
4.396600051532964168e-03 6.541035508494264655e-03 5.037312029509468173e-03 1.000000000000000082e-05 2.588549302460152403e-04
4.361265085567788552e-03 3.212349920686768338e-03 6.175702118374652022e-03 1.000000000000000082e-05 6.773035880651250007e-04
3.300786933135771341e-03 9.507058358835121861e-04 6.188832402464179185e-03 1.000000000000000082e-05 6.864700279748523664e-04
1.598423709891928519e-03 3.594273297660501324e-04 5.110420681654549713e-03 1.000000000000000082e-05 1.695059682797158990e-04
8.635440377998374224e-04 5.207616788507078622e-04 2.573773755117828629e-03 1.000000000000000082e-05 1.000000000000000082e-05
7.086749052580363500e-04 1.000000000000000082e-05 1.208474730839500426e-03 1.000000000000000082e-05 1.000000000000000082e-05
4.310698914785366233e-05 1.000000000000000082e-05 8.973788756274667198e-05 1.000000000000000082e-05 1.762566063304149519e-06
0.000000000000000000e+00 -0.000000000000000000e+00 -0.000000000000000000e+00 0.000000000000000000e+00 0.000000000000000000e+00
0.000000000000000000e+00 -0.000000000000000000e+00 -0.000000000000000000e+00 0.000000000000000000e+00 0.000000000000000000e+00
0.000000000000000000e+00 -0.000000000000000000e+00 -0.000000000000000000e+00 0.000000000000000000e+00 0.000000000000000000e+00
0.000000000000000000e+00 -0.000000000000000000e+00 -0.000000000000000000e+00 0.000000000000000000e+00 0.000000000000000000e+00
0.000000000000000000e+00 -0.000000000000000000e+00 -0.000000000000000000e+00 0.000000000000000000e+00 0.000000000000000000e+00
0.000000000000000000e+00 -0.000000000000000000e+00 -0.000000000000000000e+00 0.000000000000000000e+00 0.000000000000000000e+00
0.000000000000000000e+00 -0.000000000000000000e+00 -0.000000000000000000e+00 0.000000000000000000e+00 0.000000000000000000e+00
0.000000000000000000e+00 -0.000000000000000000e+00 -0.000000000000000000e+00 0.000000000000000000e+00 0.000000000000000000e+00
0.000000000000000000e+00 -0.000000000000000000e+00 -0.000000000000000000e+00 0.000000000000000000e+00 0.000000000000000000e+00
0.000000000000000000e+00 -0.000000000000000000e+00 -0.000000000000000000e+00 0.000000000000000000e+00 0.000000000000000000e+00
0.000000000000000000e+00 -0.000000000000000000e+00 -0.000000000000000000e+00 0.000000000000000000e+00 0.000000000000000000e+00
0.000000000000000000e+00 -0.000000000000000000e+00 -0.000000000000000000e+00 0.000000000000000000e+00 0.000000000000000000e+00
0.000000000000000000e+00 -0.000000000000000000e+00 -0.000000000000000000e+00 0.000000000000000000e+00 0.000000000000000000e+00
0.000000000000000000e+00 -0.000000000000000000e+00 -0.000000000000000000e+00 0.000000000000000000e+00 0.000000000000000000e+00
0.000000000000000000e+00 -0.000000000000000000e+00 -0.000000000000000000e+00 0.000000000000000000e+00 0.000000000000000000e+00
0.000000000000000000e+00 -0.000000000000000000e+00 -0.000000000000000000e+00 0.000000000000000000e+00 0.000000000000000000e+00
0.000000000000000000e+00 -0.000000000000000000e+00 -0.000000000000000000e+00 0.000000000000000000e+00 0.000000000000000000e+00
0.000000000000000000e+00 -0.000000000000000000e+00 -0.000000000000000000e+00 0.000000000000000000e+00 0.000000000000000000e+00
0.000000000000000000e+00 -0.000000000000000000e+00 -0.000000000000000000e+00 0.000000000000000000e+00 0.000000000000000000e+00
0.000000000000000000e+00 -0.000000000000000000e+00 -0.000000000000000000e+00 0.000000000000000000e+00 0.000000000000000000e+00
0.000000000000000000e+00 -0.000000000000000000e+00 -0.000000000000000000e+00 0.000000000000000000e+00 0.000000000000000000e+00
0.000000000000000000e+00 -0.000000000000000000e+00 -0.000000000000000000e+00 0.000000000000000000e+00 0.000000000000000000e+00
0.000000000000000000e+00 -0.000000000000000000e+00 -0.000000000000000000e+00 0.000000000000000000e+00 0.000000000000000000e+00
0.000000000000000000e+00 -0.000000000000000000e+00 -0.000000000000000000e+00 0.000000000000000000e+00 0.000000000000000000e+00
0.000000000000000000e+00 -0.000000000000000000e+00 -0.000000000000000000e+00 0.000000000000000000e+00 0.000000000000000000e+00
0.000000000000000000e+00 -0.000000000000000000e+00 -0.000000000000000000e+00 0.000000000000000000e+00 0.000000000000000000e+00
0.000000000000000000e+00 -0.000000000000000000e+00 -0.000000000000000000e+00 0.000000000000000000e+00 0.000000000000000000e+00
6.772268895963073280e-05 5.201311597948621105e-06 1.000000000000000082e-05 1.000000000000000082e-05 1.000000000000000082e-05
1.128711482660511400e-04 8.668852663247695348e-06 1.000000000000000082e-05 1.000000000000000082e-05 1.000000000000000082e-05
9.029691861284088220e-05 6.935082130598154415e-06 1.000000000000000082e-05 1.000000000000000082e-05 1.000000000000000082e-05
0.000000000000000000e+00 -0.000000000000000000e+00 -0.000000000000000000e+00 0.000000000000000000e+00 0.000000000000000000e+00
0.000000000000000000e+00 -0.000000000000000000e+00 -0.000000000000000000e+00 0.000000000000000000e+00 0.000000000000000000e+00
0.000000000000000000e+00 -0.000000000000000000e+00 -0.000000000000000000e+00 0.000000000000000000e+00 0.000000000000000000e+00
0.000000000000000000e+00 -0.000000000000000000e+00 -0.000000000000000000e+00 0.000000000000000000e+00 0.000000000000000000e+00
0.000000000000000000e+00 -0.000000000000000000e+00 -0.000000000000000000e+00 0.000000000000000000e+00 0.000000000000000000e+00
0.000000000000000000e+00 -0.000000000000000000e+00 -0.000000000000000000e+00 0.000000000000000000e+00 0.000000000000000000e+00
0.000000000000000000e+00 -0.000000000000000000e+00 -0.000000000000000000e+00 0.000000000000000000e+00 0.000000000000000000e+00
0.000000000000000000e+00 -0.000000000000000000e+00 -0.000000000000000000e+00 0.000000000000000000e+00 0.000000000000000000e+00
0.000000000000000000e+00 -0.000000000000000000e+00 -0.000000000000000000e+00 0.000000000000000000e+00 0.000000000000000000e+00
0.000000000000000000e+00 -0.000000000000000000e+00 -0.000000000000000000e+00 0.000000000000000000e+00 0.000000000000000000e+00
0.000000000000000000e+00 -0.000000000000000000e+00 -0.000000000000000000e+00 0.000000000000000000e+00 0.000000000000000000e+00
0.000000000000000000e+00 -0.000000000000000000e+00 -0.000000000000000000e+00 0.000000000000000000e+00 0.000000000000000000e+00
0.000000000000000000e+00 -0.000000000000000000e+00 -0.000000000000000000e+00 0.000000000000000000e+00 0.000000000000000000e+00
0.000000000000000000e+00 -0.000000000000000000e+00 -0.000000000000000000e+00 0.000000000000000000e+00 0.000000000000000000e+00
0.000000000000000000e+00 -0.000000000000000000e+00 -0.000000000000000000e+00 0.000000000000000000e+00 0.000000000000000000e+00
0.000000000000000000e+00 -0.000000000000000000e+00 -0.000000000000000000e+00 0.000000000000000000e+00 0.000000000000000000e+00
0.000000000000000000e+00 -0.000000000000000000e+00 -0.000000000000000000e+00 0.000000000000000000e+00 0.000000000000000000e+00
0.000000000000000000e+00 -0.000000000000000000e+00 -0.000000000000000000e+00 0.000000000000000000e+00 0.000000000000000000e+00
0.000000000000000000e+00 -0.000000000000000000e+00 -0.000000000000000000e+00 0.000000000000000000e+00 0.000000000000000000e+00
0.000000000000000000e+00 -0.000000000000000000e+00 -0.000000000000000000e+00 0.000000000000000000e+00 0.000000000000000000e+00
0.000000000000000000e+00 -0.000000000000000000e+00 -0.000000000000000000e+00 0.000000000000000000e+00 0.000000000000000000e+00
0.000000000000000000e+00 -0.000000000000000000e+00 -0.000000000000000000e+00 0.000000000000000000e+00 0.000000000000000000e+00
0.000000000000000000e+00 -0.000000000000000000e+00 -0.000000000000000000e+00 0.000000000000000000e+00 0.000000000000000000e+00
0.000000000000000000e+00 -0.000000000000000000e+00 -0.000000000000000000e+00 0.000000000000000000e+00 0.000000000000000000e+00
0.000000000000000000e+00 -0.000000000000000000e+00 -0.000000000000000000e+00 0.000000000000000000e+00 0.000000000000000000e+00
0.000000000000000000e+00 -0.000000000000000000e+00 -0.000000000000000000e+00 0.000000000000000000e+00 0.000000000000000000e+00
0.000000000000000000e+00 -0.000000000000000000e+00 -0.000000000000000000e+00 0.000000000000000000e+00 0.000000000000000000e+00
0.000000000000000000e+00 -0.000000000000000000e+00 -0.000000000000000000e+00 0.000000000000000000e+00 0.000000000000000000e+00
0.000000000000000000e+00 -0.000000000000000000e+00 -0.000000000000000000e+00 0.000000000000000000e+00 0.000000000000000000e+00
0.000000000000000000e+00 -0.000000000000000000e+00 -0.000000000000000000e+00 0.000000000000000000e+00 0.000000000000000000e+00
0.000000000000000000e+00 -0.000000000000000000e+00 -0.000000000000000000e+00 0.000000000000000000e+00 0.000000000000000000e+00
0.000000000000000000e+00 -0.000000000000000000e+00 -0.000000000000000000e+00 0.000000000000000000e+00 0.000000000000000000e+00
