0.000000000000000000e+00 0.000000000000000000e+00 -0.000000000000000000e+00 0.000000000000000000e+00 -0.000000000000000000e+00
0.000000000000000000e+00 0.000000000000000000e+00 -0.000000000000000000e+00 0.000000000000000000e+00 -0.000000000000000000e+00
0.000000000000000000e+00 0.000000000000000000e+00 0.000000000000000000e+00 0.000000000000000000e+00 -0.000000000000000000e+00
0.000000000000000000e+00 0.000000000000000000e+00 0.000000000000000000e+00 -0.000000000000000000e+00 -0.000000000000000000e+00
0.000000000000000000e+00 0.000000000000000000e+00 0.000000000000000000e+00 -0.000000000000000000e+00 0.000000000000000000e+00
0.000000000000000000e+00 0.000000000000000000e+00 0.000000000000000000e+00 -0.000000000000000000e+00 0.000000000000000000e+00
0.000000000000000000e+00 0.000000000000000000e+00 0.000000000000000000e+00 -0.000000000000000000e+00 0.000000000000000000e+00
0.000000000000000000e+00 0.000000000000000000e+00 0.000000000000000000e+00 -0.000000000000000000e+00 0.000000000000000000e+00
0.000000000000000000e+00 0.000000000000000000e+00 0.000000000000000000e+00 -0.000000000000000000e+00 0.000000000000000000e+00
0.000000000000000000e+00 0.000000000000000000e+00 0.000000000000000000e+00 -0.000000000000000000e+00 0.000000000000000000e+00
0.000000000000000000e+00 0.000000000000000000e+00 0.000000000000000000e+00 -0.000000000000000000e+00 0.000000000000000000e+00
0.000000000000000000e+00 0.000000000000000000e+00 0.000000000000000000e+00 -0.000000000000000000e+00 0.000000000000000000e+00
0.000000000000000000e+00 0.000000000000000000e+00 0.000000000000000000e+00 -0.000000000000000000e+00 0.000000000000000000e+00
0.000000000000000000e+00 0.000000000000000000e+00 0.000000000000000000e+00 -0.000000000000000000e+00 0.000000000000000000e+00
0.000000000000000000e+00 0.000000000000000000e+00 0.000000000000000000e+00 -0.000000000000000000e+00 0.000000000000000000e+00
0.000000000000000000e+00 0.000000000000000000e+00 0.000000000000000000e+00 -0.000000000000000000e+00 0.000000000000000000e+00
0.000000000000000000e+00 0.000000000000000000e+00 0.000000000000000000e+00 -0.000000000000000000e+00 0.000000000000000000e+00
0.000000000000000000e+00 0.000000000000000000e+00 0.000000000000000000e+00 -0.000000000000000000e+00 0.000000000000000000e+00
0.000000000000000000e+00 0.000000000000000000e+00 0.000000000000000000e+00 -0.000000000000000000e+00 0.000000000000000000e+00
0.000000000000000000e+00 0.000000000000000000e+00 0.000000000000000000e+00 -0.000000000000000000e+00 0.000000000000000000e+00
0.000000000000000000e+00 0.000000000000000000e+00 0.000000000000000000e+00 -0.000000000000000000e+00 0.000000000000000000e+00
0.000000000000000000e+00 0.000000000000000000e+00 0.000000000000000000e+00 -0.000000000000000000e+00 0.000000000000000000e+00
0.000000000000000000e+00 0.000000000000000000e+00 0.000000000000000000e+00 -0.000000000000000000e+00 0.000000000000000000e+00
0.000000000000000000e+00 0.000000000000000000e+00 0.000000000000000000e+00 -0.000000000000000000e+00 0.000000000000000000e+00
0.000000000000000000e+00 0.000000000000000000e+00 0.000000000000000000e+00 -0.000000000000000000e+00 0.000000000000000000e+00
0.000000000000000000e+00 0.000000000000000000e+00 0.000000000000000000e+00 -0.000000000000000000e+00 0.000000000000000000e+00
0.000000000000000000e+00 0.000000000000000000e+00 0.000000000000000000e+00 -0.000000000000000000e+00 0.000000000000000000e+00
0.000000000000000000e+00 0.000000000000000000e+00 0.000000000000000000e+00 -0.000000000000000000e+00 0.000000000000000000e+00
0.000000000000000000e+00 0.000000000000000000e+00 0.000000000000000000e+00 -0.000000000000000000e+00 0.000000000000000000e+00
0.000000000000000000e+00 0.000000000000000000e+00 0.000000000000000000e+00 -0.000000000000000000e+00 0.000000000000000000e+00
0.000000000000000000e+00 0.000000000000000000e+00 0.000000000000000000e+00 -0.000000000000000000e+00 0.000000000000000000e+00
0.000000000000000000e+00 0.000000000000000000e+00 0.000000000000000000e+00 -0.000000000000000000e+00 0.000000000000000000e+00
0.000000000000000000e+00 0.000000000000000000e+00 0.000000000000000000e+00 -0.000000000000000000e+00 0.000000000000000000e+00
0.000000000000000000e+00 0.000000000000000000e+00 0.000000000000000000e+00 -0.000000000000000000e+00 0.000000000000000000e+00
0.000000000000000000e+00 0.000000000000000000e+00 0.000000000000000000e+00 -0.000000000000000000e+00 0.000000000000000000e+00
0.000000000000000000e+00 0.000000000000000000e+00 0.000000000000000000e+00 -0.000000000000000000e+00 0.000000000000000000e+00
0.000000000000000000e+00 0.000000000000000000e+00 0.000000000000000000e+00 -0.000000000000000000e+00 0.000000000000000000e+00
0.000000000000000000e+00 0.000000000000000000e+00 0.000000000000000000e+00 -0.000000000000000000e+00 0.000000000000000000e+00
0.000000000000000000e+00 0.000000000000000000e+00 0.000000000000000000e+00 -0.000000000000000000e+00 0.000000000000000000e+00
0.000000000000000000e+00 0.000000000000000000e+00 0.000000000000000000e+00 -0.000000000000000000e+00 0.000000000000000000e+00
0.000000000000000000e+00 0.000000000000000000e+00 0.000000000000000000e+00 -0.000000000000000000e+00 0.000000000000000000e+00
0.000000000000000000e+00 0.000000000000000000e+00 0.000000000000000000e+00 -0.000000000000000000e+00 0.000000000000000000e+00
0.000000000000000000e+00 0.000000000000000000e+00 0.000000000000000000e+00 -0.000000000000000000e+00 0.000000000000000000e+00
0.000000000000000000e+00 0.000000000000000000e+00 0.000000000000000000e+00 -0.000000000000000000e+00 0.000000000000000000e+00
0.000000000000000000e+00 0.000000000000000000e+00 0.000000000000000000e+00 -0.000000000000000000e+00 0.000000000000000000e+00
0.000000000000000000e+00 0.000000000000000000e+00 0.000000000000000000e+00 -0.000000000000000000e+00 0.000000000000000000e+00
0.000000000000000000e+00 0.000000000000000000e+00 0.000000000000000000e+00 -0.000000000000000000e+00 0.000000000000000000e+00
0.000000000000000000e+00 0.000000000000000000e+00 0.000000000000000000e+00 -0.000000000000000000e+00 0.000000000000000000e+00
0.000000000000000000e+00 0.000000000000000000e+00 0.000000000000000000e+00 -0.000000000000000000e+00 0.000000000000000000e+00
0.000000000000000000e+00 0.000000000000000000e+00 0.000000000000000000e+00 -0.000000000000000000e+00 0.000000000000000000e+00
0.000000000000000000e+00 0.000000000000000000e+00 0.000000000000000000e+00 -0.000000000000000000e+00 0.000000000000000000e+00
0.000000000000000000e+00 0.000000000000000000e+00 0.000000000000000000e+00 -0.000000000000000000e+00 0.000000000000000000e+00
0.000000000000000000e+00 0.000000000000000000e+00 0.000000000000000000e+00 -0.000000000000000000e+00 0.000000000000000000e+00
0.000000000000000000e+00 0.000000000000000000e+00 0.000000000000000000e+00 -0.000000000000000000e+00 0.000000000000000000e+00
0.000000000000000000e+00 0.000000000000000000e+00 0.000000000000000000e+00 -0.000000000000000000e+00 0.000000000000000000e+00
0.000000000000000000e+00 0.000000000000000000e+00 0.000000000000000000e+00 -0.000000000000000000e+00 0.000000000000000000e+00
0.000000000000000000e+00 0.000000000000000000e+00 0.000000000000000000e+00 -0.000000000000000000e+00 0.000000000000000000e+00
0.000000000000000000e+00 0.000000000000000000e+00 0.000000000000000000e+00 -0.000000000000000000e+00 0.000000000000000000e+00
0.000000000000000000e+00 0.000000000000000000e+00 0.000000000000000000e+00 -0.000000000000000000e+00 0.000000000000000000e+00
0.000000000000000000e+00 0.000000000000000000e+00 0.000000000000000000e+00 -0.000000000000000000e+00 0.000000000000000000e+00
0.000000000000000000e+00 0.000000000000000000e+00 0.000000000000000000e+00 -0.000000000000000000e+00 0.000000000000000000e+00
0.000000000000000000e+00 0.000000000000000000e+00 0.000000000000000000e+00 -0.000000000000000000e+00 0.000000000000000000e+00
0.000000000000000000e+00 0.000000000000000000e+00 0.000000000000000000e+00 -0.000000000000000000e+00 0.000000000000000000e+00
0.000000000000000000e+00 0.000000000000000000e+00 0.000000000000000000e+00 -0.000000000000000000e+00 0.000000000000000000e+00
0.000000000000000000e+00 0.000000000000000000e+00 0.000000000000000000e+00 -0.000000000000000000e+00 0.000000000000000000e+00
0.000000000000000000e+00 0.000000000000000000e+00 0.000000000000000000e+00 -0.000000000000000000e+00 0.000000000000000000e+00
0.000000000000000000e+00 0.000000000000000000e+00 0.000000000000000000e+00 -0.000000000000000000e+00 0.000000000000000000e+00
0.000000000000000000e+00 0.000000000000000000e+00 0.000000000000000000e+00 -0.000000000000000000e+00 0.000000000000000000e+00
0.000000000000000000e+00 0.000000000000000000e+00 0.000000000000000000e+00 -0.000000000000000000e+00 0.000000000000000000e+00
0.000000000000000000e+00 0.000000000000000000e+00 0.000000000000000000e+00 -0.000000000000000000e+00 0.000000000000000000e+00
0.000000000000000000e+00 0.000000000000000000e+00 0.000000000000000000e+00 -0.000000000000000000e+00 0.000000000000000000e+00
0.000000000000000000e+00 0.000000000000000000e+00 0.000000000000000000e+00 -0.000000000000000000e+00 0.000000000000000000e+00
0.000000000000000000e+00 0.000000000000000000e+00 0.000000000000000000e+00 -0.000000000000000000e+00 0.000000000000000000e+00
0.000000000000000000e+00 0.000000000000000000e+00 0.000000000000000000e+00 -0.000000000000000000e+00 0.000000000000000000e+00
0.000000000000000000e+00 0.000000000000000000e+00 0.000000000000000000e+00 -0.000000000000000000e+00 0.000000000000000000e+00
0.000000000000000000e+00 0.000000000000000000e+00 0.000000000000000000e+00 -0.000000000000000000e+00 0.000000000000000000e+00
0.000000000000000000e+00 0.000000000000000000e+00 0.000000000000000000e+00 -0.000000000000000000e+00 0.000000000000000000e+00
0.000000000000000000e+00 0.000000000000000000e+00 0.000000000000000000e+00 -0.000000000000000000e+00 0.000000000000000000e+00
0.000000000000000000e+00 0.000000000000000000e+00 0.000000000000000000e+00 -0.000000000000000000e+00 0.000000000000000000e+00
0.000000000000000000e+00 0.000000000000000000e+00 0.000000000000000000e+00 -0.000000000000000000e+00 0.000000000000000000e+00
0.000000000000000000e+00 0.000000000000000000e+00 0.000000000000000000e+00 -0.000000000000000000e+00 0.000000000000000000e+00
0.000000000000000000e+00 0.000000000000000000e+00 0.000000000000000000e+00 -0.000000000000000000e+00 0.000000000000000000e+00
0.000000000000000000e+00 0.000000000000000000e+00 0.000000000000000000e+00 -0.000000000000000000e+00 0.000000000000000000e+00
0.000000000000000000e+00 0.000000000000000000e+00 0.000000000000000000e+00 -0.000000000000000000e+00 0.000000000000000000e+00
0.000000000000000000e+00 0.000000000000000000e+00 0.000000000000000000e+00 -0.000000000000000000e+00 0.000000000000000000e+00
0.000000000000000000e+00 0.000000000000000000e+00 0.000000000000000000e+00 -0.000000000000000000e+00 0.000000000000000000e+00
0.000000000000000000e+00 0.000000000000000000e+00 0.000000000000000000e+00 -0.000000000000000000e+00 0.000000000000000000e+00
0.000000000000000000e+00 0.000000000000000000e+00 0.000000000000000000e+00 -0.000000000000000000e+00 0.000000000000000000e+00
0.000000000000000000e+00 0.000000000000000000e+00 0.000000000000000000e+00 -0.000000000000000000e+00 0.000000000000000000e+00
0.000000000000000000e+00 0.000000000000000000e+00 0.000000000000000000e+00 -0.000000000000000000e+00 0.000000000000000000e+00
0.000000000000000000e+00 0.000000000000000000e+00 0.000000000000000000e+00 -0.000000000000000000e+00 0.000000000000000000e+00
0.000000000000000000e+00 0.000000000000000000e+00 0.000000000000000000e+00 -0.000000000000000000e+00 0.000000000000000000e+00
0.000000000000000000e+00 0.000000000000000000e+00 0.000000000000000000e+00 -0.000000000000000000e+00 0.000000000000000000e+00
0.000000000000000000e+00 0.000000000000000000e+00 0.000000000000000000e+00 -0.000000000000000000e+00 0.000000000000000000e+00
0.000000000000000000e+00 0.000000000000000000e+00 0.000000000000000000e+00 -0.000000000000000000e+00 0.000000000000000000e+00
0.000000000000000000e+00 0.000000000000000000e+00 0.000000000000000000e+00 -0.000000000000000000e+00 0.000000000000000000e+00
0.000000000000000000e+00 0.000000000000000000e+00 0.000000000000000000e+00 -0.000000000000000000e+00 0.000000000000000000e+00
0.000000000000000000e+00 0.000000000000000000e+00 0.000000000000000000e+00 -0.000000000000000000e+00 0.000000000000000000e+00
0.000000000000000000e+00 0.000000000000000000e+00 0.000000000000000000e+00 -0.000000000000000000e+00 0.000000000000000000e+00
0.000000000000000000e+00 0.000000000000000000e+00 0.000000000000000000e+00 -0.000000000000000000e+00 0.000000000000000000e+00
0.000000000000000000e+00 0.000000000000000000e+00 0.000000000000000000e+00 -0.000000000000000000e+00 0.000000000000000000e+00
0.000000000000000000e+00 0.000000000000000000e+00 0.000000000000000000e+00 -0.000000000000000000e+00 0.000000000000000000e+00
0.000000000000000000e+00 0.000000000000000000e+00 0.000000000000000000e+00 -0.000000000000000000e+00 0.000000000000000000e+00
0.000000000000000000e+00 0.000000000000000000e+00 0.000000000000000000e+00 -0.000000000000000000e+00 0.000000000000000000e+00
0.000000000000000000e+00 0.000000000000000000e+00 0.000000000000000000e+00 -0.000000000000000000e+00 0.000000000000000000e+00
0.000000000000000000e+00 0.000000000000000000e+00 0.000000000000000000e+00 -0.000000000000000000e+00 0.000000000000000000e+00
0.000000000000000000e+00 0.000000000000000000e+00 0.000000000000000000e+00 -0.000000000000000000e+00 0.000000000000000000e+00
0.000000000000000000e+00 0.000000000000000000e+00 0.000000000000000000e+00 -0.000000000000000000e+00 0.000000000000000000e+00
0.000000000000000000e+00 0.000000000000000000e+00 0.000000000000000000e+00 -0.000000000000000000e+00 0.000000000000000000e+00
0.000000000000000000e+00 0.000000000000000000e+00 0.000000000000000000e+00 -0.000000000000000000e+00 0.000000000000000000e+00
0.000000000000000000e+00 0.000000000000000000e+00 0.000000000000000000e+00 -0.000000000000000000e+00 0.000000000000000000e+00
0.000000000000000000e+00 0.000000000000000000e+00 0.000000000000000000e+00 -0.000000000000000000e+00 0.000000000000000000e+00
0.000000000000000000e+00 0.000000000000000000e+00 0.000000000000000000e+00 -0.000000000000000000e+00 0.000000000000000000e+00
0.000000000000000000e+00 0.000000000000000000e+00 0.000000000000000000e+00 -0.000000000000000000e+00 0.000000000000000000e+00
0.000000000000000000e+00 0.000000000000000000e+00 0.000000000000000000e+00 -0.000000000000000000e+00 0.000000000000000000e+00
0.000000000000000000e+00 0.000000000000000000e+00 0.000000000000000000e+00 -0.000000000000000000e+00 0.000000000000000000e+00
0.000000000000000000e+00 0.000000000000000000e+00 0.000000000000000000e+00 -0.000000000000000000e+00 0.000000000000000000e+00
0.000000000000000000e+00 0.000000000000000000e+00 0.000000000000000000e+00 -0.000000000000000000e+00 0.000000000000000000e+00
0.000000000000000000e+00 0.000000000000000000e+00 0.000000000000000000e+00 -0.000000000000000000e+00 0.000000000000000000e+00
0.000000000000000000e+00 0.000000000000000000e+00 0.000000000000000000e+00 -0.000000000000000000e+00 0.000000000000000000e+00
0.000000000000000000e+00 0.000000000000000000e+00 0.000000000000000000e+00 -0.000000000000000000e+00 0.000000000000000000e+00
0.000000000000000000e+00 0.000000000000000000e+00 0.000000000000000000e+00 -0.000000000000000000e+00 0.000000000000000000e+00
0.000000000000000000e+00 0.000000000000000000e+00 0.000000000000000000e+00 -0.000000000000000000e+00 0.000000000000000000e+00
5.945057126581707041e-03 1.000000000000000082e-05 1.000000000000000082e-05 1.000000000000000082e-05 1.000000000000000082e-05
1.295691094094840110e-02 1.000000000000000082e-05 2.301426701281397615e-03 1.000000000000000082e-05 1.335854091448721731e-04
4.462142957778857111e-02 1.000000000000000082e-05 3.142620363753923299e-03 1.000000000000000082e-05 1.000000000000000082e-05
8.199855488040559692e-02 1.000000000000000082e-05 7.862431452537371745e-03 1.000000000000000082e-05 1.000000000000000082e-05
9.878690452334343286e-02 1.000000000000000082e-05 2.140307331192993143e-02 1.000000000000000082e-05 1.169709463681468335e-03
9.457333014660625203e-02 1.000000000000000082e-05 3.574194817975671901e-02 1.000000000000000082e-05 1.000000000000000082e-05
6.227386507391305392e-02 1.000000000000000082e-05 3.608350498249857791e-02 1.000000000000000082e-05 1.350871681409398270e-04
3.089477461201906375e-02 1.000000000000000082e-05 3.254462039868627476e-02 1.000000000000000082e-05 5.398328633466919525e-03
8.196257195814175833e-03 1.000000000000000082e-05 2.960402403834274526e-02 1.000000000000000082e-05 9.929188434551415934e-03
1.000000000000000082e-05 1.000000000000000082e-05 2.465789009242897595e-02 1.000000000000000082e-05 1.089620845259666251e-02
1.000000000000000082e-05 2.017030927121681028e-03 2.664390779444245246e-03 1.000000000000000082e-05 1.327813673835189293e-02
1.000000000000000082e-05 1.721008023508918553e-03 1.000000000000000082e-05 2.692087147983567800e-03 9.934781936319744128e-03
1.000000000000000082e-05 3.670353369080892048e-03 6.553411728449139856e-04 1.000000000000000082e-05 5.325708288922388796e-03
1.000000000000000082e-05 2.616609706385421286e-03 8.273083404272457610e-04 1.000000000000000082e-05 2.040133000810085036e-03
0.000000000000000000e+00 0.000000000000000000e+00 0.000000000000000000e+00 -0.000000000000000000e+00 0.000000000000000000e+00
0.000000000000000000e+00 0.000000000000000000e+00 0.000000000000000000e+00 -0.000000000000000000e+00 0.000000000000000000e+00
0.000000000000000000e+00 0.000000000000000000e+00 0.000000000000000000e+00 -0.000000000000000000e+00 0.000000000000000000e+00
0.000000000000000000e+00 0.000000000000000000e+00 0.000000000000000000e+00 -0.000000000000000000e+00 0.000000000000000000e+00
0.000000000000000000e+00 0.000000000000000000e+00 0.000000000000000000e+00 -0.000000000000000000e+00 0.000000000000000000e+00
0.000000000000000000e+00 0.000000000000000000e+00 0.000000000000000000e+00 -0.000000000000000000e+00 0.000000000000000000e+00
0.000000000000000000e+00 0.000000000000000000e+00 0.000000000000000000e+00 -0.000000000000000000e+00 0.000000000000000000e+00
0.000000000000000000e+00 0.000000000000000000e+00 0.000000000000000000e+00 -0.000000000000000000e+00 0.000000000000000000e+00
0.000000000000000000e+00 0.000000000000000000e+00 0.000000000000000000e+00 -0.000000000000000000e+00 0.000000000000000000e+00
0.000000000000000000e+00 0.000000000000000000e+00 0.000000000000000000e+00 -0.000000000000000000e+00 0.000000000000000000e+00
0.000000000000000000e+00 0.000000000000000000e+00 0.000000000000000000e+00 -0.000000000000000000e+00 0.000000000000000000e+00
6.806326324396854994e-04 4.584750371703690680e-04 1.000000000000000082e-05 1.000000000000000082e-05 5.133835696495871995e-05
3.249578700506615316e-03 1.356085767750004993e-03 1.000000000000000082e-05 3.318951727632483886e-04 1.214043874466578512e-04
1.911899526452663298e-02 2.845451937079732530e-03 1.000000000000000082e-05 3.925280531180973297e-04 1.000000000000000082e-05
7.173981700063636335e-02 2.448583479317354306e-04 1.000000000000000082e-05 1.270512265116450178e-02 1.000000000000000082e-05
1.167725495919540862e-01 3.927521088090735017e-03 1.734413490385930401e-03 1.435826302328721549e-02 1.000000000000000082e-05
1.594563740481558245e-01 1.235979224500406183e-02 2.414365757881531752e-02 1.000000000000000082e-05 1.000000000000000082e-05
1.789123110143526763e-01 2.357751966063350094e-02 6.088024348747810011e-02 1.000000000000000082e-05 6.824909463924499825e-04
1.618910867927179087e-01 2.623223075251312694e-02 8.368485645497118763e-02 1.000000000000000082e-05 7.742195913746963837e-03
1.427822347958055405e-01 1.060710178123499062e-02 9.560444469667461753e-02 1.000000000000000082e-05 3.209816678829752884e-02
1.180586995977533082e-01 1.000000000000000082e-05 9.956892126099563256e-02 1.000000000000000082e-05 5.433478686087517273e-02
8.532315623653984049e-02 1.000000000000000082e-05 8.626218983933862938e-02 1.000000000000000082e-05 7.032677329479684880e-02
5.786727904101987563e-02 1.000000000000000082e-05 6.837892317948882082e-02 1.000000000000000082e-05 7.240264736382123756e-02
2.063413550086109702e-02 1.000000000000000082e-05 5.094509328845320956e-02 1.000000000000000082e-05 6.583612950981271306e-02
4.925894276213051669e-03 1.000000000000000082e-05 2.389972735376095711e-02 1.000000000000000082e-05 4.772407689376832740e-02
1.000000000000000082e-05 6.138267931012344678e-03 1.266316655670109972e-03 1.114078519984542694e-02 2.192264643552615383e-02
1.000000000000000082e-05 9.801391355574633549e-03 1.000000000000000082e-05 1.694750760270656922e-02 6.690785272663715699e-03
1.000000000000000082e-05 1.364948138017006186e-03 1.163968322919107720e-03 6.406014228497665039e-03 2.941254974244476676e-04
1.000000000000000082e-05 1.000000000000000082e-05 1.000000000000000082e-05 5.487674322709566212e-03 2.866020656509847618e-04
1.000000000000000082e-05 1.000000000000000082e-05 1.000000000000000082e-05 3.879218055708485383e-03 2.025980119256960948e-04
0.000000000000000000e+00 0.000000000000000000e+00 0.000000000000000000e+00 -0.000000000000000000e+00 0.000000000000000000e+00
0.000000000000000000e+00 0.000000000000000000e+00 0.000000000000000000e+00 -0.000000000000000000e+00 0.000000000000000000e+00
0.000000000000000000e+00 0.000000000000000000e+00 0.000000000000000000e+00 -0.000000000000000000e+00 0.000000000000000000e+00
0.000000000000000000e+00 0.000000000000000000e+00 0.000000000000000000e+00 -0.000000000000000000e+00 0.000000000000000000e+00
0.000000000000000000e+00 0.000000000000000000e+00 0.000000000000000000e+00 -0.000000000000000000e+00 0.000000000000000000e+00
1.000000000000000082e-05 3.419205949343020242e-05 1.000000000000000082e-05 2.771628942763474865e-04 1.361233117979508429e-03
1.000000000000000082e-05 3.301436514608179352e-04 1.000000000000000082e-05 2.716404236699859970e-04 1.000000000000000082e-05
1.000000000000000082e-05 6.162681493935264800e-03 1.000000000000000082e-05 5.070621241839734852e-03 1.000000000000000082e-05
3.338505973860382385e-03 8.600546668301050496e-03 1.000000000000000082e-05 9.899196293842688760e-03 1.000000000000000082e-05
1.797855290658803215e-02 1.337687655254122567e-02 1.000000000000000082e-05 9.623777474394600018e-03 1.000000000000000082e-05
3.354317800766488944e-02 2.115790366894326063e-02 1.000000000000000082e-05 1.731218464080205161e-02 1.000000000000000082e-05
9.169870254270789944e-02 3.224492044190090806e-02 1.000000000000000082e-05 3.685209555707757295e-02 1.000000000000000082e-05
1.273729238322014734e-01 5.041038858823693875e-02 1.000000000000000082e-05 4.772610018575718094e-02 1.000000000000000082e-05
1.485747058599283799e-01 6.319698906352849699e-02 3.727492993143658589e-02 1.090149788783627109e-02 1.000000000000000082e-05
1.330453537905645911e-01 7.689303894814766838e-02 9.277229153922099403e-02 1.000000000000000082e-05 1.000000000000000082e-05
8.528297396445264078e-02 8.469724321213903395e-02 1.128715196898241457e-01 7.664142019136790766e-03 2.380356278645942569e-02
3.850530124204602084e-02 9.340010117359615061e-02 1.152332617117423630e-01 1.587847614804145180e-03 4.690736564320518998e-02
2.059347824111261438e-02 9.017705282222074348e-02 9.469606770057178990e-02 2.149679116834593909e-02 6.835284756299174480e-02
2.844829156628062364e-02 7.935238862828281059e-02 7.948248525751812343e-02 4.083964670437834066e-02 8.485812325448752191e-02
3.194284087342139783e-02 4.362719720612255603e-02 8.149954001528583736e-02 2.373013504438162627e-02 8.954644425382772555e-02
3.329198384372158287e-02 1.059827872420172727e-02 7.495525456965647371e-02 1.169350446280008858e-02 9.264648117286705675e-02
1.429820594090063825e-02 7.774982491349728859e-03 6.234187154764903038e-02 1.000000000000000082e-05 9.446133762244691978e-02
1.316289771504112506e-02 1.000000000000000082e-05 4.967950552679040871e-02 1.000000000000000082e-05 7.898564218524539715e-02
1.000000000000000082e-05 2.867695484611201395e-03 1.686653353545312234e-02 1.092049191180659816e-02 4.099294859433195298e-02
1.000000000000000082e-05 4.545064739508396928e-03 5.076554934349854914e-03 2.593969733160570931e-02 1.060756913017982077e-02
1.000000000000000082e-05 2.368702072585283577e-03 1.000000000000000082e-05 2.555524863412386369e-02 7.487610914531053763e-03
1.000000000000000082e-05 1.000000000000000082e-05 1.000000000000000082e-05 1.427722818073700640e-02 2.684581169768387402e-03
1.000000000000000082e-05 1.000000000000000082e-05 1.000000000000000082e-05 1.278681484682481044e-02 3.485144803256605027e-04
1.000000000000000082e-05 1.000000000000000082e-05 1.000000000000000082e-05 1.362634857823600762e-02 1.000000000000000082e-05
0.000000000000000000e+00 0.000000000000000000e+00 0.000000000000000000e+00 -0.000000000000000000e+00 0.000000000000000000e+00
0.000000000000000000e+00 0.000000000000000000e+00 0.000000000000000000e+00 -0.000000000000000000e+00 0.000000000000000000e+00
0.000000000000000000e+00 0.000000000000000000e+00 0.000000000000000000e+00 -0.000000000000000000e+00 0.000000000000000000e+00
0.000000000000000000e+00 0.000000000000000000e+00 0.000000000000000000e+00 -0.000000000000000000e+00 0.000000000000000000e+00
1.000000000000000082e-05 1.419293035576348690e-05 1.000000000000000082e-05 1.150487485675402163e-04 5.650401621801730973e-04
1.000000000000000082e-05 1.829158016590287303e-03 1.000000000000000082e-05 1.339140516976957719e-03 1.000000000000000082e-05
9.722190702875190688e-03 8.154476218027669615e-03 1.000000000000000082e-05 8.586676509526167470e-03 1.000000000000000082e-05
3.037823218796209881e-02 1.390922883743162496e-02 1.000000000000000082e-05 1.960946002893029089e-02 1.000000000000000082e-05
4.229964283054225838e-02 2.561317008191583977e-02 1.000000000000000082e-05 2.590930592993258980e-02 1.000000000000000082e-05
6.266957618439868150e-02 5.480628680984672013e-02 1.000000000000000082e-05 4.613630087002439789e-02 1.000000000000000082e-05
7.910094859619908048e-02 8.065471697446982557e-02 1.000000000000000082e-05 7.166518798695124814e-02 1.000000000000000082e-05
8.001938463821078873e-02 8.786756832184948462e-02 3.741585521684789167e-02 5.788849446594689085e-02 1.000000000000000082e-05
4.104992096828471992e-02 7.175101443218850905e-02 1.145301315095355738e-01 1.088602415353161386e-02 1.000000000000000082e-05
1.000000000000000082e-05 7.503333801793350688e-02 1.283403231457314053e-01 2.180086753496514231e-03 3.146501525463594323e-02
1.000000000000000082e-05 9.003635263290166169e-02 1.007651494692156369e-01 2.189178303269045597e-02 6.517513075110994980e-02
1.000000000000000082e-05 1.036323593780397595e-01 6.841865342018516039e-02 5.378629965828169573e-02 7.385409892398540899e-02
1.000000000000000082e-05 1.104553877414572727e-01 3.957863488430848203e-02 6.576613554536211992e-02 8.110308299870096216e-02
1.000000000000000082e-05 1.194816809178448069e-01 2.555849951281436924e-02 8.031874049355559875e-02 6.540442044344414729e-02
2.512954540627681047e-03 8.043939687145350292e-02 3.774879249654847918e-02 7.516412005386938211e-02 5.379391111402364450e-02
1.847830452713653329e-02 4.195080234309605388e-02 5.520318431858733943e-02 4.794536067184228950e-02 5.838744784417529421e-02
1.327680322791211301e-02 1.306297117781311974e-02 6.284364721140632548e-02 1.322828032003380873e-02 7.752788083892121762e-02
4.712065771781149930e-03 1.000000000000000082e-05 5.014173798342363986e-02 1.000000000000000082e-05 8.918383093096243774e-02
1.000000000000000082e-05 1.000000000000000082e-05 1.538919539207239326e-02 3.237493590203480154e-02 5.779076952000684886e-02
1.000000000000000082e-05 1.817728604485654900e-03 1.000000000000000082e-05 5.727856852574528951e-02 3.103779604105357318e-02
1.000000000000000082e-05 4.482446667341977858e-03 1.000000000000000082e-05 3.320880371959214483e-02 8.580644005820713821e-03
1.000000000000000082e-05 1.000000000000000082e-05 1.000000000000000082e-05 2.725919572427668372e-02 4.118056216131281422e-03
1.000000000000000082e-05 1.000000000000000082e-05 1.000000000000000082e-05 2.410711750897904376e-02 1.028678995323886345e-03
1.000000000000000082e-05 1.000000000000000082e-05 1.000000000000000082e-05 1.150342212508150865e-02 1.000000000000000082e-05
0.000000000000000000e+00 0.000000000000000000e+00 0.000000000000000000e+00 -0.000000000000000000e+00 0.000000000000000000e+00
0.000000000000000000e+00 0.000000000000000000e+00 0.000000000000000000e+00 -0.000000000000000000e+00 0.000000000000000000e+00
0.000000000000000000e+00 0.000000000000000000e+00 0.000000000000000000e+00 -0.000000000000000000e+00 0.000000000000000000e+00
0.000000000000000000e+00 0.000000000000000000e+00 0.000000000000000000e+00 -0.000000000000000000e+00 0.000000000000000000e+00
0.000000000000000000e+00 0.000000000000000000e+00 0.000000000000000000e+00 -0.000000000000000000e+00 0.000000000000000000e+00
1.202878855086515764e-02 1.000000000000000082e-05 1.000000000000000082e-05 1.507002327241325091e-03 1.000000000000000082e-05
4.185621402457396362e-02 1.058154386056865508e-02 1.000000000000000082e-05 9.438109394725746962e-03 1.000000000000000082e-05
3.446840034820346926e-02 2.731422651843121857e-02 1.000000000000000082e-05 4.497117912655583527e-02 1.000000000000000082e-05
4.206004485872678195e-02 5.302449507570614756e-02 1.000000000000000082e-05 4.352750108768016490e-02 1.000000000000000082e-05
4.351092827088647030e-02 9.200064545181568798e-02 1.000000000000000082e-05 6.780842267327687189e-02 1.000000000000000082e-05
3.984214182704703955e-02 8.312945965340585996e-02 2.122538623106074579e-02 9.300855695021993663e-02 1.000000000000000082e-05
3.111637592725205806e-02 5.848050739512233864e-02 9.579271251264567799e-02 5.421704823242793486e-02 1.000000000000000082e-05
1.000000000000000082e-05 4.106635867989925220e-02 1.244155782000194860e-01 6.761944863168318706e-03 3.518194025245682116e-02
1.000000000000000082e-05 5.573892770954186338e-02 8.383691593945744036e-02 1.901061051178688441e-02 8.489669522918683042e-02
1.000000000000000082e-05 8.199307463063806867e-02 3.371016190266756807e-02 3.374952460997138193e-02 9.218202608894138228e-02
1.000000000000000082e-05 9.703814558265903834e-02 1.000000000000000082e-05 4.908310923650407998e-02 8.741042876957590135e-02
1.000000000000000082e-05 1.065271458674880017e-01 1.000000000000000082e-05 5.168250268393223545e-02 4.233710487067845335e-02
1.000000000000000082e-05 1.346721129359365055e-01 1.000000000000000082e-05 4.654642749998603307e-02 1.601878753642712108e-02
1.412608081755088382e-02 1.072441506799587940e-01 1.435341209572426995e-02 3.440821116827184889e-02 2.058116491999111008e-02
2.873724859915726543e-02 5.362240365035366579e-02 3.068941229605445450e-02 4.706303393913634919e-02 4.786525246167266240e-02
1.476242188039553031e-02 1.389380453901304735e-03 6.054674165727063490e-02 3.630288869716635086e-02 7.107585471376545727e-02
1.020553276408908520e-02 1.000000000000000082e-05 4.768643398381394033e-02 3.210085172658232178e-02 9.207238221465459393e-02
3.752380942560918677e-03 1.000000000000000082e-05 5.369013947525169174e-03 7.530619671631580414e-02 8.171716447015030249e-02
1.000000000000000082e-05 1.000000000000000082e-05 1.000000000000000082e-05 9.810559332205313898e-02 4.501521437195529773e-02
1.000000000000000082e-05 8.769692073234433213e-03 1.000000000000000082e-05 8.121809638212255933e-02 2.337016442777558461e-02
1.000000000000000082e-05 2.624338456308739423e-03 1.000000000000000082e-05 3.318511558875745365e-02 2.722459475001022446e-03
1.000000000000000082e-05 1.000000000000000082e-05 1.000000000000000082e-05 1.110132451541920827e-02 1.345564645750425023e-04
0.000000000000000000e+00 0.000000000000000000e+00 0.000000000000000000e+00 -0.000000000000000000e+00 0.000000000000000000e+00
0.000000000000000000e+00 0.000000000000000000e+00 0.000000000000000000e+00 -0.000000000000000000e+00 0.000000000000000000e+00
0.000000000000000000e+00 0.000000000000000000e+00 0.000000000000000000e+00 -0.000000000000000000e+00 0.000000000000000000e+00
0.000000000000000000e+00 0.000000000000000000e+00 0.000000000000000000e+00 -0.000000000000000000e+00 0.000000000000000000e+00
0.000000000000000000e+00 0.000000000000000000e+00 0.000000000000000000e+00 -0.000000000000000000e+00 0.000000000000000000e+00
2.497087086999806062e-03 1.647559981181884268e-03 1.000000000000000082e-05 4.430882158149480085e-04 1.130231524711350339e-04
2.853099703943515197e-02 6.832228577965952961e-03 1.000000000000000082e-05 7.444243841156582449e-03 1.000000000000000082e-05
3.351388312748281029e-02 1.687661251770159604e-02 1.000000000000000082e-05 2.188446724519170841e-02 1.000000000000000082e-05
1.728359981319843586e-02 3.683529606268336892e-02 1.000000000000000082e-05 3.564548973917731206e-02 1.000000000000000082e-05
3.538045719653546556e-02 7.112308099388406357e-02 1.000000000000000082e-05 4.434422023881407632e-02 1.000000000000000082e-05
4.609265458797344450e-02 9.329649528944287951e-02 1.000000000000000082e-05 9.409061639049390302e-02 1.000000000000000082e-05
3.009419357827064490e-02 7.639635260323665578e-02 4.297772909686328052e-02 1.083393209238103366e-01 1.000000000000000082e-05
2.431262157849822803e-02 3.816629239984831862e-02 9.999746494078601278e-02 5.654128342311669914e-02 5.720836443677201726e-03
1.397255119133952945e-03 1.817758730066523776e-02 9.997779469667447683e-02 1.000000000000000082e-05 7.122623536704821012e-02
1.000000000000000082e-05 4.271547797202707164e-02 3.429258761125699578e-02 1.000000000000000082e-05 1.135910152862398687e-01
1.000000000000000082e-05 6.795612057376057558e-02 1.000000000000000082e-05 1.748727875745094765e-02 8.131066485860007076e-02
5.010291766955609315e-03 7.440483645021120362e-02 1.000000000000000082e-05 2.262342012289792620e-02 4.444113366285378647e-02
8.889109686681327324e-03 1.092980838210691197e-01 1.000000000000000082e-05 7.462694433214462318e-03 1.327305738087892865e-02
2.316663745368376798e-02 1.320710433603503875e-01 1.098101976380457846e-02 1.000000000000000082e-05 1.657172063723895070e-02
3.537327666264607207e-02 9.407073502371574025e-02 2.398561697101265350e-02 2.611852138068432132e-03 3.379475251563391486e-02
5.404217366281410112e-02 3.921886514912801408e-02 4.881520582472608644e-02 3.742940884890646330e-02 5.805707458192944231e-02
1.648838662175707709e-02 1.000000000000000082e-05 6.137366251735422440e-02 4.731543343679286973e-02 8.864181376209311070e-02
1.226240529708412866e-02 1.000000000000000082e-05 4.274963921851395593e-02 8.416595095439460827e-02 8.368097204457579374e-02
1.000000000000000082e-05 1.000000000000000082e-05 1.000000000000000082e-05 1.375086542139374590e-01 7.510247166142682007e-02
1.000000000000000082e-05 1.000000000000000082e-05 1.000000000000000082e-05 1.187147386802955978e-01 4.806327010509008762e-02
1.000000000000000082e-05 1.000000000000000082e-05 1.000000000000000082e-05 6.288733734106517759e-02 1.799011537363345847e-02
1.000000000000000082e-05 3.848805422116124563e-04 1.000000000000000082e-05 2.171595542944502327e-02 4.245965926909774611e-03
1.000000000000000082e-05 1.000000000000000082e-05 2.662309553346734066e-04 6.809507129021011122e-04 1.000000000000000082e-05
0.000000000000000000e+00 0.000000000000000000e+00 0.000000000000000000e+00 -0.000000000000000000e+00 0.000000000000000000e+00
0.000000000000000000e+00 0.000000000000000000e+00 0.000000000000000000e+00 -0.000000000000000000e+00 0.000000000000000000e+00
0.000000000000000000e+00 0.000000000000000000e+00 0.000000000000000000e+00 -0.000000000000000000e+00 0.000000000000000000e+00
0.000000000000000000e+00 0.000000000000000000e+00 0.000000000000000000e+00 -0.000000000000000000e+00 0.000000000000000000e+00
0.000000000000000000e+00 0.000000000000000000e+00 0.000000000000000000e+00 -0.000000000000000000e+00 0.000000000000000000e+00
1.080380394396141701e-04 1.134509359264231250e-02 1.000000000000000082e-05 1.000000000000000082e-05 1.033440889487775372e-03
2.190481063573124568e-02 1.355198473387676794e-02 1.000000000000000082e-05 1.145563226558512886e-02 1.000000000000000082e-05
2.321487096385321108e-02 1.630800976967855878e-02 1.000000000000000082e-05 2.314070199336994843e-02 1.000000000000000082e-05
9.966409913562788644e-03 4.413148510023067600e-02 1.000000000000000082e-05 3.755678135238078863e-02 1.000000000000000082e-05
3.206175712646597981e-02 6.773455656921124890e-02 1.000000000000000082e-05 4.903270899558772461e-02 1.000000000000000082e-05
4.401918233565425831e-02 6.040344416517263310e-02 1.000000000000000082e-05 1.210854428941428168e-01 1.000000000000000082e-05
2.381116322638502855e-02 5.384183611634033029e-02 3.277771562011685957e-02 1.539148516311314718e-01 1.000000000000000082e-05
1.567217940571707588e-02 3.512713093446052925e-02 9.103733193935917289e-02 6.983403837119647739e-02 1.805495711608458981e-02
4.228900876468369430e-02 2.117697611396840082e-02 9.192574261055257157e-02 1.000000000000000082e-05 8.090658326849171911e-02
4.306670223682632775e-02 3.104643324593092321e-02 4.472436690127368913e-02 1.000000000000000082e-05 1.024811364131081592e-01
4.090119467819160887e-02 4.139252280768786901e-02 1.000000000000000082e-05 1.000000000000000082e-05 7.002319936968902370e-02
4.128742711804469362e-02 7.769855489504647050e-02 1.000000000000000082e-05 5.203448352970793927e-04 3.995702731972336497e-02
4.246504075513737875e-02 1.366588722694533353e-01 1.000000000000000082e-05 1.000000000000000082e-05 3.702351821731449805e-02
4.565254308834775648e-02 1.219385931726330724e-01 2.350063830271459375e-02 1.000000000000000082e-05 5.096541410277248552e-02
6.529636507676406243e-02 4.810793190036198597e-02 5.425152016615310269e-02 1.000000000000000082e-05 6.698089242315900804e-02
6.514500259995491260e-02 1.000000000000000082e-05 7.233312189828049188e-02 5.898903679145352241e-02 7.870653814406371185e-02
3.093361762476668636e-02 1.000000000000000082e-05 5.986176960244625478e-02 1.065965956064120340e-01 6.853951292121748806e-02
4.011751261984396015e-03 1.000000000000000082e-05 2.140523406215313895e-02 1.244700482372995964e-01 7.003010572414548884e-02
1.000000000000000082e-05 1.000000000000000082e-05 1.000000000000000082e-05 1.187844169162389774e-01 4.306279241498139898e-02
1.000000000000000082e-05 1.000000000000000082e-05 1.000000000000000082e-05 5.853875911066241250e-02 2.047268518315098831e-02
1.000000000000000082e-05 1.000000000000000082e-05 3.973701050827100831e-03 1.530692139750512715e-02 3.516546357036647811e-03
2.249051166866889405e-03 1.000000000000000082e-05 5.189127285988426493e-03 1.000000000000000082e-05 1.000000000000000082e-05
1.183059775274558720e-03 1.000000000000000082e-05 2.669688205156491977e-03 1.000000000000000082e-05 1.000000000000000082e-05
0.000000000000000000e+00 0.000000000000000000e+00 0.000000000000000000e+00 -0.000000000000000000e+00 0.000000000000000000e+00
0.000000000000000000e+00 0.000000000000000000e+00 0.000000000000000000e+00 -0.000000000000000000e+00 0.000000000000000000e+00
0.000000000000000000e+00 0.000000000000000000e+00 0.000000000000000000e+00 -0.000000000000000000e+00 0.000000000000000000e+00
0.000000000000000000e+00 0.000000000000000000e+00 0.000000000000000000e+00 -0.000000000000000000e+00 0.000000000000000000e+00
0.000000000000000000e+00 0.000000000000000000e+00 0.000000000000000000e+00 -0.000000000000000000e+00 0.000000000000000000e+00
1.000000000000000082e-05 1.281920161293108665e-02 1.000000000000000082e-05 1.000000000000000082e-05 1.145001270703916189e-03
1.414017860211822485e-02 1.480374643166737329e-02 1.000000000000000082e-05 1.021419064406222169e-02 1.000000000000000082e-05
2.419237107993182229e-02 1.596748533952543209e-02 1.000000000000000082e-05 1.967041988601881883e-02 1.000000000000000082e-05
1.854057860178352432e-02 3.425196824762963971e-02 1.000000000000000082e-05 2.186908251865005148e-02 1.000000000000000082e-05
2.979568523709113723e-02 5.363881031502399505e-02 1.000000000000000082e-05 4.906702050900382112e-02 1.000000000000000082e-05
2.689954212198911870e-02 4.533611283684745724e-02 1.000000000000000082e-05 1.505681359060362379e-01 1.000000000000000082e-05
2.441515109845368570e-02 4.469919210211653615e-02 1.186625838743362443e-02 1.826686866730928838e-01 1.000000000000000082e-05
2.505752034626725772e-02 4.656360005992647016e-02 7.038732212782154718e-02 1.101847596030576248e-01 8.884741985891999802e-03
8.199600581937811772e-02 3.404581380697453002e-02 1.056728507931975758e-01 1.000000000000000082e-05 5.907045241631714988e-02
1.072258391621021684e-01 2.576599246042879376e-02 6.426592030913168274e-02 1.000000000000000082e-05 9.746213557190586130e-02
1.001992282922409688e-01 5.818521730630686617e-02 1.327602152334663062e-02 1.000000000000000082e-05 7.364962689901911885e-02
6.459844986818379098e-02 1.130640181143245243e-01 1.987738652057929531e-03 1.000000000000000082e-05 6.554412420740661493e-02
4.760935269664390984e-02 1.272765337304291866e-01 3.860225901547630067e-02 1.000000000000000082e-05 6.923834070232974536e-02
7.518649183785028334e-02 5.375335719746546920e-02 7.086582998342995376e-02 1.000000000000000082e-05 8.496993372919769971e-02
6.865682500932221433e-02 1.000000000000000082e-05 8.062109797766062180e-02 6.621482855527434375e-02 7.977759079730094294e-02
2.718917530418618264e-02 1.000000000000000082e-05 6.262512549103009529e-02 1.327682303707210520e-01 5.897552814840779922e-02
1.000000000000000082e-05 1.000000000000000082e-05 2.150875184506360199e-02 1.491602154641127609e-01 5.492336383779165832e-02
1.000000000000000082e-05 1.000000000000000082e-05 1.000000000000000082e-05 9.690284015911172777e-02 3.718379751149573920e-02
1.000000000000000082e-05 1.000000000000000082e-05 1.000000000000000082e-05 6.155745927991803507e-02 1.863037848114092523e-02
1.000000000000000082e-05 1.313406212671541871e-03 1.000000000000000082e-05 1.610834981493023538e-02 1.644170113767418583e-03
5.833968449335300661e-04 1.000000000000000082e-05 1.431945876298443970e-03 1.000000000000000082e-05 1.000000000000000082e-05
4.606604434697398232e-04 1.000000000000000082e-05 1.039524610857395052e-03 1.000000000000000082e-05 1.000000000000000082e-05
0.000000000000000000e+00 0.000000000000000000e+00 0.000000000000000000e+00 -0.000000000000000000e+00 0.000000000000000000e+00
0.000000000000000000e+00 0.000000000000000000e+00 0.000000000000000000e+00 -0.000000000000000000e+00 0.000000000000000000e+00
0.000000000000000000e+00 0.000000000000000000e+00 0.000000000000000000e+00 -0.000000000000000000e+00 0.000000000000000000e+00
0.000000000000000000e+00 0.000000000000000000e+00 0.000000000000000000e+00 -0.000000000000000000e+00 0.000000000000000000e+00
0.000000000000000000e+00 0.000000000000000000e+00 0.000000000000000000e+00 -0.000000000000000000e+00 0.000000000000000000e+00
0.000000000000000000e+00 0.000000000000000000e+00 0.000000000000000000e+00 -0.000000000000000000e+00 0.000000000000000000e+00
1.000000000000000082e-05 1.272024126244412391e-02 1.000000000000000082e-05 1.000000000000000082e-05 1.206475230072971781e-03
3.178534389535201191e-03 1.322266525480900005e-02 1.000000000000000082e-05 1.083929936672706163e-03 7.172189643640928571e-04
1.833351204987770586e-02 1.384679219570817549e-02 1.000000000000000082e-05 8.536161205903150442e-04 1.080405674726652148e-03
1.657092899959111340e-02 3.247635219392894235e-02 1.000000000000000082e-05 1.707692470388261219e-02 3.792432667560491897e-04
1.310730019081110705e-02 4.285724992754073176e-02 1.000000000000000082e-05 5.105938157538214561e-02 1.000000000000000082e-05
1.146928452604764441e-02 5.164227380147614482e-02 1.000000000000000082e-05 1.294103370886970084e-01 1.000000000000000082e-05
1.372987381277303645e-02 6.479264640627993566e-02 1.000000000000000082e-05 1.684251418000732026e-01 1.000000000000000082e-05
1.813522315985957589e-02 6.844415263192482612e-02 4.572732439098809581e-02 1.287787097231863909e-01 1.000000000000000082e-05
6.736149674610986127e-02 5.235784795664558816e-02 1.007559502004667512e-01 2.637770269963461093e-03 4.394512785771422653e-02
1.404915384900754238e-01 4.335048296082040509e-02 8.730798612420104243e-02 1.000000000000000082e-05 8.536128489086268478e-02
1.495044024091218560e-01 9.232172933415941363e-02 5.098083470445784193e-02 1.000000000000000082e-05 8.484007772458958263e-02
9.979309976255086589e-02 1.239926887350440987e-01 5.191503336667072088e-02 1.000000000000000082e-05 9.576057952203835544e-02
8.949564177251599639e-02 6.192928840369260612e-02 8.043218409765161281e-02 1.000000000000000082e-05 9.720097808788495664e-02
6.972447569085314656e-02 1.000000000000000082e-05 8.409607038159688797e-02 8.155922459439685079e-02 8.189969190987247960e-02
2.372769332652865243e-02 1.000000000000000082e-05 5.724972402380329450e-02 1.524282578669176047e-01 5.796804665921719002e-02
1.000000000000000082e-05 1.000000000000000082e-05 2.008776877653055404e-02 1.469808588429295793e-01 3.844605927275769608e-02
1.000000000000000082e-05 1.000000000000000082e-05 1.000000000000000082e-05 9.711627496516188340e-02 1.784473396408101098e-02
1.000000000000000082e-05 9.259755128988191378e-03 1.000000000000000082e-05 5.457578946761754840e-02 3.693627925834142966e-03
1.396415268514909118e-03 5.217510171114479213e-03 1.000000000000000082e-05 1.559333088093923028e-02 1.000000000000000082e-05
1.754489803820312747e-03 2.029393563691916924e-03 4.250400879240439776e-04 6.037166071822459498e-03 1.000000000000000082e-05
9.212162846582924725e-04 1.062713739787941262e-03 2.531063867889868650e-04 3.176870718488485328e-03 1.000000000000000082e-05
0.000000000000000000e+00 0.000000000000000000e+00 0.000000000000000000e+00 -0.000000000000000000e+00 0.000000000000000000e+00
0.000000000000000000e+00 0.000000000000000000e+00 0.000000000000000000e+00 -0.000000000000000000e+00 0.000000000000000000e+00
0.000000000000000000e+00 0.000000000000000000e+00 0.000000000000000000e+00 -0.000000000000000000e+00 0.000000000000000000e+00
0.000000000000000000e+00 0.000000000000000000e+00 0.000000000000000000e+00 -0.000000000000000000e+00 0.000000000000000000e+00
0.000000000000000000e+00 0.000000000000000000e+00 0.000000000000000000e+00 -0.000000000000000000e+00 0.000000000000000000e+00
0.000000000000000000e+00 0.000000000000000000e+00 0.000000000000000000e+00 -0.000000000000000000e+00 0.000000000000000000e+00
0.000000000000000000e+00 0.000000000000000000e+00 0.000000000000000000e+00 -0.000000000000000000e+00 0.000000000000000000e+00
1.000000000000000082e-05 2.865825106558557780e-03 1.000000000000000082e-05 1.000000000000000082e-05 2.718145775263220635e-04
4.455627325736702784e-04 2.893759826355626810e-03 1.000000000000000082e-05 1.000000000000000082e-05 2.821104556848573822e-04
1.147402324734497943e-02 1.015359105845766406e-02 1.000000000000000082e-05 1.000000000000000082e-05 1.099975763281955000e-03
1.302768844973747550e-02 2.291509834386351238e-02 1.000000000000000082e-05 1.113275161448652739e-02 3.750238028342339248e-04
4.485744338080154860e-03 3.977791718381769315e-02 1.000000000000000082e-05 3.546400163964882196e-02 1.888615031434893272e-03
1.000000000000000082e-05 4.596439478386826066e-02 1.000000000000000082e-05 8.795627513385076424e-02 1.381946862316363496e-03
1.000000000000000082e-05 6.711856677528198201e-02 1.000000000000000082e-05 1.295497067655498047e-01 1.000000000000000082e-05
9.891692087031587338e-03 8.430179078841248952e-02 1.763162803499244632e-02 1.278953040364065041e-01 9.586691362801243307e-04
6.590092481210775566e-02 8.137739672715532668e-02 7.595482127574756936e-02 5.434598200165732806e-02 4.613139534551254778e-02
1.167825737864700980e-01 8.875836350925768448e-02 1.057048868360469102e-01 1.000000000000000082e-05 8.235204188622445576e-02
1.165639456304953525e-01 1.085462943773351369e-01 9.653547755063628111e-02 1.000000000000000082e-05 9.768181281270549299e-02
1.011839228252391087e-01 8.586016429790371829e-02 8.666927349815831128e-02 4.871733290270932777e-03 1.027375302875903063e-01
9.944888246036177881e-02 5.328246127978964256e-03 8.345063685658273001e-02 8.444827203631372070e-02 8.230396857867271210e-02
5.996713869365213195e-02 1.000000000000000082e-05 4.436294671011160179e-02 1.534529027667270729e-01 5.162805080072196268e-02
1.383559606500791780e-02 1.000000000000000082e-05 5.443857500591752809e-03 1.535139540628726595e-01 1.113787074615103789e-02
1.000000000000000082e-05 4.615446208288477223e-03 1.000000000000000082e-05 8.670013872412504763e-02 9.095244585127088000e-04
1.000000000000000082e-05 8.151986108523674376e-03 2.549044218100886619e-03 3.185470242514611139e-02 1.000000000000000082e-05
1.000000000000000082e-05 5.081006020591101631e-03 5.485769459872606724e-03 1.166364771037287779e-02 1.000000000000000082e-05
1.406118877563228503e-03 1.631596148423005354e-03 7.238663759520078123e-03 3.610554231793886362e-03 1.000000000000000082e-05
1.183988760732394797e-03 1.217978047561916197e-03 4.427652138208802712e-03 4.773735006049436430e-03 1.000000000000000082e-05
1.833125967888296322e-03 2.098734243553845163e-03 9.463552282193759754e-04 6.396180577079125379e-03 1.000000000000000082e-05
3.744781644952404828e-04 4.319974551983504665e-04 1.028887751174742963e-04 1.291410861174180792e-03 1.000000000000000082e-05
0.000000000000000000e+00 0.000000000000000000e+00 0.000000000000000000e+00 -0.000000000000000000e+00 0.000000000000000000e+00
0.000000000000000000e+00 0.000000000000000000e+00 0.000000000000000000e+00 -0.000000000000000000e+00 0.000000000000000000e+00
0.000000000000000000e+00 0.000000000000000000e+00 0.000000000000000000e+00 -0.000000000000000000e+00 0.000000000000000000e+00
0.000000000000000000e+00 0.000000000000000000e+00 0.000000000000000000e+00 -0.000000000000000000e+00 0.000000000000000000e+00
0.000000000000000000e+00 0.000000000000000000e+00 0.000000000000000000e+00 -0.000000000000000000e+00 0.000000000000000000e+00
0.000000000000000000e+00 0.000000000000000000e+00 0.000000000000000000e+00 -0.000000000000000000e+00 0.000000000000000000e+00
0.000000000000000000e+00 0.000000000000000000e+00 0.000000000000000000e+00 -0.000000000000000000e+00 0.000000000000000000e+00
0.000000000000000000e+00 0.000000000000000000e+00 0.000000000000000000e+00 -0.000000000000000000e+00 0.000000000000000000e+00
3.483761059491412380e-03 6.952549314334282270e-03 1.000000000000000082e-05 1.000000000000000082e-05 7.046106478532078660e-04
1.094235975828963987e-02 1.327531409962144290e-02 1.000000000000000082e-05 4.787702449631705583e-03 6.469850992503587859e-04
1.339354330408426899e-02 1.420317008984279226e-02 1.000000000000000082e-05 1.207734682890133394e-02 1.114124654507391617e-03
1.703929110639456138e-02 2.355603677145750446e-02 1.000000000000000082e-05 5.290369724709469146e-02 7.294260339170180983e-03
3.770580656704825701e-02 2.883505039450001695e-02 1.000000000000000082e-05 9.364477861448163021e-02 1.254847978498252990e-02
5.022495681842469029e-02 4.904247535390979934e-02 2.036765479758969374e-03 8.927149672097241251e-02 3.179753164924792319e-02
7.425132492353328506e-02 8.934302253110094905e-02 5.199796511201870697e-02 5.572338808449599223e-02 8.082526145948752683e-02
7.343844318229937607e-02 9.614598765624593479e-02 9.512210543068733148e-02 2.158113520532035923e-02 9.948264757912503309e-02
5.322809041563235366e-02 1.051706720455967414e-01 8.971305908050157540e-02 4.661686632346171560e-02 1.022069206135799990e-01
6.068734070738526776e-02 6.964828679355479502e-02 9.707817184662292931e-02 6.351474333710795117e-02 8.048887010639428630e-02
7.558979147530736631e-02 2.797856077824773663e-02 6.294760375167807176e-02 1.055643133370243181e-01 3.929520275595033141e-02
7.802800783067401214e-02 4.126317427160899540e-03 1.119954574206922376e-02 1.137680908396119517e-01 1.000000000000000082e-05
7.156512545840838790e-02 1.000000000000000082e-05 1.000000000000000082e-05 6.213690268563946267e-02 1.000000000000000082e-05
5.235767912275829383e-02 1.000000000000000082e-05 1.000000000000000082e-05 3.519856326214932524e-02 1.000000000000000082e-05
1.348333965268113353e-02 1.000000000000000082e-05 3.082310415660210676e-03 8.141429939565470938e-03 1.000000000000000082e-05
1.000000000000000082e-05 1.000000000000000082e-05 7.144990847090809324e-03 1.000000000000000082e-05 1.000000000000000082e-05
1.000000000000000082e-05 1.000000000000000082e-05 7.270470852161849129e-03 1.000000000000000082e-05 1.000000000000000082e-05
4.115264615525496012e-04 2.300599480223038487e-04 6.901126358342038816e-03 2.562021556104129155e-03 1.000000000000000082e-05
1.446965816744026721e-03 1.638367121760005022e-03 1.253442967232938068e-03 5.134048293110890157e-03 1.000000000000000082e-05
7.489563289904815891e-05 8.639949103967003638e-05 2.057775502349486603e-05 2.582821722348362342e-04 1.000000000000000082e-05
0.000000000000000000e+00 0.000000000000000000e+00 0.000000000000000000e+00 -0.000000000000000000e+00 0.000000000000000000e+00
0.000000000000000000e+00 0.000000000000000000e+00 0.000000000000000000e+00 -0.000000000000000000e+00 0.000000000000000000e+00
0.000000000000000000e+00 0.000000000000000000e+00 0.000000000000000000e+00 -0.000000000000000000e+00 0.000000000000000000e+00
0.000000000000000000e+00 0.000000000000000000e+00 0.000000000000000000e+00 -0.000000000000000000e+00 0.000000000000000000e+00
0.000000000000000000e+00 0.000000000000000000e+00 0.000000000000000000e+00 -0.000000000000000000e+00 0.000000000000000000e+00
0.000000000000000000e+00 0.000000000000000000e+00 0.000000000000000000e+00 -0.000000000000000000e+00 0.000000000000000000e+00
0.000000000000000000e+00 0.000000000000000000e+00 0.000000000000000000e+00 -0.000000000000000000e+00 0.000000000000000000e+00
1.000000000000000082e-05 1.000000000000000082e-05 3.445199442055229037e-04 1.000000000000000082e-05 1.832059127846939718e-04
1.000000000000000082e-05 1.000000000000000082e-05 3.989178301327106079e-04 1.000000000000000082e-05 2.121331621717509731e-04
1.656954560742562171e-03 1.000000000000000082e-05 1.117349903491248733e-03 1.000000000000000082e-05 2.669980583011393144e-04
7.053992077254859008e-03 1.866472337852869692e-03 1.976888427122926433e-03 1.058402981493406685e-03 2.476967661597977849e-03
4.997532948793793894e-02 7.825126922703333834e-03 1.000000000000000082e-05 1.503883190764421229e-02 1.612058073277599507e-02
7.842292862345960625e-02 1.443889462602443788e-02 1.000000000000000082e-05 3.200726500636104366e-02 4.498487869375743936e-02
8.295257822032391093e-02 2.815357989163939575e-02 1.627765507674079626e-02 3.279732395742701589e-02 9.961864446107977777e-02
5.318298461260323462e-02 8.311405501906850291e-02 5.389883111915004521e-02 5.085481239422383337e-02 1.108618201487532734e-01
3.240455016539942751e-02 8.871384680925760435e-02 7.063541748072801885e-02 9.403219361027477519e-02 9.877032560287182794e-02
1.423315091338911778e-02 9.347025952720194875e-02 8.372261532458463718e-02 8.766644398098952240e-02 8.980180639358346928e-02
5.180352950522802875e-03 9.305996312299477657e-02 1.043353806935823913e-01 6.037963747922924646e-02 3.968741769617280257e-02
3.907888225852706315e-02 8.802192865330110694e-02 5.774284131843961804e-02 4.213691844813870907e-02 4.250918214683518589e-03
8.697193920565442216e-02 5.911527308314406398e-02 1.000000000000000082e-05 4.000594071964116288e-02 1.000000000000000082e-05
9.297341533725490825e-02 1.104587813160123888e-02 1.000000000000000082e-05 1.188148757923763142e-02 1.000000000000000082e-05
7.936305907373034096e-02 1.000000000000000082e-05 1.000000000000000082e-05 1.101493211714916522e-02 1.000000000000000082e-05
4.354667564839090343e-02 1.000000000000000082e-05 1.000000000000000082e-05 8.228546290241670752e-03 1.000000000000000082e-05
4.353252682611759815e-03 1.000000000000000082e-05 1.121861526158049894e-03 6.425878675490357761e-04 1.000000000000000082e-05
1.000000000000000082e-05 1.000000000000000082e-05 2.164328705617321168e-03 1.000000000000000082e-05 1.000000000000000082e-05
1.000000000000000082e-05 1.000000000000000082e-05 5.621633001603430508e-04 1.000000000000000082e-05 1.000000000000000082e-05
3.070720948860975450e-04 3.542379132626471776e-04 8.436879559632882400e-05 1.058956906162828804e-03 1.000000000000000082e-05
0.000000000000000000e+00 0.000000000000000000e+00 0.000000000000000000e+00 -0.000000000000000000e+00 0.000000000000000000e+00
0.000000000000000000e+00 0.000000000000000000e+00 0.000000000000000000e+00 -0.000000000000000000e+00 0.000000000000000000e+00
0.000000000000000000e+00 0.000000000000000000e+00 0.000000000000000000e+00 -0.000000000000000000e+00 0.000000000000000000e+00
0.000000000000000000e+00 0.000000000000000000e+00 0.000000000000000000e+00 -0.000000000000000000e+00 0.000000000000000000e+00
0.000000000000000000e+00 0.000000000000000000e+00 0.000000000000000000e+00 -0.000000000000000000e+00 0.000000000000000000e+00
0.000000000000000000e+00 0.000000000000000000e+00 0.000000000000000000e+00 -0.000000000000000000e+00 0.000000000000000000e+00
0.000000000000000000e+00 0.000000000000000000e+00 0.000000000000000000e+00 -0.000000000000000000e+00 0.000000000000000000e+00
0.000000000000000000e+00 0.000000000000000000e+00 0.000000000000000000e+00 -0.000000000000000000e+00 0.000000000000000000e+00
1.000000000000000082e-05 1.000000000000000082e-05 1.813262864239594658e-05 1.000000000000000082e-05 9.642416462352305565e-06
1.525733295270690314e-03 1.000000000000000082e-05 1.961439632556156477e-03 1.000000000000000082e-05 2.374942853867719264e-04
6.033525895188435184e-03 1.000000000000000082e-05 6.104916158938774630e-03 1.000000000000000082e-05 2.020127475418303717e-03
2.652072977555770122e-02 1.000000000000000082e-05 3.151265236681606921e-03 1.000000000000000082e-05 1.507126732648101514e-02
6.994376597257136174e-02 1.000000000000000082e-05 1.654610273013921735e-03 1.000000000000000082e-05 4.822686597764642286e-02
1.013866417158340028e-01 4.199008040799331529e-03 1.524376008011068748e-02 1.104890245725647507e-02 1.015711149886836528e-01
5.453836802216111002e-02 4.300538749562574092e-02 5.077739977035358732e-02 3.286010273870711151e-02 1.180045887612995864e-01
8.237582858967248262e-03 9.697450839468542416e-02 5.056302093906501344e-02 9.918372489944338177e-02 9.796266289273762584e-02
1.000000000000000082e-05 7.155186820872212750e-02 5.378881305762939907e-02 1.354881781553035347e-01 7.324908202809357616e-02
1.000000000000000082e-05 6.755300512775977428e-02 8.142667222348633216e-02 8.002274211791016167e-02 7.739247083030337260e-02
1.000000000000000082e-05 7.624666733249274575e-02 1.190035903894948177e-01 2.213854411675340861e-02 2.431147644064034913e-02
1.618409393656384393e-02 1.116316366426702844e-01 8.700638390988955917e-02 1.000000000000000082e-05 1.000000000000000082e-05
5.750617655824910579e-02 1.011221798711870734e-01 1.608709509100337068e-02 1.445854193303818674e-02 1.000000000000000082e-05
9.664052041722905051e-02 4.875170729381807927e-02 1.000000000000000082e-05 1.225409461513855781e-03 1.000000000000000082e-05
8.713500299978796382e-02 3.664036504568551292e-03 1.000000000000000082e-05 3.230573258526450720e-03 1.000000000000000082e-05
6.897537200344314168e-02 1.000000000000000082e-05 1.000000000000000082e-05 6.389758580356360781e-03 1.000000000000000082e-05
4.121466618148622585e-02 1.000000000000000082e-05 1.000000000000000082e-05 4.590260137878509478e-03 1.000000000000000082e-05
2.159547994574531615e-03 1.000000000000000082e-05 1.000000000000000082e-05 6.410667224868501091e-04 1.000000000000000082e-05
0.000000000000000000e+00 0.000000000000000000e+00 0.000000000000000000e+00 -0.000000000000000000e+00 0.000000000000000000e+00
0.000000000000000000e+00 0.000000000000000000e+00 0.000000000000000000e+00 -0.000000000000000000e+00 0.000000000000000000e+00
0.000000000000000000e+00 0.000000000000000000e+00 0.000000000000000000e+00 -0.000000000000000000e+00 0.000000000000000000e+00
0.000000000000000000e+00 0.000000000000000000e+00 0.000000000000000000e+00 -0.000000000000000000e+00 0.000000000000000000e+00
0.000000000000000000e+00 0.000000000000000000e+00 0.000000000000000000e+00 -0.000000000000000000e+00 0.000000000000000000e+00
0.000000000000000000e+00 0.000000000000000000e+00 0.000000000000000000e+00 -0.000000000000000000e+00 0.000000000000000000e+00
0.000000000000000000e+00 0.000000000000000000e+00 0.000000000000000000e+00 -0.000000000000000000e+00 0.000000000000000000e+00
0.000000000000000000e+00 0.000000000000000000e+00 0.000000000000000000e+00 -0.000000000000000000e+00 0.000000000000000000e+00
0.000000000000000000e+00 0.000000000000000000e+00 0.000000000000000000e+00 -0.000000000000000000e+00 0.000000000000000000e+00
0.000000000000000000e+00 0.000000000000000000e+00 0.000000000000000000e+00 -0.000000000000000000e+00 0.000000000000000000e+00
0.000000000000000000e+00 0.000000000000000000e+00 0.000000000000000000e+00 -0.000000000000000000e+00 0.000000000000000000e+00
3.882803026817644235e-03 1.000000000000000082e-05 4.905147243216480268e-03 1.000000000000000082e-05 8.567225372735215450e-04
1.570110281280140754e-02 1.000000000000000082e-05 4.409009550714155894e-03 1.000000000000000082e-05 1.306101175956472099e-02
4.884366999068179976e-02 1.000000000000000082e-05 1.000000000000000082e-05 1.000000000000000082e-05 5.935944172531775614e-02
7.294341629167430674e-02 1.000000000000000082e-05 1.158124442443157938e-02 5.882248344655440116e-03 1.111157345536420288e-01
7.677419265385762581e-02 1.110967822261134212e-02 5.034446066152348243e-02 3.389476049248939943e-02 1.186930905093642047e-01
3.670880765065277773e-02 6.249239556770094794e-02 6.478169179033770042e-02 8.209845688608830017e-02 8.296153944669194813e-02
1.000000000000000082e-05 9.403705052971181311e-02 4.331479136394497664e-02 1.308715197859148249e-01 4.096275171529441261e-02
1.000000000000000082e-05 7.788940154079700140e-02 1.352182461408460955e-02 1.409876521822428785e-01 5.028384964327618084e-02
1.000000000000000082e-05 2.696508369515250927e-02 6.180785055858144944e-02 6.269293891904510752e-02 8.737492969879642746e-02
1.000000000000000082e-05 2.627028786444444639e-02 1.193462040497442755e-01 1.000000000000000082e-05 3.899328280214297421e-02
1.000000000000000082e-05 6.508252303444049536e-02 1.159786533162604077e-01 1.000000000000000082e-05 1.000000000000000082e-05
3.378126685486253916e-02 1.006148380357398814e-01 3.774254533640995085e-02 1.953210688415451049e-02 1.000000000000000082e-05
7.428332550407305834e-02 9.376586107640472179e-02 1.000000000000000082e-05 2.432938602724655022e-02 1.000000000000000082e-05
7.255624305467316126e-02 3.486104728593383134e-02 1.000000000000000082e-05 3.792976131121146045e-03 7.551499135899336201e-04
9.017145962923878155e-02 5.179925904014478881e-03 1.000000000000000082e-05 3.996897086989536357e-03 1.000000000000000082e-05
6.182874806200846368e-02 3.157936420191742778e-05 1.000000000000000082e-05 5.083871604815555501e-03 1.000000000000000082e-05
1.479773446571520934e-02 3.175398915249537900e-03 1.000000000000000082e-05 5.824366540801273863e-04 8.987846125060266307e-05
1.000000000000000082e-05 4.524987010355620287e-04 1.000000000000000082e-05 1.000000000000000082e-05 4.291809118836664982e-05
0.000000000000000000e+00 0.000000000000000000e+00 0.000000000000000000e+00 -0.000000000000000000e+00 0.000000000000000000e+00
0.000000000000000000e+00 0.000000000000000000e+00 0.000000000000000000e+00 -0.000000000000000000e+00 0.000000000000000000e+00
0.000000000000000000e+00 0.000000000000000000e+00 0.000000000000000000e+00 -0.000000000000000000e+00 0.000000000000000000e+00
0.000000000000000000e+00 0.000000000000000000e+00 0.000000000000000000e+00 -0.000000000000000000e+00 0.000000000000000000e+00
0.000000000000000000e+00 0.000000000000000000e+00 0.000000000000000000e+00 -0.000000000000000000e+00 0.000000000000000000e+00
0.000000000000000000e+00 0.000000000000000000e+00 0.000000000000000000e+00 -0.000000000000000000e+00 0.000000000000000000e+00
0.000000000000000000e+00 0.000000000000000000e+00 0.000000000000000000e+00 -0.000000000000000000e+00 0.000000000000000000e+00
0.000000000000000000e+00 0.000000000000000000e+00 0.000000000000000000e+00 -0.000000000000000000e+00 0.000000000000000000e+00
0.000000000000000000e+00 0.000000000000000000e+00 0.000000000000000000e+00 -0.000000000000000000e+00 0.000000000000000000e+00
1.487209896944990256e-03 1.000000000000000082e-05 1.893645330907609264e-03 1.000000000000000082e-05 2.453574221592218891e-04
6.046004364336045496e-03 1.000000000000000082e-05 3.758381677675904850e-03 1.000000000000000082e-05 6.136421053088849699e-03
2.769365097925671759e-02 1.000000000000000082e-05 1.000000000000000082e-05 3.365068235955182615e-03 4.602343829425439847e-02
4.254378399642518710e-02 1.000000000000000082e-05 1.000000000000000082e-05 1.314869052804026189e-02 1.054831235399559530e-01
5.707972919609421991e-02 1.000000000000000082e-05 4.411319203424329122e-02 3.988439379950284996e-02 1.216770612432491738e-01
4.636348517811689218e-02 2.627289817712850570e-02 7.997405746565405815e-02 7.202376734669393987e-02 7.505275406918383851e-02
1.094455463057416277e-02 6.972406150419499515e-02 7.588959668000958003e-02 9.951946043573985101e-02 1.000000000000000082e-05
1.000000000000000082e-05 1.048253781383160499e-01 2.379703200165358187e-03 1.239251264030646338e-01 1.508945819578556835e-02
1.000000000000000082e-05 8.087672143914659273e-02 1.000000000000000082e-05 1.088921399119696237e-01 6.592584489204264542e-02
1.000000000000000082e-05 1.770380235418386392e-02 3.372262337370098700e-02 3.588072307633411590e-02 1.079291372172664631e-01
1.000000000000000082e-05 1.050234155849521589e-03 1.111853713012953965e-01 1.000000000000000082e-05 5.363997165701214764e-02
1.000000000000000082e-05 4.373219130771437840e-02 1.234513263489536716e-01 1.000000000000000082e-05 1.000000000000000082e-05
1.005161910655229035e-03 9.123242297393364952e-02 4.403548104274061792e-02 3.370011672135404812e-02 1.000000000000000082e-05
4.816728180886912375e-02 1.027002526409903360e-01 1.000000000000000082e-05 5.310181266360866625e-02 1.000000000000000082e-05
7.500039182147894001e-02 6.640689877712707689e-02 1.000000000000000082e-05 1.284682424695549920e-02 1.000000000000000082e-05
8.971808822084380297e-02 1.418956411030890263e-02 1.000000000000000082e-05 1.575594904763620617e-03 1.000000000000000082e-05
7.854230346900220594e-02 3.219612437041669516e-03 1.000000000000000082e-05 1.092984126858257809e-03 1.000000000000000082e-05
2.353620611021125381e-02 9.213815767199323367e-03 1.000000000000000082e-05 1.000000000000000082e-05 7.776685504750480539e-04
1.000000000000000082e-05 6.591449021702942487e-03 1.000000000000000082e-05 1.000000000000000082e-05 6.265686384776758761e-04
0.000000000000000000e+00 0.000000000000000000e+00 0.000000000000000000e+00 -0.000000000000000000e+00 0.000000000000000000e+00
0.000000000000000000e+00 0.000000000000000000e+00 0.000000000000000000e+00 -0.000000000000000000e+00 0.000000000000000000e+00
0.000000000000000000e+00 0.000000000000000000e+00 0.000000000000000000e+00 -0.000000000000000000e+00 0.000000000000000000e+00
0.000000000000000000e+00 0.000000000000000000e+00 0.000000000000000000e+00 -0.000000000000000000e+00 0.000000000000000000e+00
0.000000000000000000e+00 0.000000000000000000e+00 0.000000000000000000e+00 -0.000000000000000000e+00 0.000000000000000000e+00
0.000000000000000000e+00 0.000000000000000000e+00 0.000000000000000000e+00 -0.000000000000000000e+00 0.000000000000000000e+00
0.000000000000000000e+00 0.000000000000000000e+00 0.000000000000000000e+00 -0.000000000000000000e+00 0.000000000000000000e+00
0.000000000000000000e+00 0.000000000000000000e+00 0.000000000000000000e+00 -0.000000000000000000e+00 0.000000000000000000e+00
0.000000000000000000e+00 0.000000000000000000e+00 0.000000000000000000e+00 -0.000000000000000000e+00 0.000000000000000000e+00
2.528300928239130777e-03 1.000000000000000082e-05 8.920339756921920544e-04 1.000000000000000082e-05 3.715717447542233633e-03
7.403648780455943448e-03 1.000000000000000082e-05 1.000000000000000082e-05 7.239681336456259969e-03 3.014823538552163784e-02
3.336756242489913316e-02 1.000000000000000082e-05 1.000000000000000082e-05 1.828168236497276083e-02 8.239753202489376316e-02
3.424552615171913561e-02 1.000000000000000082e-05 2.081289356239263491e-02 1.659131962867431420e-02 1.308667805800291795e-01
4.755993897045616287e-02 1.000000000000000082e-05 8.370259230836032960e-02 4.507235075632593652e-02 8.412569862434918222e-02
4.683692819813695812e-02 2.748729529987435985e-02 9.540375608209791802e-02 8.219775227693985886e-02 1.643491205854466031e-03
2.540511035303278861e-02 7.843082748173393903e-02 3.706595292798954555e-02 8.823144562756683740e-02 1.000000000000000082e-05
1.000000000000000082e-05 1.144585609040201096e-01 1.000000000000000082e-05 7.128697389073082591e-02 3.818125747639020129e-02
1.000000000000000082e-05 8.517315554026058666e-02 1.000000000000000082e-05 4.830372745912940580e-02 1.028985509472486737e-01
1.000000000000000082e-05 1.356729902732649491e-02 3.648216984197102941e-02 2.442173040468319581e-02 1.174471552883178116e-01
1.000000000000000082e-05 1.000000000000000082e-05 1.102385867353799370e-01 1.000000000000000082e-05 4.628720655571282733e-02
1.000000000000000082e-05 3.136139058791736350e-02 1.283945604403396445e-01 1.000000000000000082e-05 1.000000000000000082e-05
2.536535390871271466e-03 8.728540210785822040e-02 4.326768300085601093e-02 4.133627717889849090e-02 1.000000000000000082e-05
4.245043829796769919e-02 1.056367847342558064e-01 1.000000000000000082e-05 6.023773331290430827e-02 1.000000000000000082e-05
7.835637202193869444e-02 7.778679635345019105e-02 1.000000000000000082e-05 2.466138321182552440e-02 1.000000000000000082e-05
8.740886227293631627e-02 1.813668522349289394e-02 1.000000000000000082e-05 6.710181507695861872e-03 1.000000000000000082e-05
7.534305444575600808e-02 5.801625082576256087e-03 1.000000000000000082e-05 1.000320421140982186e-03 1.000000000000000082e-05
2.102354441723296163e-02 1.207060553888572238e-02 1.000000000000000082e-05 1.000000000000000082e-05 1.163844394585850572e-03
1.752113546957880056e-06 1.266285783523371164e-02 1.000000000000000082e-05 1.000000000000000082e-05 1.212849688175111733e-03
0.000000000000000000e+00 0.000000000000000000e+00 0.000000000000000000e+00 -0.000000000000000000e+00 0.000000000000000000e+00
0.000000000000000000e+00 0.000000000000000000e+00 0.000000000000000000e+00 -0.000000000000000000e+00 0.000000000000000000e+00
0.000000000000000000e+00 0.000000000000000000e+00 0.000000000000000000e+00 -0.000000000000000000e+00 0.000000000000000000e+00
0.000000000000000000e+00 0.000000000000000000e+00 0.000000000000000000e+00 -0.000000000000000000e+00 0.000000000000000000e+00
0.000000000000000000e+00 0.000000000000000000e+00 0.000000000000000000e+00 -0.000000000000000000e+00 0.000000000000000000e+00
0.000000000000000000e+00 0.000000000000000000e+00 0.000000000000000000e+00 -0.000000000000000000e+00 0.000000000000000000e+00
0.000000000000000000e+00 0.000000000000000000e+00 0.000000000000000000e+00 -0.000000000000000000e+00 0.000000000000000000e+00
0.000000000000000000e+00 0.000000000000000000e+00 0.000000000000000000e+00 -0.000000000000000000e+00 0.000000000000000000e+00
0.000000000000000000e+00 0.000000000000000000e+00 0.000000000000000000e+00 -0.000000000000000000e+00 0.000000000000000000e+00
1.418742051711067032e-03 7.306644563483916310e-06 1.000000000000000082e-05 8.471456563754387395e-03 1.520916072156375774e-02
1.471747660911115231e-02 1.000000000000000082e-05 1.000000000000000082e-05 2.313466609575593608e-02 4.351545008583074942e-02
3.356607019314562790e-02 1.000000000000000082e-05 1.000000000000000082e-05 1.882415512976337232e-02 1.076268865538879127e-01
3.053329302514123239e-02 1.000000000000000082e-05 4.870705312818381788e-02 2.326091565165975747e-02 1.307962929645494765e-01
4.409486873525605977e-02 1.000000000000000082e-05 9.692140111757210907e-02 4.523128469242637673e-02 6.117231557849409085e-02
5.198099160122979234e-02 4.046641561426526229e-02 6.643173157044718335e-02 9.679443217009139899e-02 1.000000000000000082e-05
4.656387147452754893e-02 7.640174864557083834e-02 1.000000000000000082e-05 8.355171359287073829e-02 9.979843183900934805e-03
9.020236503738942105e-03 1.121289121170632175e-01 1.000000000000000082e-05 5.466557050615050706e-02 8.267698106926503476e-02
1.000000000000000082e-05 8.786841611659773621e-02 1.000000000000000082e-05 2.629957953336251736e-02 1.243721329445729024e-01
1.000000000000000082e-05 1.803362413056368296e-02 6.436079445167929014e-02 1.237830376593105665e-02 1.014989595891391677e-01
1.000000000000000082e-05 1.000000000000000082e-05 1.241828958784233911e-01 8.428695300800280454e-03 2.190475023533207388e-02
4.563821749178985365e-03 2.495293915672466833e-02 1.133760643146138475e-01 1.000000000000000082e-05 1.000000000000000082e-05
3.314423507584116080e-02 8.058760359412317498e-02 2.321785787787642580e-02 6.600979338247062178e-02 1.000000000000000082e-05
6.029181037254667530e-02 1.106078789997947398e-01 1.000000000000000082e-05 5.876343593169566087e-02 1.000000000000000082e-05
9.400040867589616600e-02 7.344157745639726120e-02 1.000000000000000082e-05 2.454691266132986646e-02 1.000000000000000082e-05
7.523943773855629180e-02 2.230420725382410707e-02 1.000000000000000082e-05 1.340159264305008230e-02 1.000000000000000082e-05
4.976020406920633049e-02 6.351147352805374888e-03 1.000000000000000082e-05 4.735843171462562028e-03 2.046863957194854780e-05
1.516141060964957231e-02 1.320625989175831967e-02 1.000000000000000082e-05 1.000000000000000082e-05 1.416588206462970727e-03
1.752113546957880056e-06 1.266285783523371164e-02 1.000000000000000082e-05 1.000000000000000082e-05 1.212849688175111733e-03
0.000000000000000000e+00 0.000000000000000000e+00 0.000000000000000000e+00 -0.000000000000000000e+00 0.000000000000000000e+00
0.000000000000000000e+00 0.000000000000000000e+00 0.000000000000000000e+00 -0.000000000000000000e+00 0.000000000000000000e+00
0.000000000000000000e+00 0.000000000000000000e+00 0.000000000000000000e+00 -0.000000000000000000e+00 0.000000000000000000e+00
0.000000000000000000e+00 0.000000000000000000e+00 0.000000000000000000e+00 -0.000000000000000000e+00 0.000000000000000000e+00
0.000000000000000000e+00 0.000000000000000000e+00 0.000000000000000000e+00 -0.000000000000000000e+00 0.000000000000000000e+00
0.000000000000000000e+00 0.000000000000000000e+00 0.000000000000000000e+00 -0.000000000000000000e+00 0.000000000000000000e+00
0.000000000000000000e+00 0.000000000000000000e+00 0.000000000000000000e+00 -0.000000000000000000e+00 0.000000000000000000e+00
0.000000000000000000e+00 0.000000000000000000e+00 0.000000000000000000e+00 -0.000000000000000000e+00 0.000000000000000000e+00
0.000000000000000000e+00 0.000000000000000000e+00 0.000000000000000000e+00 -0.000000000000000000e+00 0.000000000000000000e+00
1.000000000000000082e-05 1.206725950370458184e-03 1.000000000000000082e-05 1.683327218209026629e-02 1.347106589298344669e-02
1.010328860027561067e-02 1.000000000000000082e-05 1.000000000000000082e-05 3.362677609358618452e-02 4.761148764729940253e-02
2.413322185608425194e-02 1.000000000000000082e-05 3.385740305221074473e-03 1.369969450909098649e-02 1.111443459791345428e-01
2.849144877905239806e-02 1.000000000000000082e-05 7.870412968524446995e-02 1.594433203184714154e-02 1.124244305438573399e-01
5.433064760002653121e-02 1.000000000000000082e-05 1.010888180103253764e-01 3.699864658660225597e-02 5.064934881547462908e-02
7.280246243447327514e-02 2.758620559384887885e-02 5.835945251183866089e-02 8.420778824751022629e-02 4.851716696061978730e-03
9.327988709327400541e-02 6.141467702248600696e-02 1.000000000000000082e-05 6.728287968320162404e-02 4.798572285087807782e-02
6.918643182990764917e-02 8.768229009251589379e-02 1.000000000000000082e-05 3.111637916485089292e-02 1.125686071860380888e-01
3.920254676715662079e-02 6.617718004845524193e-02 3.431539487069205918e-02 3.498547880224599661e-03 1.166608791054384864e-01
3.491255124457859349e-02 1.000000000000000082e-05 1.077625790871638289e-01 8.808379626671916044e-04 5.718427889074211012e-02
4.897353164553295418e-02 1.000000000000000082e-05 1.213568056648180182e-01 1.284146313067670818e-02 1.000000000000000082e-05
7.338674610810323740e-02 2.650798323886704652e-02 7.936274529430056845e-02 2.037324659012995642e-02 1.000000000000000082e-05
1.042646155022866061e-01 7.674331984930687911e-02 7.398037532430846476e-03 5.441905761934963393e-02 1.000000000000000082e-05
7.506598249686097235e-02 1.033137711675658071e-01 1.000000000000000082e-05 4.586777914809625489e-02 1.000000000000000082e-05
8.891550895288730105e-02 6.688129050216916338e-02 1.000000000000000082e-05 2.466391677542451727e-02 1.000000000000000082e-05
6.267765937218959527e-02 2.288015193886854676e-02 1.000000000000000082e-05 1.750809773215156184e-02 1.000000000000000082e-05
2.735634900202329328e-02 1.052631360414848193e-02 1.000000000000000082e-05 1.000000000000000082e-05 9.046785366049282578e-04
1.477938658380592921e-02 1.326472407086145416e-02 1.000000000000000082e-05 1.000000000000000082e-05 1.434679063045375463e-03
2.589356433956658057e-04 9.595922194881574205e-03 1.000000000000000082e-05 1.000000000000000082e-05 9.219604034539617427e-04
0.000000000000000000e+00 0.000000000000000000e+00 0.000000000000000000e+00 -0.000000000000000000e+00 0.000000000000000000e+00
0.000000000000000000e+00 0.000000000000000000e+00 0.000000000000000000e+00 -0.000000000000000000e+00 0.000000000000000000e+00
0.000000000000000000e+00 0.000000000000000000e+00 0.000000000000000000e+00 -0.000000000000000000e+00 0.000000000000000000e+00
0.000000000000000000e+00 0.000000000000000000e+00 0.000000000000000000e+00 -0.000000000000000000e+00 0.000000000000000000e+00
0.000000000000000000e+00 0.000000000000000000e+00 0.000000000000000000e+00 -0.000000000000000000e+00 0.000000000000000000e+00
0.000000000000000000e+00 0.000000000000000000e+00 0.000000000000000000e+00 -0.000000000000000000e+00 0.000000000000000000e+00
0.000000000000000000e+00 0.000000000000000000e+00 0.000000000000000000e+00 -0.000000000000000000e+00 0.000000000000000000e+00
0.000000000000000000e+00 0.000000000000000000e+00 0.000000000000000000e+00 -0.000000000000000000e+00 0.000000000000000000e+00
0.000000000000000000e+00 0.000000000000000000e+00 0.000000000000000000e+00 -0.000000000000000000e+00 0.000000000000000000e+00
1.000000000000000082e-05 7.713024835635718572e-04 1.000000000000000082e-05 1.207018603073712129e-02 1.009982908125681839e-02
2.171968553041543366e-03 1.000000000000000082e-05 1.000000000000000082e-05 3.140754151087885027e-02 3.742192797224682538e-02
1.000000000000000082e-05 1.000000000000000082e-05 8.760848296453092876e-03 2.592662502082384787e-02 9.573351016493437948e-02
1.000000000000000082e-05 1.000000000000000082e-05 7.309954978713030516e-02 2.129840313803212093e-02 1.142434668283897753e-01
2.303688132425860124e-02 1.000000000000000082e-05 9.649360873654327930e-02 3.581656084261304607e-02 8.343365722545428853e-02
7.197005222547796233e-02 1.162426858668487700e-03 7.881459935720636079e-02 5.509940721933043184e-02 7.321014508098985796e-02
1.001409831427777508e-01 3.153893889597357558e-02 6.573682435552188896e-02 3.507530472292671314e-02 9.343583505550072388e-02
1.101341978228754376e-01 5.726172237119774022e-02 7.266538281840290159e-02 1.578000412694086432e-02 9.267120748783240491e-02
1.020541056347491760e-01 4.507658302534069128e-02 9.321580246380464785e-02 8.562358712888561499e-03 6.021404859401801452e-02
1.034097222882295747e-01 1.000000000000000082e-05 1.228062089666845380e-01 1.524891289527740765e-02 1.000000000000000082e-05
1.141502156866469470e-01 4.114167595227776093e-03 9.464658776476035651e-02 1.369880471042657366e-02 1.000000000000000082e-05
1.175293724160247771e-01 4.889672627335453492e-02 2.942556760324271242e-02 3.222215593507551240e-02 1.000000000000000082e-05
9.666310547028023059e-02 7.350153752778228189e-02 1.000000000000000082e-05 4.828243864321827422e-02 1.000000000000000082e-05
6.927174788592087296e-02 9.497677292942180438e-02 1.000000000000000082e-05 4.463122782988428183e-02 1.000000000000000082e-05
7.560430311074742282e-02 4.938646255338872276e-02 1.000000000000000082e-05 2.103564460450306831e-02 1.000000000000000082e-05
3.408112838330211447e-02 1.389057402055127004e-02 1.000000000000000082e-05 9.821053319720572661e-03 1.000000000000000082e-05
1.045141202034703329e-02 6.201697377140736982e-03 1.000000000000000082e-05 1.000000000000000082e-05 7.069834447555020706e-04
6.186904826821171439e-03 6.053656484591543249e-03 1.000000000000000082e-05 1.000000000000000082e-05 6.485486466661956198e-04
7.743945473678077085e-05 1.314837029602945002e-03 1.000000000000000082e-05 1.000000000000000082e-05 1.267935635369022188e-04
0.000000000000000000e+00 0.000000000000000000e+00 0.000000000000000000e+00 -0.000000000000000000e+00 0.000000000000000000e+00
0.000000000000000000e+00 0.000000000000000000e+00 0.000000000000000000e+00 -0.000000000000000000e+00 0.000000000000000000e+00
0.000000000000000000e+00 0.000000000000000000e+00 0.000000000000000000e+00 -0.000000000000000000e+00 0.000000000000000000e+00
0.000000000000000000e+00 0.000000000000000000e+00 0.000000000000000000e+00 -0.000000000000000000e+00 0.000000000000000000e+00
0.000000000000000000e+00 0.000000000000000000e+00 0.000000000000000000e+00 -0.000000000000000000e+00 0.000000000000000000e+00
0.000000000000000000e+00 0.000000000000000000e+00 0.000000000000000000e+00 -0.000000000000000000e+00 0.000000000000000000e+00
0.000000000000000000e+00 0.000000000000000000e+00 0.000000000000000000e+00 -0.000000000000000000e+00 0.000000000000000000e+00
0.000000000000000000e+00 0.000000000000000000e+00 0.000000000000000000e+00 -0.000000000000000000e+00 0.000000000000000000e+00
0.000000000000000000e+00 0.000000000000000000e+00 0.000000000000000000e+00 -0.000000000000000000e+00 0.000000000000000000e+00
1.000000000000000082e-05 1.618446618108022774e-04 1.000000000000000082e-05 4.157260872891791262e-03 3.173524311727350580e-03
1.000000000000000082e-05 1.000000000000000082e-05 1.000000000000000082e-05 1.554850358229923311e-02 1.614561065103686452e-02
1.000000000000000082e-05 1.000000000000000082e-05 1.952835891713917754e-03 3.067871127855397936e-02 6.684985354920744416e-02
1.000000000000000082e-05 1.000000000000000082e-05 4.189851639152609997e-02 3.481352611468176844e-02 1.005479348416289387e-01
1.000000000000000082e-05 1.000000000000000082e-05 7.990430923354065185e-02 3.448557926482341551e-02 1.052582540829471447e-01
1.690345770730549216e-02 1.000000000000000082e-05 1.019767815811533224e-01 2.125767824507094825e-02 9.384610538276286218e-02
6.097127725587186964e-02 1.000000000000000082e-05 1.192551862303419946e-01 2.380332314799846541e-02 7.089847462793283372e-02
8.928412910408523029e-02 2.589153892422506667e-02 1.178066386356171197e-01 3.211628009562608743e-02 4.054590887925524356e-02
9.817194723147296131e-02 5.457262321569984753e-02 1.113435401544399656e-01 3.068070986320948698e-02 1.000000000000000082e-05
9.346388199159263999e-02 7.231710367950873464e-02 8.045238289932939157e-02 2.835320093038966316e-02 1.000000000000000082e-05
1.007448609049090144e-01 9.023348050076648863e-02 2.768599868137990722e-02 2.668905732228748010e-02 1.000000000000000082e-05
6.635067054322643654e-02 1.019546771302487220e-01 1.000000000000000082e-05 4.741291641424147385e-02 1.000000000000000082e-05
4.491359720898410735e-02 9.611245927666578481e-02 1.000000000000000082e-05 4.853964658186018383e-02 1.000000000000000082e-05
3.618015009439676938e-02 7.056110794211745141e-02 1.000000000000000082e-05 1.931452794023399977e-02 1.000000000000000082e-05
1.065568345888352232e-02 3.338244913445476830e-02 1.000000000000000082e-05 1.359777318572035452e-02 1.000000000000000082e-05
1.000000000000000082e-05 4.877857932577842406e-03 1.000000000000000082e-05 3.750385962711879143e-03 1.000000000000000082e-05
2.494115522406576638e-04 1.015807992620667309e-05 1.000000000000000082e-05 1.000000000000000082e-05 3.743955694012860574e-06
0.000000000000000000e+00 0.000000000000000000e+00 0.000000000000000000e+00 -0.000000000000000000e+00 0.000000000000000000e+00
0.000000000000000000e+00 0.000000000000000000e+00 0.000000000000000000e+00 -0.000000000000000000e+00 0.000000000000000000e+00
0.000000000000000000e+00 0.000000000000000000e+00 0.000000000000000000e+00 -0.000000000000000000e+00 0.000000000000000000e+00
0.000000000000000000e+00 0.000000000000000000e+00 0.000000000000000000e+00 -0.000000000000000000e+00 0.000000000000000000e+00
0.000000000000000000e+00 0.000000000000000000e+00 0.000000000000000000e+00 -0.000000000000000000e+00 0.000000000000000000e+00
0.000000000000000000e+00 0.000000000000000000e+00 0.000000000000000000e+00 -0.000000000000000000e+00 0.000000000000000000e+00
0.000000000000000000e+00 0.000000000000000000e+00 0.000000000000000000e+00 -0.000000000000000000e+00 0.000000000000000000e+00
0.000000000000000000e+00 0.000000000000000000e+00 0.000000000000000000e+00 -0.000000000000000000e+00 0.000000000000000000e+00
0.000000000000000000e+00 0.000000000000000000e+00 0.000000000000000000e+00 -0.000000000000000000e+00 0.000000000000000000e+00
0.000000000000000000e+00 0.000000000000000000e+00 0.000000000000000000e+00 -0.000000000000000000e+00 0.000000000000000000e+00
0.000000000000000000e+00 0.000000000000000000e+00 0.000000000000000000e+00 -0.000000000000000000e+00 0.000000000000000000e+00
0.000000000000000000e+00 0.000000000000000000e+00 0.000000000000000000e+00 -0.000000000000000000e+00 0.000000000000000000e+00
1.000000000000000082e-05 8.450925721937864986e-05 1.000000000000000082e-05 1.844293708173638758e-03 2.949295372112025002e-03
1.000000000000000082e-05 1.000000000000000082e-05 1.000000000000000082e-05 1.307036808215845079e-02 1.901278304656937868e-02
1.000000000000000082e-05 1.000000000000000082e-05 1.075338914719265251e-02 2.224067964239822767e-02 4.610868386230467658e-02
1.000000000000000082e-05 1.000000000000000082e-05 3.375748839074646512e-02 1.768893718037058485e-02 6.875235327054556034e-02
1.000000000000000082e-05 1.000000000000000082e-05 4.944673821192812485e-02 2.356244336480014384e-02 6.576791120171397720e-02
1.000000000000000082e-05 1.000000000000000082e-05 5.769390625100680181e-02 3.730416117512200258e-02 3.794678891883477428e-02
1.000000000000000082e-05 1.339857440562896261e-02 6.084627920383433447e-02 5.634986379544311419e-02 1.000000000000000082e-05
9.748018821986531579e-03 6.043065921674378033e-02 3.759081436556922090e-02 5.950948537892159634e-02 1.000000000000000082e-05
2.130499679718332942e-02 9.752350240873554343e-02 1.097858024471384635e-02 4.711504524168476371e-02 1.000000000000000082e-05
2.034453505998585696e-02 1.119250922543095911e-01 1.000000000000000082e-05 4.403086202875616806e-02 1.000000000000000082e-05
1.782636389025570034e-02 1.045752455459602603e-01 1.000000000000000082e-05 3.245156041318188883e-02 1.000000000000000082e-05
5.271394893121605744e-03 7.032426065351485289e-02 1.000000000000000082e-05 2.677408696446883715e-02 1.000000000000000082e-05
1.000000000000000082e-05 3.378585172561279770e-02 1.000000000000000082e-05 5.505556314945374459e-03 1.000000000000000082e-05
1.000000000000000082e-05 8.846670093350579925e-03 1.000000000000000082e-05 6.774827283950332624e-03 1.000000000000000082e-05
1.000000000000000082e-05 1.614035629363998843e-03 1.000000000000000082e-05 1.328019849053265139e-03 1.000000000000000082e-05
0.000000000000000000e+00 0.000000000000000000e+00 0.000000000000000000e+00 -0.000000000000000000e+00 0.000000000000000000e+00
0.000000000000000000e+00 0.000000000000000000e+00 0.000000000000000000e+00 -0.000000000000000000e+00 0.000000000000000000e+00
0.000000000000000000e+00 0.000000000000000000e+00 0.000000000000000000e+00 -0.000000000000000000e+00 0.000000000000000000e+00
0.000000000000000000e+00 0.000000000000000000e+00 0.000000000000000000e+00 -0.000000000000000000e+00 0.000000000000000000e+00
0.000000000000000000e+00 0.000000000000000000e+00 0.000000000000000000e+00 -0.000000000000000000e+00 0.000000000000000000e+00
0.000000000000000000e+00 0.000000000000000000e+00 0.000000000000000000e+00 -0.000000000000000000e+00 0.000000000000000000e+00
0.000000000000000000e+00 0.000000000000000000e+00 0.000000000000000000e+00 -0.000000000000000000e+00 0.000000000000000000e+00
0.000000000000000000e+00 0.000000000000000000e+00 0.000000000000000000e+00 -0.000000000000000000e+00 0.000000000000000000e+00
0.000000000000000000e+00 0.000000000000000000e+00 0.000000000000000000e+00 -0.000000000000000000e+00 0.000000000000000000e+00
0.000000000000000000e+00 0.000000000000000000e+00 0.000000000000000000e+00 -0.000000000000000000e+00 0.000000000000000000e+00
0.000000000000000000e+00 0.000000000000000000e+00 0.000000000000000000e+00 -0.000000000000000000e+00 0.000000000000000000e+00
0.000000000000000000e+00 0.000000000000000000e+00 0.000000000000000000e+00 -0.000000000000000000e+00 0.000000000000000000e+00
0.000000000000000000e+00 0.000000000000000000e+00 0.000000000000000000e+00 -0.000000000000000000e+00 0.000000000000000000e+00
0.000000000000000000e+00 0.000000000000000000e+00 0.000000000000000000e+00 -0.000000000000000000e+00 0.000000000000000000e+00
1.000000000000000082e-05 1.000000000000000082e-05 1.814548058296617345e-04 3.836556232286466401e-04 1.000000000000000082e-05
1.000000000000000082e-05 1.000000000000000082e-05 3.060537724993625790e-03 6.470991511789840264e-03 1.000000000000000082e-05
1.000000000000000082e-05 1.000000000000000082e-05 2.999546856331709605e-03 6.651336922161590025e-03 1.000000000000000082e-05
1.000000000000000082e-05 1.000000000000000082e-05 2.279854606121084742e-03 8.779412764548230608e-03 1.000000000000000082e-05
1.000000000000000082e-05 5.160153846722703675e-04 1.995011741447756583e-03 1.418882838610651190e-02 1.000000000000000082e-05
1.000000000000000082e-05 3.662975003697716350e-03 1.013782065996183309e-03 1.331263760587515083e-02 1.000000000000000082e-05
1.000000000000000082e-05 9.938883271851493492e-03 6.435048359188667432e-05 8.415864730239114300e-03 1.000000000000000082e-05
1.000000000000000082e-05 1.967442046039978229e-02 1.000000000000000082e-05 1.991342606761651451e-02 1.000000000000000082e-05
1.000000000000000082e-05 1.813850882370704465e-02 1.000000000000000082e-05 1.328550812268407613e-02 1.000000000000000082e-05
1.000000000000000082e-05 2.316198458214373604e-02 1.000000000000000082e-05 7.785425512379075264e-03 1.000000000000000082e-05
1.000000000000000082e-05 1.252893372245345895e-02 1.000000000000000082e-05 7.638156764158017357e-03 1.000000000000000082e-05
1.000000000000000082e-05 8.363639170340721532e-03 1.000000000000000082e-05 6.881557399639642511e-03 1.000000000000000082e-05
1.000000000000000082e-05 1.650718257304089080e-03 1.000000000000000082e-05 1.358202118349929009e-03 1.000000000000000082e-05
0.000000000000000000e+00 0.000000000000000000e+00 0.000000000000000000e+00 -0.000000000000000000e+00 0.000000000000000000e+00
0.000000000000000000e+00 0.000000000000000000e+00 0.000000000000000000e+00 -0.000000000000000000e+00 0.000000000000000000e+00
0.000000000000000000e+00 0.000000000000000000e+00 0.000000000000000000e+00 -0.000000000000000000e+00 0.000000000000000000e+00
0.000000000000000000e+00 0.000000000000000000e+00 0.000000000000000000e+00 -0.000000000000000000e+00 0.000000000000000000e+00
0.000000000000000000e+00 0.000000000000000000e+00 0.000000000000000000e+00 -0.000000000000000000e+00 0.000000000000000000e+00
0.000000000000000000e+00 0.000000000000000000e+00 0.000000000000000000e+00 -0.000000000000000000e+00 0.000000000000000000e+00
0.000000000000000000e+00 0.000000000000000000e+00 0.000000000000000000e+00 -0.000000000000000000e+00 0.000000000000000000e+00
0.000000000000000000e+00 0.000000000000000000e+00 0.000000000000000000e+00 -0.000000000000000000e+00 0.000000000000000000e+00
0.000000000000000000e+00 0.000000000000000000e+00 0.000000000000000000e+00 -0.000000000000000000e+00 0.000000000000000000e+00
0.000000000000000000e+00 0.000000000000000000e+00 0.000000000000000000e+00 -0.000000000000000000e+00 0.000000000000000000e+00
0.000000000000000000e+00 0.000000000000000000e+00 0.000000000000000000e+00 -0.000000000000000000e+00 0.000000000000000000e+00
0.000000000000000000e+00 0.000000000000000000e+00 0.000000000000000000e+00 -0.000000000000000000e+00 0.000000000000000000e+00
0.000000000000000000e+00 0.000000000000000000e+00 0.000000000000000000e+00 -0.000000000000000000e+00 0.000000000000000000e+00
0.000000000000000000e+00 0.000000000000000000e+00 0.000000000000000000e+00 -0.000000000000000000e+00 0.000000000000000000e+00
0.000000000000000000e+00 0.000000000000000000e+00 0.000000000000000000e+00 -0.000000000000000000e+00 0.000000000000000000e+00
0.000000000000000000e+00 0.000000000000000000e+00 0.000000000000000000e+00 -0.000000000000000000e+00 0.000000000000000000e+00
0.000000000000000000e+00 0.000000000000000000e+00 0.000000000000000000e+00 -0.000000000000000000e+00 0.000000000000000000e+00
0.000000000000000000e+00 0.000000000000000000e+00 0.000000000000000000e+00 -0.000000000000000000e+00 0.000000000000000000e+00
0.000000000000000000e+00 0.000000000000000000e+00 0.000000000000000000e+00 -0.000000000000000000e+00 0.000000000000000000e+00
0.000000000000000000e+00 0.000000000000000000e+00 0.000000000000000000e+00 -0.000000000000000000e+00 0.000000000000000000e+00
0.000000000000000000e+00 0.000000000000000000e+00 0.000000000000000000e+00 -0.000000000000000000e+00 0.000000000000000000e+00
0.000000000000000000e+00 0.000000000000000000e+00 0.000000000000000000e+00 -0.000000000000000000e+00 0.000000000000000000e+00
0.000000000000000000e+00 0.000000000000000000e+00 0.000000000000000000e+00 -0.000000000000000000e+00 0.000000000000000000e+00
0.000000000000000000e+00 0.000000000000000000e+00 0.000000000000000000e+00 -0.000000000000000000e+00 0.000000000000000000e+00
0.000000000000000000e+00 0.000000000000000000e+00 0.000000000000000000e+00 -0.000000000000000000e+00 0.000000000000000000e+00
0.000000000000000000e+00 0.000000000000000000e+00 0.000000000000000000e+00 -0.000000000000000000e+00 0.000000000000000000e+00
0.000000000000000000e+00 0.000000000000000000e+00 0.000000000000000000e+00 -0.000000000000000000e+00 0.000000000000000000e+00
0.000000000000000000e+00 0.000000000000000000e+00 0.000000000000000000e+00 -0.000000000000000000e+00 0.000000000000000000e+00
0.000000000000000000e+00 0.000000000000000000e+00 0.000000000000000000e+00 -0.000000000000000000e+00 0.000000000000000000e+00
0.000000000000000000e+00 0.000000000000000000e+00 0.000000000000000000e+00 -0.000000000000000000e+00 0.000000000000000000e+00
0.000000000000000000e+00 0.000000000000000000e+00 0.000000000000000000e+00 -0.000000000000000000e+00 0.000000000000000000e+00
0.000000000000000000e+00 0.000000000000000000e+00 0.000000000000000000e+00 -0.000000000000000000e+00 0.000000000000000000e+00
0.000000000000000000e+00 0.000000000000000000e+00 0.000000000000000000e+00 -0.000000000000000000e+00 0.000000000000000000e+00
0.000000000000000000e+00 0.000000000000000000e+00 0.000000000000000000e+00 -0.000000000000000000e+00 0.000000000000000000e+00
0.000000000000000000e+00 0.000000000000000000e+00 0.000000000000000000e+00 -0.000000000000000000e+00 0.000000000000000000e+00
0.000000000000000000e+00 0.000000000000000000e+00 0.000000000000000000e+00 -0.000000000000000000e+00 0.000000000000000000e+00
0.000000000000000000e+00 0.000000000000000000e+00 0.000000000000000000e+00 -0.000000000000000000e+00 0.000000000000000000e+00
0.000000000000000000e+00 0.000000000000000000e+00 0.000000000000000000e+00 -0.000000000000000000e+00 0.000000000000000000e+00
0.000000000000000000e+00 0.000000000000000000e+00 0.000000000000000000e+00 -0.000000000000000000e+00 0.000000000000000000e+00
0.000000000000000000e+00 0.000000000000000000e+00 0.000000000000000000e+00 -0.000000000000000000e+00 0.000000000000000000e+00
0.000000000000000000e+00 0.000000000000000000e+00 0.000000000000000000e+00 -0.000000000000000000e+00 0.000000000000000000e+00
0.000000000000000000e+00 0.000000000000000000e+00 0.000000000000000000e+00 -0.000000000000000000e+00 0.000000000000000000e+00
0.000000000000000000e+00 0.000000000000000000e+00 0.000000000000000000e+00 -0.000000000000000000e+00 0.000000000000000000e+00
0.000000000000000000e+00 0.000000000000000000e+00 0.000000000000000000e+00 -0.000000000000000000e+00 0.000000000000000000e+00
0.000000000000000000e+00 0.000000000000000000e+00 0.000000000000000000e+00 -0.000000000000000000e+00 0.000000000000000000e+00
0.000000000000000000e+00 0.000000000000000000e+00 0.000000000000000000e+00 -0.000000000000000000e+00 0.000000000000000000e+00
0.000000000000000000e+00 0.000000000000000000e+00 0.000000000000000000e+00 -0.000000000000000000e+00 0.000000000000000000e+00
0.000000000000000000e+00 0.000000000000000000e+00 0.000000000000000000e+00 -0.000000000000000000e+00 0.000000000000000000e+00
0.000000000000000000e+00 0.000000000000000000e+00 0.000000000000000000e+00 -0.000000000000000000e+00 0.000000000000000000e+00
0.000000000000000000e+00 0.000000000000000000e+00 0.000000000000000000e+00 -0.000000000000000000e+00 0.000000000000000000e+00
0.000000000000000000e+00 0.000000000000000000e+00 0.000000000000000000e+00 -0.000000000000000000e+00 0.000000000000000000e+00
0.000000000000000000e+00 0.000000000000000000e+00 0.000000000000000000e+00 -0.000000000000000000e+00 0.000000000000000000e+00
0.000000000000000000e+00 0.000000000000000000e+00 0.000000000000000000e+00 -0.000000000000000000e+00 0.000000000000000000e+00
0.000000000000000000e+00 0.000000000000000000e+00 0.000000000000000000e+00 -0.000000000000000000e+00 0.000000000000000000e+00
0.000000000000000000e+00 0.000000000000000000e+00 0.000000000000000000e+00 -0.000000000000000000e+00 0.000000000000000000e+00
0.000000000000000000e+00 0.000000000000000000e+00 0.000000000000000000e+00 -0.000000000000000000e+00 0.000000000000000000e+00
0.000000000000000000e+00 0.000000000000000000e+00 0.000000000000000000e+00 -0.000000000000000000e+00 0.000000000000000000e+00
0.000000000000000000e+00 0.000000000000000000e+00 0.000000000000000000e+00 -0.000000000000000000e+00 0.000000000000000000e+00
0.000000000000000000e+00 0.000000000000000000e+00 0.000000000000000000e+00 -0.000000000000000000e+00 0.000000000000000000e+00
0.000000000000000000e+00 0.000000000000000000e+00 0.000000000000000000e+00 -0.000000000000000000e+00 0.000000000000000000e+00
0.000000000000000000e+00 0.000000000000000000e+00 0.000000000000000000e+00 -0.000000000000000000e+00 0.000000000000000000e+00
0.000000000000000000e+00 0.000000000000000000e+00 0.000000000000000000e+00 -0.000000000000000000e+00 0.000000000000000000e+00
0.000000000000000000e+00 0.000000000000000000e+00 0.000000000000000000e+00 -0.000000000000000000e+00 0.000000000000000000e+00
0.000000000000000000e+00 0.000000000000000000e+00 0.000000000000000000e+00 -0.000000000000000000e+00 0.000000000000000000e+00
