0.000000000000000000e+00 0.000000000000000000e+00 0.000000000000000000e+00 0.000000000000000000e+00 -0.000000000000000000e+00
0.000000000000000000e+00 0.000000000000000000e+00 0.000000000000000000e+00 0.000000000000000000e+00 -0.000000000000000000e+00
0.000000000000000000e+00 0.000000000000000000e+00 0.000000000000000000e+00 0.000000000000000000e+00 -0.000000000000000000e+00
0.000000000000000000e+00 0.000000000000000000e+00 0.000000000000000000e+00 -0.000000000000000000e+00 -0.000000000000000000e+00
0.000000000000000000e+00 0.000000000000000000e+00 0.000000000000000000e+00 -0.000000000000000000e+00 -0.000000000000000000e+00
0.000000000000000000e+00 0.000000000000000000e+00 0.000000000000000000e+00 -0.000000000000000000e+00 -0.000000000000000000e+00
0.000000000000000000e+00 0.000000000000000000e+00 0.000000000000000000e+00 -0.000000000000000000e+00 -0.000000000000000000e+00
0.000000000000000000e+00 0.000000000000000000e+00 0.000000000000000000e+00 -0.000000000000000000e+00 -0.000000000000000000e+00
0.000000000000000000e+00 0.000000000000000000e+00 0.000000000000000000e+00 -0.000000000000000000e+00 -0.000000000000000000e+00
0.000000000000000000e+00 0.000000000000000000e+00 0.000000000000000000e+00 -0.000000000000000000e+00 -0.000000000000000000e+00
0.000000000000000000e+00 0.000000000000000000e+00 0.000000000000000000e+00 -0.000000000000000000e+00 -0.000000000000000000e+00
0.000000000000000000e+00 0.000000000000000000e+00 0.000000000000000000e+00 -0.000000000000000000e+00 -0.000000000000000000e+00
0.000000000000000000e+00 0.000000000000000000e+00 0.000000000000000000e+00 -0.000000000000000000e+00 -0.000000000000000000e+00
0.000000000000000000e+00 0.000000000000000000e+00 0.000000000000000000e+00 -0.000000000000000000e+00 -0.000000000000000000e+00
0.000000000000000000e+00 0.000000000000000000e+00 0.000000000000000000e+00 -0.000000000000000000e+00 -0.000000000000000000e+00
0.000000000000000000e+00 0.000000000000000000e+00 0.000000000000000000e+00 -0.000000000000000000e+00 -0.000000000000000000e+00
0.000000000000000000e+00 0.000000000000000000e+00 0.000000000000000000e+00 -0.000000000000000000e+00 -0.000000000000000000e+00
0.000000000000000000e+00 0.000000000000000000e+00 0.000000000000000000e+00 -0.000000000000000000e+00 -0.000000000000000000e+00
0.000000000000000000e+00 0.000000000000000000e+00 0.000000000000000000e+00 -0.000000000000000000e+00 -0.000000000000000000e+00
0.000000000000000000e+00 0.000000000000000000e+00 0.000000000000000000e+00 -0.000000000000000000e+00 -0.000000000000000000e+00
0.000000000000000000e+00 0.000000000000000000e+00 0.000000000000000000e+00 -0.000000000000000000e+00 -0.000000000000000000e+00
0.000000000000000000e+00 0.000000000000000000e+00 0.000000000000000000e+00 -0.000000000000000000e+00 -0.000000000000000000e+00
0.000000000000000000e+00 0.000000000000000000e+00 0.000000000000000000e+00 -0.000000000000000000e+00 -0.000000000000000000e+00
0.000000000000000000e+00 0.000000000000000000e+00 0.000000000000000000e+00 -0.000000000000000000e+00 -0.000000000000000000e+00
0.000000000000000000e+00 0.000000000000000000e+00 0.000000000000000000e+00 -0.000000000000000000e+00 -0.000000000000000000e+00
0.000000000000000000e+00 0.000000000000000000e+00 0.000000000000000000e+00 -0.000000000000000000e+00 -0.000000000000000000e+00
0.000000000000000000e+00 0.000000000000000000e+00 0.000000000000000000e+00 -0.000000000000000000e+00 -0.000000000000000000e+00
0.000000000000000000e+00 0.000000000000000000e+00 0.000000000000000000e+00 -0.000000000000000000e+00 -0.000000000000000000e+00
0.000000000000000000e+00 0.000000000000000000e+00 0.000000000000000000e+00 -0.000000000000000000e+00 -0.000000000000000000e+00
0.000000000000000000e+00 0.000000000000000000e+00 0.000000000000000000e+00 -0.000000000000000000e+00 -0.000000000000000000e+00
0.000000000000000000e+00 0.000000000000000000e+00 0.000000000000000000e+00 -0.000000000000000000e+00 -0.000000000000000000e+00
0.000000000000000000e+00 0.000000000000000000e+00 0.000000000000000000e+00 -0.000000000000000000e+00 -0.000000000000000000e+00
0.000000000000000000e+00 0.000000000000000000e+00 0.000000000000000000e+00 -0.000000000000000000e+00 -0.000000000000000000e+00
0.000000000000000000e+00 0.000000000000000000e+00 0.000000000000000000e+00 -0.000000000000000000e+00 -0.000000000000000000e+00
0.000000000000000000e+00 0.000000000000000000e+00 0.000000000000000000e+00 -0.000000000000000000e+00 -0.000000000000000000e+00
0.000000000000000000e+00 0.000000000000000000e+00 0.000000000000000000e+00 -0.000000000000000000e+00 -0.000000000000000000e+00
0.000000000000000000e+00 0.000000000000000000e+00 0.000000000000000000e+00 -0.000000000000000000e+00 -0.000000000000000000e+00
0.000000000000000000e+00 0.000000000000000000e+00 0.000000000000000000e+00 -0.000000000000000000e+00 -0.000000000000000000e+00
0.000000000000000000e+00 0.000000000000000000e+00 0.000000000000000000e+00 -0.000000000000000000e+00 -0.000000000000000000e+00
0.000000000000000000e+00 0.000000000000000000e+00 0.000000000000000000e+00 -0.000000000000000000e+00 -0.000000000000000000e+00
0.000000000000000000e+00 0.000000000000000000e+00 0.000000000000000000e+00 -0.000000000000000000e+00 -0.000000000000000000e+00
0.000000000000000000e+00 0.000000000000000000e+00 0.000000000000000000e+00 -0.000000000000000000e+00 -0.000000000000000000e+00
0.000000000000000000e+00 0.000000000000000000e+00 0.000000000000000000e+00 -0.000000000000000000e+00 -0.000000000000000000e+00
0.000000000000000000e+00 0.000000000000000000e+00 0.000000000000000000e+00 -0.000000000000000000e+00 -0.000000000000000000e+00
0.000000000000000000e+00 0.000000000000000000e+00 0.000000000000000000e+00 -0.000000000000000000e+00 -0.000000000000000000e+00
0.000000000000000000e+00 0.000000000000000000e+00 0.000000000000000000e+00 -0.000000000000000000e+00 -0.000000000000000000e+00
0.000000000000000000e+00 0.000000000000000000e+00 0.000000000000000000e+00 -0.000000000000000000e+00 -0.000000000000000000e+00
0.000000000000000000e+00 0.000000000000000000e+00 0.000000000000000000e+00 -0.000000000000000000e+00 -0.000000000000000000e+00
0.000000000000000000e+00 0.000000000000000000e+00 0.000000000000000000e+00 -0.000000000000000000e+00 -0.000000000000000000e+00
0.000000000000000000e+00 0.000000000000000000e+00 0.000000000000000000e+00 -0.000000000000000000e+00 -0.000000000000000000e+00
0.000000000000000000e+00 0.000000000000000000e+00 0.000000000000000000e+00 -0.000000000000000000e+00 -0.000000000000000000e+00
0.000000000000000000e+00 0.000000000000000000e+00 0.000000000000000000e+00 -0.000000000000000000e+00 -0.000000000000000000e+00
0.000000000000000000e+00 0.000000000000000000e+00 0.000000000000000000e+00 -0.000000000000000000e+00 -0.000000000000000000e+00
0.000000000000000000e+00 0.000000000000000000e+00 0.000000000000000000e+00 -0.000000000000000000e+00 -0.000000000000000000e+00
0.000000000000000000e+00 0.000000000000000000e+00 0.000000000000000000e+00 -0.000000000000000000e+00 -0.000000000000000000e+00
0.000000000000000000e+00 0.000000000000000000e+00 0.000000000000000000e+00 -0.000000000000000000e+00 -0.000000000000000000e+00
0.000000000000000000e+00 0.000000000000000000e+00 0.000000000000000000e+00 -0.000000000000000000e+00 -0.000000000000000000e+00
0.000000000000000000e+00 0.000000000000000000e+00 0.000000000000000000e+00 -0.000000000000000000e+00 -0.000000000000000000e+00
0.000000000000000000e+00 0.000000000000000000e+00 0.000000000000000000e+00 -0.000000000000000000e+00 -0.000000000000000000e+00
0.000000000000000000e+00 0.000000000000000000e+00 0.000000000000000000e+00 -0.000000000000000000e+00 -0.000000000000000000e+00
0.000000000000000000e+00 0.000000000000000000e+00 0.000000000000000000e+00 -0.000000000000000000e+00 -0.000000000000000000e+00
0.000000000000000000e+00 0.000000000000000000e+00 0.000000000000000000e+00 -0.000000000000000000e+00 -0.000000000000000000e+00
0.000000000000000000e+00 0.000000000000000000e+00 0.000000000000000000e+00 -0.000000000000000000e+00 -0.000000000000000000e+00
0.000000000000000000e+00 0.000000000000000000e+00 0.000000000000000000e+00 -0.000000000000000000e+00 -0.000000000000000000e+00
0.000000000000000000e+00 0.000000000000000000e+00 0.000000000000000000e+00 -0.000000000000000000e+00 -0.000000000000000000e+00
0.000000000000000000e+00 0.000000000000000000e+00 0.000000000000000000e+00 -0.000000000000000000e+00 -0.000000000000000000e+00
0.000000000000000000e+00 0.000000000000000000e+00 0.000000000000000000e+00 -0.000000000000000000e+00 -0.000000000000000000e+00
0.000000000000000000e+00 0.000000000000000000e+00 0.000000000000000000e+00 -0.000000000000000000e+00 -0.000000000000000000e+00
0.000000000000000000e+00 0.000000000000000000e+00 0.000000000000000000e+00 -0.000000000000000000e+00 -0.000000000000000000e+00
0.000000000000000000e+00 0.000000000000000000e+00 0.000000000000000000e+00 -0.000000000000000000e+00 -0.000000000000000000e+00
0.000000000000000000e+00 0.000000000000000000e+00 0.000000000000000000e+00 -0.000000000000000000e+00 -0.000000000000000000e+00
0.000000000000000000e+00 0.000000000000000000e+00 0.000000000000000000e+00 -0.000000000000000000e+00 -0.000000000000000000e+00
0.000000000000000000e+00 0.000000000000000000e+00 0.000000000000000000e+00 -0.000000000000000000e+00 -0.000000000000000000e+00
0.000000000000000000e+00 0.000000000000000000e+00 0.000000000000000000e+00 -0.000000000000000000e+00 -0.000000000000000000e+00
0.000000000000000000e+00 0.000000000000000000e+00 0.000000000000000000e+00 -0.000000000000000000e+00 -0.000000000000000000e+00
0.000000000000000000e+00 0.000000000000000000e+00 0.000000000000000000e+00 -0.000000000000000000e+00 -0.000000000000000000e+00
0.000000000000000000e+00 0.000000000000000000e+00 0.000000000000000000e+00 -0.000000000000000000e+00 -0.000000000000000000e+00
0.000000000000000000e+00 0.000000000000000000e+00 0.000000000000000000e+00 -0.000000000000000000e+00 -0.000000000000000000e+00
0.000000000000000000e+00 0.000000000000000000e+00 0.000000000000000000e+00 -0.000000000000000000e+00 -0.000000000000000000e+00
0.000000000000000000e+00 0.000000000000000000e+00 0.000000000000000000e+00 -0.000000000000000000e+00 -0.000000000000000000e+00
0.000000000000000000e+00 0.000000000000000000e+00 0.000000000000000000e+00 -0.000000000000000000e+00 -0.000000000000000000e+00
0.000000000000000000e+00 0.000000000000000000e+00 0.000000000000000000e+00 -0.000000000000000000e+00 -0.000000000000000000e+00
0.000000000000000000e+00 0.000000000000000000e+00 0.000000000000000000e+00 -0.000000000000000000e+00 -0.000000000000000000e+00
0.000000000000000000e+00 0.000000000000000000e+00 0.000000000000000000e+00 -0.000000000000000000e+00 -0.000000000000000000e+00
0.000000000000000000e+00 0.000000000000000000e+00 0.000000000000000000e+00 -0.000000000000000000e+00 -0.000000000000000000e+00
0.000000000000000000e+00 0.000000000000000000e+00 0.000000000000000000e+00 -0.000000000000000000e+00 -0.000000000000000000e+00
0.000000000000000000e+00 0.000000000000000000e+00 0.000000000000000000e+00 -0.000000000000000000e+00 -0.000000000000000000e+00
0.000000000000000000e+00 0.000000000000000000e+00 0.000000000000000000e+00 -0.000000000000000000e+00 -0.000000000000000000e+00
0.000000000000000000e+00 0.000000000000000000e+00 0.000000000000000000e+00 -0.000000000000000000e+00 -0.000000000000000000e+00
0.000000000000000000e+00 0.000000000000000000e+00 0.000000000000000000e+00 -0.000000000000000000e+00 -0.000000000000000000e+00
0.000000000000000000e+00 0.000000000000000000e+00 0.000000000000000000e+00 -0.000000000000000000e+00 -0.000000000000000000e+00
0.000000000000000000e+00 0.000000000000000000e+00 0.000000000000000000e+00 -0.000000000000000000e+00 -0.000000000000000000e+00
0.000000000000000000e+00 0.000000000000000000e+00 0.000000000000000000e+00 -0.000000000000000000e+00 -0.000000000000000000e+00
0.000000000000000000e+00 0.000000000000000000e+00 0.000000000000000000e+00 -0.000000000000000000e+00 -0.000000000000000000e+00
0.000000000000000000e+00 0.000000000000000000e+00 0.000000000000000000e+00 -0.000000000000000000e+00 -0.000000000000000000e+00
0.000000000000000000e+00 0.000000000000000000e+00 0.000000000000000000e+00 -0.000000000000000000e+00 -0.000000000000000000e+00
0.000000000000000000e+00 0.000000000000000000e+00 0.000000000000000000e+00 -0.000000000000000000e+00 -0.000000000000000000e+00
0.000000000000000000e+00 0.000000000000000000e+00 0.000000000000000000e+00 -0.000000000000000000e+00 -0.000000000000000000e+00
0.000000000000000000e+00 0.000000000000000000e+00 0.000000000000000000e+00 -0.000000000000000000e+00 -0.000000000000000000e+00
0.000000000000000000e+00 0.000000000000000000e+00 0.000000000000000000e+00 -0.000000000000000000e+00 -0.000000000000000000e+00
0.000000000000000000e+00 0.000000000000000000e+00 0.000000000000000000e+00 -0.000000000000000000e+00 -0.000000000000000000e+00
0.000000000000000000e+00 0.000000000000000000e+00 0.000000000000000000e+00 -0.000000000000000000e+00 -0.000000000000000000e+00
0.000000000000000000e+00 0.000000000000000000e+00 0.000000000000000000e+00 -0.000000000000000000e+00 -0.000000000000000000e+00
0.000000000000000000e+00 0.000000000000000000e+00 0.000000000000000000e+00 -0.000000000000000000e+00 -0.000000000000000000e+00
0.000000000000000000e+00 0.000000000000000000e+00 0.000000000000000000e+00 -0.000000000000000000e+00 -0.000000000000000000e+00
0.000000000000000000e+00 0.000000000000000000e+00 0.000000000000000000e+00 -0.000000000000000000e+00 -0.000000000000000000e+00
0.000000000000000000e+00 0.000000000000000000e+00 0.000000000000000000e+00 -0.000000000000000000e+00 -0.000000000000000000e+00
0.000000000000000000e+00 0.000000000000000000e+00 0.000000000000000000e+00 -0.000000000000000000e+00 -0.000000000000000000e+00
0.000000000000000000e+00 0.000000000000000000e+00 0.000000000000000000e+00 -0.000000000000000000e+00 -0.000000000000000000e+00
0.000000000000000000e+00 0.000000000000000000e+00 0.000000000000000000e+00 -0.000000000000000000e+00 -0.000000000000000000e+00
0.000000000000000000e+00 0.000000000000000000e+00 0.000000000000000000e+00 -0.000000000000000000e+00 -0.000000000000000000e+00
0.000000000000000000e+00 0.000000000000000000e+00 0.000000000000000000e+00 -0.000000000000000000e+00 -0.000000000000000000e+00
0.000000000000000000e+00 0.000000000000000000e+00 0.000000000000000000e+00 -0.000000000000000000e+00 -0.000000000000000000e+00
0.000000000000000000e+00 0.000000000000000000e+00 0.000000000000000000e+00 -0.000000000000000000e+00 -0.000000000000000000e+00
0.000000000000000000e+00 0.000000000000000000e+00 0.000000000000000000e+00 -0.000000000000000000e+00 -0.000000000000000000e+00
0.000000000000000000e+00 0.000000000000000000e+00 0.000000000000000000e+00 -0.000000000000000000e+00 -0.000000000000000000e+00
0.000000000000000000e+00 0.000000000000000000e+00 0.000000000000000000e+00 -0.000000000000000000e+00 -0.000000000000000000e+00
0.000000000000000000e+00 0.000000000000000000e+00 0.000000000000000000e+00 -0.000000000000000000e+00 -0.000000000000000000e+00
0.000000000000000000e+00 0.000000000000000000e+00 0.000000000000000000e+00 -0.000000000000000000e+00 -0.000000000000000000e+00
0.000000000000000000e+00 0.000000000000000000e+00 0.000000000000000000e+00 -0.000000000000000000e+00 -0.000000000000000000e+00
0.000000000000000000e+00 0.000000000000000000e+00 0.000000000000000000e+00 -0.000000000000000000e+00 -0.000000000000000000e+00
0.000000000000000000e+00 0.000000000000000000e+00 0.000000000000000000e+00 -0.000000000000000000e+00 -0.000000000000000000e+00
9.770644112051319382e-05 9.313076179177868363e-06 1.983555178528167677e-05 2.439007992842131894e-04 1.000000000000000082e-05
4.997960596797281158e-04 2.778751085696082920e-05 2.347620915840486263e-04 9.484689121078459031e-04 1.000000000000000082e-05
7.000676013485994604e-04 6.759044418878915246e-05 3.453358216301014114e-04 1.321712052242335301e-03 1.000000000000000082e-05
6.325784028418462122e-04 8.049335597722921036e-05 3.187898051617592461e-04 1.198985501434403616e-03 1.000000000000000082e-05
7.545150266732588524e-04 1.274041208200331929e-04 2.251719456275029811e-04 1.786174587651440495e-03 1.000000000000000082e-05
7.297212064863490850e-04 1.323408357701009639e-04 1.824505558756690793e-04 1.810502025945880502e-03 1.000000000000000082e-05
3.721934054915416491e-04 1.118494716460352486e-04 1.000000000000000082e-05 1.163071416337827825e-03 1.000000000000000082e-05
7.579565002021087692e-05 4.325031861327657785e-05 1.000000000000000082e-05 3.072850465246571971e-04 1.000000000000000082e-05
2.662813524935870270e-06 1.925860204588961609e-06 1.000000000000000082e-05 1.202033150783990514e-05 1.000000000000000082e-05
0.000000000000000000e+00 0.000000000000000000e+00 0.000000000000000000e+00 -0.000000000000000000e+00 -0.000000000000000000e+00
0.000000000000000000e+00 0.000000000000000000e+00 0.000000000000000000e+00 -0.000000000000000000e+00 -0.000000000000000000e+00
0.000000000000000000e+00 0.000000000000000000e+00 0.000000000000000000e+00 -0.000000000000000000e+00 -0.000000000000000000e+00
0.000000000000000000e+00 0.000000000000000000e+00 0.000000000000000000e+00 -0.000000000000000000e+00 -0.000000000000000000e+00
0.000000000000000000e+00 0.000000000000000000e+00 0.000000000000000000e+00 -0.000000000000000000e+00 -0.000000000000000000e+00
0.000000000000000000e+00 0.000000000000000000e+00 0.000000000000000000e+00 -0.000000000000000000e+00 -0.000000000000000000e+00
0.000000000000000000e+00 0.000000000000000000e+00 0.000000000000000000e+00 -0.000000000000000000e+00 -0.000000000000000000e+00
0.000000000000000000e+00 0.000000000000000000e+00 0.000000000000000000e+00 -0.000000000000000000e+00 -0.000000000000000000e+00
0.000000000000000000e+00 0.000000000000000000e+00 0.000000000000000000e+00 -0.000000000000000000e+00 -0.000000000000000000e+00
0.000000000000000000e+00 0.000000000000000000e+00 0.000000000000000000e+00 -0.000000000000000000e+00 -0.000000000000000000e+00
0.000000000000000000e+00 0.000000000000000000e+00 0.000000000000000000e+00 -0.000000000000000000e+00 -0.000000000000000000e+00
0.000000000000000000e+00 0.000000000000000000e+00 0.000000000000000000e+00 -0.000000000000000000e+00 -0.000000000000000000e+00
0.000000000000000000e+00 0.000000000000000000e+00 0.000000000000000000e+00 -0.000000000000000000e+00 -0.000000000000000000e+00
0.000000000000000000e+00 0.000000000000000000e+00 0.000000000000000000e+00 -0.000000000000000000e+00 -0.000000000000000000e+00
0.000000000000000000e+00 0.000000000000000000e+00 0.000000000000000000e+00 -0.000000000000000000e+00 -0.000000000000000000e+00
0.000000000000000000e+00 0.000000000000000000e+00 0.000000000000000000e+00 -0.000000000000000000e+00 -0.000000000000000000e+00
2.490824171749538070e-05 1.000000000000000082e-05 1.000000000000000082e-05 2.943665997517228472e-04 1.000000000000000082e-05
2.568216540744610015e-04 1.000000000000000082e-05 1.000000000000000082e-05 1.596310508702930347e-03 1.000000000000000082e-05
5.934615875673077308e-04 1.000000000000000082e-05 1.000000000000000082e-05 2.818486070970206529e-03 1.000000000000000082e-05
9.885984408225291249e-04 1.000000000000000082e-05 1.000000000000000082e-05 5.170943094001379491e-03 1.000000000000000082e-05
1.907221075468412295e-03 1.000000000000000082e-05 2.424449002691465935e-03 1.009246067514960044e-02 1.000000000000000082e-05
2.816799252223250137e-03 1.000000000000000082e-05 5.284775017089645907e-03 1.451741946379488633e-02 1.000000000000000082e-05
3.726349368257658636e-03 1.000000000000000082e-05 7.688244029900934487e-03 1.376580560891116703e-02 1.000000000000000082e-05
3.308422206322908076e-03 1.000000000000000082e-05 6.240513952224488979e-03 1.308897443800549273e-02 1.000000000000000082e-05
2.567845026040692629e-03 1.378764012290519827e-04 3.037368186707656206e-03 1.230537324389832307e-02 2.418157450746545329e-03
6.527133876190910908e-04 1.820376291925157944e-03 5.500978019084143888e-04 8.452521821763763973e-03 5.339628416157676805e-03
1.000000000000000082e-05 4.941348655061701851e-03 1.000000000000000082e-05 5.388060240895812050e-03 6.468086213255896076e-03
1.000000000000000082e-05 5.918777486301480921e-03 1.000000000000000082e-05 2.861675821402534254e-03 5.837787767674927630e-03
1.000000000000000082e-05 5.032398109748073903e-03 1.000000000000000082e-05 1.661281373709263534e-04 5.050930363471865803e-03
1.000000000000000082e-05 3.427453543943228577e-03 1.000000000000000082e-05 1.000000000000000082e-05 3.253686414127936796e-03
1.000000000000000082e-05 1.228229997605033257e-03 1.000000000000000082e-05 1.000000000000000082e-05 1.616444755649853971e-03
1.000000000000000082e-05 5.179265394903588137e-05 1.000000000000000082e-05 1.000000000000000082e-05 3.178111256009748080e-04
0.000000000000000000e+00 0.000000000000000000e+00 0.000000000000000000e+00 -0.000000000000000000e+00 -0.000000000000000000e+00
0.000000000000000000e+00 0.000000000000000000e+00 0.000000000000000000e+00 -0.000000000000000000e+00 -0.000000000000000000e+00
0.000000000000000000e+00 0.000000000000000000e+00 0.000000000000000000e+00 -0.000000000000000000e+00 -0.000000000000000000e+00
0.000000000000000000e+00 0.000000000000000000e+00 0.000000000000000000e+00 -0.000000000000000000e+00 -0.000000000000000000e+00
0.000000000000000000e+00 0.000000000000000000e+00 0.000000000000000000e+00 -0.000000000000000000e+00 -0.000000000000000000e+00
0.000000000000000000e+00 0.000000000000000000e+00 0.000000000000000000e+00 -0.000000000000000000e+00 -0.000000000000000000e+00
0.000000000000000000e+00 0.000000000000000000e+00 0.000000000000000000e+00 -0.000000000000000000e+00 -0.000000000000000000e+00
0.000000000000000000e+00 0.000000000000000000e+00 0.000000000000000000e+00 -0.000000000000000000e+00 -0.000000000000000000e+00
0.000000000000000000e+00 0.000000000000000000e+00 0.000000000000000000e+00 -0.000000000000000000e+00 -0.000000000000000000e+00
0.000000000000000000e+00 0.000000000000000000e+00 0.000000000000000000e+00 -0.000000000000000000e+00 -0.000000000000000000e+00
1.000000000000000082e-05 4.471613684583650524e-05 1.000000000000000082e-05 8.865011333012002800e-05 1.000000000000000082e-05
9.075032243777845966e-05 1.000000000000000082e-05 1.000000000000000082e-05 2.466189679396954635e-03 1.000000000000000082e-05
3.805725178260699207e-04 1.000000000000000082e-05 1.000000000000000082e-05 5.218455947090793259e-03 1.000000000000000082e-05
8.138842709845175560e-04 1.000000000000000082e-05 1.000000000000000082e-05 1.211802223715014760e-02 1.000000000000000082e-05
1.061144443510767151e-03 1.000000000000000082e-05 1.788019973671793866e-03 2.821211661312177099e-02 1.000000000000000082e-05
3.387709878319707362e-03 1.000000000000000082e-05 1.024955000723882896e-02 4.457535162612780155e-02 1.000000000000000082e-05
1.123512431982786296e-02 1.000000000000000082e-05 2.884094806479754400e-02 5.622371130130608685e-02 1.000000000000000082e-05
2.531637089698680204e-02 1.000000000000000082e-05 4.687005541551576143e-02 6.644969933086142255e-02 1.000000000000000082e-05
4.815105260616799748e-02 1.000000000000000082e-05 5.522603352429532320e-02 6.317531018171557156e-02 8.976989940903587137e-03
7.065022049539858295e-02 4.285961280852421747e-04 4.854414125042977313e-02 5.072521989626256611e-02 3.636671724294078534e-02
7.886342409317723123e-02 2.218940677566042657e-02 3.023704144918588910e-02 3.619248634432657707e-02 6.256234572528519833e-02
6.261729321286560457e-02 5.234011837958977426e-02 3.690580225805591835e-03 2.359955301369170283e-02 7.744394339466516286e-02
3.531927951712845321e-02 7.490946094326518534e-02 1.000000000000000082e-05 9.241533485594503536e-03 7.739085809045380404e-02
4.418127999991989380e-03 7.862080116819328279e-02 1.000000000000000082e-05 1.784423473441248487e-03 6.481483877663442306e-02
1.000000000000000082e-05 6.294787472379906323e-02 1.000000000000000082e-05 1.000000000000000082e-05 4.274577937101782521e-02
1.000000000000000082e-05 3.431941535402146387e-02 1.000000000000000082e-05 1.000000000000000082e-05 2.286578947391486316e-02
1.000000000000000082e-05 1.340030840179894100e-02 1.000000000000000082e-05 9.101603951107568294e-05 7.902026776334565572e-03
1.000000000000000082e-05 2.491514725687574931e-03 1.000000000000000082e-05 1.006324401439227844e-03 2.444325094788964235e-03
1.000000000000000082e-05 2.059218456727474826e-05 1.000000000000000082e-05 3.039731927812105625e-04 3.859816297371998083e-04
2.194266704541903036e-05 1.000000000000000082e-05 1.000000000000000082e-05 1.000000000000000082e-05 1.000000000000000082e-05
0.000000000000000000e+00 0.000000000000000000e+00 0.000000000000000000e+00 -0.000000000000000000e+00 -0.000000000000000000e+00
0.000000000000000000e+00 0.000000000000000000e+00 0.000000000000000000e+00 -0.000000000000000000e+00 -0.000000000000000000e+00
0.000000000000000000e+00 0.000000000000000000e+00 0.000000000000000000e+00 -0.000000000000000000e+00 -0.000000000000000000e+00
0.000000000000000000e+00 0.000000000000000000e+00 0.000000000000000000e+00 -0.000000000000000000e+00 -0.000000000000000000e+00
0.000000000000000000e+00 0.000000000000000000e+00 0.000000000000000000e+00 -0.000000000000000000e+00 -0.000000000000000000e+00
0.000000000000000000e+00 0.000000000000000000e+00 0.000000000000000000e+00 -0.000000000000000000e+00 -0.000000000000000000e+00
6.269754438203079992e-05 1.000000000000000082e-05 1.000000000000000082e-05 1.000000000000000082e-05 9.455376482218519926e-05
9.041735215440166307e-06 1.000000000000000082e-05 1.000000000000000082e-05 1.802107284535650036e-04 4.362034946929328385e-06
5.303485103022152774e-05 4.455340097933913382e-05 1.000000000000000082e-05 2.303392198810651562e-03 1.000000000000000082e-05
4.420165231099322609e-04 6.053040692123317111e-06 1.000000000000000082e-05 9.890362849905198067e-03 1.000000000000000082e-05
7.416399595898005154e-04 1.000000000000000082e-05 1.000000000000000082e-05 2.469774341531616457e-02 1.000000000000000082e-05
2.051738341011401408e-03 1.000000000000000082e-05 2.777171829750108619e-03 5.576663562931123697e-02 1.000000000000000082e-05
5.048375019485443552e-03 1.000000000000000082e-05 2.078696343223656109e-02 8.682516039282991982e-02 1.000000000000000082e-05
1.667615579740298892e-02 1.000000000000000082e-05 5.166717289023468884e-02 1.073477517029151340e-01 1.000000000000000082e-05
4.428674182868109349e-02 1.000000000000000082e-05 7.941187974948801798e-02 1.090662993424469374e-01 1.000000000000000082e-05
7.982666337272595336e-02 1.000000000000000082e-05 9.482306367180300122e-02 9.308111712340769173e-02 2.722015814090482377e-02
1.035844533833266273e-01 2.073669896519153913e-02 9.375332224354562816e-02 7.663182217857066048e-02 5.941359024664044641e-02
1.102895796133105122e-01 5.589045161639010634e-02 8.483870922614289434e-02 6.545383435702570307e-02 7.702028269872068789e-02
1.068362394781978558e-01 8.680811364679584530e-02 7.493757451905952438e-02 5.699159624770799848e-02 8.185430214355508827e-02
1.009504260210894733e-01 1.003480232899730401e-01 5.114837226086987182e-02 4.276666373255767761e-02 8.916911411167396939e-02
8.215631361301108104e-02 1.080856229031459670e-01 1.570948728884490747e-02 2.723379056241027885e-02 9.450569313023003681e-02
4.109840352610289599e-02 1.131994084220773744e-01 1.000000000000000082e-05 1.917563769070016258e-02 9.376329245625270037e-02
1.000000000000000082e-05 1.062255461518328975e-01 1.000000000000000082e-05 6.732801943855780923e-03 7.974823454204449380e-02
1.000000000000000082e-05 8.144080262278696747e-02 1.000000000000000082e-05 4.086044355147876866e-03 5.447519733237889822e-02
1.000000000000000082e-05 3.964285457351737069e-02 1.000000000000000082e-05 1.000000000000000082e-05 2.559123278328008858e-02
1.000000000000000082e-05 1.218829511914859380e-02 1.000000000000000082e-05 1.258155532032931984e-03 7.563729886248437423e-03
1.000000000000000082e-05 2.499020844605003358e-03 1.000000000000000082e-05 1.458405781734479958e-03 1.520318379092279373e-03
4.293505262476061480e-04 4.048010532353548713e-06 1.000000000000000082e-05 1.000000000000000082e-05 1.000000000000000082e-05
0.000000000000000000e+00 0.000000000000000000e+00 0.000000000000000000e+00 -0.000000000000000000e+00 -0.000000000000000000e+00
0.000000000000000000e+00 0.000000000000000000e+00 0.000000000000000000e+00 -0.000000000000000000e+00 -0.000000000000000000e+00
0.000000000000000000e+00 0.000000000000000000e+00 0.000000000000000000e+00 -0.000000000000000000e+00 -0.000000000000000000e+00
0.000000000000000000e+00 0.000000000000000000e+00 0.000000000000000000e+00 -0.000000000000000000e+00 -0.000000000000000000e+00
0.000000000000000000e+00 0.000000000000000000e+00 0.000000000000000000e+00 -0.000000000000000000e+00 -0.000000000000000000e+00
0.000000000000000000e+00 0.000000000000000000e+00 0.000000000000000000e+00 -0.000000000000000000e+00 -0.000000000000000000e+00
6.127260019152995854e-05 1.000000000000000082e-05 1.000000000000000082e-05 1.000000000000000082e-05 9.240481562168110662e-05
2.457477650875595403e-04 5.514912564797510073e-05 1.000000000000000082e-05 2.296268128782605854e-03 3.545935498759259186e-05
6.551309628622136502e-04 2.426588399103541370e-04 1.000000000000000082e-05 9.128558988329288360e-03 1.000000000000000082e-05
1.949758019163129637e-03 1.000000000000000082e-05 1.000000000000000082e-05 3.018880248088453774e-02 1.000000000000000082e-05
3.092109844687516550e-03 1.000000000000000082e-05 1.000000000000000082e-05 6.798060173629615066e-02 1.000000000000000082e-05
5.755124779724779885e-03 1.000000000000000082e-05 2.226188581049521470e-02 1.065733283350910332e-01 1.000000000000000082e-05
1.494342549276652700e-02 1.000000000000000082e-05 5.448328618445768406e-02 1.249757905634849287e-01 1.000000000000000082e-05
4.857567338174912513e-02 1.000000000000000082e-05 8.678999657973834880e-02 1.108427126392143164e-01 1.527454218296176933e-02
8.244552085439084410e-02 8.635124660630556434e-03 9.875853115256987003e-02 7.949062575199909719e-02 5.554590130879435983e-02
1.012849527774360020e-01 4.881295304222220410e-02 8.135914587257382646e-02 5.744037788355233626e-02 8.517188207340581352e-02
9.105538145198421862e-02 8.640853472271639579e-02 6.819364611050243719e-02 5.340869585186924784e-02 8.871499921833873870e-02
6.577630504073933571e-02 1.048593252351711497e-01 7.119353980286215189e-02 5.634596460023334752e-02 7.329704475311007994e-02
6.084459139695124613e-02 9.373906952760803490e-02 8.527370145726209660e-02 6.268742273279195865e-02 5.334570038171144307e-02
7.853455635720651973e-02 6.962283131570251582e-02 8.792814012831831616e-02 6.322477652516685087e-02 4.716140152106600841e-02
9.374976869185930317e-02 5.506463682308736229e-02 6.341108552542072674e-02 6.059316157949275194e-02 6.115180509287655719e-02
7.723642701634970964e-02 6.939412466083792752e-02 1.244754899611730248e-02 4.666281139461181393e-02 8.792306562575692708e-02
2.675281220858474404e-02 9.813586034344685960e-02 1.000000000000000082e-05 2.837593383985683934e-02 9.452805466182286065e-02
1.000000000000000082e-05 9.350781988042487780e-02 1.000000000000000082e-05 1.645202143532636940e-02 7.564826146240065385e-02
1.000000000000000082e-05 5.491579736383990495e-02 1.000000000000000082e-05 8.477858918595856941e-03 4.436579772144742806e-02
1.000000000000000082e-05 2.203209997585239138e-02 1.000000000000000082e-05 2.108285495302510051e-03 1.630645228837286631e-02
1.000000000000000082e-05 5.435984776741062570e-03 1.000000000000000082e-05 1.399701210539739228e-03 3.000745807924356297e-03
9.170959562280346482e-05 2.685176130515488880e-04 1.282118461930769188e-05 1.000000000000000082e-05 1.000000000000000082e-05
0.000000000000000000e+00 0.000000000000000000e+00 0.000000000000000000e+00 -0.000000000000000000e+00 -0.000000000000000000e+00
0.000000000000000000e+00 0.000000000000000000e+00 0.000000000000000000e+00 -0.000000000000000000e+00 -0.000000000000000000e+00
0.000000000000000000e+00 0.000000000000000000e+00 0.000000000000000000e+00 -0.000000000000000000e+00 -0.000000000000000000e+00
0.000000000000000000e+00 0.000000000000000000e+00 0.000000000000000000e+00 -0.000000000000000000e+00 -0.000000000000000000e+00
0.000000000000000000e+00 0.000000000000000000e+00 0.000000000000000000e+00 -0.000000000000000000e+00 -0.000000000000000000e+00
0.000000000000000000e+00 0.000000000000000000e+00 0.000000000000000000e+00 -0.000000000000000000e+00 -0.000000000000000000e+00
1.000000000000000082e-05 5.970212682292040950e-06 1.000000000000000082e-05 1.000000000000000082e-05 1.000000000000000082e-05
1.356607419848621001e-04 5.766194069956889984e-04 1.000000000000000082e-05 2.958706857028324359e-03 1.000000000000000082e-05
1.079163140696061309e-03 2.915097609505194645e-04 1.000000000000000082e-05 2.206732164335759028e-02 1.000000000000000082e-05
3.913463652301987436e-03 1.000000000000000082e-05 1.000000000000000082e-05 6.689052444726828472e-02 1.000000000000000082e-05
5.815089462209420759e-03 1.000000000000000082e-05 8.415802818582023351e-03 1.134344015600884242e-01 1.000000000000000082e-05
1.139460597512596991e-02 1.000000000000000082e-05 4.406421522122152407e-02 1.299518917863732581e-01 1.000000000000000082e-05
3.218731113043289682e-02 1.000000000000000082e-05 8.258885713669453232e-02 1.062320211564742323e-01 3.261826298285554204e-02
7.207107872061821463e-02 1.615894555955494846e-02 9.351832266494856938e-02 5.459953299586103870e-02 7.468321896324105202e-02
9.484714380187291016e-02 6.470227063425615377e-02 6.631561519551640305e-02 1.982425800224230442e-02 9.533072213454499289e-02
7.814901063155493821e-02 1.044485994672309515e-01 3.616705497481672443e-02 1.175257571868420191e-02 8.848803909610636342e-02
3.779805394376654221e-02 1.096072485873862690e-01 2.984824530811704471e-02 1.538081984992233607e-02 6.502866527262557428e-02
1.990253063872126152e-02 8.308051758660424391e-02 4.674071289466396467e-02 2.847446807469931201e-02 3.247616144444854386e-02
2.511938957158173572e-02 4.580753801595700142e-02 7.539538027373331175e-02 4.125884013101414893e-02 8.425693850905514176e-03
5.646443114074809616e-02 1.396319134616197215e-02 1.024428711939370101e-01 5.565906906876966903e-02 1.000000000000000082e-05
9.279285581535486049e-02 7.460691710056314291e-03 9.891783408095056185e-02 6.720734944497783192e-02 1.369207773741242494e-02
9.740842141974377644e-02 3.697108791822809049e-02 4.270020571547381710e-02 6.520911042847399308e-02 5.746391977514377081e-02
4.656695012318994020e-02 8.063562165892837474e-02 1.000000000000000082e-05 5.378366314158934680e-02 8.671956397141035444e-02
1.000000000000000082e-05 8.624218980474619711e-02 1.000000000000000082e-05 3.657293659218217863e-02 8.199418453007563390e-02
1.000000000000000082e-05 5.716491585007551363e-02 1.000000000000000082e-05 1.933005107734390993e-02 5.519155519307675228e-02
1.000000000000000082e-05 2.426788905444167421e-02 1.000000000000000082e-05 6.528235597857799145e-03 2.427600820557375069e-02
1.000000000000000082e-05 6.502499039068247895e-03 1.000000000000000082e-05 2.111422331294988790e-03 6.237805092426248858e-03
1.000000000000000082e-05 8.640365202825263640e-04 1.000000000000000082e-05 1.000000000000000082e-05 1.304761126583775836e-04
0.000000000000000000e+00 0.000000000000000000e+00 0.000000000000000000e+00 -0.000000000000000000e+00 -0.000000000000000000e+00
0.000000000000000000e+00 0.000000000000000000e+00 0.000000000000000000e+00 -0.000000000000000000e+00 -0.000000000000000000e+00
0.000000000000000000e+00 0.000000000000000000e+00 0.000000000000000000e+00 -0.000000000000000000e+00 -0.000000000000000000e+00
0.000000000000000000e+00 0.000000000000000000e+00 0.000000000000000000e+00 -0.000000000000000000e+00 -0.000000000000000000e+00
0.000000000000000000e+00 0.000000000000000000e+00 0.000000000000000000e+00 -0.000000000000000000e+00 -0.000000000000000000e+00
0.000000000000000000e+00 0.000000000000000000e+00 0.000000000000000000e+00 -0.000000000000000000e+00 -0.000000000000000000e+00
1.062729186979937930e-04 1.323437721404490894e-04 1.000000000000000082e-05 7.526005298611220711e-04 1.000000000000000082e-05
5.008643547242821277e-04 1.151316728010454973e-03 1.000000000000000082e-05 7.888829906961696697e-03 1.000000000000000082e-05
2.752862962399690774e-03 1.000000000000000082e-05 1.000000000000000082e-05 4.949637461231756741e-02 1.000000000000000082e-05
4.328622441729364743e-03 1.000000000000000082e-05 1.000000000000000082e-05 1.025305199530533867e-01 1.000000000000000082e-05
5.683320548640856222e-03 1.000000000000000082e-05 2.131589619553851331e-02 1.312914680481063467e-01 1.000000000000000082e-05
1.580025129616767499e-02 1.000000000000000082e-05 6.496948677830735597e-02 1.093437786815314033e-01 3.700392254901932465e-02
4.565520669747964028e-02 1.412070669966810840e-02 9.338160806321098295e-02 4.370673497673621677e-02 8.248223945783657307e-02
8.567067933204855490e-02 6.161157975828652350e-02 7.166911800576335201e-02 1.000000000000000082e-05 1.014846028150303420e-01
8.274438560428322431e-02 1.060065036403690236e-01 3.528755529066027880e-02 1.000000000000000082e-05 7.771034355756228917e-02
4.481557896518208184e-02 1.035604045897057096e-01 1.646050974648811255e-02 1.000000000000000082e-05 4.357044531028720497e-02
1.203582625262850266e-02 6.597349213458647554e-02 1.748556817058828997e-02 8.814520162113915125e-04 1.962203379248718405e-02
8.917943310093498846e-03 2.865759502432557032e-02 3.514425212773968077e-02 1.308384222853707646e-02 1.000000000000000082e-05
2.225945263122447448e-02 8.370977489696822954e-03 7.130666121019284265e-02 2.023059022928892087e-02 1.000000000000000082e-05
6.111947608529628984e-02 1.000000000000000082e-05 1.122971537617113574e-01 3.260540286599678678e-02 1.000000000000000082e-05
1.081574229225859135e-01 9.446153271823461844e-03 1.159384398789181647e-01 5.239744069185559017e-02 1.000000000000000082e-05
1.031668161875875372e-01 5.037479113186294627e-02 5.990952242684897955e-02 6.932996103848784730e-02 3.962903331947711244e-02
5.160500001552272703e-02 8.390041296797337567e-02 1.000000000000000082e-05 7.341726616350394141e-02 8.525914173469628654e-02
1.000000000000000082e-05 8.293700464594581934e-02 1.000000000000000082e-05 5.466573901276012420e-02 8.108551528558352595e-02
1.000000000000000082e-05 5.350262949509580757e-02 1.000000000000000082e-05 3.233385911499918330e-02 5.629795178625924407e-02
1.000000000000000082e-05 2.355241500464639454e-02 1.000000000000000082e-05 1.054047508533291488e-02 2.564893592418323806e-02
1.000000000000000082e-05 5.857892474163431569e-03 1.000000000000000082e-05 3.609291113609204224e-03 7.284729132975894389e-03
1.000000000000000082e-05 1.338028567534168319e-03 1.000000000000000082e-05 1.367655876756375735e-04 5.241284914978412398e-04
1.000000000000000082e-05 4.478699315549109595e-05 5.695936917996721399e-06 1.000000000000000082e-05 1.000000000000000082e-05
0.000000000000000000e+00 0.000000000000000000e+00 0.000000000000000000e+00 -0.000000000000000000e+00 -0.000000000000000000e+00
0.000000000000000000e+00 0.000000000000000000e+00 0.000000000000000000e+00 -0.000000000000000000e+00 -0.000000000000000000e+00
0.000000000000000000e+00 0.000000000000000000e+00 0.000000000000000000e+00 -0.000000000000000000e+00 -0.000000000000000000e+00
0.000000000000000000e+00 0.000000000000000000e+00 0.000000000000000000e+00 -0.000000000000000000e+00 -0.000000000000000000e+00
0.000000000000000000e+00 0.000000000000000000e+00 0.000000000000000000e+00 -0.000000000000000000e+00 -0.000000000000000000e+00
1.329234603832320943e-04 1.306286610320934126e-04 1.000000000000000082e-05 1.547531328326301686e-03 1.000000000000000082e-05
9.076568208140998063e-04 6.237300245570541642e-04 1.000000000000000082e-05 1.739601721807900597e-02 1.000000000000000082e-05
2.253685350468961207e-03 1.000000000000000082e-05 1.000000000000000082e-05 7.282339217078612204e-02 1.000000000000000082e-05
2.945585016180941700e-03 1.000000000000000082e-05 1.000000000000000082e-05 1.220084664191541102e-01 1.000000000000000082e-05
4.483763634498802442e-03 1.000000000000000082e-05 2.937335959375619865e-02 1.302823733596343847e-01 2.816378645827362359e-02
1.649666610759573798e-02 1.000000000000000082e-05 7.871014386610207525e-02 6.732202284536106807e-02 7.885490978254180994e-02
5.602823811553355599e-02 4.398415892203536015e-02 8.912150640526733669e-02 1.000000000000000082e-05 1.097687345403662168e-01
9.027100316033187521e-02 9.342484395052538804e-02 5.584380018438209192e-02 1.000000000000000082e-05 7.614609328092684926e-02
7.522224012176698116e-02 1.016645872042744037e-01 2.209993726842111178e-02 1.000000000000000082e-05 2.509729762845719012e-02
3.317857987400973235e-02 6.187821823069725863e-02 1.230747106222818132e-02 1.000000000000000082e-05 1.688032549547917056e-03
1.539888303070135502e-02 2.170512382169789700e-02 1.728905354610428893e-02 5.210753741350949639e-03 1.000000000000000082e-05
2.021505408315164148e-02 5.543703700343509400e-03 4.078814950850095239e-02 7.979520690571556898e-03 1.000000000000000082e-05
4.451525455679992277e-02 4.034655740553001572e-03 8.553831772151956891e-02 1.180692852522836206e-02 1.000000000000000082e-05
9.799965569674257138e-02 1.334540581937355974e-02 1.232855017568185441e-01 1.455475322386563103e-02 1.000000000000000082e-05
1.280710817852240835e-01 4.589825839401457525e-02 1.214889693259180448e-01 3.414342344806103186e-02 1.000000000000000082e-05
9.716718913418888326e-02 7.845598330224903827e-02 6.093602186440909285e-02 6.139772462585331436e-02 5.725231609281006967e-02
3.848702798966721628e-02 9.102076008482094804e-02 1.000000000000000082e-05 8.248326722047850945e-02 9.746667049526178128e-02
1.000000000000000082e-05 7.532737962870116044e-02 1.000000000000000082e-05 7.162345729916431980e-02 8.971109702690616139e-02
1.000000000000000082e-05 4.099485506829200071e-02 1.000000000000000082e-05 4.137784383989986936e-02 5.467686892113998026e-02
1.000000000000000082e-05 1.457909435846388088e-02 1.000000000000000082e-05 1.504143556840007931e-02 2.125408419774392488e-02
1.000000000000000082e-05 3.322756677566577124e-03 1.000000000000000082e-05 4.584806353269288252e-03 6.345836259449711379e-03
2.189356896630684246e-04 1.526421677224959190e-04 1.000000000000000082e-05 8.664260512358602827e-04 2.411228875814392812e-04
1.000000000000000082e-05 1.311619085267951641e-04 1.668095811699042561e-05 1.000000000000000082e-05 1.000000000000000082e-05
0.000000000000000000e+00 0.000000000000000000e+00 0.000000000000000000e+00 -0.000000000000000000e+00 -0.000000000000000000e+00
0.000000000000000000e+00 0.000000000000000000e+00 0.000000000000000000e+00 -0.000000000000000000e+00 -0.000000000000000000e+00
0.000000000000000000e+00 0.000000000000000000e+00 0.000000000000000000e+00 -0.000000000000000000e+00 -0.000000000000000000e+00
0.000000000000000000e+00 0.000000000000000000e+00 0.000000000000000000e+00 -0.000000000000000000e+00 -0.000000000000000000e+00
0.000000000000000000e+00 0.000000000000000000e+00 0.000000000000000000e+00 -0.000000000000000000e+00 -0.000000000000000000e+00
3.487039377823777518e-04 2.679142329478532915e-04 1.000000000000000082e-05 5.342409604490995674e-03 1.000000000000000082e-05
6.604529154830112965e-04 7.239401823986373833e-04 1.000000000000000082e-05 2.852974895761473811e-02 1.000000000000000082e-05
2.821243710829811542e-04 1.000000000000000082e-05 1.000000000000000082e-05 8.213728256730275235e-02 1.000000000000000082e-05
1.000000000000000082e-05 1.000000000000000082e-05 1.000000000000000082e-05 1.310446028351132108e-01 1.163103411286824963e-02
1.000000000000000082e-05 1.000000000000000082e-05 3.422707902934832985e-02 1.120030075185198676e-01 5.934028443950666726e-02
1.822407008326345709e-02 8.835282301595701396e-03 8.629897968133062869e-02 3.286076321723390564e-02 1.078340177890422941e-01
6.537404698461579677e-02 6.071667019539042642e-02 9.343494710998398456e-02 1.000000000000000082e-05 9.529700335474000639e-02
1.020510730479783773e-01 9.834386753653241720e-02 5.829887593744830648e-02 1.000000000000000082e-05 2.237917540414204390e-02
8.312386559976965572e-02 8.063322938636026393e-02 2.773432587055502802e-02 1.000000000000000082e-05 1.000000000000000082e-05
5.113890304783474255e-02 3.984557901538123698e-02 2.300875499911295141e-02 3.256466896171956050e-03 1.000000000000000082e-05
4.595131377893903191e-02 1.835810522637059891e-02 3.298685610011754810e-02 6.783217809072096018e-03 1.000000000000000082e-05
6.567079524414193292e-02 1.844794637108731344e-02 6.120393320310538177e-02 6.543907451419648906e-03 1.000000000000000082e-05
9.956262999052198359e-02 2.780571699087920276e-02 1.034982189506492012e-01 6.867119382478528537e-03 1.000000000000000082e-05
1.302016697096910203e-01 5.781843296449589581e-02 1.302414804952427840e-01 4.790659224843537081e-03 1.000000000000000082e-05
1.266118579802467115e-01 8.913912282447375435e-02 1.199659961276158537e-01 2.490185047456206988e-02 1.988028581968531022e-02
7.808815678834957197e-02 9.963593783645194324e-02 5.371734357255670417e-02 6.211952489096750352e-02 8.062899253523886367e-02
1.578113218421917791e-02 8.636055820324151089e-02 1.000000000000000082e-05 9.249520030848992769e-02 1.100477542532325576e-01
1.000000000000000082e-05 4.987362378880427077e-02 1.000000000000000082e-05 8.444559313476508733e-02 8.560782455956775228e-02
1.000000000000000082e-05 1.774465869671901924e-02 1.000000000000000082e-05 4.554875058075381900e-02 4.404666668967261584e-02
1.000000000000000082e-05 4.808928886548966691e-03 1.000000000000000082e-05 1.523285734923128867e-02 1.250821668673943177e-02
1.000000000000000082e-05 1.606986871374360823e-03 1.000000000000000082e-05 5.320922901866546352e-03 4.060447589429795785e-03
8.540787661147072678e-05 2.630745160207376642e-04 1.000000000000000082e-05 7.699186618723983296e-04 2.564094279802934888e-04
1.000000000000000082e-05 5.442042604033939121e-05 1.000000000000000082e-05 1.000000000000000082e-05 5.087363291419560703e-05
0.000000000000000000e+00 0.000000000000000000e+00 0.000000000000000000e+00 -0.000000000000000000e+00 -0.000000000000000000e+00
0.000000000000000000e+00 0.000000000000000000e+00 0.000000000000000000e+00 -0.000000000000000000e+00 -0.000000000000000000e+00
0.000000000000000000e+00 0.000000000000000000e+00 0.000000000000000000e+00 -0.000000000000000000e+00 -0.000000000000000000e+00
0.000000000000000000e+00 0.000000000000000000e+00 0.000000000000000000e+00 -0.000000000000000000e+00 -0.000000000000000000e+00
0.000000000000000000e+00 0.000000000000000000e+00 0.000000000000000000e+00 -0.000000000000000000e+00 -0.000000000000000000e+00
2.008822067800837433e-04 1.447015960871027556e-04 1.000000000000000082e-05 6.764379204749836928e-03 1.000000000000000082e-05
4.569401392818279187e-05 8.213148765044300890e-04 1.000000000000000082e-05 3.155286082322480978e-02 1.000000000000000082e-05
1.000000000000000082e-05 1.000000000000000082e-05 1.000000000000000082e-05 8.021661118642010868e-02 4.433896423606743104e-03
1.000000000000000082e-05 1.000000000000000082e-05 1.000000000000000082e-05 1.273168371763524764e-01 2.699030651169778694e-02
1.000000000000000082e-05 1.000000000000000082e-05 2.772668170778536806e-02 1.093994768663606315e-01 8.161281925195101872e-02
1.548525000771176600e-02 1.245202811733868084e-02 7.854774887682856865e-02 2.905794221180950723e-02 1.188746152804949635e-01
7.328758565692408689e-02 5.849119540991954552e-02 9.966606906783372077e-02 1.000000000000000082e-05 7.189833912691717677e-02
1.132722269877546456e-01 9.140194192663934902e-02 7.034498511795150844e-02 1.000000000000000082e-05 1.000000000000000082e-05
1.096777974129336530e-01 7.961855501504762345e-02 4.948667560431913720e-02 1.000000000000000082e-05 1.000000000000000082e-05
9.825331036869790202e-02 5.847829288341067216e-02 4.852106730559481440e-02 3.848916341188202660e-03 1.000000000000000082e-05
9.865606577354110729e-02 5.494669281281522322e-02 6.228038719272207396e-02 5.004836360098846061e-03 1.000000000000000082e-05
1.109809400079166120e-01 6.362116307848496299e-02 8.459189043620420068e-02 3.090323498915552389e-03 1.000000000000000082e-05
1.211688811496408336e-01 8.037661552619169980e-02 1.116446088052695379e-01 1.000000000000000082e-05 1.000000000000000082e-05
1.280145579254907406e-01 9.957477250343423070e-02 1.276236362784968770e-01 1.879665734775669977e-04 1.348460976872910104e-02
1.079863321597535897e-01 1.078778829362169872e-01 1.151344494455380368e-01 2.469914808705111695e-02 5.590710474283712428e-02
5.099406427995628599e-02 9.487528840341839798e-02 4.364486953681864789e-02 7.601905646283213525e-02 1.038673608344282129e-01
1.000000000000000082e-05 5.701358265032753503e-02 1.000000000000000082e-05 1.095151557889178506e-01 1.102985352295511451e-01
1.000000000000000082e-05 2.102554474220027017e-02 1.000000000000000082e-05 9.263987452869011652e-02 6.725336115536877102e-02
1.000000000000000082e-05 5.075008867158701392e-03 1.000000000000000082e-05 4.760652923956473076e-02 2.788217387859603935e-02
1.000000000000000082e-05 1.525463129041278220e-03 1.000000000000000082e-05 1.725145793818320603e-02 5.479620189057288204e-03
3.873038357737514504e-04 1.017277527097424326e-03 1.000000000000000082e-05 5.993943547452862397e-03 1.286939080640877838e-03
1.577147008928995336e-04 1.000000000000000082e-05 1.000000000000000082e-05 4.589479416176100242e-04 1.109606570435647056e-04
1.000000000000000082e-05 5.286555672490120305e-04 1.000000000000000082e-05 1.000000000000000082e-05 4.942010054521862221e-04
1.000000000000000082e-05 1.347553406713168601e-04 1.000000000000000082e-05 1.000000000000000082e-05 1.259728053113416115e-04
0.000000000000000000e+00 0.000000000000000000e+00 0.000000000000000000e+00 -0.000000000000000000e+00 -0.000000000000000000e+00
0.000000000000000000e+00 0.000000000000000000e+00 0.000000000000000000e+00 -0.000000000000000000e+00 -0.000000000000000000e+00
0.000000000000000000e+00 0.000000000000000000e+00 0.000000000000000000e+00 -0.000000000000000000e+00 -0.000000000000000000e+00
0.000000000000000000e+00 0.000000000000000000e+00 0.000000000000000000e+00 -0.000000000000000000e+00 -0.000000000000000000e+00
1.975054874205349508e-04 1.050865887950710792e-04 1.000000000000000082e-05 6.135897188235008709e-03 1.000000000000000082e-05
1.000000000000000082e-05 2.660714281258637478e-04 1.000000000000000082e-05 2.868056051294565548e-02 7.750181994018614899e-04
1.000000000000000082e-05 1.000000000000000082e-05 1.000000000000000082e-05 7.104567251334177602e-02 9.687616399512757534e-03
1.000000000000000082e-05 1.000000000000000082e-05 1.000000000000000082e-05 1.124644073547958478e-01 3.862220270381822723e-02
1.000000000000000082e-05 1.391163068133175482e-03 1.443801579195809134e-02 1.086123660043483569e-01 9.127700314075221089e-02
2.537700397327779991e-04 9.471334249601353131e-03 6.051674036076846314e-02 5.234184033055992030e-02 1.232756758465277380e-01
5.105722125373864106e-02 4.380388700755040443e-02 9.120956172574598564e-02 1.000000000000000082e-05 7.960959141827590735e-02
9.663344255226107016e-02 7.863737363519793244e-02 8.815506133376768694e-02 1.000000000000000082e-05 8.743981340326185264e-03
1.087477428647167094e-01 8.777738759500611221e-02 7.678882982618515096e-02 1.000000000000000082e-05 1.000000000000000082e-05
1.095007561246187783e-01 8.898423337577474057e-02 7.630098979073807186e-02 1.000000000000000082e-05 1.000000000000000082e-05
1.037274357324669133e-01 9.030975749163715205e-02 8.408200096771815957e-02 9.242280892939511681e-04 1.000000000000000082e-05
9.209107593885915155e-02 9.656964172027668325e-02 9.033545046756620567e-02 1.000000000000000082e-05 1.399637321923406785e-02
9.457982266125050663e-02 1.055133962191272257e-01 9.794894567115777773e-02 2.528666866041085794e-03 3.657437562922695451e-02
1.148522925188092819e-01 1.104901904375888005e-01 1.149105300001447144e-01 7.486493225873635214e-03 5.260738129444209044e-02
8.824331488836496817e-02 1.012410125248891096e-01 1.047868919830710760e-01 3.585316186163683971e-02 8.454220652864295749e-02
2.318193363228200285e-02 6.529725001408537288e-02 3.384821693815378424e-02 9.183249208086295690e-02 1.211544998436870774e-01
1.000000000000000082e-05 2.144687009378900416e-02 1.000000000000000082e-05 1.226573588177121699e-01 9.637513666541931701e-02
1.000000000000000082e-05 3.555110328077550150e-03 1.000000000000000082e-05 9.653647666175804720e-02 4.400260378914059439e-02
1.000000000000000082e-05 7.832074085296074524e-04 1.000000000000000082e-05 4.563648318498435275e-02 1.174451445667864906e-02
5.111260716780988795e-04 7.350488089954923141e-04 1.000000000000000082e-05 1.584213202474374707e-02 2.178450412572378782e-03
4.925469513917860552e-04 5.531597273665439561e-04 1.000000000000000082e-05 5.440418293525389574e-03 8.299810432797562242e-04
1.835381897461742682e-05 1.029339854819087868e-05 1.000000000000000082e-05 3.954097107285381240e-05 6.961658394128157608e-07
1.000000000000000082e-05 5.856674421484147795e-04 1.000000000000000082e-05 1.000000000000000082e-05 5.474971923146756654e-04
1.000000000000000082e-05 1.606698292619543279e-04 1.000000000000000082e-05 1.000000000000000082e-05 1.501983447942918735e-04
0.000000000000000000e+00 0.000000000000000000e+00 0.000000000000000000e+00 -0.000000000000000000e+00 -0.000000000000000000e+00
0.000000000000000000e+00 0.000000000000000000e+00 0.000000000000000000e+00 -0.000000000000000000e+00 -0.000000000000000000e+00
0.000000000000000000e+00 0.000000000000000000e+00 0.000000000000000000e+00 -0.000000000000000000e+00 -0.000000000000000000e+00
0.000000000000000000e+00 0.000000000000000000e+00 0.000000000000000000e+00 -0.000000000000000000e+00 -0.000000000000000000e+00
9.372740465968735612e-05 7.872243472471685975e-05 1.000000000000000082e-05 2.983596643961728377e-03 1.000000000000000082e-05
1.000000000000000082e-05 5.323900659022340722e-04 1.000000000000000082e-05 2.178660386321116041e-02 8.743520053654280522e-04
1.000000000000000082e-05 1.000000000000000082e-05 1.000000000000000082e-05 5.497994721775712607e-02 1.146278422845099787e-02
1.000000000000000082e-05 1.000000000000000082e-05 1.000000000000000082e-05 9.188449893497559195e-02 4.096778076770026672e-02
1.000000000000000082e-05 1.000000000000000082e-05 1.000000000000000082e-05 1.038812317894311360e-01 8.381363833841679045e-02
1.000000000000000082e-05 2.876559531669886823e-03 3.361340198842005522e-02 7.627612436442253452e-02 1.234926356680519227e-01
1.169769661903092423e-02 2.137507547502615415e-02 6.696317555110264941e-02 3.908985102884013352e-02 1.119730774407499130e-01
3.968280096127202450e-02 4.743204140808356811e-02 8.191105048592901838e-02 1.732121302449171618e-02 7.648906557715023924e-02
5.384843657135249262e-02 6.402403708016810024e-02 8.066300411611780630e-02 1.076587977307686197e-02 5.536226538276098341e-02
5.537579953349143491e-02 6.769788776311483347e-02 7.758253918813678984e-02 1.224237041818792768e-02 5.528976593964815556e-02
4.541435337732311478e-02 7.015566667682739121e-02 7.005968169617442232e-02 1.781889334252857032e-02 6.842187818318196113e-02
3.629945140029099820e-02 8.140564199139231627e-02 5.968311688785832292e-02 2.159904319978163401e-02 8.431113958048699897e-02
7.931338863610316869e-02 1.035514228785423957e-01 6.802075058021313236e-02 1.919249961046735550e-02 7.080597200843007089e-02
1.097891508071711930e-01 1.046676987173664197e-01 1.027173248458538718e-01 1.240745694703393465e-02 7.335754164799963839e-02
6.523251780476990724e-02 7.298517656165846856e-02 9.820205646060700677e-02 4.408672573028146746e-02 1.059618386082178537e-01
4.296144161300224050e-03 2.560319707462655262e-02 3.366502928709607517e-02 1.059428057670065426e-01 1.135386562206265049e-01
1.000000000000000082e-05 2.276893544464955049e-04 1.000000000000000082e-05 1.310718923581209172e-01 6.396046901932364581e-02
1.000000000000000082e-05 1.000000000000000082e-05 1.000000000000000082e-05 9.280846144900820049e-02 2.049972746973219989e-02
1.000000000000000082e-05 1.663358807680824763e-03 1.000000000000000082e-05 3.886173177186175859e-02 2.398562129935277731e-03
5.537447545176701338e-04 7.251258853278192687e-04 1.000000000000000082e-05 1.382732088264144663e-02 6.477885443639196626e-04
9.757216040926266207e-05 5.356975544808151215e-04 1.000000000000000082e-05 3.105531173490664459e-03 2.194140834192414278e-04
1.000000000000000082e-05 3.127842144743270031e-04 3.434233295334480364e-05 1.000000000000000082e-05 1.000000000000000082e-05
1.000000000000000082e-05 5.856674421484147795e-04 1.000000000000000082e-05 1.000000000000000082e-05 5.474971923146756654e-04
1.000000000000000082e-05 3.229314772671844206e-04 1.000000000000000082e-05 1.000000000000000082e-05 1.170504567610941159e-04
0.000000000000000000e+00 0.000000000000000000e+00 0.000000000000000000e+00 -0.000000000000000000e+00 -0.000000000000000000e+00
0.000000000000000000e+00 0.000000000000000000e+00 0.000000000000000000e+00 -0.000000000000000000e+00 -0.000000000000000000e+00
0.000000000000000000e+00 0.000000000000000000e+00 0.000000000000000000e+00 -0.000000000000000000e+00 -0.000000000000000000e+00
0.000000000000000000e+00 0.000000000000000000e+00 0.000000000000000000e+00 -0.000000000000000000e+00 -0.000000000000000000e+00
1.426310975340288104e-04 1.000000000000000082e-05 1.000000000000000082e-05 1.636258441028432117e-03 1.000000000000000082e-05
1.000000000000000082e-05 7.667398498198521898e-04 1.000000000000000082e-05 1.355845468829727958e-02 6.879718858984517141e-04
1.000000000000000082e-05 4.641590828497100694e-04 1.000000000000000082e-05 3.578529220391595683e-02 8.849265802907175030e-03
1.000000000000000082e-05 1.000000000000000082e-05 1.000000000000000082e-05 6.371454453434327592e-02 3.177200884926293517e-02
1.000000000000000082e-05 1.000000000000000082e-05 1.000000000000000082e-05 8.697826521143509071e-02 6.576356192328865202e-02
1.000000000000000082e-05 1.000000000000000082e-05 2.989420377716278405e-03 8.495416050754554804e-02 1.038284125751376546e-01
1.000000000000000082e-05 1.000000000000000082e-05 2.827205968236717534e-02 7.094602420012584287e-02 1.232594458244435781e-01
1.000000000000000082e-05 1.074078234690775853e-02 4.717783758564549068e-02 5.332928216247419251e-02 1.246175521881019849e-01
1.000000000000000082e-05 1.991262516797634094e-02 5.053783179698070893e-02 4.587629836045600124e-02 1.215258405134934938e-01
1.000000000000000082e-05 2.086289179752874243e-02 4.116148090134569282e-02 4.805738111504475468e-02 1.220699138749412604e-01
1.000000000000000082e-05 3.820323058725499932e-02 2.878832698789716982e-02 5.069133012494460300e-02 1.161454854121258262e-01
1.198424452958133692e-02 8.784928841780931252e-02 2.146836949403137934e-02 4.998398444482138325e-02 9.050817194386297226e-02
9.806751439619929012e-02 1.108310705958962528e-01 3.799417606288247456e-02 3.007217032655534056e-02 6.558862126146729199e-02
1.107512524613585986e-01 8.413771625585891867e-02 8.848922424810366782e-02 1.832430795791548453e-02 8.375928944044551405e-02
4.496903522707709072e-02 3.048538696992181621e-02 9.659031363166518946e-02 4.983313069682328983e-02 1.123180041389707784e-01
1.000000000000000082e-05 1.000000000000000082e-05 4.332213069061031235e-02 1.167917757593261024e-01 8.465959852440577138e-02
1.000000000000000082e-05 1.000000000000000082e-05 1.000000000000000082e-05 1.331999442646855381e-01 3.118412086236715605e-02
1.000000000000000082e-05 3.798014121724378679e-04 1.000000000000000082e-05 8.780074437788254471e-02 4.301328355229596702e-03
3.122130068606011042e-04 1.431903250475147996e-03 1.000000000000000082e-05 3.470374581687115517e-02 4.927241578070201445e-05
1.123906770879126845e-03 5.794156322121032064e-04 1.000000000000000082e-05 1.365251648106443477e-02 1.000000000000000082e-05
1.651025588592980916e-04 2.271295005820338729e-04 1.000000000000000082e-05 2.544715385799967405e-03 4.225728595535782086e-05
1.000000000000000082e-05 3.162214036443735071e-04 3.471972122755724078e-05 1.000000000000000082e-05 1.000000000000000082e-05
1.000000000000000082e-05 1.425296872485081194e-04 1.000000000000000082e-05 1.000000000000000082e-05 1.332404671562268338e-04
1.000000000000000082e-05 9.070071006723268235e-05 1.000000000000000082e-05 1.000000000000000082e-05 8.478938819032593040e-05
0.000000000000000000e+00 0.000000000000000000e+00 0.000000000000000000e+00 -0.000000000000000000e+00 -0.000000000000000000e+00
0.000000000000000000e+00 0.000000000000000000e+00 0.000000000000000000e+00 -0.000000000000000000e+00 -0.000000000000000000e+00
0.000000000000000000e+00 0.000000000000000000e+00 0.000000000000000000e+00 -0.000000000000000000e+00 -0.000000000000000000e+00
1.000000000000000082e-05 1.459978136528492572e-04 1.000000000000000082e-05 1.000000000000000082e-05 1.000000000000000082e-05
1.000000000000000082e-05 7.500955213672634017e-05 1.000000000000000082e-05 9.842839785556313503e-04 1.000000000000000082e-05
1.000000000000000082e-05 8.172043814429043665e-04 1.000000000000000082e-05 6.911789667118845189e-03 4.103801588725449596e-04
1.000000000000000082e-05 8.012568877172258734e-04 1.000000000000000082e-05 1.878790208776605006e-02 5.223065426281959210e-03
1.000000000000000082e-05 2.628061684698879737e-04 1.000000000000000082e-05 3.579957313812176523e-02 1.759740843177373670e-02
1.000000000000000082e-05 1.000000000000000082e-05 1.000000000000000082e-05 5.473690345524788448e-02 4.052834245860528761e-02
1.000000000000000082e-05 1.000000000000000082e-05 1.000000000000000082e-05 6.788816286672200162e-02 6.562590472544878317e-02
1.000000000000000082e-05 1.000000000000000082e-05 1.000000000000000082e-05 6.964980804363324340e-02 9.039569654764022244e-02
1.000000000000000082e-05 1.000000000000000082e-05 6.996532962709471788e-03 6.705257248088873634e-02 1.045409561446040969e-01
1.000000000000000082e-05 1.000000000000000082e-05 6.356545997733511165e-03 6.768028594991143398e-02 1.068386800082884863e-01
1.000000000000000082e-05 1.058808554737974972e-02 4.821036596157134840e-03 6.725360017637960208e-02 9.586906211028620173e-02
1.000000000000000082e-05 6.409861122596439975e-02 4.874052254004084504e-03 6.439467414309191229e-02 7.265174511650274169e-02
4.137303604307387972e-02 1.211515502339318845e-01 1.000000000000000082e-05 5.339247137098404594e-02 4.646758319073907711e-02
1.271706605197609752e-01 1.013785076671757934e-01 1.829896197942341984e-02 2.281456125155210263e-02 5.885778776935036288e-02
1.044515827579814149e-01 4.091893052708307082e-02 8.085051458769397514e-02 3.494757156223816247e-03 9.838592284864668136e-02
2.076853531141359052e-02 1.000000000000000082e-05 1.029885020526294104e-01 4.642650250973236886e-02 1.056354258831248283e-01
1.000000000000000082e-05 1.000000000000000082e-05 5.430082667151589493e-02 1.230674087838431185e-01 4.807346829231232826e-02
1.000000000000000082e-05 1.000000000000000082e-05 3.270222405980032182e-04 1.350726537867884824e-01 9.281328232980083290e-03
2.343732255632887101e-04 1.007648967217007318e-03 1.000000000000000082e-05 8.229407370690276780e-02 1.000000000000000082e-05
1.105664768905410822e-03 1.079815729315362688e-03 1.000000000000000082e-05 2.920883669296559654e-02 1.000000000000000082e-05
1.173076643321340103e-03 6.182589123081106775e-04 1.000000000000000082e-05 1.190351381200339606e-02 1.000000000000000082e-05
5.877000618843985667e-04 8.770141741673589367e-05 1.000000000000000082e-05 2.632332173099732279e-03 1.000000000000000082e-05
1.000000000000000082e-05 3.127842144743270031e-04 3.434233295334480364e-05 1.000000000000000082e-05 1.000000000000000082e-05
0.000000000000000000e+00 0.000000000000000000e+00 0.000000000000000000e+00 -0.000000000000000000e+00 -0.000000000000000000e+00
0.000000000000000000e+00 0.000000000000000000e+00 0.000000000000000000e+00 -0.000000000000000000e+00 -0.000000000000000000e+00
0.000000000000000000e+00 0.000000000000000000e+00 0.000000000000000000e+00 -0.000000000000000000e+00 -0.000000000000000000e+00
0.000000000000000000e+00 0.000000000000000000e+00 0.000000000000000000e+00 -0.000000000000000000e+00 -0.000000000000000000e+00
0.000000000000000000e+00 0.000000000000000000e+00 0.000000000000000000e+00 -0.000000000000000000e+00 -0.000000000000000000e+00
1.000000000000000082e-05 3.371222242529430132e-04 1.000000000000000082e-05 1.000000000000000082e-05 1.000000000000000082e-05
1.000000000000000082e-05 1.864996964351688840e-04 1.000000000000000082e-05 8.784482494036998301e-04 9.826649222006747747e-05
1.000000000000000082e-05 9.542378726612544887e-04 1.000000000000000082e-05 4.902063604728081753e-03 4.920126069969173611e-04
1.000000000000000082e-05 1.366317663197689830e-03 1.000000000000000082e-05 1.144528092395003319e-02 1.011049314560633159e-03
1.000000000000000082e-05 1.150092660984546739e-03 1.000000000000000082e-05 1.955247470449610059e-02 8.316098097969029657e-03
1.000000000000000082e-05 7.448040593146071061e-04 1.000000000000000082e-05 2.942461184885791434e-02 1.838873645170115839e-02
1.000000000000000082e-05 1.000000000000000082e-05 1.000000000000000082e-05 3.826585672169421221e-02 3.050250568489264180e-02
1.000000000000000082e-05 1.000000000000000082e-05 1.000000000000000082e-05 4.325074157447018203e-02 4.289039118014464219e-02
1.000000000000000082e-05 1.000000000000000082e-05 1.000000000000000082e-05 5.181540361586838700e-02 4.953046487951742044e-02
1.000000000000000082e-05 7.835230700977574916e-03 1.000000000000000082e-05 5.508591335715758847e-02 4.700094276020429923e-02
1.000000000000000082e-05 4.726287583436603046e-02 1.000000000000000082e-05 5.185578042723964359e-02 3.254405444237589567e-02
1.000000000000000082e-05 1.173046479083687949e-01 1.000000000000000082e-05 4.275312139933173938e-02 1.460998417986739649e-02
9.181562585722240211e-02 1.289547033734243786e-01 1.000000000000000082e-05 2.627553618828697840e-02 1.816981962696337383e-02
1.466168946618087165e-01 6.263813652944029420e-02 4.835014951947907980e-03 1.000000000000000082e-05 6.942090345804506624e-02
8.506885768693114858e-02 1.000000000000000082e-05 8.278556892922460386e-02 1.000000000000000082e-05 1.105615193977189659e-01
1.000000000000000082e-05 1.000000000000000082e-05 1.142972734539932089e-01 4.245063862451741582e-02 8.435888683066601612e-02
1.000000000000000082e-05 1.000000000000000082e-05 6.264926300663030412e-02 1.205542077995466199e-01 1.930314713676954674e-02
1.000000000000000082e-05 1.000000000000000082e-05 4.808895889050403272e-03 1.333929551003695813e-01 1.000000000000000082e-05
1.352713991996825358e-03 6.603041683384589617e-04 1.000000000000000082e-05 8.230841362847626796e-02 1.000000000000000082e-05
1.428921375448590284e-03 7.998272967391828383e-04 1.000000000000000082e-05 2.958512404017198463e-02 1.000000000000000082e-05
1.513209372916168600e-03 8.240004947170237199e-04 1.000000000000000082e-05 1.238457262892931829e-02 1.000000000000000082e-05
7.543676252480844635e-04 3.145489325841227166e-04 1.000000000000000082e-05 2.532132216963086258e-03 1.000000000000000082e-05
1.000000000000000082e-05 2.958505452293474104e-04 1.000000000000000082e-05 1.086295421219203729e-04 1.000000000000000082e-05
0.000000000000000000e+00 0.000000000000000000e+00 0.000000000000000000e+00 -0.000000000000000000e+00 -0.000000000000000000e+00
0.000000000000000000e+00 0.000000000000000000e+00 0.000000000000000000e+00 -0.000000000000000000e+00 -0.000000000000000000e+00
0.000000000000000000e+00 0.000000000000000000e+00 0.000000000000000000e+00 -0.000000000000000000e+00 -0.000000000000000000e+00
0.000000000000000000e+00 0.000000000000000000e+00 0.000000000000000000e+00 -0.000000000000000000e+00 -0.000000000000000000e+00
0.000000000000000000e+00 0.000000000000000000e+00 0.000000000000000000e+00 -0.000000000000000000e+00 -0.000000000000000000e+00
0.000000000000000000e+00 0.000000000000000000e+00 0.000000000000000000e+00 -0.000000000000000000e+00 -0.000000000000000000e+00
1.000000000000000082e-05 1.619714621881566008e-04 1.000000000000000082e-05 8.761736328451121989e-04 1.006323602614839425e-04
1.000000000000000082e-05 6.445187577871403948e-04 1.000000000000000082e-05 2.223038059986428248e-03 4.761243685237214916e-04
1.000000000000000082e-05 1.031128804950531223e-03 1.000000000000000082e-05 5.638692689252391109e-03 1.101225336940365529e-03
1.000000000000000082e-05 1.816103113655662907e-03 1.000000000000000082e-05 1.179987532035203963e-02 2.376127897522752747e-03
1.000000000000000082e-05 2.365834430662295141e-03 1.000000000000000082e-05 1.852408224762423783e-02 4.343800398377446574e-03
1.000000000000000082e-05 2.461504219906574063e-03 1.000000000000000082e-05 2.565979120919265749e-02 8.388892651151001398e-03
1.000000000000000082e-05 3.189018409976737949e-03 1.000000000000000082e-05 2.772855722297786277e-02 1.185039699524341808e-02
1.000000000000000082e-05 1.193600749101052239e-02 1.000000000000000082e-05 2.985684287452086347e-02 1.280131980009414222e-02
1.000000000000000082e-05 4.095444230120762891e-02 1.000000000000000082e-05 2.834801624388011421e-02 5.048719788513205374e-03
1.000000000000000082e-05 9.895037969641783115e-02 1.000000000000000082e-05 2.270967989785524846e-02 1.000000000000000082e-05
4.026470540849919760e-02 1.427967828678451401e-01 1.000000000000000082e-05 1.607258608856976245e-02 1.000000000000000082e-05
1.319645974186556825e-01 9.420224293382779834e-02 1.000000000000000082e-05 2.209541371465517396e-03 3.475369496110512074e-02
1.429544016923888217e-01 1.090012410310008117e-02 9.044201504890206009e-03 1.000000000000000082e-05 9.359111457482990892e-02
5.464076012522529197e-02 1.000000000000000082e-05 9.546063907095372891e-02 1.000000000000000082e-05 1.080254042911784340e-01
1.000000000000000082e-05 1.000000000000000082e-05 1.230492697461626622e-01 3.417451968817133284e-02 5.636188152861595219e-02
1.000000000000000082e-05 1.000000000000000082e-05 6.614393620044967115e-02 1.136443921484042441e-01 1.732679694745183898e-03
1.000000000000000082e-05 1.000000000000000082e-05 7.618065597014857075e-03 1.324934389055184569e-01 1.000000000000000082e-05
2.119327761982489535e-03 1.738076390762570271e-04 1.000000000000000082e-05 8.220440291200142857e-02 1.000000000000000082e-05
1.522203490726040933e-03 3.635401983599691081e-04 1.000000000000000082e-05 3.094789654021891379e-02 1.000000000000000082e-05
1.478838930338580810e-03 7.508335187112071376e-04 1.000000000000000082e-05 1.334422290136619803e-02 1.000000000000000082e-05
9.665380192270061309e-04 5.210504733667881572e-04 1.000000000000000082e-05 3.128910128312306031e-03 1.000000000000000082e-05
1.944603409616815960e-05 2.344608514015816163e-04 1.000000000000000082e-05 6.411391444214870191e-04 1.882584079629009684e-04
0.000000000000000000e+00 0.000000000000000000e+00 0.000000000000000000e+00 -0.000000000000000000e+00 -0.000000000000000000e+00
0.000000000000000000e+00 0.000000000000000000e+00 0.000000000000000000e+00 -0.000000000000000000e+00 -0.000000000000000000e+00
0.000000000000000000e+00 0.000000000000000000e+00 0.000000000000000000e+00 -0.000000000000000000e+00 -0.000000000000000000e+00
0.000000000000000000e+00 0.000000000000000000e+00 0.000000000000000000e+00 -0.000000000000000000e+00 -0.000000000000000000e+00
0.000000000000000000e+00 0.000000000000000000e+00 0.000000000000000000e+00 -0.000000000000000000e+00 -0.000000000000000000e+00
0.000000000000000000e+00 0.000000000000000000e+00 0.000000000000000000e+00 -0.000000000000000000e+00 -0.000000000000000000e+00
1.000000000000000082e-05 1.243481697901203410e-04 1.000000000000000082e-05 6.726529858456561234e-04 7.725712697239904840e-05
1.000000000000000082e-05 4.580948297407317249e-04 1.000000000000000082e-05 1.602393019837232467e-03 3.356153655683579112e-04
1.000000000000000082e-05 7.654072845710993903e-04 1.000000000000000082e-05 2.766660881083158035e-03 5.257765301306672719e-04
1.000000000000000082e-05 1.616324386287877699e-03 1.000000000000000082e-05 8.153466643459131302e-03 9.231009781739968204e-04
1.000000000000000082e-05 2.212762342439766276e-03 1.000000000000000082e-05 1.357297381301624146e-02 2.337554584645033546e-04
1.000000000000000082e-05 3.067867575694673953e-03 1.000000000000000082e-05 1.533399866795856492e-02 2.148692248757725905e-04
1.000000000000000082e-05 1.069282607692816599e-02 1.000000000000000082e-05 1.491886312165285021e-02 1.000000000000000082e-05
1.000000000000000082e-05 3.353724512486369602e-02 1.183691449840183285e-03 1.245630786080424018e-02 1.000000000000000082e-05
1.000000000000000082e-05 8.102463168110034253e-02 3.266185589155783196e-03 8.129616873271032843e-03 1.000000000000000082e-05
5.768627623026332044e-03 1.350943890323094421e-01 1.000000000000000082e-05 2.074336024978038276e-03 1.000000000000000082e-05
8.149169039057407860e-02 1.241550740869829805e-01 1.000000000000000082e-05 1.944520282635008208e-04 1.039850374135622979e-02
1.489017842664038527e-01 4.260380681565936051e-02 1.000000000000000082e-05 1.000000000000000082e-05 6.327197186169197796e-02
1.242315977387612735e-01 1.000000000000000082e-05 2.075903580860343628e-02 1.000000000000000082e-05 1.057550627554793982e-01
2.729105333935490790e-02 1.000000000000000082e-05 1.086104767543851213e-01 1.000000000000000082e-05 9.202347521651442486e-02
1.000000000000000082e-05 1.000000000000000082e-05 1.254209469868891313e-01 3.299704417722088695e-02 3.181545254221649494e-02
1.000000000000000082e-05 7.432082635005027521e-04 6.651807326500956685e-02 1.062217276492649076e-01 1.000000000000000082e-05
1.000000000000000082e-05 6.468476236495723417e-05 1.067594914943218419e-02 1.280466821139820688e-01 1.000000000000000082e-05
3.096617721140904229e-03 1.000000000000000082e-05 1.000000000000000082e-05 8.000445823585364269e-02 1.000000000000000082e-05
1.461012037780522448e-03 1.000000000000000082e-05 1.000000000000000082e-05 3.397371181397799283e-02 1.000000000000000082e-05
1.390199836709757851e-03 4.286629308893611019e-04 1.000000000000000082e-05 1.559372215508211638e-02 1.000000000000000082e-05
1.123246221177943418e-03 3.531344356591719432e-04 1.000000000000000082e-05 3.382977520978938928e-03 1.000000000000000082e-05
4.345629018841803249e-05 1.842319188946430798e-04 1.000000000000000082e-05 1.348486191167301475e-03 2.904624145570091211e-04
0.000000000000000000e+00 0.000000000000000000e+00 0.000000000000000000e+00 -0.000000000000000000e+00 -0.000000000000000000e+00
0.000000000000000000e+00 0.000000000000000000e+00 0.000000000000000000e+00 -0.000000000000000000e+00 -0.000000000000000000e+00
0.000000000000000000e+00 0.000000000000000000e+00 0.000000000000000000e+00 -0.000000000000000000e+00 -0.000000000000000000e+00
0.000000000000000000e+00 0.000000000000000000e+00 0.000000000000000000e+00 -0.000000000000000000e+00 -0.000000000000000000e+00
0.000000000000000000e+00 0.000000000000000000e+00 0.000000000000000000e+00 -0.000000000000000000e+00 -0.000000000000000000e+00
0.000000000000000000e+00 0.000000000000000000e+00 0.000000000000000000e+00 -0.000000000000000000e+00 -0.000000000000000000e+00
1.000000000000000082e-05 1.084060967401050169e-05 1.000000000000000082e-05 5.864154235577518894e-05 6.735236710414273526e-06
1.000000000000000082e-05 1.116521704864869690e-04 1.000000000000000082e-05 5.604347349697370428e-04 7.190517783193676798e-05
1.000000000000000082e-05 3.383890494568831168e-04 1.000000000000000082e-05 1.029571867704159567e-03 2.434369441879191253e-04
4.370691317508699244e-04 1.008395597670952047e-03 1.000000000000000082e-05 5.084761414839347911e-03 1.000000000000000082e-05
1.327019043318641291e-04 2.503254363258487422e-03 1.000000000000000082e-05 8.634484035137562560e-03 1.000000000000000082e-05
1.000000000000000082e-05 8.545928760046388184e-03 1.000000000000000082e-05 8.720595326438710521e-03 1.000000000000000082e-05
1.000000000000000082e-05 2.903987469899343629e-02 2.393979285482302367e-03 6.530398534143409817e-03 1.000000000000000082e-05
1.000000000000000082e-05 6.914239346349333737e-02 5.173507433431504161e-03 2.156643155213732680e-03 1.000000000000000082e-05
1.000000000000000082e-05 1.151502127746956844e-01 2.834463577273425849e-03 1.000000000000000082e-05 1.000000000000000082e-05
3.817459091143574762e-02 1.366913610770269238e-01 1.000000000000000082e-05 1.000000000000000082e-05 1.000000000000000082e-05
1.139624899103576922e-01 8.213345254392841188e-02 1.000000000000000082e-05 1.000000000000000082e-05 3.423580333089844968e-02
1.508662193580247446e-01 1.000000000000000082e-05 1.000000000000000082e-05 1.000000000000000082e-05 8.193181392852129374e-02
9.123638053118841851e-02 1.000000000000000082e-05 3.743537594972161375e-02 1.000000000000000082e-05 1.019828237421924466e-01
7.990660077315251547e-03 1.000000000000000082e-05 1.179878207795316686e-01 1.000000000000000082e-05 6.640568126020029993e-02
1.000000000000000082e-05 1.000000000000000082e-05 1.263621278967737294e-01 2.984156562026038517e-02 1.587795252250246217e-02
1.000000000000000082e-05 1.753753537054540852e-03 6.765031967143317337e-02 9.652678579451562380e-02 1.000000000000000082e-05
1.000000000000000082e-05 2.442051065265881239e-07 1.367672188060267517e-02 1.169061140880608696e-01 1.000000000000000082e-05
3.189300826558185992e-03 1.000000000000000082e-05 1.000000000000000082e-05 8.432358614697732513e-02 1.000000000000000082e-05
1.765729641220615837e-03 1.000000000000000082e-05 1.000000000000000082e-05 3.994533634539138012e-02 1.000000000000000082e-05
1.066335121285738900e-03 1.700874359551604804e-04 1.000000000000000082e-05 1.715423237828897843e-02 1.000000000000000082e-05
6.462900373094609616e-04 1.000000000000000082e-05 1.000000000000000082e-05 5.227827579203447352e-03 1.000000000000000082e-05
2.188889043069631359e-05 2.054213407297923732e-04 1.000000000000000082e-05 1.064633468440790440e-03 3.217603393645432851e-04
0.000000000000000000e+00 0.000000000000000000e+00 0.000000000000000000e+00 -0.000000000000000000e+00 -0.000000000000000000e+00
0.000000000000000000e+00 0.000000000000000000e+00 0.000000000000000000e+00 -0.000000000000000000e+00 -0.000000000000000000e+00
0.000000000000000000e+00 0.000000000000000000e+00 0.000000000000000000e+00 -0.000000000000000000e+00 -0.000000000000000000e+00
0.000000000000000000e+00 0.000000000000000000e+00 0.000000000000000000e+00 -0.000000000000000000e+00 -0.000000000000000000e+00
0.000000000000000000e+00 0.000000000000000000e+00 0.000000000000000000e+00 -0.000000000000000000e+00 -0.000000000000000000e+00
0.000000000000000000e+00 0.000000000000000000e+00 0.000000000000000000e+00 -0.000000000000000000e+00 -0.000000000000000000e+00
0.000000000000000000e+00 0.000000000000000000e+00 0.000000000000000000e+00 -0.000000000000000000e+00 -0.000000000000000000e+00
1.000000000000000082e-05 5.255834765107114627e-05 1.508937770145770294e-05 1.000000000000000082e-05 1.000000000000000082e-05
1.000000000000000082e-05 4.674962875430657716e-04 1.227354572769766565e-04 1.000000000000000082e-05 1.000000000000000082e-05
1.000000000000000082e-05 2.134769004083087070e-03 3.456444985021628476e-05 9.190017257055735616e-04 1.000000000000000082e-05
1.000000000000000082e-05 6.905654916020989749e-03 4.342882817232388806e-04 3.300335993045020073e-03 1.000000000000000082e-05
1.000000000000000082e-05 2.378270209346766695e-02 2.288357638029125170e-03 3.202692073248008392e-03 1.000000000000000082e-05
1.000000000000000082e-05 5.641882068704934250e-02 4.883286931736880061e-03 1.516800505998121881e-03 1.000000000000000082e-05
1.000000000000000082e-05 9.739782001209794371e-02 5.454153870210867554e-03 1.000000000000000082e-05 1.000000000000000082e-05
9.789559001421369727e-03 1.346474261786101134e-01 1.000000000000000082e-05 1.000000000000000082e-05 1.000000000000000082e-05
7.325829357416814569e-02 1.075814833761133821e-01 1.000000000000000082e-05 1.000000000000000082e-05 1.667340996654681495e-02
1.336465343010654616e-01 2.883790940426083499e-02 1.000000000000000082e-05 1.000000000000000082e-05 5.538170170823297767e-02
1.361288352769791654e-01 1.000000000000000082e-05 1.000000000000000082e-05 1.000000000000000082e-05 8.532884377674644638e-02
6.512316386605397633e-02 1.000000000000000082e-05 5.255164776657941100e-02 1.000000000000000082e-05 8.509878034822612736e-02
1.000000000000000082e-05 1.000000000000000082e-05 1.209404842181431294e-01 1.000000000000000082e-05 4.774426726167078222e-02
1.000000000000000082e-05 1.000000000000000082e-05 1.234081740880411532e-01 2.471972148426315741e-02 8.204217104560618604e-03
1.000000000000000082e-05 2.338035054317090349e-03 6.781155209684565366e-02 8.322262165993209171e-02 1.000000000000000082e-05
1.000000000000000082e-05 1.000000000000000082e-05 1.672594747630024720e-02 1.097335505665144179e-01 1.000000000000000082e-05
1.515159121604968797e-03 1.000000000000000082e-05 1.000000000000000082e-05 8.606857361637261505e-02 1.000000000000000082e-05
2.226915175609881122e-03 1.000000000000000082e-05 1.000000000000000082e-05 5.014907692189887051e-02 1.000000000000000082e-05
1.073934305344981417e-03 1.675836319151423218e-04 1.000000000000000082e-05 1.927078595080589096e-02 1.000000000000000082e-05
6.411663588431103710e-04 1.000000000000000082e-05 1.000000000000000082e-05 7.359171956794953451e-03 1.000000000000000082e-05
4.906953372368789290e-05 3.174572978244737890e-05 1.000000000000000082e-05 7.506231688615801678e-04 3.396577374506574965e-04
0.000000000000000000e+00 0.000000000000000000e+00 0.000000000000000000e+00 -0.000000000000000000e+00 -0.000000000000000000e+00
0.000000000000000000e+00 0.000000000000000000e+00 0.000000000000000000e+00 -0.000000000000000000e+00 -0.000000000000000000e+00
0.000000000000000000e+00 0.000000000000000000e+00 0.000000000000000000e+00 -0.000000000000000000e+00 -0.000000000000000000e+00
0.000000000000000000e+00 0.000000000000000000e+00 0.000000000000000000e+00 -0.000000000000000000e+00 -0.000000000000000000e+00
0.000000000000000000e+00 0.000000000000000000e+00 0.000000000000000000e+00 -0.000000000000000000e+00 -0.000000000000000000e+00
0.000000000000000000e+00 0.000000000000000000e+00 0.000000000000000000e+00 -0.000000000000000000e+00 -0.000000000000000000e+00
0.000000000000000000e+00 0.000000000000000000e+00 0.000000000000000000e+00 -0.000000000000000000e+00 -0.000000000000000000e+00
1.000000000000000082e-05 2.788002748774111978e-04 4.078761842438007946e-05 1.000000000000000082e-05 1.000000000000000082e-05
1.000000000000000082e-05 2.277232141879318317e-03 3.178878116884510316e-04 1.000000000000000082e-05 1.000000000000000082e-05
1.000000000000000082e-05 5.212074476405218794e-03 4.135265839210673666e-04 1.000000000000000082e-05 1.000000000000000082e-05
1.000000000000000082e-05 1.846688000060342852e-02 1.959585474615466519e-03 1.000000000000000082e-05 1.000000000000000082e-05
1.000000000000000082e-05 4.404969947926941354e-02 3.282438764567463963e-03 1.000000000000000082e-05 1.000000000000000082e-05
1.000000000000000082e-05 8.173262726619812124e-02 4.210277395732707137e-03 1.000000000000000082e-05 1.000000000000000082e-05
1.000000000000000082e-05 1.174271120174413818e-01 1.000000000000000082e-05 1.000000000000000082e-05 1.000000000000000082e-05
3.784809771445272336e-02 1.204443839215816742e-01 1.000000000000000082e-05 1.000000000000000082e-05 5.394740724886431561e-03
1.039187238864641843e-01 6.012551958334588081e-02 1.000000000000000082e-05 1.000000000000000082e-05 3.421613712841471006e-02
1.357387812597485033e-01 1.000000000000000082e-05 1.000000000000000082e-05 1.433426675348361070e-04 6.361169877485588209e-02
1.132956386720333497e-01 1.000000000000000082e-05 1.000000000000000082e-05 1.000000000000000082e-05 7.870258885506338509e-02
4.280560550427888605e-02 1.000000000000000082e-05 6.415990538029359147e-02 1.000000000000000082e-05 6.597179897662731884e-02
1.000000000000000082e-05 1.000000000000000082e-05 1.182267419182314871e-01 1.000000000000000082e-05 3.796164993225494000e-02
1.000000000000000082e-05 1.000000000000000082e-05 1.178855947131125098e-01 1.397292599515239167e-02 6.666049566694463337e-03
1.000000000000000082e-05 1.258840610238909103e-03 7.169056939455230315e-02 6.982135932227442887e-02 1.000000000000000082e-05
1.000000000000000082e-05 1.000000000000000082e-05 2.323214428372775628e-02 1.017979843988379013e-01 1.000000000000000082e-05
1.156691267650009850e-03 1.000000000000000082e-05 1.000000000000000082e-05 8.830336208237415940e-02 1.000000000000000082e-05
2.400394883897415902e-03 1.000000000000000082e-05 1.000000000000000082e-05 5.650013090647423158e-02 1.000000000000000082e-05
1.308740854183765246e-03 3.203619111605249779e-04 1.000000000000000082e-05 2.506267401970745448e-02 1.000000000000000082e-05
7.332528232764853882e-04 1.000000000000000082e-05 1.000000000000000082e-05 9.061819170077672903e-03 1.000000000000000082e-05
1.475031963677140277e-04 1.000000000000000082e-05 1.000000000000000082e-05 1.901772821303934291e-03 1.000000000000000082e-05
0.000000000000000000e+00 0.000000000000000000e+00 0.000000000000000000e+00 -0.000000000000000000e+00 -0.000000000000000000e+00
0.000000000000000000e+00 0.000000000000000000e+00 0.000000000000000000e+00 -0.000000000000000000e+00 -0.000000000000000000e+00
0.000000000000000000e+00 0.000000000000000000e+00 0.000000000000000000e+00 -0.000000000000000000e+00 -0.000000000000000000e+00
0.000000000000000000e+00 0.000000000000000000e+00 0.000000000000000000e+00 -0.000000000000000000e+00 -0.000000000000000000e+00
0.000000000000000000e+00 0.000000000000000000e+00 0.000000000000000000e+00 -0.000000000000000000e+00 -0.000000000000000000e+00
0.000000000000000000e+00 0.000000000000000000e+00 0.000000000000000000e+00 -0.000000000000000000e+00 -0.000000000000000000e+00
0.000000000000000000e+00 0.000000000000000000e+00 0.000000000000000000e+00 -0.000000000000000000e+00 -0.000000000000000000e+00
1.000000000000000082e-05 4.871944388226880779e-04 5.125348311686569813e-05 1.000000000000000082e-05 1.000000000000000082e-05
1.000000000000000082e-05 4.048549429888833109e-03 4.035339497537003008e-04 1.000000000000000082e-05 1.000000000000000082e-05
1.000000000000000082e-05 1.067726220493298364e-02 9.381075784792034314e-04 1.000000000000000082e-05 1.000000000000000082e-05
1.000000000000000082e-05 3.026843007937279201e-02 2.510668385435596821e-03 1.000000000000000082e-05 1.000000000000000082e-05
1.000000000000000082e-05 6.081069648452868542e-02 3.058934748942719172e-03 1.000000000000000082e-05 1.000000000000000082e-05
1.000000000000000082e-05 9.517037128792799061e-02 1.368857063281847660e-03 1.000000000000000082e-05 1.000000000000000082e-05
1.292656280708772212e-02 1.177838928864722162e-01 1.000000000000000082e-05 1.000000000000000082e-05 1.000000000000000082e-05
6.051290193955165264e-02 8.628662252297515656e-02 1.000000000000000082e-05 1.000000000000000082e-05 1.976796673151304251e-02
1.125712390002407554e-01 2.246451889997361576e-02 1.000000000000000082e-05 1.000000000000000082e-05 4.378181960506220827e-02
1.224494318237941137e-01 1.000000000000000082e-05 1.000000000000000082e-05 1.000000000000000082e-05 6.291060902398552812e-02
8.680326785010474000e-02 1.000000000000000082e-05 8.950025903239238953e-03 1.000000000000000082e-05 6.837010720885193515e-02
3.036183696274395369e-02 1.000000000000000082e-05 6.349286908485381187e-02 1.000000000000000082e-05 5.300281037392876038e-02
1.000000000000000082e-05 1.000000000000000082e-05 1.076850546318536966e-01 1.000000000000000082e-05 2.904744829006595044e-02
1.000000000000000082e-05 1.000000000000000082e-05 1.103357020829257990e-01 5.835606230571456152e-03 7.447444455355373312e-03
1.000000000000000082e-05 7.923525938266517705e-05 7.531584709910611741e-02 5.240685306061195620e-02 1.000000000000000082e-05
1.000000000000000082e-05 1.000000000000000082e-05 2.585532473278421423e-02 8.444477734992875129e-02 1.000000000000000082e-05
1.276441842920359501e-04 1.000000000000000082e-05 1.000000000000000082e-05 8.574009455996287055e-02 1.000000000000000082e-05
1.463828395439168524e-03 1.000000000000000082e-05 1.000000000000000082e-05 5.842275070152033040e-02 1.000000000000000082e-05
1.591722857079314046e-03 1.000000000000000082e-05 1.000000000000000082e-05 3.004315799241540075e-02 1.000000000000000082e-05
9.005141235934661275e-04 8.330788162653148432e-05 1.000000000000000082e-05 1.136097943780311689e-02 1.000000000000000082e-05
1.515565781669281895e-04 1.000000000000000082e-05 1.000000000000000082e-05 2.069549738228754123e-03 1.000000000000000082e-05
0.000000000000000000e+00 0.000000000000000000e+00 0.000000000000000000e+00 -0.000000000000000000e+00 -0.000000000000000000e+00
0.000000000000000000e+00 0.000000000000000000e+00 0.000000000000000000e+00 -0.000000000000000000e+00 -0.000000000000000000e+00
0.000000000000000000e+00 0.000000000000000000e+00 0.000000000000000000e+00 -0.000000000000000000e+00 -0.000000000000000000e+00
0.000000000000000000e+00 0.000000000000000000e+00 0.000000000000000000e+00 -0.000000000000000000e+00 -0.000000000000000000e+00
0.000000000000000000e+00 0.000000000000000000e+00 0.000000000000000000e+00 -0.000000000000000000e+00 -0.000000000000000000e+00
0.000000000000000000e+00 0.000000000000000000e+00 0.000000000000000000e+00 -0.000000000000000000e+00 -0.000000000000000000e+00
0.000000000000000000e+00 0.000000000000000000e+00 0.000000000000000000e+00 -0.000000000000000000e+00 -0.000000000000000000e+00
1.000000000000000082e-05 5.385026211122348342e-04 3.784797096470563616e-05 1.000000000000000082e-05 1.000000000000000082e-05
1.000000000000000082e-05 5.295142942088993700e-03 3.768225986288181923e-04 1.000000000000000082e-05 1.000000000000000082e-05
1.000000000000000082e-05 1.136470964379417831e-02 9.135167672552964736e-04 1.000000000000000082e-05 1.000000000000000082e-05
1.000000000000000082e-05 2.643756685724367797e-02 1.543618817832620709e-03 1.000000000000000082e-05 1.000000000000000082e-05
1.000000000000000082e-05 5.660286240672833535e-02 1.616014729718070076e-03 1.000000000000000082e-05 1.000000000000000082e-05
1.000000000000000082e-05 8.412960334679610297e-02 1.000000000000000082e-05 1.000000000000000082e-05 1.000000000000000082e-05
1.793059315104615983e-02 8.690282978370302003e-02 1.000000000000000082e-05 1.000000000000000082e-05 5.284047491451710106e-03
5.935435721013766069e-02 5.071408269197355545e-02 1.000000000000000082e-05 1.000000000000000082e-05 2.221148921378616678e-02
9.604387708488515418e-02 1.000000000000000082e-05 1.000000000000000082e-05 1.000000000000000082e-05 3.635676451666237236e-02
9.402508169835731289e-02 1.000000000000000082e-05 1.000000000000000082e-05 1.000000000000000082e-05 4.966890876179619330e-02
5.972863027182465090e-02 1.000000000000000082e-05 9.100478989604773514e-03 1.000000000000000082e-05 4.675046088467253724e-02
2.140168504064120930e-02 1.000000000000000082e-05 4.629759011833210758e-02 1.000000000000000082e-05 3.596496618743993956e-02
1.000000000000000082e-05 1.000000000000000082e-05 8.201148421497146679e-02 1.000000000000000082e-05 2.057181382785888690e-02
1.000000000000000082e-05 1.000000000000000082e-05 8.813259802702108625e-02 1.000000000000000082e-05 2.986234456881232437e-03
1.000000000000000082e-05 1.032741036679736719e-03 6.424039822448475434e-02 2.887212896663644487e-02 1.000000000000000082e-05
1.000000000000000082e-05 1.000000000000000082e-05 2.357428826789770976e-02 5.864183315620020293e-02 1.000000000000000082e-05
1.000000000000000082e-05 1.000000000000000082e-05 1.000000000000000082e-05 6.127354552216585787e-02 1.000000000000000082e-05
7.093723317484168208e-04 1.000000000000000082e-05 1.000000000000000082e-05 4.255992737540947868e-02 1.000000000000000082e-05
7.494178997877584594e-04 1.000000000000000082e-05 1.000000000000000082e-05 1.844000342253744248e-02 1.000000000000000082e-05
4.708734261179744183e-04 2.743671282366846217e-05 1.000000000000000082e-05 7.730564884451613175e-03 1.000000000000000082e-05
1.000000000000000082e-05 1.000000000000000082e-05 1.000000000000000082e-05 1.705266933976042759e-03 2.254159685162132425e-04
0.000000000000000000e+00 0.000000000000000000e+00 0.000000000000000000e+00 -0.000000000000000000e+00 -0.000000000000000000e+00
0.000000000000000000e+00 0.000000000000000000e+00 0.000000000000000000e+00 -0.000000000000000000e+00 -0.000000000000000000e+00
0.000000000000000000e+00 0.000000000000000000e+00 0.000000000000000000e+00 -0.000000000000000000e+00 -0.000000000000000000e+00
0.000000000000000000e+00 0.000000000000000000e+00 0.000000000000000000e+00 -0.000000000000000000e+00 -0.000000000000000000e+00
0.000000000000000000e+00 0.000000000000000000e+00 0.000000000000000000e+00 -0.000000000000000000e+00 -0.000000000000000000e+00
0.000000000000000000e+00 0.000000000000000000e+00 0.000000000000000000e+00 -0.000000000000000000e+00 -0.000000000000000000e+00
1.000000000000000082e-05 1.161365887090706018e-04 1.049568549758061521e-05 1.000000000000000082e-05 1.000000000000000082e-05
1.000000000000000082e-05 1.067592577962773147e-03 9.468806020591058177e-05 1.000000000000000082e-05 1.000000000000000082e-05
1.000000000000000082e-05 1.245752311493686241e-03 1.265353476386177833e-04 1.000000000000000082e-05 1.000000000000000082e-05
1.000000000000000082e-05 3.774419221295477814e-03 2.726026564031074767e-04 1.000000000000000082e-05 1.000000000000000082e-05
1.000000000000000082e-05 8.697076187191494709e-03 5.226245566402456860e-04 1.000000000000000082e-05 1.000000000000000082e-05
1.000000000000000082e-05 1.777100963878164297e-02 8.502987135629923136e-04 1.000000000000000082e-05 1.000000000000000082e-05
1.000000000000000082e-05 2.343919846166159573e-02 1.679001815838177404e-04 1.000000000000000082e-05 1.000000000000000082e-05
5.565328605935928631e-03 2.002089678356536867e-02 1.000000000000000082e-05 1.000000000000000082e-05 1.000000000000000082e-05
1.712987610675898928e-02 7.934570587718023718e-03 1.000000000000000082e-05 1.000000000000000082e-05 3.506783406958570979e-04
2.292198118192996861e-02 1.000000000000000082e-05 1.000000000000000082e-05 1.000000000000000082e-05 4.468123120281755969e-03
2.072134835692512889e-02 1.000000000000000082e-05 5.570989875179895934e-04 1.000000000000000082e-05 6.811183490597163756e-03
1.371024777379468637e-02 1.000000000000000082e-05 7.970744419600736194e-03 1.000000000000000082e-05 9.165599252390655219e-03
3.349960044971278788e-03 1.000000000000000082e-05 1.443868929857813031e-02 1.000000000000000082e-05 6.728422000438084860e-03
1.000000000000000082e-05 1.000000000000000082e-05 2.262625809133618146e-02 1.000000000000000082e-05 1.550315051072948848e-03
1.000000000000000082e-05 1.358685049985185363e-03 3.121226519994857798e-02 1.000000000000000082e-05 1.000000000000000082e-05
1.000000000000000082e-05 1.527771238804728413e-03 2.462420836246036193e-02 5.381408681291352178e-03 1.000000000000000082e-05
1.000000000000000082e-05 6.816041058519221050e-04 9.567310148487113974e-03 1.598614229185098268e-02 1.000000000000000082e-05
1.000000000000000082e-05 2.524815467357632544e-04 2.222660082859941565e-03 1.655380987803900875e-02 1.000000000000000082e-05
2.185625523925796478e-04 1.000000000000000082e-05 1.000000000000000082e-05 9.816119793806797958e-03 1.000000000000000082e-05
3.881877448256927014e-05 8.511401455622301967e-05 1.000000000000000082e-05 3.705111251051825677e-03 1.000000000000000082e-05
1.000000000000000082e-05 2.800858174878483964e-06 1.275059430524259246e-04 6.297421187996882696e-04 1.000000000000000082e-05
0.000000000000000000e+00 0.000000000000000000e+00 0.000000000000000000e+00 -0.000000000000000000e+00 -0.000000000000000000e+00
0.000000000000000000e+00 0.000000000000000000e+00 0.000000000000000000e+00 -0.000000000000000000e+00 -0.000000000000000000e+00
0.000000000000000000e+00 0.000000000000000000e+00 0.000000000000000000e+00 -0.000000000000000000e+00 -0.000000000000000000e+00
0.000000000000000000e+00 0.000000000000000000e+00 0.000000000000000000e+00 -0.000000000000000000e+00 -0.000000000000000000e+00
0.000000000000000000e+00 0.000000000000000000e+00 0.000000000000000000e+00 -0.000000000000000000e+00 -0.000000000000000000e+00
0.000000000000000000e+00 0.000000000000000000e+00 0.000000000000000000e+00 -0.000000000000000000e+00 -0.000000000000000000e+00
0.000000000000000000e+00 0.000000000000000000e+00 0.000000000000000000e+00 -0.000000000000000000e+00 -0.000000000000000000e+00
0.000000000000000000e+00 0.000000000000000000e+00 0.000000000000000000e+00 -0.000000000000000000e+00 -0.000000000000000000e+00
0.000000000000000000e+00 0.000000000000000000e+00 0.000000000000000000e+00 -0.000000000000000000e+00 -0.000000000000000000e+00
0.000000000000000000e+00 0.000000000000000000e+00 0.000000000000000000e+00 -0.000000000000000000e+00 -0.000000000000000000e+00
0.000000000000000000e+00 0.000000000000000000e+00 0.000000000000000000e+00 -0.000000000000000000e+00 -0.000000000000000000e+00
0.000000000000000000e+00 0.000000000000000000e+00 0.000000000000000000e+00 -0.000000000000000000e+00 -0.000000000000000000e+00
0.000000000000000000e+00 0.000000000000000000e+00 0.000000000000000000e+00 -0.000000000000000000e+00 -0.000000000000000000e+00
0.000000000000000000e+00 0.000000000000000000e+00 0.000000000000000000e+00 -0.000000000000000000e+00 -0.000000000000000000e+00
0.000000000000000000e+00 0.000000000000000000e+00 0.000000000000000000e+00 -0.000000000000000000e+00 -0.000000000000000000e+00
0.000000000000000000e+00 0.000000000000000000e+00 0.000000000000000000e+00 -0.000000000000000000e+00 -0.000000000000000000e+00
4.463463504837503920e-04 1.000000000000000082e-05 1.386701377593943041e-04 1.000000000000000082e-05 8.179175689917026946e-05
5.959074312741162579e-04 1.000000000000000082e-05 1.851355242337466179e-04 1.000000000000000082e-05 1.091984188967979935e-04
5.084208632801512362e-04 1.000000000000000082e-05 9.352230229665432727e-04 1.000000000000000082e-05 2.654900770649146246e-04
1.000000000000000082e-05 9.968194972081091218e-06 7.091426572513884674e-04 1.000000000000000082e-05 1.000000000000000082e-05
1.000000000000000082e-05 1.000000000000000082e-05 1.096162014275449067e-04 1.000000000000000082e-05 8.764767081791518030e-07
1.000000000000000082e-05 6.900176793662455416e-05 1.846365605449027704e-04 1.872134140220355796e-04 1.000000000000000082e-05
1.000000000000000082e-05 1.121578215923499567e-04 3.850973739088008291e-04 7.223139889326430588e-04 1.000000000000000082e-05
1.000000000000000082e-05 6.618570837187070046e-05 2.406193655519025989e-04 8.232991536662035608e-04 1.000000000000000082e-05
1.000000000000000082e-05 4.503119784607765864e-05 1.372737705760596516e-04 5.083928768308969325e-04 1.000000000000000082e-05
1.000000000000000082e-05 2.812690907160840469e-06 1.000000000000000082e-05 4.996772094900027173e-05 1.000000000000000082e-05
1.000000000000000082e-05 3.056037521990114192e-05 1.000000000000000082e-05 6.000026348855481929e-04 1.000000000000000082e-05
0.000000000000000000e+00 0.000000000000000000e+00 0.000000000000000000e+00 -0.000000000000000000e+00 -0.000000000000000000e+00
0.000000000000000000e+00 0.000000000000000000e+00 0.000000000000000000e+00 -0.000000000000000000e+00 -0.000000000000000000e+00
0.000000000000000000e+00 0.000000000000000000e+00 0.000000000000000000e+00 -0.000000000000000000e+00 -0.000000000000000000e+00
0.000000000000000000e+00 0.000000000000000000e+00 0.000000000000000000e+00 -0.000000000000000000e+00 -0.000000000000000000e+00
0.000000000000000000e+00 0.000000000000000000e+00 0.000000000000000000e+00 -0.000000000000000000e+00 -0.000000000000000000e+00
